# [LF, 4, 152.0, 2.0, 184.0, 1.9565217391304348, 7.0, 3.0, 300.0, 42.0, 629224.05] # mode design r d Npanels angle L H z V
,nidx,tid,nC_A,nC_Z,cross_cryo
0,"[0, 0]",1,158,64,1
1,"[1, 0]",1,0,0,0
2,"[1, 1]",2,156,64,0
3,"[2, 0]",1,0,0,0
4,"[2, 1]",2,0,0,0
5,"[2, 2]",24,156,64,0
6,"[3, 0]",1,0,0,0
7,"[3, 1]",2,2,1,0
8,"[4, 0]",1,0,0,0
9,"[4, 1]",2,156,64,0
10,"[5, 0]",1,41,18,0
11,"[6, 0]",1,0,0,0
12,"[6, 1]",5,54,24,0
13,"[6, 2]",2,0,0,0
14,"[6, 3]",33,0,0,0
15,"[6, 4]",56,158,64,0
16,"[7, 0]",1,0,0,0
17,"[7, 1]",4,158,64,0
18,"[7, 2]",3,158,64,0
19,"[7, 3]",2,0,0,0
20,"[7, 4]",25,0,0,0
21,"[7, 5]",41,0,0,0
22,"[7, 6]",127,158,64,2
23,"[8, 0]",1,0,0,0
24,"[8, 1]",2,158,64,0
25,"[9, 0]",1,57,26,0
26,"[10, 0]",1,0,0,0
27,"[10, 1]",2,41,18,7
28,"[11, 0]",1,156,64,0
29,"[12, 0]",1,55,26,0
30,"[13, 0]",1,57,26,0
31,"[14, 0]",1,41,18,0
32,"[15, 0]",1,0,0,0
33,"[15, 1]",3,0,0,0
34,"[15, 2]",2,0,0,0
35,"[15, 3]",28,158,64,-1
36,"[15, 4]",24,0,0,0
37,"[15, 5]",93,2,1,4
38,"[16, 0]",1,0,0,0
39,"[16, 1]",5,0,0,0
40,"[16, 2]",4,0,0,0
41,"[16, 3]",2,0,0,0
42,"[16, 4]",43,0,0,0
43,"[16, 5]",33,156,64,0
44,"[16, 6]",26,57,26,0
45,"[16, 7]",107,158,64,10
46,"[17, 0]",1,41,18,0
47,"[18, 0]",1,41,18,0
48,"[19, 0]",1,158,64,0
49,"[20, 0]",1,0,0,0
50,"[20, 1]",2,158,64,0
51,"[21, 0]",1,0,0,0
52,"[21, 1]",2,158,64,0
53,"[22, 0]",1,0,0,0
54,"[22, 1]",2,0,0,0
55,"[22, 2]",20,41,18,0
56,"[23, 0]",1,158,64,0
57,"[24, 0]",1,0,0,0
58,"[24, 1]",4,0,0,0
59,"[24, 2]",3,0,0,0
60,"[24, 3]",34,41,18,0
61,"[24, 4]",28,57,26,0
62,"[25, 0]",1,41,18,0
63,"[26, 0]",1,0,0,0
64,"[26, 1]",2,57,26,4
65,"[27, 0]",1,0,0,0
66,"[27, 1]",4,0,0,0
67,"[27, 2]",3,0,0,0
68,"[27, 3]",2,0,0,0
69,"[27, 4]",43,41,18,0
70,"[27, 5]",42,2,1,0
71,"[27, 6]",38,51,24,0
72,"[27, 7]",35,58,26,0
73,"[28, 0]",1,0,0,0
74,"[28, 1]",5,156,64,0
75,"[28, 2]",4,57,26,0
76,"[28, 3]",2,0,0,0
77,"[28, 4]",24,0,0,0
78,"[28, 5]",41,158,64,0
79,"[29, 0]",1,0,0,0
80,"[29, 1]",4,57,26,0
81,"[29, 2]",2,0,0,0
82,"[29, 3]",36,2,1,0
83,"[29, 4]",34,0,0,0
84,"[29, 5]",61,0,0,0
85,"[29, 6]",206,57,26,0
86,"[30, 0]",1,158,64,1
87,"[31, 0]",1,0,0,0
88,"[31, 1]",5,57,26,0
89,"[32, 0]",1,158,64,0
90,"[33, 0]",1,0,0,0
91,"[33, 1]",2,158,64,0
92,"[34, 0]",1,0,0,0
93,"[34, 1]",2,0,0,0
94,"[34, 2]",28,158,64,0
95,"[35, 0]",1,158,64,0
96,"[36, 0]",1,0,0,0
97,"[36, 1]",2,158,64,0
98,"[37, 0]",1,2,1,0
99,"[38, 0]",1,0,0,0
100,"[38, 1]",2,158,64,0
101,"[39, 0]",1,0,0,0
102,"[39, 1]",4,0,0,0
103,"[39, 2]",2,0,0,0
104,"[39, 3]",47,41,18,0
105,"[39, 4]",46,41,18,0
106,"[39, 5]",31,41,18,0
107,"[40, 0]",1,0,0,0
108,"[40, 1]",2,158,64,0
109,"[41, 0]",1,158,64,0
110,"[42, 0]",1,158,64,0
111,"[43, 0]",1,158,64,0
112,"[44, 0]",1,0,0,0
113,"[44, 1]",2,158,64,0
114,"[45, 0]",1,158,64,0
115,"[46, 0]",1,158,64,0
116,"[47, 0]",1,53,24,0
117,"[48, 0]",1,0,0,0
118,"[48, 1]",2,57,26,0
119,"[49, 0]",1,41,18,0
120,"[50, 0]",1,156,64,0
121,"[51, 0]",1,0,0,0
122,"[51, 1]",2,0,0,0
123,"[51, 2]",64,0,0,-1
124,"[51, 3]",80,0,0,-1
125,"[51, 4]",98,158,64,2
126,"[52, 0]",1,0,0,0
127,"[53, 0]",1,0,0,1
128,"[53, 1]",6,0,0,0
129,"[53, 2]",5,0,0,0
130,"[53, 3]",4,0,0,0
131,"[53, 4]",3,0,0,0
132,"[53, 5]",51,0,0,0
133,"[53, 6]",47,158,64,1
134,"[53, 7]",44,57,26,0
135,"[53, 8]",41,158,64,0
136,"[53, 9]",69,57,26,0
137,"[54, 0]",1,57,26,0
138,"[55, 0]",1,158,64,0
139,"[56, 0]",1,158,64,0
140,"[57, 0]",1,0,0,1
141,"[57, 1]",2,156,64,23
142,"[58, 0]",1,0,0,0
143,"[58, 1]",2,59,28,3
144,"[59, 0]",1,2,1,0
145,"[60, 0]",1,0,0,0
146,"[60, 1]",4,0,0,-1
147,"[60, 2]",33,0,0,-1
148,"[60, 3]",32,158,64,-1
149,"[60, 4]",94,158,64,-1
150,"[61, 0]",1,0,0,0
151,"[61, 1]",2,41,18,0
152,"[62, 0]",1,0,0,0
153,"[62, 1]",2,54,24,0
154,"[63, 0]",1,57,26,0
155,"[64, 0]",1,0,0,0
156,"[64, 1]",3,158,64,0
157,"[64, 2]",2,0,0,0
158,"[64, 3]",33,41,18,0
159,"[65, 0]",1,41,18,0
160,"[66, 0]",1,0,0,0
161,"[66, 1]",2,156,64,0
162,"[67, 0]",1,0,0,0
163,"[67, 1]",2,0,0,0
164,"[67, 2]",18,37,18,0
165,"[68, 0]",1,0,0,0
166,"[68, 1]",2,53,24,0
167,"[69, 0]",1,0,0,0
168,"[69, 1]",2,0,0,0
169,"[69, 2]",37,0,0,0
170,"[69, 3]",67,0,0,0
171,"[69, 4]",149,0,0,0
172,"[69, 5]",161,158,64,0
173,"[70, 0]",1,41,18,0
174,"[71, 0]",1,0,0,0
175,"[71, 1]",4,0,0,0
176,"[71, 2]",2,0,0,0
177,"[71, 3]",23,0,0,0
178,"[71, 4]",18,158,64,0
179,"[71, 5]",40,0,0,0
180,"[71, 6]",172,0,0,1
181,"[71, 7]",187,158,64,4
182,"[72, 0]",1,57,26,0
183,"[73, 0]",1,158,64,0
184,"[74, 0]",1,0,0,0
185,"[74, 1]",2,41,18,0
186,"[75, 0]",1,41,18,0
187,"[76, 0]",1,0,0,0
188,"[76, 1]",4,0,0,0
189,"[76, 2]",3,0,0,0
190,"[76, 3]",2,0,0,0
191,"[76, 4]",45,0,0,-1
192,"[76, 5]",43,0,0,-1
193,"[76, 6]",40,158,64,0
194,"[76, 7]",39,158,64,0
195,"[76, 8]",37,158,64,0
196,"[76, 9]",33,57,26,0
197,"[76, 10]",77,158,64,-1
198,"[76, 11]",72,0,0,-1
199,"[76, 12]",396,158,64,-1
200,"[77, 0]",1,158,64,0
201,"[78, 0]",1,41,18,0
202,"[79, 0]",1,57,26,0
203,"[80, 0]",1,0,0,0
204,"[80, 1]",6,0,0,0
205,"[80, 2]",3,0,0,0
206,"[80, 3]",2,0,0,0
207,"[80, 4]",42,158,64,0
208,"[80, 5]",40,0,0,0
209,"[80, 6]",36,0,0,1
210,"[80, 7]",35,0,0,3
211,"[80, 8]",13,57,26,-1
212,"[80, 9]",121,158,64,0
213,"[80, 10]",115,0,0,0
214,"[80, 11]",87,0,0,0
215,"[80, 12]",86,0,0,0
216,"[80, 13]",257,0,0,0
217,"[80, 14]",254,158,64,0
218,"[80, 15]",219,158,64,0
219,"[80, 16]",398,158,64,0
220,"[81, 0]",1,158,64,0
221,"[82, 0]",1,2,1,0
222,"[83, 0]",1,0,0,0
223,"[83, 1]",2,158,64,0
224,"[84, 0]",1,158,64,0
225,"[85, 0]",1,41,18,0
226,"[86, 0]",1,158,64,0
227,"[87, 0]",1,41,18,0
228,"[88, 0]",1,41,18,0
229,"[89, 0]",1,158,64,0
230,"[90, 0]",1,0,0,0
231,"[90, 1]",2,0,0,0
232,"[90, 2]",45,41,18,0
233,"[91, 0]",1,0,0,0
234,"[91, 1]",2,57,26,0
235,"[92, 0]",1,158,64,0
236,"[93, 0]",1,156,64,0
237,"[94, 0]",1,57,26,0
238,"[95, 0]",1,0,0,0
239,"[95, 1]",2,158,64,18
240,"[96, 0]",1,2,1,0
241,"[97, 0]",1,158,64,0
242,"[98, 0]",1,0,0,0
243,"[98, 1]",3,158,64,0
244,"[98, 2]",2,156,64,0
245,"[99, 0]",1,158,64,0
246,"[100, 0]",1,0,0,0
247,"[100, 1]",2,0,0,0
248,"[100, 2]",16,156,64,0
249,"[101, 0]",1,0,0,0
250,"[101, 1]",2,158,64,0
251,"[102, 0]",1,59,26,0
252,"[103, 0]",1,0,0,0
253,"[103, 1]",2,59,28,0
254,"[104, 0]",1,158,64,0
255,"[105, 0]",1,41,18,0
256,"[106, 0]",1,57,26,0
257,"[107, 0]",1,0,0,0
258,"[107, 1]",2,158,64,5
259,"[108, 0]",1,59,28,1
260,"[109, 0]",1,37,18,0
261,"[110, 0]",1,2,1,0
262,"[111, 0]",1,158,64,0
263,"[112, 0]",1,0,0,0
264,"[112, 1]",7,0,0,0
265,"[112, 2]",5,0,0,0
266,"[112, 3]",3,0,0,0
267,"[112, 4]",50,2,1,0
268,"[112, 5]",47,0,0,0
269,"[112, 6]",27,41,18,0
270,"[112, 7]",120,57,26,0
271,"[113, 0]",1,0,0,0
272,"[113, 1]",2,0,0,0
273,"[113, 2]",37,2,1,0
274,"[114, 0]",1,0,0,0
275,"[114, 1]",2,158,64,0
276,"[115, 0]",1,0,0,0
277,"[115, 1]",2,0,0,0
278,"[115, 2]",24,158,64,0
279,"[116, 0]",1,0,0,0
280,"[116, 1]",2,57,26,0
281,"[117, 0]",1,0,0,0
282,"[117, 1]",2,0,0,0
283,"[117, 2]",37,0,0,0
284,"[117, 3]",79,57,26,0
285,"[117, 4]",78,0,0,0
286,"[117, 5]",106,158,64,-1
287,"[118, 0]",1,0,0,0
288,"[118, 1]",2,0,0,0
289,"[118, 2]",70,158,64,0
290,"[119, 0]",1,0,0,0
291,"[119, 1]",2,0,0,0
292,"[119, 2]",17,158,64,-1
293,"[120, 0]",1,41,18,0
294,"[121, 0]",1,0,0,1
295,"[121, 1]",3,158,64,0
296,"[121, 2]",2,0,0,0
297,"[121, 3]",36,0,0,0
298,"[121, 4]",119,61,28,0
299,"[122, 0]",1,0,0,0
300,"[122, 1]",2,0,0,0
301,"[122, 2]",29,0,0,0
302,"[122, 3]",52,158,64,0
303,"[123, 0]",1,57,26,0
304,"[124, 0]",1,0,0,0
305,"[124, 1]",5,158,64,0
306,"[124, 2]",3,158,64,0
307,"[124, 3]",2,0,0,0
308,"[124, 4]",32,2,1,-1
309,"[125, 0]",1,0,0,0
310,"[125, 1]",2,0,0,0
311,"[125, 2]",16,158,64,0
312,"[126, 0]",1,55,26,0
313,"[127, 0]",1,0,0,0
314,"[127, 1]",2,57,26,0
315,"[128, 0]",1,0,0,0
316,"[128, 1]",6,57,26,0
317,"[128, 2]",2,0,0,0
318,"[128, 3]",51,0,0,0
319,"[128, 4]",50,0,0,0
320,"[128, 5]",49,0,0,0
321,"[128, 6]",47,0,0,0
322,"[128, 7]",101,0,0,0
323,"[128, 8]",100,0,0,0
324,"[128, 9]",99,0,0,0
325,"[128, 10]",84,158,64,0
326,"[128, 11]",81,156,64,0
327,"[128, 12]",77,2,1,0
328,"[128, 13]",174,2,1,0
329,"[128, 14]",170,158,64,0
330,"[128, 15]",167,158,64,0
331,"[129, 0]",1,0,0,0
332,"[129, 1]",2,158,64,12
333,"[130, 0]",1,41,18,0
334,"[131, 0]",1,53,24,0
335,"[132, 0]",1,158,64,0
336,"[133, 0]",1,0,0,0
337,"[133, 1]",2,41,18,0
338,"[134, 0]",1,158,64,0
339,"[135, 0]",1,0,0,0
340,"[135, 1]",3,0,0,0
341,"[135, 2]",2,0,0,0
342,"[135, 3]",33,41,18,0
343,"[135, 4]",29,41,18,0
344,"[136, 0]",1,0,0,0
345,"[136, 1]",3,158,64,-1
346,"[136, 2]",2,0,0,-1
347,"[136, 3]",44,2,1,-1
348,"[137, 0]",1,0,0,0
349,"[138, 0]",1,55,26,0
350,"[139, 0]",1,0,0,0
351,"[139, 1]",2,156,64,0
352,"[140, 0]",1,158,64,0
353,"[141, 0]",1,0,0,0
354,"[141, 1]",3,0,0,0
355,"[141, 2]",2,158,64,0
356,"[141, 3]",33,158,64,0
357,"[142, 0]",1,156,64,0
358,"[143, 0]",1,158,64,0
359,"[144, 0]",1,57,26,0
360,"[145, 0]",1,0,0,0
361,"[145, 1]",4,158,64,0
362,"[145, 2]",3,0,0,0
363,"[145, 3]",2,0,0,0
364,"[145, 4]",36,57,26,9
365,"[145, 5]",33,2,1,22
366,"[146, 0]",1,158,64,0
367,"[147, 0]",1,158,64,4
368,"[148, 0]",1,0,0,0
369,"[148, 1]",2,158,64,-1
370,"[149, 0]",1,0,0,0
371,"[149, 1]",6,0,0,-1
372,"[149, 2]",4,0,0,-1
373,"[149, 3]",3,0,0,1
374,"[149, 4]",42,158,64,0
375,"[149, 5]",25,0,0,2
376,"[149, 6]",109,57,26,31
377,"[150, 0]",1,41,18,0
378,"[151, 0]",1,158,64,0
379,"[152, 0]",1,0,0,0
380,"[152, 1]",2,158,64,3
381,"[153, 0]",1,0,0,0
382,"[153, 1]",2,2,1,0
383,"[154, 0]",1,57,26,0
384,"[155, 0]",1,158,64,0
385,"[156, 0]",1,158,64,0
386,"[157, 0]",1,156,64,0
387,"[158, 0]",1,0,0,0
388,"[158, 1]",2,0,0,0
389,"[158, 2]",24,41,18,0
390,"[159, 0]",1,0,0,0
391,"[159, 1]",2,0,0,0
392,"[159, 2]",40,0,0,0
393,"[159, 3]",52,41,18,0
394,"[160, 0]",1,41,18,0
395,"[161, 0]",1,0,0,0
396,"[161, 1]",2,0,0,0
397,"[161, 2]",20,41,18,0
398,"[162, 0]",1,158,64,0
399,"[163, 0]",1,0,0,0
400,"[163, 1]",2,41,18,0
401,"[164, 0]",1,0,0,0
402,"[164, 1]",2,158,64,1
403,"[165, 0]",1,0,0,0
404,"[165, 1]",2,0,0,0
405,"[165, 2]",16,158,64,0
406,"[166, 0]",1,0,0,0
407,"[166, 1]",2,158,64,0
408,"[167, 0]",1,158,64,0
409,"[168, 0]",1,0,0,0
410,"[168, 1]",2,156,64,0
411,"[169, 0]",1,158,64,0
412,"[170, 0]",1,0,0,0
413,"[170, 1]",6,2,1,0
414,"[170, 2]",5,156,64,0
415,"[170, 3]",4,0,0,0
416,"[170, 4]",3,0,0,0
417,"[170, 5]",2,0,0,0
418,"[170, 6]",25,2,1,0
419,"[170, 7]",24,57,26,0
420,"[170, 8]",20,158,64,0
421,"[170, 9]",17,158,64,0
422,"[171, 0]",1,57,26,0
423,"[172, 0]",1,57,26,0
424,"[173, 0]",1,156,64,0
425,"[174, 0]",1,156,64,0
426,"[175, 0]",1,0,0,0
427,"[175, 1]",2,41,18,0
428,"[176, 0]",1,158,64,0
429,"[177, 0]",1,41,18,0
430,"[178, 0]",1,158,64,0
431,"[179, 0]",1,158,64,0
432,"[180, 0]",1,158,64,0
433,"[181, 0]",1,2,1,0
434,"[182, 0]",1,158,64,0
435,"[183, 0]",1,0,0,0
436,"[183, 1]",2,158,64,-1
437,"[184, 0]",1,0,0,0
438,"[184, 1]",2,2,1,3
439,"[185, 0]",1,41,18,0
440,"[186, 0]",1,0,0,0
441,"[186, 1]",2,41,18,3
442,"[187, 0]",1,0,0,0
443,"[187, 1]",5,158,64,0
444,"[187, 2]",3,0,0,0
445,"[187, 3]",2,0,0,0
446,"[187, 4]",45,41,18,0
447,"[187, 5]",44,158,64,0
448,"[187, 6]",40,0,0,0
449,"[187, 7]",79,156,64,0
450,"[188, 0]",1,57,26,0
451,"[189, 0]",1,0,0,0
452,"[189, 1]",6,0,0,0
453,"[189, 2]",4,0,0,0
454,"[189, 3]",2,0,0,0
455,"[189, 4]",35,0,0,0
456,"[189, 5]",33,0,0,0
457,"[189, 6]",30,57,26,0
458,"[189, 7]",24,158,64,0
459,"[189, 8]",67,0,0,0
460,"[189, 9]",66,2,1,0
461,"[189, 10]",54,41,18,0
462,"[189, 11]",184,0,0,0
463,"[189, 12]",262,41,18,0
464,"[190, 0]",1,158,64,0
465,"[191, 0]",1,156,64,0
466,"[192, 0]",1,0,0,0
467,"[192, 1]",2,156,64,0
468,"[193, 0]",1,57,26,0
469,"[194, 0]",1,158,64,0
470,"[195, 0]",1,53,24,0
471,"[196, 0]",1,2,1,0
472,"[197, 0]",1,41,18,0
473,"[198, 0]",1,2,1,1
474,"[199, 0]",1,0,0,0
475,"[199, 1]",2,0,0,0
476,"[199, 2]",30,158,64,0
477,"[200, 0]",1,0,0,0
478,"[200, 1]",2,41,18,0
479,"[201, 0]",1,0,0,0
480,"[201, 1]",2,158,64,0
481,"[202, 0]",1,0,0,0
482,"[202, 1]",2,158,64,0
483,"[203, 0]",1,0,0,0
484,"[203, 1]",2,57,26,0
485,"[204, 0]",1,0,0,0
486,"[204, 1]",2,0,0,0
487,"[204, 2]",34,158,64,0
488,"[205, 0]",1,158,64,0
489,"[206, 0]",1,158,64,0
490,"[207, 0]",1,158,64,0
491,"[208, 0]",1,0,0,0
492,"[208, 1]",2,158,64,0
493,"[209, 0]",1,158,64,0
494,"[210, 0]",1,158,64,0
495,"[211, 0]",1,59,28,0
496,"[212, 0]",1,0,0,0
497,"[212, 1]",2,158,64,0
498,"[213, 0]",1,57,26,0
499,"[214, 0]",1,0,0,0
500,"[214, 1]",5,158,64,13
501,"[215, 0]",1,0,0,0
502,"[215, 1]",2,0,0,0
503,"[215, 2]",21,61,28,0
504,"[216, 0]",1,156,64,0
505,"[217, 0]",1,57,26,0
506,"[218, 0]",1,0,0,0
507,"[218, 1]",2,158,64,6
508,"[219, 0]",1,0,0,0
509,"[219, 1]",2,57,26,0
510,"[220, 0]",1,156,64,0
511,"[221, 0]",1,0,0,0
512,"[221, 1]",2,41,18,0
513,"[222, 0]",1,0,0,0
514,"[222, 1]",2,0,0,0
515,"[222, 2]",20,57,26,0
516,"[223, 0]",1,0,0,0
517,"[223, 1]",8,2,1,0
518,"[223, 2]",6,0,0,0
519,"[223, 3]",5,0,0,0
520,"[223, 4]",3,0,0,0
521,"[223, 5]",2,0,0,0
522,"[223, 6]",62,41,18,0
523,"[223, 7]",61,0,0,0
524,"[223, 8]",52,158,64,0
525,"[223, 9]",32,158,64,0
526,"[223, 10]",28,57,26,0
527,"[223, 11]",83,57,26,0
528,"[224, 0]",1,0,0,0
529,"[224, 1]",2,158,64,0
530,"[225, 0]",1,0,0,0
531,"[225, 1]",2,0,0,0
532,"[225, 2]",23,0,0,0
533,"[225, 3]",36,158,64,0
534,"[226, 0]",1,0,0,0
535,"[226, 1]",2,41,18,0
536,"[227, 0]",1,0,0,0
537,"[227, 1]",2,0,0,0
538,"[227, 2]",16,0,0,0
539,"[227, 3]",31,158,64,0
540,"[228, 0]",1,0,0,0
541,"[228, 1]",2,158,64,-1
542,"[229, 0]",1,158,64,0
543,"[230, 0]",1,158,64,0
544,"[231, 0]",1,41,18,0
545,"[232, 0]",1,0,0,0
546,"[232, 1]",2,57,26,45
547,"[233, 0]",1,0,0,0
548,"[233, 1]",2,158,64,0
549,"[234, 0]",1,158,64,0
550,"[235, 0]",1,158,64,0
551,"[236, 0]",1,0,0,0
552,"[236, 1]",2,158,64,0
553,"[237, 0]",1,0,0,0
554,"[237, 1]",2,41,18,0
555,"[238, 0]",1,0,0,0
556,"[238, 1]",2,158,64,0
557,"[239, 0]",1,0,0,0
558,"[239, 1]",2,0,0,0
559,"[239, 2]",20,158,64,0
560,"[240, 0]",1,0,0,0
561,"[240, 1]",2,158,64,0
562,"[241, 0]",1,0,0,0
563,"[241, 1]",2,0,0,0
564,"[241, 2]",35,0,0,0
565,"[241, 3]",65,57,26,0
566,"[241, 4]",64,0,0,0
567,"[241, 5]",139,64,29,0
568,"[242, 0]",1,0,0,0
569,"[242, 1]",2,57,26,0
570,"[243, 0]",1,57,26,0
571,"[244, 0]",1,37,18,0
572,"[245, 0]",1,0,0,0
573,"[245, 1]",2,158,64,0
574,"[246, 0]",1,0,0,0
575,"[246, 1]",2,158,64,0
576,"[247, 0]",1,0,0,1
577,"[247, 1]",4,156,64,0
578,"[247, 2]",3,0,0,0
579,"[247, 3]",2,0,0,0
580,"[247, 4]",32,158,64,0
581,"[247, 5]",29,0,0,0
582,"[247, 6]",83,63,28,0
583,"[248, 0]",1,0,0,0
584,"[248, 1]",2,158,64,5
585,"[249, 0]",1,0,0,0
586,"[249, 1]",2,0,0,0
587,"[249, 2]",12,158,64,0
588,"[250, 0]",1,0,0,0
589,"[250, 1]",3,0,0,0
590,"[250, 2]",2,0,0,0
591,"[250, 3]",25,156,64,0
592,"[250, 4]",24,158,64,0
593,"[250, 5]",21,0,0,0
594,"[250, 6]",47,0,0,0
595,"[250, 7]",73,0,0,0
596,"[250, 8]",216,41,18,0
597,"[251, 0]",1,0,0,0
598,"[251, 1]",2,41,18,0
599,"[252, 0]",1,2,1,0
600,"[253, 0]",1,158,64,0
601,"[254, 0]",1,158,64,0
602,"[255, 0]",1,0,0,0
603,"[255, 1]",4,0,0,0
604,"[255, 2]",3,0,0,0
605,"[255, 3]",2,0,0,0
606,"[255, 4]",45,156,64,0
607,"[255, 5]",43,0,0,0
608,"[255, 6]",42,0,0,0
609,"[255, 7]",41,0,0,0
610,"[255, 8]",38,158,64,0
611,"[255, 9]",35,156,64,0
612,"[255, 10]",31,158,64,0
613,"[255, 11]",30,158,64,0
614,"[255, 12]",91,0,0,0
615,"[255, 13]",86,0,0,0
616,"[255, 14]",83,0,0,0
617,"[255, 15]",442,59,28,9
618,"[255, 16]",433,54,24,0
619,"[255, 17]",411,0,0,0
620,"[255, 18]",410,41,18,0
621,"[255, 19]",540,158,64,0
622,"[256, 0]",1,156,64,0
623,"[257, 0]",1,0,0,0
624,"[257, 1]",2,41,18,0
625,"[258, 0]",1,158,64,0
626,"[259, 0]",1,158,64,0
627,"[260, 0]",1,0,0,0
628,"[260, 1]",2,57,26,0
629,"[261, 0]",1,158,64,0
630,"[262, 0]",1,0,0,0
631,"[262, 1]",2,158,64,0
632,"[263, 0]",1,41,18,0
633,"[264, 0]",1,0,0,0
634,"[264, 1]",2,158,64,0
635,"[265, 0]",1,0,0,0
636,"[265, 1]",2,158,64,0
637,"[266, 0]",1,0,0,0
638,"[266, 1]",6,158,64,0
639,"[266, 2]",4,0,0,0
640,"[266, 3]",3,0,0,0
641,"[266, 4]",32,57,26,0
642,"[266, 5]",28,2,1,0
643,"[267, 0]",1,0,0,0
644,"[267, 1]",2,41,18,0
645,"[268, 0]",1,0,0,0
646,"[268, 1]",7,2,1,0
647,"[268, 2]",3,0,0,0
648,"[268, 3]",2,0,0,0
649,"[268, 4]",38,41,18,0
650,"[268, 5]",31,156,64,0
651,"[269, 0]",1,158,64,0
652,"[270, 0]",1,2,1,0
653,"[271, 0]",1,41,18,0
654,"[272, 0]",1,0,0,0
655,"[272, 1]",7,156,64,0
656,"[272, 2]",3,0,0,0
657,"[272, 3]",2,0,0,0
658,"[272, 4]",54,41,18,0
659,"[272, 5]",52,0,0,0
660,"[272, 6]",50,0,0,0
661,"[272, 7]",49,0,0,0
662,"[272, 8]",101,41,18,0
663,"[272, 9]",96,0,0,0
664,"[272, 10]",88,158,64,0
665,"[272, 11]",201,158,64,0
666,"[273, 0]",1,57,26,0
667,"[274, 0]",1,0,0,0
668,"[274, 1]",2,0,0,0
669,"[274, 2]",24,0,0,0
670,"[274, 3]",35,0,0,0
671,"[274, 4]",61,41,18,0
672,"[275, 0]",1,41,18,0
673,"[276, 0]",1,0,0,0
674,"[276, 1]",2,0,0,0
675,"[276, 2]",18,57,26,0
676,"[277, 0]",1,0,0,0
677,"[277, 1]",8,0,0,-1
678,"[277, 2]",4,2,1,4
679,"[277, 3]",3,0,0,-1
680,"[277, 4]",58,0,0,5
681,"[277, 5]",29,158,64,9
682,"[277, 6]",143,156,64,0
683,"[278, 0]",1,0,0,0
684,"[278, 1]",6,158,64,0
685,"[278, 2]",3,0,0,0
686,"[278, 3]",2,0,0,0
687,"[278, 4]",44,2,1,0
688,"[278, 5]",41,158,64,0
689,"[279, 0]",1,158,64,0
690,"[280, 0]",1,0,0,0
691,"[280, 1]",2,0,0,-1
692,"[280, 2]",12,158,64,-1
693,"[281, 0]",1,0,0,0
694,"[281, 1]",2,158,64,19
695,"[282, 0]",1,0,0,0
696,"[282, 1]",2,2,1,0
697,"[283, 0]",1,0,0,0
698,"[283, 1]",2,0,0,-1
699,"[283, 2]",36,63,28,-1
700,"[284, 0]",1,0,0,0
701,"[284, 1]",2,156,64,-1
702,"[285, 0]",1,0,0,0
703,"[285, 1]",5,57,26,0
704,"[285, 2]",3,0,0,0
705,"[285, 3]",2,0,0,0
706,"[285, 4]",49,158,64,0
707,"[285, 5]",45,0,0,0
708,"[285, 6]",38,41,18,0
709,"[285, 7]",105,0,0,0
710,"[285, 8]",202,0,0,0
711,"[285, 9]",320,0,0,-1
712,"[285, 10]",358,158,64,8
713,"[286, 0]",1,0,0,0
714,"[286, 1]",3,59,28,0
715,"[286, 2]",2,0,0,0
716,"[286, 3]",34,158,64,0
717,"[287, 0]",1,0,0,0
718,"[287, 1]",8,2,1,0
719,"[287, 2]",7,156,64,0
720,"[287, 3]",6,156,64,0
721,"[287, 4]",2,0,0,0
722,"[287, 5]",43,0,0,0
723,"[287, 6]",42,0,0,0
724,"[287, 7]",41,0,0,0
725,"[287, 8]",74,57,26,0
726,"[287, 9]",71,57,26,2
727,"[287, 10]",68,156,64,2
728,"[288, 0]",1,0,0,0
729,"[288, 1]",9,156,64,0
730,"[288, 2]",4,0,0,0
731,"[288, 3]",2,0,0,0
732,"[288, 4]",52,0,0,0
733,"[288, 5]",51,0,0,0
734,"[288, 6]",45,0,0,0
735,"[288, 7]",119,0,0,0
736,"[288, 8]",87,0,0,5
737,"[288, 9]",81,2,1,-1
738,"[288, 10]",188,2,1,0
739,"[288, 11]",171,156,64,-1
740,"[289, 0]",1,41,18,0
741,"[290, 0]",1,0,0,0
742,"[290, 1]",2,57,26,0
743,"[291, 0]",1,158,64,0
744,"[292, 0]",1,158,64,0
745,"[293, 0]",1,0,0,0
746,"[293, 1]",2,156,64,0
747,"[294, 0]",1,0,0,0
748,"[294, 1]",2,0,0,0
749,"[294, 2]",75,158,64,0
750,"[295, 0]",1,0,0,0
751,"[295, 1]",2,57,26,0
752,"[296, 0]",1,59,28,0
753,"[297, 0]",1,51,24,0
754,"[298, 0]",1,0,0,0
755,"[298, 1]",2,156,64,0
756,"[299, 0]",1,0,0,0
757,"[299, 1]",3,156,64,0
758,"[299, 2]",2,158,64,0
759,"[300, 0]",1,0,0,0
760,"[300, 1]",5,0,0,0
761,"[300, 2]",3,0,0,0
762,"[300, 3]",2,0,0,0
763,"[300, 4]",32,54,24,0
764,"[300, 5]",31,41,18,0
765,"[300, 6]",30,0,0,0
766,"[300, 7]",26,0,0,0
767,"[300, 8]",15,54,24,0
768,"[300, 9]",91,158,64,0
769,"[300, 10]",58,54,24,0
770,"[301, 0]",1,0,0,0
771,"[301, 1]",2,41,18,0
772,"[302, 0]",1,61,28,0
773,"[303, 0]",1,156,64,0
774,"[304, 0]",1,158,64,0
775,"[305, 0]",1,156,64,0
776,"[306, 0]",1,0,0,0
777,"[306, 1]",2,158,64,0
778,"[307, 0]",1,0,0,0
779,"[307, 1]",7,0,0,0
780,"[307, 2]",4,0,0,0
781,"[307, 3]",2,0,0,0
782,"[307, 4]",47,0,0,0
783,"[307, 5]",46,0,0,0
784,"[307, 6]",44,0,0,0
785,"[307, 7]",41,158,64,0
786,"[307, 8]",18,37,18,1
787,"[307, 9]",111,0,0,0
788,"[307, 10]",110,0,0,0
789,"[307, 11]",107,0,0,0
790,"[307, 12]",91,156,64,0
791,"[307, 13]",88,41,18,0
792,"[307, 14]",281,0,0,0
793,"[307, 15]",268,0,0,0
794,"[307, 16]",265,0,0,0
795,"[307, 17]",452,158,64,0
796,"[307, 18]",440,0,0,-1
797,"[307, 19]",422,158,64,7
798,"[307, 20]",495,158,64,4
799,"[308, 0]",1,0,0,0
800,"[308, 1]",5,0,0,0
801,"[308, 2]",3,0,0,0
802,"[308, 3]",26,0,0,0
803,"[308, 4]",10,158,64,1
804,"[308, 5]",66,0,0,-1
805,"[308, 6]",90,41,18,19
806,"[309, 0]",1,0,0,0
807,"[309, 1]",2,0,0,0
808,"[309, 2]",35,0,0,0
809,"[309, 3]",98,0,0,-1
810,"[309, 4]",118,158,64,14
811,"[310, 0]",1,41,18,0
812,"[311, 0]",1,156,64,0
813,"[312, 0]",1,0,0,0
814,"[312, 1]",2,0,0,0
815,"[312, 2]",28,158,64,-1
816,"[312, 3]",26,0,0,-1
817,"[312, 4]",79,2,1,-1
818,"[313, 0]",1,158,64,0
819,"[314, 0]",1,0,0,0
820,"[314, 1]",2,158,64,0
821,"[315, 0]",1,0,0,0
822,"[315, 1]",2,57,26,0
823,"[316, 0]",1,0,0,0
824,"[316, 1]",2,158,64,0
825,"[317, 0]",1,156,64,0
826,"[318, 0]",1,0,0,1
827,"[318, 1]",2,57,26,0
828,"[319, 0]",1,0,0,0
829,"[319, 1]",2,2,1,5
830,"[320, 0]",1,41,18,0
831,"[321, 0]",1,158,64,0
832,"[322, 0]",1,0,0,0
833,"[322, 1]",6,41,18,0
834,"[322, 2]",5,41,18,0
835,"[322, 3]",4,0,0,0
836,"[322, 4]",3,0,0,0
837,"[322, 5]",2,0,0,0
838,"[322, 6]",40,41,18,0
839,"[322, 7]",36,0,0,0
840,"[322, 8]",31,0,0,0
841,"[322, 9]",28,0,0,0
842,"[322, 10]",137,57,26,0
843,"[322, 11]",122,156,64,0
844,"[322, 12]",88,0,0,0
845,"[322, 13]",249,2,1,0
846,"[323, 0]",1,41,18,0
847,"[324, 0]",1,54,24,0
848,"[325, 0]",1,156,64,0
849,"[326, 0]",1,158,64,0
850,"[327, 0]",1,0,0,0
851,"[327, 1]",2,41,18,0
852,"[328, 0]",1,0,0,0
853,"[328, 1]",2,158,64,0
854,"[329, 0]",1,156,64,0
855,"[330, 0]",1,0,0,0
856,"[330, 1]",6,57,26,1
857,"[330, 2]",5,158,64,4
858,"[330, 3]",3,0,0,-1
859,"[330, 4]",2,0,0,-1
860,"[330, 5]",58,158,64,1
861,"[330, 6]",55,0,0,-1
862,"[330, 7]",116,156,64,8
863,"[331, 0]",1,0,0,0
864,"[331, 1]",2,158,64,4
865,"[332, 0]",1,0,0,0
866,"[332, 1]",2,158,64,0
867,"[333, 0]",1,0,0,0
868,"[333, 1]",2,57,26,0
869,"[334, 0]",1,41,18,0
870,"[335, 0]",1,0,0,0
871,"[335, 1]",2,0,0,0
872,"[335, 2]",18,158,64,0
873,"[336, 0]",1,41,18,0
874,"[337, 0]",1,158,64,0
875,"[338, 0]",1,0,0,0
876,"[338, 1]",2,156,64,0
877,"[339, 0]",1,156,64,0
878,"[340, 0]",1,64,29,0
879,"[341, 0]",1,0,0,0
880,"[341, 1]",2,0,0,0
881,"[341, 2]",80,158,64,0
882,"[342, 0]",1,41,18,0
883,"[343, 0]",1,41,18,0
884,"[344, 0]",1,0,0,1
885,"[344, 1]",2,2,1,0
886,"[345, 0]",1,0,0,0
887,"[345, 1]",2,58,26,1
888,"[346, 0]",1,0,0,0
889,"[346, 1]",4,0,0,6
890,"[346, 2]",3,0,0,-1
891,"[346, 3]",38,2,1,-1
892,"[346, 4]",34,158,64,0
893,"[347, 0]",1,0,0,0
894,"[347, 1]",2,158,64,-1
895,"[348, 0]",1,0,0,0
896,"[348, 1]",4,158,64,2
897,"[348, 2]",3,0,0,7
898,"[348, 3]",2,0,0,1
899,"[348, 4]",21,0,0,-1
900,"[348, 5]",18,156,64,0
901,"[348, 6]",43,158,64,-1
902,"[349, 0]",1,158,64,0
903,"[350, 0]",1,0,0,0
904,"[350, 1]",2,57,26,0
905,"[351, 0]",1,41,18,0
906,"[352, 0]",1,0,0,0
907,"[352, 1]",2,158,64,0
908,"[353, 0]",1,0,0,0
909,"[353, 1]",2,0,0,0
910,"[353, 2]",23,0,0,0
911,"[353, 3]",38,158,64,0
912,"[354, 0]",1,158,64,0
913,"[355, 0]",1,0,0,0
914,"[355, 1]",7,57,26,0
915,"[355, 2]",5,57,26,0
916,"[355, 3]",4,158,64,0
917,"[355, 4]",3,0,0,0
918,"[355, 5]",40,0,0,0
919,"[355, 6]",53,0,0,0
920,"[355, 7]",145,57,26,0
921,"[356, 0]",1,0,0,0
922,"[356, 1]",2,158,64,-1
923,"[357, 0]",1,156,64,0
924,"[358, 0]",1,2,1,0
925,"[359, 0]",1,158,64,0
926,"[360, 0]",1,158,64,0
927,"[361, 0]",1,0,0,0
928,"[361, 1]",2,57,26,4
929,"[362, 0]",1,156,64,0
930,"[363, 0]",1,57,26,0
931,"[364, 0]",1,158,64,0
932,"[365, 0]",1,57,26,0
933,"[366, 0]",1,0,0,0
934,"[366, 1]",2,156,64,4
935,"[367, 0]",1,158,64,0
936,"[368, 0]",1,0,0,0
937,"[368, 1]",2,156,64,0
938,"[369, 0]",1,41,18,0
939,"[370, 0]",1,158,64,0
940,"[371, 0]",1,158,64,0
941,"[372, 0]",1,41,18,0
942,"[373, 0]",1,41,18,0
943,"[374, 0]",1,158,64,0
944,"[375, 0]",1,41,18,1
945,"[376, 0]",1,158,64,0
946,"[377, 0]",1,64,29,0
947,"[378, 0]",1,0,0,0
948,"[378, 1]",2,0,0,0
949,"[378, 2]",28,158,64,0
950,"[379, 0]",1,158,64,0
951,"[380, 0]",1,158,64,0
952,"[381, 0]",1,0,0,0
953,"[381, 1]",2,0,0,0
954,"[381, 2]",78,158,64,0
955,"[382, 0]",1,0,0,0
956,"[382, 1]",6,156,64,0
957,"[382, 2]",5,53,24,0
958,"[382, 3]",2,158,64,0
959,"[383, 0]",1,158,64,0
960,"[384, 0]",1,156,64,0
961,"[385, 0]",1,156,64,0
962,"[386, 0]",1,41,18,0
963,"[387, 0]",1,0,0,0
964,"[387, 1]",3,0,0,0
965,"[387, 2]",30,0,0,0
966,"[387, 3]",56,41,18,0
967,"[387, 4]",53,0,0,0
968,"[387, 5]",52,0,0,0
969,"[387, 6]",98,156,64,0
970,"[387, 7]",95,61,28,0
971,"[388, 0]",1,158,64,0
972,"[389, 0]",1,57,26,0
973,"[390, 0]",1,0,0,0
974,"[390, 1]",2,0,0,0
975,"[390, 2]",18,41,18,0
976,"[391, 0]",1,0,0,0
977,"[391, 1]",2,158,64,0
978,"[392, 0]",1,0,0,0
979,"[392, 1]",2,2,1,0
980,"[393, 0]",1,0,0,0
981,"[393, 1]",4,0,0,0
982,"[393, 2]",3,158,64,0
983,"[393, 3]",2,0,0,0
984,"[393, 4]",15,0,0,0
985,"[393, 5]",10,57,26,8
986,"[393, 6]",54,0,0,1
987,"[393, 7]",53,57,26,-1
988,"[393, 8]",108,158,64,16
989,"[394, 0]",1,41,18,0
990,"[395, 0]",1,158,64,0
991,"[396, 0]",1,41,18,0
992,"[397, 0]",1,41,18,0
993,"[398, 0]",1,0,0,0
994,"[398, 1]",2,57,26,0
995,"[399, 0]",1,158,64,1
996,"[400, 0]",1,0,0,0
997,"[400, 1]",2,0,0,0
998,"[400, 2]",85,158,64,0
999,"[401, 0]",1,158,64,1
1000,"[402, 0]",1,0,0,0
1001,"[402, 1]",2,0,0,0
1002,"[402, 2]",12,158,64,3
1003,"[403, 0]",1,0,0,0
1004,"[403, 1]",4,41,18,0
1005,"[403, 2]",3,158,64,0
1006,"[403, 3]",2,0,0,0
1007,"[403, 4]",24,158,64,0
1008,"[403, 5]",21,0,0,0
1009,"[403, 6]",59,0,0,0
1010,"[403, 7]",161,158,64,0
1011,"[404, 0]",1,0,0,0
1012,"[404, 1]",4,0,0,0
1013,"[404, 2]",2,0,0,0
1014,"[404, 3]",46,64,29,0
1015,"[404, 4]",45,0,0,0
1016,"[404, 5]",33,57,26,0
1017,"[404, 6]",76,158,64,0
1018,"[405, 0]",1,158,64,0
1019,"[406, 0]",1,0,0,0
1020,"[406, 1]",2,0,0,0
1021,"[406, 2]",30,0,0,0
1022,"[406, 3]",74,0,0,0
1023,"[406, 4]",104,57,26,0
1024,"[407, 0]",1,2,1,0
1025,"[408, 0]",1,0,0,0
1026,"[408, 1]",2,158,64,0
1027,"[409, 0]",1,158,64,1
1028,"[410, 0]",1,41,18,0
1029,"[411, 0]",1,0,0,0
1030,"[411, 1]",2,0,0,0
1031,"[411, 2]",22,0,0,0
1032,"[411, 3]",37,156,64,0
1033,"[412, 0]",1,158,64,0
1034,"[413, 0]",1,0,0,0
1035,"[413, 1]",3,0,0,0
1036,"[413, 2]",2,0,0,0
1037,"[413, 3]",28,0,0,0
1038,"[413, 4]",24,158,64,0
1039,"[413, 5]",23,55,26,0
1040,"[413, 6]",51,158,64,0
1041,"[414, 0]",1,57,26,0
1042,"[415, 0]",1,158,64,0
1043,"[416, 0]",1,158,64,0
1044,"[417, 0]",1,156,64,0
1045,"[418, 0]",1,158,64,0
1046,"[419, 0]",1,0,0,0
1047,"[419, 1]",3,0,0,0
1048,"[419, 2]",2,51,24,0
1049,"[419, 3]",23,41,18,0
1050,"[420, 0]",1,41,18,0
1051,"[421, 0]",1,158,64,0
1052,"[422, 0]",1,0,0,0
1053,"[422, 1]",2,41,18,0
1054,"[423, 0]",1,0,0,0
1055,"[423, 1]",2,158,64,0
1056,"[424, 0]",1,158,64,0
1057,"[425, 0]",1,0,0,0
1058,"[425, 1]",6,156,64,0
1059,"[425, 2]",5,158,64,0
1060,"[425, 3]",3,0,0,0
1061,"[425, 4]",2,0,0,0
1062,"[425, 5]",56,0,0,0
1063,"[425, 6]",55,0,0,0
1064,"[425, 7]",51,158,64,0
1065,"[425, 8]",91,156,64,-1
1066,"[425, 9]",88,0,0,-1
1067,"[425, 10]",85,158,64,-1
1068,"[425, 11]",350,158,64,1
1069,"[426, 0]",1,158,64,1
1070,"[427, 0]",1,0,0,0
1071,"[427, 1]",2,0,0,0
1072,"[427, 2]",15,158,64,0
1073,"[428, 0]",1,0,0,0
1074,"[428, 1]",2,158,64,0
1075,"[429, 0]",1,0,0,0
1076,"[429, 1]",8,156,64,0
1077,"[429, 2]",6,0,0,0
1078,"[429, 3]",5,0,0,0
1079,"[429, 4]",3,0,0,0
1080,"[429, 5]",2,0,0,0
1081,"[429, 6]",69,0,0,-1
1082,"[429, 7]",65,0,0,0
1083,"[429, 8]",48,37,18,0
1084,"[429, 9]",45,57,26,0
1085,"[429, 10]",165,0,0,0
1086,"[429, 11]",143,0,0,-1
1087,"[429, 12]",142,0,0,-1
1088,"[429, 13]",347,0,0,-1
1089,"[429, 14]",343,158,64,-1
1090,"[429, 15]",277,57,26,0
1091,"[430, 0]",1,0,0,0
1092,"[430, 1]",2,158,64,0
1093,"[431, 0]",1,0,0,0
1094,"[431, 1]",2,158,64,0
1095,"[432, 0]",1,0,0,0
1096,"[432, 1]",2,0,0,0
1097,"[432, 2]",19,2,1,0
1098,"[433, 0]",1,2,1,0
1099,"[434, 0]",1,158,64,0
1100,"[435, 0]",1,0,0,0
1101,"[435, 1]",2,158,64,0
1102,"[436, 0]",1,0,0,0
1103,"[436, 1]",2,54,24,0
1104,"[437, 0]",1,0,0,0
1105,"[437, 1]",2,0,0,-1
1106,"[437, 2]",36,0,0,1
1107,"[437, 3]",53,0,0,0
1108,"[437, 4]",78,158,64,2
1109,"[438, 0]",1,0,0,0
1110,"[438, 1]",5,0,0,0
1111,"[438, 2]",3,0,0,0
1112,"[438, 3]",2,0,0,0
1113,"[438, 4]",62,0,0,0
1114,"[438, 5]",60,0,0,0
1115,"[438, 6]",59,0,0,0
1116,"[438, 7]",51,41,18,0
1117,"[438, 8]",30,0,0,0
1118,"[438, 9]",187,41,18,0
1119,"[438, 10]",112,2,1,0
1120,"[438, 11]",110,54,24,0
1121,"[438, 12]",109,0,0,0
1122,"[438, 13]",104,156,64,0
1123,"[438, 14]",92,158,64,0
1124,"[438, 15]",269,158,64,0
1125,"[439, 0]",1,0,0,0
1126,"[439, 1]",2,158,64,14
1127,"[440, 0]",1,0,0,0
1128,"[440, 1]",2,158,64,0
1129,"[441, 0]",1,57,26,0
1130,"[442, 0]",1,64,29,0
1131,"[443, 0]",1,41,18,0
1132,"[444, 0]",1,158,64,1
1133,"[445, 0]",1,41,18,0
1134,"[446, 0]",1,0,0,0
1135,"[446, 1]",2,0,0,0
1136,"[446, 2]",21,158,64,0
1137,"[447, 0]",1,41,18,0
1138,"[448, 0]",1,0,0,0
1139,"[448, 1]",2,158,64,0
1140,"[449, 0]",1,41,18,0
1141,"[450, 0]",1,41,18,0
1142,"[451, 0]",1,158,64,0
1143,"[452, 0]",1,158,64,0
1144,"[453, 0]",1,54,24,0
1145,"[454, 0]",1,0,0,0
1146,"[454, 1]",2,0,0,0
1147,"[454, 2]",45,57,26,-1
1148,"[455, 0]",1,57,26,0
1149,"[456, 0]",1,0,0,0
1150,"[456, 1]",3,0,0,0
1151,"[456, 2]",21,158,64,0
1152,"[457, 0]",1,41,18,0
1153,"[458, 0]",1,0,0,0
1154,"[458, 1]",4,0,0,-1
1155,"[458, 2]",2,0,0,-1
1156,"[458, 3]",44,0,0,-1
1157,"[458, 4]",41,0,0,-1
1158,"[458, 5]",33,158,64,7
1159,"[458, 6]",102,0,0,2
1160,"[458, 7]",73,51,24,12
1161,"[458, 8]",283,158,64,0
1162,"[459, 0]",1,0,0,0
1163,"[459, 1]",2,158,64,0
1164,"[460, 0]",1,156,64,0
1165,"[461, 0]",1,0,0,0
1166,"[461, 1]",2,158,64,0
1167,"[462, 0]",1,0,0,0
1168,"[462, 1]",2,57,26,0
1169,"[463, 0]",1,158,64,0
1170,"[464, 0]",1,0,0,0
1171,"[464, 1]",2,0,0,0
1172,"[464, 2]",21,158,64,0
1173,"[465, 0]",1,57,26,0
1174,"[466, 0]",1,0,0,0
1175,"[466, 1]",2,41,18,0
1176,"[467, 0]",1,158,64,0
1177,"[468, 0]",1,57,26,0
1178,"[469, 0]",1,57,26,0
1179,"[470, 0]",1,156,64,0
1180,"[471, 0]",1,158,64,0
1181,"[472, 0]",1,54,24,0
1182,"[473, 0]",1,156,64,0
1183,"[474, 0]",1,0,0,0
1184,"[474, 1]",2,158,64,0
1185,"[475, 0]",1,158,64,0
1186,"[476, 0]",1,0,0,0
1187,"[476, 1]",2,158,64,0
1188,"[477, 0]",1,156,64,0
1189,"[478, 0]",1,0,0,0
1190,"[478, 1]",2,158,64,0
1191,"[479, 0]",1,0,0,1
1192,"[479, 1]",2,0,0,0
1193,"[479, 2]",15,158,64,1
1194,"[480, 0]",1,0,0,0
1195,"[480, 1]",9,41,18,0
1196,"[480, 2]",7,0,0,0
1197,"[480, 3]",5,0,0,0
1198,"[480, 4]",4,0,0,0
1199,"[480, 5]",3,0,0,0
1200,"[480, 6]",41,0,0,0
1201,"[480, 7]",38,0,0,0
1202,"[480, 8]",30,158,64,0
1203,"[480, 9]",26,41,18,0
1204,"[480, 10]",101,53,24,0
1205,"[480, 11]",100,41,18,0
1206,"[480, 12]",85,156,64,0
1207,"[480, 13]",84,158,64,0
1208,"[480, 14]",82,0,0,0
1209,"[480, 15]",380,0,0,0
1210,"[480, 16]",415,57,26,0
1211,"[481, 0]",1,158,64,0
1212,"[482, 0]",1,0,0,0
1213,"[482, 1]",3,156,64,0
1214,"[483, 0]",1,158,64,0
1215,"[484, 0]",1,158,64,0
1216,"[485, 0]",1,41,18,0
1217,"[486, 0]",1,41,18,0
1218,"[487, 0]",1,57,26,0
1219,"[488, 0]",1,0,0,0
1220,"[488, 1]",6,0,0,0
1221,"[488, 2]",4,0,0,0
1222,"[488, 3]",3,0,0,0
1223,"[488, 4]",29,0,0,0
1224,"[488, 5]",25,55,26,0
1225,"[488, 6]",22,158,64,0
1226,"[488, 7]",65,158,64,0
1227,"[489, 0]",1,158,64,0
1228,"[490, 0]",1,0,0,0
1229,"[490, 1]",3,0,0,0
1230,"[490, 2]",2,0,0,0
1231,"[490, 3]",33,57,26,0
1232,"[490, 4]",29,158,64,0
1233,"[491, 0]",1,0,0,0
1234,"[491, 1]",9,156,64,0
1235,"[491, 2]",8,158,64,0
1236,"[491, 3]",6,0,0,0
1237,"[491, 4]",5,0,0,0
1238,"[491, 5]",47,0,0,0
1239,"[491, 6]",44,2,1,0
1240,"[491, 7]",63,156,64,-1
1241,"[492, 0]",1,158,64,0
1242,"[493, 0]",1,0,0,0
1243,"[493, 1]",2,158,64,0
1244,"[494, 0]",1,0,0,0
1245,"[494, 1]",2,0,0,0
1246,"[494, 2]",66,0,0,0
1247,"[494, 3]",81,158,64,5
1248,"[495, 0]",1,41,18,0
1249,"[496, 0]",1,0,0,0
1250,"[497, 0]",1,41,18,0
1251,"[498, 0]",1,0,0,0
1252,"[498, 1]",5,156,64,2
1253,"[498, 2]",3,0,0,1
1254,"[498, 3]",50,2,1,0
1255,"[499, 0]",1,2,1,0
1256,"[500, 0]",1,158,64,0
1257,"[501, 0]",1,0,0,0
1258,"[501, 1]",2,0,0,0
1259,"[501, 2]",31,54,24,0
1260,"[502, 0]",1,41,18,0
1261,"[503, 0]",1,0,0,0
1262,"[503, 1]",2,41,18,0
1263,"[504, 0]",1,57,26,0
1264,"[505, 0]",1,0,0,0
1265,"[505, 1]",2,0,0,0
1266,"[505, 2]",25,156,64,0
1267,"[506, 0]",1,0,0,0
1268,"[506, 1]",2,0,0,0
1269,"[506, 2]",22,158,64,0
1270,"[507, 0]",1,156,64,0
1271,"[508, 0]",1,0,0,0
1272,"[508, 1]",5,158,64,-1
1273,"[508, 2]",2,0,0,1
1274,"[508, 3]",37,0,0,0
1275,"[508, 4]",36,0,0,0
1276,"[508, 5]",66,2,1,0
1277,"[508, 6]",65,41,18,0
1278,"[508, 7]",62,158,64,0
1279,"[509, 0]",1,0,0,0
1280,"[509, 1]",2,158,64,-1
1281,"[510, 0]",1,0,0,0
1282,"[510, 1]",4,158,64,0
1283,"[511, 0]",1,54,24,0
1284,"[512, 0]",1,0,0,0
1285,"[512, 1]",2,158,64,0
1286,"[513, 0]",1,41,18,0
1287,"[514, 0]",1,41,18,0
1288,"[515, 0]",1,158,64,0
1289,"[516, 0]",1,0,0,0
1290,"[516, 1]",3,158,64,0
1291,"[516, 2]",2,59,28,0
1292,"[517, 0]",1,0,0,0
1293,"[517, 1]",2,57,26,0
1294,"[518, 0]",1,156,64,0
1295,"[519, 0]",1,0,0,0
1296,"[519, 1]",2,2,1,0
1297,"[520, 0]",1,0,0,0
1298,"[520, 1]",2,0,0,0
1299,"[520, 2]",43,156,64,1
1300,"[521, 0]",1,57,26,0
1301,"[522, 0]",1,158,64,0
1302,"[523, 0]",1,58,26,0
1303,"[524, 0]",1,0,0,0
1304,"[524, 1]",7,156,64,0
1305,"[524, 2]",5,0,0,0
1306,"[524, 3]",2,0,0,0
1307,"[524, 4]",64,0,0,0
1308,"[524, 5]",63,0,0,0
1309,"[524, 6]",41,158,64,0
1310,"[524, 7]",97,2,1,0
1311,"[524, 8]",96,158,64,0
1312,"[524, 9]",93,0,0,0
1313,"[524, 10]",92,0,0,0
1314,"[524, 11]",91,0,0,0
1315,"[524, 12]",88,0,0,0
1316,"[524, 13]",87,0,0,0
1317,"[524, 14]",85,158,64,0
1318,"[524, 15]",320,2,1,-1
1319,"[524, 16]",317,158,64,0
1320,"[524, 17]",303,158,64,0
1321,"[524, 18]",302,0,0,0
1322,"[524, 19]",297,53,24,0
1323,"[524, 20]",293,158,64,0
1324,"[525, 0]",1,37,18,0
1325,"[526, 0]",1,0,0,0
1326,"[526, 1]",2,158,64,5
1327,"[527, 0]",1,0,0,0
1328,"[527, 1]",6,0,0,0
1329,"[527, 2]",5,0,0,0
1330,"[527, 3]",4,0,0,0
1331,"[527, 4]",3,0,0,0
1332,"[527, 5]",2,0,0,0
1333,"[527, 6]",87,2,1,-1
1334,"[527, 7]",84,158,64,-1
1335,"[527, 8]",80,156,64,-1
1336,"[527, 9]",70,0,0,0
1337,"[527, 10]",66,0,0,0
1338,"[527, 11]",62,0,0,0
1339,"[527, 12]",249,156,64,0
1340,"[527, 13]",224,64,29,0
1341,"[527, 14]",197,158,64,0
1342,"[528, 0]",1,0,0,0
1343,"[528, 1]",2,57,26,0
1344,"[529, 0]",1,57,26,0
1345,"[530, 0]",1,2,1,0
1346,"[531, 0]",1,41,18,0
1347,"[532, 0]",1,0,0,0
1348,"[532, 1]",3,57,26,0
1349,"[532, 2]",2,57,26,0
1350,"[533, 0]",1,57,26,0
1351,"[534, 0]",1,0,0,0
1352,"[534, 1]",2,0,0,0
1353,"[534, 2]",21,2,1,0
1354,"[535, 0]",1,158,64,0
1355,"[536, 0]",1,41,18,0
1356,"[537, 0]",1,57,26,1
1357,"[538, 0]",1,0,0,0
1358,"[538, 1]",2,158,64,-1
1359,"[539, 0]",1,41,18,0
1360,"[540, 0]",1,2,1,0
1361,"[541, 0]",1,156,64,0
1362,"[542, 0]",1,0,0,0
1363,"[542, 1]",7,0,0,0
1364,"[542, 2]",5,0,0,0
1365,"[542, 3]",4,0,0,0
1366,"[542, 4]",3,0,0,0
1367,"[542, 5]",55,0,0,0
1368,"[542, 6]",50,0,0,0
1369,"[542, 7]",46,61,28,0
1370,"[542, 8]",137,41,18,0
1371,"[542, 9]",96,0,0,0
1372,"[542, 10]",244,158,64,0
1373,"[543, 0]",1,0,0,0
1374,"[543, 1]",2,158,64,1
1375,"[544, 0]",1,58,26,0
1376,"[545, 0]",1,158,64,0
1377,"[546, 0]",1,158,64,0
1378,"[547, 0]",1,57,26,0
1379,"[548, 0]",1,2,1,0
1380,"[549, 0]",1,0,0,0
1381,"[549, 1]",5,57,26,0
1382,"[549, 2]",4,41,18,0
1383,"[549, 3]",2,0,0,0
1384,"[550, 0]",1,158,64,0
1385,"[551, 0]",1,0,0,0
1386,"[551, 1]",6,2,1,0
1387,"[551, 2]",5,158,64,0
1388,"[551, 3]",3,0,0,0
1389,"[551, 4]",48,156,64,0
1390,"[552, 0]",1,41,18,0
1391,"[553, 0]",1,0,0,0
1392,"[553, 1]",2,158,64,0
1393,"[554, 0]",1,0,0,0
1394,"[554, 1]",2,0,0,0
1395,"[554, 2]",69,0,0,0
1396,"[554, 3]",80,57,26,0
1397,"[555, 0]",1,57,26,0
1398,"[556, 0]",1,0,0,0
1399,"[556, 1]",2,2,1,0
1400,"[557, 0]",1,0,0,1
1401,"[557, 1]",2,158,64,1
1402,"[558, 0]",1,0,0,0
1403,"[558, 1]",2,2,1,0
1404,"[559, 0]",1,0,0,0
1405,"[559, 1]",6,158,64,0
1406,"[559, 2]",4,0,0,0
1407,"[559, 3]",50,0,0,0
1408,"[559, 4]",46,0,0,0
1409,"[559, 5]",45,0,0,0
1410,"[559, 6]",41,2,1,0
1411,"[559, 7]",105,0,0,0
1412,"[559, 8]",98,41,18,0
1413,"[559, 9]",70,2,1,0
1414,"[559, 10]",248,156,64,0
1415,"[560, 0]",1,57,26,1
1416,"[561, 0]",1,0,0,0
1417,"[561, 1]",2,156,64,0
1418,"[562, 0]",1,156,64,0
1419,"[563, 0]",1,0,0,0
1420,"[563, 1]",2,0,0,0
1421,"[563, 2]",17,57,26,1
1422,"[564, 0]",1,0,0,0
1423,"[564, 1]",4,0,0,0
1424,"[564, 2]",2,0,0,0
1425,"[564, 3]",34,158,64,0
1426,"[564, 4]",32,0,0,0
1427,"[564, 5]",30,0,0,0
1428,"[564, 6]",29,0,0,0
1429,"[564, 7]",27,0,0,0
1430,"[564, 8]",15,158,64,0
1431,"[564, 9]",95,0,0,0
1432,"[564, 10]",71,59,28,0
1433,"[564, 11]",67,41,18,0
1434,"[564, 12]",51,41,18,0
1435,"[564, 13]",143,2,1,0
1436,"[565, 0]",1,0,0,0
1437,"[565, 1]",6,158,64,0
1438,"[565, 2]",4,57,26,0
1439,"[565, 3]",2,0,0,0
1440,"[565, 4]",48,0,0,0
1441,"[565, 5]",136,156,64,0
1442,"[566, 0]",1,158,64,0
1443,"[567, 0]",1,0,0,0
1444,"[567, 1]",5,55,26,0
1445,"[567, 2]",3,0,0,0
1446,"[567, 3]",2,0,0,0
1447,"[567, 4]",21,158,64,-1
1448,"[567, 5]",17,158,64,-1
1449,"[568, 0]",1,0,0,0
1450,"[568, 1]",2,0,0,1
1451,"[568, 2]",56,158,64,0
1452,"[569, 0]",1,41,18,0
1453,"[570, 0]",1,158,64,0
1454,"[571, 0]",1,0,0,0
1455,"[571, 1]",2,0,0,0
1456,"[571, 2]",29,0,0,0
1457,"[571, 3]",64,57,26,0
1458,"[572, 0]",1,0,0,0
1459,"[572, 1]",2,156,64,0
1460,"[573, 0]",1,0,0,0
1461,"[574, 0]",1,0,0,0
1462,"[574, 1]",2,58,26,6
1463,"[575, 0]",1,0,0,0
1464,"[575, 1]",2,158,64,0
1465,"[576, 0]",1,156,64,0
1466,"[577, 0]",1,158,64,0
1467,"[578, 0]",1,158,64,0
1468,"[579, 0]",1,158,64,0
1469,"[580, 0]",1,57,26,0
1470,"[581, 0]",1,0,0,0
1471,"[581, 1]",2,53,24,0
1472,"[582, 0]",1,54,24,0
1473,"[583, 0]",1,0,0,0
1474,"[583, 1]",2,158,64,0
1475,"[584, 0]",1,158,64,1
1476,"[585, 0]",1,57,26,0
1477,"[586, 0]",1,2,1,0
1478,"[587, 0]",1,158,64,0
1479,"[588, 0]",1,156,64,0
1480,"[589, 0]",1,0,0,0
1481,"[589, 1]",2,57,26,-1
1482,"[590, 0]",1,57,26,0
1483,"[591, 0]",1,0,0,0
1484,"[591, 1]",2,158,64,0
1485,"[592, 0]",1,41,18,0
1486,"[593, 0]",1,0,0,0
1487,"[593, 1]",2,57,26,0
1488,"[594, 0]",1,158,64,0
1489,"[595, 0]",1,0,0,0
1490,"[595, 1]",2,41,18,0
1491,"[596, 0]",1,0,0,0
1492,"[596, 1]",2,158,64,0
1493,"[597, 0]",1,0,0,0
1494,"[597, 1]",2,0,0,0
1495,"[597, 2]",17,54,24,0
1496,"[598, 0]",1,41,18,1
1497,"[599, 0]",1,0,0,0
1498,"[599, 1]",2,0,0,0
1499,"[599, 2]",20,156,64,0
1500,"[600, 0]",1,0,0,0
1501,"[600, 1]",2,59,28,0
1502,"[601, 0]",1,41,18,0
1503,"[602, 0]",1,158,64,0
1504,"[603, 0]",1,0,0,0
1505,"[603, 1]",2,64,29,0
1506,"[604, 0]",1,54,24,0
1507,"[605, 0]",1,0,0,0
1508,"[605, 1]",2,156,64,0
1509,"[606, 0]",1,0,0,0
1510,"[606, 1]",2,41,18,0
1511,"[607, 0]",1,0,0,1
1512,"[607, 1]",2,156,64,0
1513,"[608, 0]",1,0,0,0
1514,"[608, 1]",2,41,18,39
1515,"[609, 0]",1,158,64,1
1516,"[610, 0]",1,0,0,0
1517,"[611, 0]",1,0,0,0
1518,"[611, 1]",3,57,26,0
1519,"[611, 2]",2,0,0,0
1520,"[611, 3]",32,156,64,0
1521,"[611, 4]",79,41,18,0
1522,"[612, 0]",1,41,18,0
1523,"[613, 0]",1,0,0,0
1524,"[613, 1]",5,158,64,0
1525,"[613, 2]",4,158,64,0
1526,"[613, 3]",3,0,0,0
1527,"[613, 4]",2,0,0,0
1528,"[613, 5]",61,41,18,0
1529,"[613, 6]",59,0,0,0
1530,"[613, 7]",57,0,0,0
1531,"[613, 8]",50,158,64,0
1532,"[613, 9]",105,156,64,0
1533,"[613, 10]",92,0,0,0
1534,"[613, 11]",405,158,64,0
1535,"[614, 0]",1,0,0,0
1536,"[614, 1]",2,2,1,0
1537,"[615, 0]",1,0,0,0
1538,"[615, 1]",2,158,64,0
1539,"[616, 0]",1,0,0,0
1540,"[616, 1]",4,158,64,1
1541,"[616, 2]",2,0,0,3
1542,"[616, 3]",35,0,0,0
1543,"[616, 4]",34,158,64,0
1544,"[616, 5]",31,158,64,0
1545,"[616, 6]",41,156,64,0
1546,"[617, 0]",1,54,24,0
1547,"[618, 0]",1,0,0,0
1548,"[618, 1]",2,156,64,0
1549,"[619, 0]",1,41,18,0
1550,"[620, 0]",1,55,26,4
1551,"[621, 0]",1,57,26,0
1552,"[622, 0]",1,158,64,0
1553,"[623, 0]",1,41,18,0
1554,"[624, 0]",1,158,64,0
1555,"[625, 0]",1,156,64,0
1556,"[626, 0]",1,158,64,0
1557,"[627, 0]",1,0,0,0
1558,"[627, 1]",2,158,64,0
1559,"[628, 0]",1,2,1,0
1560,"[629, 0]",1,158,64,0
1561,"[630, 0]",1,0,0,0
1562,"[630, 1]",2,156,64,0
1563,"[631, 0]",1,158,64,0
1564,"[632, 0]",1,41,18,0
1565,"[633, 0]",1,0,0,0
1566,"[633, 1]",2,0,0,0
1567,"[633, 2]",19,158,64,0
1568,"[634, 0]",1,0,0,0
1569,"[634, 1]",7,0,0,0
1570,"[634, 2]",6,0,0,0
1571,"[634, 3]",3,0,0,0
1572,"[634, 4]",22,158,64,0
1573,"[634, 5]",19,57,26,0
1574,"[635, 0]",1,0,0,0
1575,"[635, 1]",2,41,18,0
1576,"[636, 0]",1,158,64,1
1577,"[637, 0]",1,41,18,0
1578,"[638, 0]",1,0,0,0
1579,"[638, 1]",2,158,64,0
1580,"[639, 0]",1,0,0,0
1581,"[639, 1]",2,41,18,9
1582,"[640, 0]",1,0,0,0
1583,"[640, 1]",2,0,0,0
1584,"[640, 2]",14,57,26,-1
1585,"[641, 0]",1,158,64,0
1586,"[642, 0]",1,0,0,0
1587,"[642, 1]",2,59,28,0
1588,"[643, 0]",1,57,26,0
1589,"[644, 0]",1,158,64,0
1590,"[645, 0]",1,0,0,0
1591,"[645, 1]",2,0,0,0
1592,"[645, 2]",28,59,28,0
1593,"[646, 0]",1,156,64,0
1594,"[647, 0]",1,0,0,0
1595,"[647, 1]",2,41,18,0
1596,"[648, 0]",1,41,18,0
1597,"[649, 0]",1,0,0,0
1598,"[649, 1]",5,41,18,0
1599,"[649, 2]",2,0,0,0
1600,"[649, 3]",39,0,0,0
1601,"[649, 4]",81,41,18,0
1602,"[650, 0]",1,0,0,0
1603,"[650, 1]",2,57,26,0
1604,"[651, 0]",1,0,0,0
1605,"[651, 1]",5,57,26,0
1606,"[651, 2]",2,0,0,0
1607,"[651, 3]",42,0,0,0
1608,"[651, 4]",70,158,64,0
1609,"[652, 0]",1,0,0,0
1610,"[652, 1]",2,158,64,0
1611,"[653, 0]",1,158,64,0
1612,"[654, 0]",1,158,64,0
1613,"[655, 0]",1,158,64,0
1614,"[656, 0]",1,158,64,1
1615,"[657, 0]",1,0,0,0
1616,"[657, 1]",2,0,0,0
1617,"[657, 2]",24,37,18,0
1618,"[658, 0]",1,0,0,0
1619,"[658, 1]",5,0,0,0
1620,"[658, 2]",4,0,0,0
1621,"[658, 3]",57,41,18,0
1622,"[658, 4]",56,0,0,0
1623,"[658, 5]",55,0,0,0
1624,"[658, 6]",54,0,0,0
1625,"[658, 7]",52,0,0,0
1626,"[658, 8]",43,0,0,0
1627,"[658, 9]",42,0,0,0
1628,"[658, 10]",39,156,64,0
1629,"[658, 11]",148,156,64,0
1630,"[658, 12]",147,0,0,0
1631,"[658, 13]",145,0,0,0
1632,"[658, 14]",144,0,0,0
1633,"[658, 15]",143,0,0,0
1634,"[658, 16]",141,158,64,0
1635,"[658, 17]",139,0,0,0
1636,"[658, 18]",92,0,0,0
1637,"[658, 19]",82,53,24,0
1638,"[658, 20]",76,0,0,0
1639,"[658, 21]",73,158,64,0
1640,"[658, 22]",465,41,18,0
1641,"[658, 23]",371,41,18,0
1642,"[658, 24]",303,0,0,0
1643,"[658, 25]",302,41,18,0
1644,"[658, 26]",282,0,0,0
1645,"[658, 27]",280,0,0,0
1646,"[658, 28]",276,54,24,0
1647,"[658, 29]",270,158,64,0
1648,"[658, 30]",252,0,0,0
1649,"[658, 31]",769,57,26,-1
1650,"[658, 32]",692,0,0,0
1651,"[658, 33]",671,2,1,0
1652,"[658, 34]",619,158,64,3
1653,"[658, 35]",1019,158,64,2
1654,"[659, 0]",1,158,64,0
1655,"[660, 0]",1,158,64,0
1656,"[661, 0]",1,0,0,0
1657,"[661, 1]",2,0,0,0
1658,"[661, 2]",16,2,1,0
1659,"[662, 0]",1,41,18,0
1660,"[663, 0]",1,0,0,0
1661,"[663, 1]",2,0,0,0
1662,"[663, 2]",83,2,1,0
1663,"[664, 0]",1,158,64,0
1664,"[665, 0]",1,0,0,0
1665,"[665, 1]",2,0,0,0
1666,"[665, 2]",15,41,18,0
1667,"[666, 0]",1,0,0,0
1668,"[666, 1]",2,158,64,0
1669,"[667, 0]",1,41,18,0
1670,"[668, 0]",1,0,0,0
1671,"[668, 1]",2,158,64,-1
1672,"[669, 0]",1,2,1,0
1673,"[670, 0]",1,158,64,0
1674,"[671, 0]",1,0,0,0
1675,"[671, 1]",3,0,0,0
1676,"[671, 2]",2,0,0,0
1677,"[671, 3]",29,158,64,0
1678,"[671, 4]",28,158,64,0
1679,"[671, 5]",26,0,0,0
1680,"[671, 6]",22,158,64,0
1681,"[671, 7]",61,158,64,0
1682,"[672, 0]",1,158,64,0
1683,"[673, 0]",1,0,0,0
1684,"[673, 1]",2,0,0,3
1685,"[673, 2]",12,156,64,0
1686,"[674, 0]",1,0,0,0
1687,"[674, 1]",2,59,28,0
1688,"[675, 0]",1,41,18,0
1689,"[676, 0]",1,41,18,0
1690,"[677, 0]",1,158,64,0
1691,"[678, 0]",1,0,0,0
1692,"[678, 1]",2,75,32,0
1693,"[679, 0]",1,0,0,0
1694,"[679, 1]",8,2,1,0
1695,"[679, 2]",7,158,64,0
1696,"[679, 3]",5,156,64,0
1697,"[679, 4]",2,0,0,0
1698,"[679, 5]",57,158,64,0
1699,"[680, 0]",1,0,0,0
1700,"[680, 1]",2,0,0,0
1701,"[680, 2]",29,158,64,-1
1702,"[681, 0]",1,0,0,0
1703,"[681, 1]",2,158,64,0
1704,"[682, 0]",1,158,64,0
1705,"[683, 0]",1,0,0,0
1706,"[683, 1]",2,41,18,49
1707,"[684, 0]",1,158,64,0
1708,"[685, 0]",1,0,0,0
1709,"[685, 1]",2,158,64,0
1710,"[686, 0]",1,0,0,0
1711,"[686, 1]",6,158,64,0
1712,"[686, 2]",3,0,0,0
1713,"[686, 3]",2,0,0,0
1714,"[686, 4]",37,53,24,0
1715,"[686, 5]",35,0,0,0
1716,"[686, 6]",34,0,0,0
1717,"[686, 7]",31,57,26,0
1718,"[686, 8]",30,156,64,0
1719,"[686, 9]",29,0,0,0
1720,"[686, 10]",109,158,64,0
1721,"[686, 11]",106,0,0,0
1722,"[686, 12]",83,0,0,3
1723,"[686, 13]",82,0,0,-1
1724,"[686, 14]",77,0,0,0
1725,"[686, 15]",391,156,64,0
1726,"[686, 16]",375,0,0,1
1727,"[686, 17]",372,41,18,0
1728,"[686, 18]",251,0,0,0
1729,"[686, 19]",552,57,26,0
1730,"[686, 20]",500,158,64,-1
1731,"[686, 21]",496,156,64,-1
1732,"[687, 0]",1,0,0,0
1733,"[687, 1]",4,156,64,0
1734,"[687, 2]",2,0,0,0
1735,"[687, 3]",41,0,0,0
1736,"[687, 4]",51,158,64,0
1737,"[688, 0]",1,0,0,0
1738,"[688, 1]",2,57,26,0
1739,"[689, 0]",1,0,0,0
1740,"[689, 1]",2,57,26,2
1741,"[690, 0]",1,0,0,0
1742,"[690, 1]",7,0,0,0
1743,"[690, 2]",5,0,0,0
1744,"[690, 3]",3,0,0,0
1745,"[690, 4]",47,41,18,0
1746,"[690, 5]",40,158,64,0
1747,"[690, 6]",37,158,64,0
1748,"[691, 0]",1,2,1,0
1749,"[692, 0]",1,0,0,0
1750,"[692, 1]",2,0,0,0
1751,"[692, 2]",17,158,64,9
1752,"[693, 0]",1,158,64,1
1753,"[694, 0]",1,41,18,0
1754,"[695, 0]",1,156,64,1
1755,"[696, 0]",1,0,0,0
1756,"[696, 1]",2,41,18,0
1757,"[697, 0]",1,41,18,0
1758,"[698, 0]",1,0,0,0
1759,"[698, 1]",2,158,64,0
1760,"[699, 0]",1,2,1,0
1761,"[700, 0]",1,2,1,0
1762,"[701, 0]",1,155,64,0
1763,"[702, 0]",1,158,64,0
1764,"[703, 0]",1,0,0,0
1765,"[703, 1]",2,158,64,3
1766,"[704, 0]",1,41,18,0
1767,"[705, 0]",1,0,0,0
1768,"[705, 1]",2,0,0,0
1769,"[705, 2]",33,158,64,0
1770,"[706, 0]",1,0,0,0
1771,"[706, 1]",2,158,64,0
1772,"[707, 0]",1,158,64,0
1773,"[708, 0]",1,2,1,0
1774,"[709, 0]",1,0,0,0
1775,"[709, 1]",2,158,64,-1
1776,"[710, 0]",1,156,64,0
1777,"[711, 0]",1,158,64,0
1778,"[712, 0]",1,41,18,0
1779,"[713, 0]",1,158,64,0
1780,"[714, 0]",1,156,64,0
1781,"[715, 0]",1,0,0,0
1782,"[715, 1]",2,158,64,20
1783,"[716, 0]",1,158,64,0
1784,"[717, 0]",1,158,64,0
1785,"[718, 0]",1,158,64,0
1786,"[719, 0]",1,0,0,0
1787,"[720, 0]",1,0,0,0
1788,"[720, 1]",4,0,0,0
1789,"[720, 2]",3,0,0,0
1790,"[720, 3]",2,0,0,0
1791,"[720, 4]",63,57,26,0
1792,"[720, 5]",58,0,0,0
1793,"[720, 6]",57,0,0,0
1794,"[720, 7]",54,57,26,0
1795,"[720, 8]",53,41,18,0
1796,"[720, 9]",52,0,0,0
1797,"[720, 10]",47,41,18,0
1798,"[720, 11]",46,2,1,0
1799,"[720, 12]",129,0,0,0
1800,"[720, 13]",128,0,0,0
1801,"[720, 14]",125,57,26,-1
1802,"[720, 15]",105,0,0,0
1803,"[720, 16]",97,0,0,0
1804,"[720, 17]",359,156,64,0
1805,"[720, 18]",302,41,18,0
1806,"[720, 19]",221,158,64,0
1807,"[720, 20]",217,158,64,0
1808,"[721, 0]",1,158,64,0
1809,"[722, 0]",1,158,64,0
1810,"[723, 0]",1,0,0,0
1811,"[723, 1]",2,2,1,0
1812,"[724, 0]",1,0,0,0
1813,"[724, 1]",2,158,64,6
1814,"[725, 0]",1,0,0,0
1815,"[725, 1]",6,41,18,0
1816,"[725, 2]",3,0,0,0
1817,"[725, 3]",2,0,0,0
1818,"[725, 4]",41,0,0,0
1819,"[725, 5]",40,0,0,0
1820,"[725, 6]",39,0,0,0
1821,"[725, 7]",38,0,0,0
1822,"[725, 8]",35,0,0,0
1823,"[725, 9]",129,2,1,-1
1824,"[725, 10]",97,158,64,0
1825,"[725, 11]",92,0,0,0
1826,"[725, 12]",88,156,64,6
1827,"[725, 13]",85,57,26,0
1828,"[725, 14]",284,2,1,0
1829,"[726, 0]",1,0,0,0
1830,"[726, 1]",2,158,64,0
1831,"[727, 0]",1,2,1,0
1832,"[728, 0]",1,54,24,0
1833,"[729, 0]",1,0,0,0
1834,"[729, 1]",2,54,24,0
1835,"[730, 0]",1,158,64,0
1836,"[731, 0]",1,0,0,0
1837,"[731, 1]",2,0,0,0
1838,"[731, 2]",20,158,64,0
1839,"[732, 0]",1,57,26,0
1840,"[733, 0]",1,0,0,0
1841,"[733, 1]",2,0,0,0
1842,"[733, 2]",15,158,64,1
1843,"[734, 0]",1,0,0,0
1844,"[734, 1]",2,158,64,0
1845,"[735, 0]",1,156,64,0
1846,"[736, 0]",1,158,64,0
1847,"[737, 0]",1,0,0,0
1848,"[737, 1]",2,2,1,0
1849,"[738, 0]",1,158,64,0
1850,"[739, 0]",1,158,64,0
1851,"[740, 0]",1,0,0,0
1852,"[740, 1]",2,158,64,1
1853,"[741, 0]",1,156,64,0
1854,"[742, 0]",1,41,18,0
1855,"[743, 0]",1,158,64,0
1856,"[744, 0]",1,0,0,0
1857,"[744, 1]",2,2,1,0
1858,"[745, 0]",1,158,64,0
1859,"[746, 0]",1,0,0,0
1860,"[746, 1]",2,158,64,0
1861,"[747, 0]",1,0,0,0
1862,"[747, 1]",2,59,28,0
1863,"[748, 0]",1,0,0,0
1864,"[748, 1]",2,41,18,0
1865,"[749, 0]",1,0,0,0
1866,"[749, 1]",2,0,0,0
1867,"[749, 2]",64,158,64,-1
1868,"[750, 0]",1,57,26,0
1869,"[751, 0]",1,158,64,0
1870,"[752, 0]",1,0,0,0
1871,"[752, 1]",2,158,64,0
1872,"[753, 0]",1,41,18,0
1873,"[754, 0]",1,158,64,0
1874,"[755, 0]",1,158,64,0
1875,"[756, 0]",1,41,18,0
1876,"[757, 0]",1,156,64,0
1877,"[758, 0]",1,0,0,0
1878,"[758, 1]",2,57,26,-1
1879,"[759, 0]",1,57,26,0
1880,"[760, 0]",1,0,0,0
1881,"[760, 1]",5,41,18,0
1882,"[760, 2]",3,156,64,0
1883,"[760, 3]",2,0,0,0
1884,"[760, 4]",28,41,18,0
1885,"[761, 0]",1,0,0,0
1886,"[761, 1]",3,0,0,0
1887,"[761, 2]",2,0,0,0
1888,"[761, 3]",23,0,0,0
1889,"[761, 4]",16,158,64,0
1890,"[761, 5]",53,54,24,0
1891,"[762, 0]",1,0,0,0
1892,"[762, 1]",2,158,64,0
1893,"[763, 0]",1,0,0,0
1894,"[763, 1]",2,156,64,0
1895,"[764, 0]",1,0,0,0
1896,"[764, 1]",3,0,0,0
1897,"[764, 2]",2,0,0,0
1898,"[764, 3]",46,158,64,0
1899,"[764, 4]",45,0,0,0
1900,"[764, 5]",44,156,64,0
1901,"[764, 6]",39,0,0,0
1902,"[764, 7]",38,41,18,0
1903,"[764, 8]",35,0,0,0
1904,"[764, 9]",107,57,26,0
1905,"[764, 10]",80,158,64,0
1906,"[764, 11]",55,2,1,0
1907,"[765, 0]",1,158,64,0
1908,"[766, 0]",1,158,64,0
1909,"[767, 0]",1,0,0,0
1910,"[767, 1]",2,0,0,0
1911,"[767, 2]",27,57,26,0
1912,"[767, 3]",25,0,0,0
1913,"[767, 4]",24,0,0,0
1914,"[767, 5]",56,41,18,0
1915,"[767, 6]",50,57,26,0
1916,"[768, 0]",1,41,18,0
1917,"[769, 0]",1,0,0,0
1918,"[769, 1]",2,0,0,0
1919,"[769, 2]",15,0,0,0
1920,"[769, 3]",40,0,0,0
1921,"[769, 4]",54,58,26,0
1922,"[770, 0]",1,0,0,0
1923,"[770, 1]",5,0,0,0
1924,"[770, 2]",4,0,0,0
1925,"[770, 3]",2,0,0,0
1926,"[770, 4]",36,57,26,0
1927,"[770, 5]",35,0,0,0
1928,"[770, 6]",34,0,0,0
1929,"[770, 7]",22,57,26,0
1930,"[770, 8]",19,41,18,0
1931,"[770, 9]",51,158,64,0
1932,"[770, 10]",47,0,0,0
1933,"[770, 11]",170,158,64,5
1934,"[771, 0]",1,158,64,1
1935,"[772, 0]",1,0,0,0
1936,"[772, 1]",4,41,18,0
1937,"[772, 2]",3,64,29,0
1938,"[772, 3]",2,0,0,0
1939,"[772, 4]",30,41,18,0
1940,"[772, 5]",29,0,0,0
1941,"[772, 6]",27,0,0,0
1942,"[772, 7]",50,158,64,0
1943,"[772, 8]",49,158,64,0
1944,"[772, 9]",48,0,0,0
1945,"[772, 10]",43,2,1,0
1946,"[772, 11]",138,0,0,-1
1947,"[772, 12]",227,156,64,-1
1948,"[773, 0]",1,0,0,0
1949,"[773, 1]",2,158,64,0
1950,"[774, 0]",1,0,0,0
1951,"[774, 1]",2,0,0,0
1952,"[774, 2]",35,57,26,0
1953,"[774, 3]",30,0,0,0
1954,"[774, 4]",29,0,0,0
1955,"[774, 5]",62,158,64,0
1956,"[774, 6]",61,0,0,0
1957,"[774, 7]",55,158,64,0
1958,"[774, 8]",101,158,64,-1
1959,"[775, 0]",1,156,64,0
1960,"[776, 0]",1,158,64,0
1961,"[777, 0]",1,0,0,0
1962,"[777, 1]",2,41,18,1
1963,"[778, 0]",1,2,1,0
1964,"[779, 0]",1,41,18,0
1965,"[780, 0]",1,41,18,0
1966,"[781, 0]",1,156,64,0
1967,"[782, 0]",1,158,64,0
1968,"[783, 0]",1,0,0,0
1969,"[783, 1]",2,0,0,0
1970,"[783, 2]",28,59,28,-1
1971,"[784, 0]",1,0,0,0
1972,"[784, 1]",2,41,18,0
1973,"[785, 0]",1,41,18,0
1974,"[786, 0]",1,0,0,0
1975,"[786, 1]",3,158,64,0
1976,"[786, 2]",2,0,0,0
1977,"[786, 3]",22,158,64,0
1978,"[787, 0]",1,41,18,0
1979,"[788, 0]",1,0,0,0
1980,"[788, 1]",2,158,64,0
1981,"[789, 0]",1,0,0,0
1982,"[789, 1]",6,0,0,0
1983,"[789, 2]",4,0,0,0
1984,"[789, 3]",3,0,0,0
1985,"[789, 4]",2,0,0,0
1986,"[789, 5]",54,0,0,0
1987,"[789, 6]",53,0,0,0
1988,"[789, 7]",51,0,0,0
1989,"[789, 8]",50,0,0,0
1990,"[789, 9]",45,0,0,0
1991,"[789, 10]",39,156,64,0
1992,"[789, 11]",22,54,24,0
1993,"[789, 12]",153,57,26,0
1994,"[789, 13]",117,54,24,0
1995,"[789, 14]",115,0,0,0
1996,"[789, 15]",114,0,0,0
1997,"[789, 16]",105,0,0,0
1998,"[789, 17]",102,158,64,0
1999,"[789, 18]",98,55,26,0
2000,"[789, 19]",430,156,64,0
2001,"[789, 20]",377,41,18,0
2002,"[789, 21]",374,158,64,0
2003,"[790, 0]",1,41,18,0
2004,"[791, 0]",1,41,18,0
2005,"[792, 0]",1,0,0,0
2006,"[792, 1]",2,0,0,0
2007,"[792, 2]",37,0,0,0
2008,"[792, 3]",67,0,0,0
2009,"[792, 4]",145,0,0,4
2010,"[792, 5]",160,57,26,-1
2011,"[793, 0]",1,158,64,0
2012,"[794, 0]",1,57,26,0
2013,"[795, 0]",1,0,0,0
2014,"[795, 1]",2,156,64,0
2015,"[796, 0]",1,2,1,0
2016,"[797, 0]",1,158,64,0
2017,"[798, 0]",1,0,0,1
2018,"[798, 1]",2,57,26,0
2019,"[799, 0]",1,0,0,0
2020,"[799, 1]",5,0,0,0
2021,"[799, 2]",4,0,0,0
2022,"[799, 3]",2,0,0,0
2023,"[799, 4]",33,0,0,0
2024,"[799, 5]",32,158,64,0
2025,"[799, 6]",20,0,0,0
2026,"[799, 7]",17,57,26,0
2027,"[799, 8]",65,158,64,-1
2028,"[799, 9]",50,2,1,-1
2029,"[799, 10]",49,2,1,-1
2030,"[799, 11]",47,57,26,39
2031,"[800, 0]",1,0,0,0
2032,"[800, 1]",2,0,0,0
2033,"[800, 2]",13,41,18,0
2034,"[801, 0]",1,0,0,0
2035,"[801, 1]",5,2,1,0
2036,"[801, 2]",3,0,0,0
2037,"[801, 3]",2,0,0,0
2038,"[801, 4]",43,0,0,0
2039,"[801, 5]",41,0,0,0
2040,"[801, 6]",33,0,0,0
2041,"[801, 7]",145,0,0,0
2042,"[801, 8]",77,0,0,0
2043,"[801, 9]",72,158,64,18
2044,"[801, 10]",246,158,64,4
2045,"[801, 11]",176,59,28,0
2046,"[802, 0]",1,158,64,0
2047,"[803, 0]",1,158,64,0
2048,"[804, 0]",1,0,0,0
2049,"[804, 1]",2,0,0,0
2050,"[804, 2]",62,158,64,0
2051,"[805, 0]",1,0,0,0
2052,"[805, 1]",2,158,64,0
2053,"[806, 0]",1,0,0,0
2054,"[806, 1]",2,0,0,0
2055,"[806, 2]",27,2,1,0
2056,"[807, 0]",1,0,0,0
2057,"[807, 1]",2,158,64,0
2058,"[808, 0]",1,0,0,0
2059,"[808, 1]",2,0,0,0
2060,"[808, 2]",17,41,18,0
2061,"[809, 0]",1,0,0,0
2062,"[809, 1]",2,158,64,0
2063,"[810, 0]",1,156,64,0
2064,"[811, 0]",1,2,1,0
2065,"[812, 0]",1,41,18,0
2066,"[813, 0]",1,158,64,0
2067,"[814, 0]",1,57,26,0
2068,"[815, 0]",1,158,64,0
2069,"[816, 0]",1,41,18,0
2070,"[817, 0]",1,41,18,0
2071,"[818, 0]",1,59,28,0
2072,"[819, 0]",1,158,64,0
2073,"[820, 0]",1,57,26,0
2074,"[821, 0]",1,156,64,1
2075,"[822, 0]",1,41,18,0
2076,"[823, 0]",1,0,0,-1
2077,"[823, 1]",2,41,18,3
2078,"[824, 0]",1,0,0,0
2079,"[824, 1]",2,158,64,0
2080,"[825, 0]",1,57,26,0
2081,"[826, 0]",1,158,64,0
2082,"[827, 0]",1,0,0,0
2083,"[827, 1]",2,158,64,-1
2084,"[828, 0]",1,57,26,0
2085,"[829, 0]",1,0,0,0
2086,"[829, 1]",3,2,1,0
2087,"[829, 2]",2,156,64,0
2088,"[830, 0]",1,0,0,0
2089,"[830, 1]",3,0,0,0
2090,"[830, 2]",2,158,64,0
2091,"[830, 3]",21,57,26,7
2092,"[831, 0]",1,41,18,0
2093,"[832, 0]",1,0,0,0
2094,"[832, 1]",4,156,64,0
2095,"[832, 2]",3,0,0,0
2096,"[832, 3]",2,0,0,0
2097,"[832, 4]",15,0,0,0
2098,"[832, 5]",11,158,64,0
2099,"[832, 6]",90,158,64,0
2100,"[833, 0]",1,0,0,0
2101,"[833, 1]",2,2,1,0
2102,"[834, 0]",1,57,26,0
2103,"[835, 0]",1,0,0,0
2104,"[835, 1]",2,158,64,-1
2105,"[836, 0]",1,41,18,0
2106,"[837, 0]",1,158,64,0
2107,"[838, 0]",1,0,0,0
2108,"[838, 1]",2,158,64,0
2109,"[839, 0]",1,66,29,0
2110,"[840, 0]",1,41,18,0
2111,"[841, 0]",1,0,0,0
2112,"[841, 1]",2,0,0,0
2113,"[841, 2]",74,0,0,0
2114,"[841, 3]",103,0,0,0
2115,"[841, 4]",131,2,1,0
2116,"[842, 0]",1,41,18,0
2117,"[843, 0]",1,57,26,0
2118,"[844, 0]",1,0,0,0
2119,"[844, 1]",5,57,26,0
2120,"[844, 2]",3,0,0,0
2121,"[844, 3]",25,0,0,0
2122,"[844, 4]",52,41,18,0
2123,"[845, 0]",1,0,0,0
2124,"[845, 1]",2,0,0,0
2125,"[845, 2]",20,0,0,0
2126,"[845, 3]",65,57,26,0
2127,"[846, 0]",1,2,1,0
2128,"[847, 0]",1,158,64,1
2129,"[848, 0]",1,156,64,0
2130,"[849, 0]",1,0,0,0
2131,"[849, 1]",2,2,1,1
2132,"[850, 0]",1,41,18,0
2133,"[851, 0]",1,0,0,0
2134,"[851, 1]",2,2,1,0
2135,"[852, 0]",1,2,1,0
2136,"[853, 0]",1,0,0,0
2137,"[853, 1]",2,158,64,0
2138,"[854, 0]",1,0,0,0
2139,"[854, 1]",2,156,64,0
2140,"[855, 0]",1,0,0,0
2141,"[855, 1]",2,158,64,0
2142,"[856, 0]",1,0,0,0
2143,"[856, 1]",6,41,18,0
2144,"[856, 2]",4,0,0,0
2145,"[856, 3]",2,0,0,0
2146,"[856, 4]",26,158,64,0
2147,"[856, 5]",23,158,64,0
2148,"[857, 0]",1,0,0,0
2149,"[857, 1]",2,158,64,0
2150,"[858, 0]",1,158,64,0
2151,"[859, 0]",1,0,0,0
2152,"[859, 1]",2,55,26,0
2153,"[860, 0]",1,158,64,0
2154,"[861, 0]",1,158,64,0
2155,"[862, 0]",1,0,0,0
2156,"[862, 1]",2,158,64,0
2157,"[863, 0]",1,0,0,0
2158,"[863, 1]",2,0,0,0
2159,"[864, 0]",1,158,64,0
2160,"[865, 0]",1,41,18,0
2161,"[866, 0]",1,0,0,0
2162,"[866, 1]",2,158,64,0
2163,"[867, 0]",1,158,64,0
2164,"[868, 0]",1,158,64,0
2165,"[869, 0]",1,41,18,0
2166,"[870, 0]",1,0,0,0
2167,"[870, 1]",4,158,64,0
2168,"[870, 2]",3,41,18,0
2169,"[870, 3]",2,0,0,0
2170,"[870, 4]",30,41,18,0
2171,"[870, 5]",28,0,0,0
2172,"[870, 6]",48,0,0,0
2173,"[870, 7]",181,57,26,0
2174,"[871, 0]",1,41,18,0
2175,"[872, 0]",1,156,64,0
2176,"[873, 0]",1,158,64,0
2177,"[874, 0]",1,0,0,0
2178,"[874, 1]",8,0,0,0
2179,"[874, 2]",6,0,0,0
2180,"[874, 3]",4,0,0,0
2181,"[874, 4]",3,0,0,0
2182,"[874, 5]",2,0,0,0
2183,"[874, 6]",71,51,24,0
2184,"[874, 7]",69,0,0,0
2185,"[874, 8]",68,0,0,0
2186,"[874, 9]",61,0,0,0
2187,"[874, 10]",56,0,0,0
2188,"[874, 11]",35,0,0,0
2189,"[874, 12]",19,41,18,0
2190,"[874, 13]",176,41,18,0
2191,"[874, 14]",143,57,26,0
2192,"[874, 15]",121,41,18,0
2193,"[874, 16]",87,158,64,-1
2194,"[874, 17]",81,158,64,0
2195,"[875, 0]",1,41,18,0
2196,"[876, 0]",1,158,64,0
2197,"[877, 0]",1,0,0,0
2198,"[877, 1]",2,2,1,0
2199,"[878, 0]",1,57,26,0
2200,"[879, 0]",1,0,0,0
2201,"[879, 1]",4,158,64,0
2202,"[879, 2]",3,0,0,0
2203,"[879, 3]",2,0,0,0
2204,"[879, 4]",41,0,0,1
2205,"[879, 5]",36,156,64,-1
2206,"[879, 6]",35,0,0,-1
2207,"[879, 7]",32,2,1,0
2208,"[879, 8]",94,158,64,-1
2209,"[879, 9]",92,158,64,-1
2210,"[879, 10]",89,0,0,-1
2211,"[879, 11]",70,156,64,0
2212,"[879, 12]",209,158,64,-1
2213,"[880, 0]",1,41,18,0
2214,"[881, 0]",1,57,26,0
2215,"[882, 0]",1,0,0,0
2216,"[882, 1]",2,0,0,0
2217,"[882, 2]",68,158,64,0
2218,"[883, 0]",1,0,0,0
2219,"[883, 1]",2,2,1,0
2220,"[884, 0]",1,158,64,1
2221,"[885, 0]",1,0,0,0
2222,"[885, 1]",5,158,64,0
2223,"[885, 2]",3,0,0,0
2224,"[885, 3]",34,37,18,0
2225,"[886, 0]",1,59,28,0
2226,"[887, 0]",1,0,0,0
2227,"[887, 1]",2,156,64,0
2228,"[888, 0]",1,158,64,0
2229,"[889, 0]",1,0,0,0
2230,"[889, 1]",2,57,26,0
2231,"[890, 0]",1,158,64,0
2232,"[891, 0]",1,41,18,0
2233,"[892, 0]",1,158,64,0
2234,"[893, 0]",1,158,64,0
2235,"[894, 0]",1,0,0,0
2236,"[894, 1]",7,41,18,0
2237,"[894, 2]",3,0,0,0
2238,"[894, 3]",2,0,0,0
2239,"[894, 4]",28,0,0,0
2240,"[894, 5]",24,0,0,0
2241,"[894, 6]",95,57,26,0
2242,"[894, 7]",70,0,0,0
2243,"[894, 8]",216,0,0,0
2244,"[894, 9]",265,0,0,0
2245,"[894, 10]",264,158,64,0
2246,"[894, 11]",321,41,18,0
2247,"[895, 0]",1,0,0,0
2248,"[895, 1]",7,0,0,0
2249,"[895, 2]",6,0,0,0
2250,"[895, 3]",4,0,0,0
2251,"[895, 4]",3,0,0,0
2252,"[895, 5]",2,0,0,0
2253,"[895, 6]",47,0,0,0
2254,"[895, 7]",43,0,0,0
2255,"[895, 8]",42,41,18,0
2256,"[895, 9]",35,0,0,0
2257,"[895, 10]",30,158,64,0
2258,"[895, 11]",27,2,1,0
2259,"[895, 12]",133,0,0,0
2260,"[895, 13]",82,0,0,0
2261,"[895, 14]",65,59,26,0
2262,"[895, 15]",64,0,0,0
2263,"[895, 16]",280,41,18,0
2264,"[895, 17]",269,158,64,0
2265,"[895, 18]",225,158,64,0
2266,"[896, 0]",1,41,18,0
2267,"[897, 0]",1,0,0,0
2268,"[897, 1]",2,41,18,0
2269,"[898, 0]",1,0,0,0
2270,"[898, 1]",8,0,0,0
2271,"[898, 2]",5,0,0,0
2272,"[898, 3]",3,0,0,0
2273,"[898, 4]",2,0,0,0
2274,"[898, 5]",49,0,0,0
2275,"[898, 6]",48,0,0,0
2276,"[898, 7]",46,0,0,0
2277,"[898, 8]",37,158,64,0
2278,"[898, 9]",34,156,64,1
2279,"[898, 10]",13,57,26,1
2280,"[898, 11]",73,0,0,0
2281,"[898, 12]",60,158,64,0
2282,"[898, 13]",57,0,0,-1
2283,"[898, 14]",359,158,64,-1
2284,"[898, 15]",325,2,1,0
2285,"[899, 0]",1,156,64,0
2286,"[900, 0]",1,156,64,1
2287,"[901, 0]",1,156,64,0
2288,"[902, 0]",1,0,0,0
2289,"[902, 1]",2,158,64,0
2290,"[903, 0]",1,0,0,0
2291,"[903, 1]",2,158,64,-1
2292,"[904, 0]",1,0,0,0
2293,"[904, 1]",2,41,18,0
2294,"[905, 0]",1,0,0,0
2295,"[905, 1]",2,156,64,0
2296,"[906, 0]",1,0,0,0
2297,"[906, 1]",2,156,64,0
2298,"[907, 0]",1,0,0,0
2299,"[907, 1]",2,41,18,0
2300,"[908, 0]",1,158,64,0
2301,"[909, 0]",1,41,18,0
2302,"[910, 0]",1,158,64,0
2303,"[911, 0]",1,158,64,0
2304,"[912, 0]",1,156,64,0
2305,"[913, 0]",1,41,18,0
2306,"[914, 0]",1,156,64,0
2307,"[915, 0]",1,57,26,0
2308,"[916, 0]",1,158,64,0
2309,"[917, 0]",1,158,64,0
2310,"[918, 0]",1,0,0,1
2311,"[918, 1]",5,0,0,0
2312,"[918, 2]",4,0,0,0
2313,"[918, 3]",3,0,0,0
2314,"[918, 4]",34,0,0,0
2315,"[918, 5]",31,0,0,1
2316,"[918, 6]",28,0,0,0
2317,"[918, 7]",86,158,64,2
2318,"[918, 8]",72,158,64,0
2319,"[918, 9]",59,41,18,0
2320,"[919, 0]",1,37,18,0
2321,"[920, 0]",1,158,64,0
2322,"[921, 0]",1,41,18,0
2323,"[922, 0]",1,41,18,0
2324,"[923, 0]",1,158,64,0
2325,"[924, 0]",1,57,26,0
2326,"[925, 0]",1,158,64,0
2327,"[926, 0]",1,0,0,0
2328,"[926, 1]",2,41,18,0
2329,"[927, 0]",1,0,0,0
2330,"[927, 1]",7,0,0,0
2331,"[927, 2]",6,0,0,0
2332,"[927, 3]",5,0,0,0
2333,"[927, 4]",28,0,0,0
2334,"[927, 5]",24,158,64,0
2335,"[927, 6]",21,156,64,0
2336,"[927, 7]",53,2,1,0
2337,"[928, 0]",1,0,0,0
2338,"[928, 1]",2,2,1,12
2339,"[929, 0]",1,41,18,0
2340,"[930, 0]",1,158,64,0
2341,"[931, 0]",1,0,0,0
2342,"[931, 1]",2,0,0,0
2343,"[931, 2]",23,0,0,0
2344,"[931, 3]",106,0,0,0
2345,"[931, 4]",137,0,0,0
2346,"[931, 5]",160,158,64,2
2347,"[932, 0]",1,0,0,0
2348,"[932, 1]",3,158,64,0
2349,"[932, 2]",2,0,0,0
2350,"[932, 3]",24,0,0,0
2351,"[932, 4]",23,0,0,0
2352,"[932, 5]",21,158,64,0
2353,"[932, 6]",20,0,0,0
2354,"[932, 7]",19,0,0,0
2355,"[932, 8]",57,158,64,0
2356,"[932, 9]",52,2,1,0
2357,"[932, 10]",36,2,1,0
2358,"[932, 11]",33,156,64,0
2359,"[933, 0]",1,156,64,0
2360,"[934, 0]",1,0,0,0
2361,"[934, 1]",6,156,64,0
2362,"[934, 2]",4,0,0,0
2363,"[934, 3]",3,0,0,0
2364,"[934, 4]",2,0,0,0
2365,"[934, 5]",45,156,64,0
2366,"[934, 6]",44,57,26,0
2367,"[934, 7]",43,0,0,0
2368,"[934, 8]",41,0,0,0
2369,"[934, 9]",35,158,64,0
2370,"[934, 10]",32,0,0,0
2371,"[934, 11]",116,41,18,0
2372,"[934, 12]",71,2,1,0
2373,"[934, 13]",60,41,18,0
2374,"[935, 0]",1,57,26,0
2375,"[936, 0]",1,0,0,0
2376,"[936, 1]",2,2,1,0
2377,"[937, 0]",1,0,0,0
2378,"[937, 1]",2,0,0,0
2379,"[937, 2]",19,158,64,0
2380,"[938, 0]",1,2,1,0
2381,"[939, 0]",1,41,18,0
2382,"[940, 0]",1,0,0,0
2383,"[940, 1]",2,0,0,1
2384,"[940, 2]",13,2,1,0
2385,"[941, 0]",1,158,64,0
2386,"[942, 0]",1,0,0,0
2387,"[942, 1]",2,156,64,0
2388,"[943, 0]",1,158,64,0
2389,"[944, 0]",1,158,64,0
2390,"[945, 0]",1,158,64,0
2391,"[946, 0]",1,57,26,0
2392,"[947, 0]",1,158,64,0
2393,"[948, 0]",1,158,64,0
2394,"[949, 0]",1,0,0,0
2395,"[949, 1]",5,158,64,0
2396,"[949, 2]",3,0,0,0
2397,"[949, 3]",2,0,0,0
2398,"[949, 4]",24,2,1,0
2399,"[949, 5]",21,51,24,4
2400,"[950, 0]",1,41,18,0
2401,"[951, 0]",1,0,0,0
2402,"[951, 1]",2,0,0,0
2403,"[951, 2]",29,0,0,0
2404,"[951, 3]",42,41,18,0
2405,"[952, 0]",1,158,64,0
2406,"[953, 0]",1,158,64,0
2407,"[954, 0]",1,0,0,0
2408,"[954, 1]",2,0,0,0
2409,"[954, 2]",16,57,26,0
2410,"[955, 0]",1,57,26,0
2411,"[956, 0]",1,158,64,0
2412,"[957, 0]",1,158,64,0
2413,"[958, 0]",1,158,64,0
2414,"[959, 0]",1,0,0,0
2415,"[959, 1]",2,0,0,0
2416,"[959, 2]",19,158,64,0
2417,"[960, 0]",1,0,0,0
2418,"[960, 1]",5,158,64,-1
2419,"[961, 0]",1,156,64,1
2420,"[962, 0]",1,0,0,0
2421,"[962, 1]",2,158,64,0
2422,"[963, 0]",1,158,64,0
2423,"[964, 0]",1,158,64,0
2424,"[965, 0]",1,2,1,0
2425,"[966, 0]",1,0,0,1
2426,"[966, 1]",6,158,64,0
2427,"[966, 2]",5,156,64,0
2428,"[966, 3]",3,0,0,0
2429,"[966, 4]",2,0,0,0
2430,"[966, 5]",43,0,0,0
2431,"[966, 6]",42,0,0,0
2432,"[966, 7]",36,0,0,0
2433,"[966, 8]",32,0,0,0
2434,"[966, 9]",30,0,0,0
2435,"[966, 10]",123,158,64,0
2436,"[966, 11]",111,158,64,0
2437,"[966, 12]",92,156,64,0
2438,"[966, 13]",89,156,64,0
2439,"[966, 14]",88,0,0,0
2440,"[966, 15]",87,0,0,0
2441,"[966, 16]",84,57,26,0
2442,"[966, 17]",83,0,0,0
2443,"[966, 18]",66,0,0,0
2444,"[966, 19]",63,59,28,0
2445,"[966, 20]",432,158,64,0
2446,"[966, 21]",413,158,64,0
2447,"[966, 22]",408,0,0,0
2448,"[966, 23]",392,0,0,0
2449,"[966, 24]",377,158,64,0
2450,"[966, 25]",376,0,0,0
2451,"[966, 26]",373,0,0,0
2452,"[966, 27]",372,0,0,0
2453,"[966, 28]",371,2,1,0
2454,"[966, 29]",363,0,0,0
2455,"[966, 30]",697,41,18,0
2456,"[966, 31]",635,0,0,0
2457,"[966, 32]",634,0,0,0
2458,"[966, 33]",633,0,0,0
2459,"[966, 34]",632,0,0,0
2460,"[966, 35]",629,0,0,0
2461,"[966, 36]",627,0,0,0
2462,"[966, 37]",622,158,64,0
2463,"[966, 38]",566,158,64,0
2464,"[966, 39]",551,158,64,0
2465,"[966, 40]",550,158,64,0
2466,"[966, 41]",549,0,0,0
2467,"[966, 42]",1255,158,64,0
2468,"[966, 43]",1250,0,0,0
2469,"[966, 44]",1028,158,64,0
2470,"[966, 45]",1008,41,18,0
2471,"[966, 46]",992,41,18,0
2472,"[966, 47]",989,0,0,0
2473,"[966, 48]",987,0,0,0
2474,"[966, 49]",983,0,0,0
2475,"[966, 50]",980,158,64,0
2476,"[966, 51]",977,158,64,-1
2477,"[966, 52]",1773,158,64,0
2478,"[966, 53]",1751,41,18,0
2479,"[966, 54]",1746,0,0,-1
2480,"[966, 55]",1432,0,0,1
2481,"[966, 56]",2283,158,64,0
2482,"[966, 57]",2087,0,0,-1
2483,"[966, 58]",2412,2,1,4
2484,"[967, 0]",1,158,64,0
2485,"[968, 0]",1,41,18,0
2486,"[969, 0]",1,41,18,0
2487,"[970, 0]",1,2,1,0
2488,"[971, 0]",1,55,26,1
2489,"[972, 0]",1,0,0,0
2490,"[972, 1]",2,57,26,0
2491,"[973, 0]",1,64,29,0
2492,"[974, 0]",1,0,0,0
2493,"[974, 1]",2,59,28,0
2494,"[975, 0]",1,0,0,0
2495,"[975, 1]",2,2,1,13
2496,"[976, 0]",1,2,1,0
2497,"[977, 0]",1,0,0,0
2498,"[977, 1]",5,41,18,0
2499,"[977, 2]",4,0,0,0
2500,"[977, 3]",2,0,0,0
2501,"[977, 4]",42,0,0,0
2502,"[977, 5]",41,0,0,0
2503,"[977, 6]",31,54,24,4
2504,"[977, 7]",75,0,0,0
2505,"[977, 8]",72,0,0,0
2506,"[977, 9]",227,158,64,0
2507,"[977, 10]",212,158,64,1
2508,"[978, 0]",1,158,64,0
2509,"[979, 0]",1,0,0,0
2510,"[979, 1]",6,41,18,0
2511,"[979, 2]",4,0,0,0
2512,"[979, 3]",2,0,0,0
2513,"[979, 4]",28,0,0,0
2514,"[979, 5]",23,41,18,0
2515,"[979, 6]",95,2,1,0
2516,"[980, 0]",1,0,0,0
2517,"[980, 1]",2,0,0,0
2518,"[980, 2]",30,158,64,0
2519,"[980, 3]",29,158,64,0
2520,"[981, 0]",1,0,0,0
2521,"[981, 1]",2,158,64,0
2522,"[982, 0]",1,41,18,0
2523,"[983, 0]",1,0,0,0
2524,"[983, 1]",2,158,64,-1
2525,"[984, 0]",1,158,64,0
2526,"[985, 0]",1,0,0,0
2527,"[985, 1]",2,0,0,0
2528,"[985, 2]",17,158,64,0
2529,"[986, 0]",1,41,18,0
2530,"[987, 0]",1,158,64,0
2531,"[988, 0]",1,54,24,0
2532,"[989, 0]",1,51,24,0
2533,"[990, 0]",1,158,64,0
2534,"[991, 0]",1,0,0,0
2535,"[991, 1]",2,41,18,15
2536,"[992, 0]",1,158,64,0
2537,"[993, 0]",1,54,24,0
2538,"[994, 0]",1,0,0,0
2539,"[994, 1]",6,158,64,0
2540,"[994, 2]",4,0,0,0
2541,"[994, 3]",2,0,0,0
2542,"[994, 4]",31,158,64,0
2543,"[994, 5]",26,57,26,0
2544,"[995, 0]",1,158,64,0
2545,"[996, 0]",1,158,64,0
2546,"[997, 0]",1,0,0,0
2547,"[997, 1]",2,158,64,0
2548,"[998, 0]",1,0,0,0
2549,"[998, 1]",2,0,0,0
2550,"[998, 2]",19,2,1,0
2551,"[999, 0]",1,0,0,0
2552,"[999, 1]",2,41,18,0
2553,"[1000, 0]",1,158,64,0
2554,"[1001, 0]",1,41,18,1
2555,"[1002, 0]",1,158,64,0
2556,"[1003, 0]",1,0,0,0
2557,"[1003, 1]",4,0,0,-1
2558,"[1004, 0]",1,0,0,0
2559,"[1004, 1]",2,41,18,3
2560,"[1005, 0]",1,0,0,1
2561,"[1006, 0]",1,0,0,0
2562,"[1006, 1]",2,59,28,0
2563,"[1007, 0]",1,0,0,0
2564,"[1007, 1]",2,0,0,0
2565,"[1007, 2]",26,158,64,-1
2566,"[1008, 0]",1,158,64,0
2567,"[1009, 0]",1,2,1,0
2568,"[1010, 0]",1,0,0,0
2569,"[1010, 1]",2,41,18,0
2570,"[1011, 0]",1,0,0,0
2571,"[1011, 1]",2,41,18,0
2572,"[1012, 0]",1,55,26,0
2573,"[1013, 0]",1,158,64,0
2574,"[1014, 0]",1,0,0,0
2575,"[1014, 1]",2,0,0,0
2576,"[1014, 2]",17,41,18,0
2577,"[1015, 0]",1,0,0,0
2578,"[1015, 1]",2,156,64,0
2579,"[1016, 0]",1,0,0,0
2580,"[1016, 1]",2,0,0,0
2581,"[1016, 2]",89,158,64,2
2582,"[1017, 0]",1,0,0,0
2583,"[1017, 1]",2,0,0,0
2584,"[1017, 2]",16,2,1,0
2585,"[1018, 0]",1,0,0,0
2586,"[1018, 1]",4,0,0,0
2587,"[1018, 2]",17,41,18,0
2588,"[1019, 0]",1,158,64,0
2589,"[1020, 0]",1,158,64,0
2590,"[1021, 0]",1,0,0,0
2591,"[1021, 1]",2,57,26,0
2592,"[1022, 0]",1,158,64,0
2593,"[1023, 0]",1,158,64,0
2594,"[1024, 0]",1,0,0,0
2595,"[1025, 0]",1,158,64,0
2596,"[1026, 0]",1,0,0,0
2597,"[1026, 1]",2,0,0,0
2598,"[1026, 2]",74,0,0,0
2599,"[1026, 3]",99,2,1,0
2600,"[1027, 0]",1,57,26,0
2601,"[1028, 0]",1,158,64,0
2602,"[1029, 0]",1,158,64,0
2603,"[1030, 0]",1,0,0,0
2604,"[1030, 1]",2,158,64,0
2605,"[1031, 0]",1,0,0,0
2606,"[1031, 1]",2,158,64,0
2607,"[1032, 0]",1,0,0,0
2608,"[1032, 1]",5,59,28,0
2609,"[1032, 2]",3,0,0,0
2610,"[1032, 3]",2,0,0,0
2611,"[1032, 4]",33,0,0,0
2612,"[1032, 5]",32,0,0,0
2613,"[1032, 6]",31,0,0,0
2614,"[1032, 7]",27,158,64,-1
2615,"[1032, 8]",52,158,64,0
2616,"[1032, 9]",51,57,26,0
2617,"[1032, 10]",49,0,0,0
2618,"[1032, 11]",45,0,0,0
2619,"[1032, 12]",41,0,0,0
2620,"[1032, 13]",250,158,64,3
2621,"[1032, 14]",224,0,0,0
2622,"[1032, 15]",202,57,26,0
2623,"[1032, 16]",283,158,64,0
2624,"[1033, 0]",1,0,0,0
2625,"[1033, 1]",2,158,64,-1
2626,"[1034, 0]",1,0,0,0
2627,"[1034, 1]",3,0,0,0
2628,"[1034, 2]",2,2,1,0
2629,"[1034, 3]",33,59,28,4
2630,"[1035, 0]",1,0,0,0
2631,"[1035, 1]",2,41,18,0
2632,"[1036, 0]",1,57,26,0
2633,"[1037, 0]",1,0,0,0
2634,"[1037, 1]",2,57,26,3
2635,"[1038, 0]",1,158,64,1
2636,"[1039, 0]",1,156,64,0
2637,"[1040, 0]",1,0,0,0
2638,"[1040, 1]",2,158,64,0
2639,"[1041, 0]",1,0,0,0
2640,"[1041, 1]",2,41,18,0
2641,"[1042, 0]",1,0,0,0
2642,"[1042, 1]",2,2,1,0
2643,"[1043, 0]",1,158,64,0
2644,"[1044, 0]",1,41,18,0
2645,"[1045, 0]",1,0,0,0
2646,"[1045, 1]",2,57,26,0
2647,"[1046, 0]",1,0,0,0
2648,"[1046, 1]",2,57,26,0
2649,"[1047, 0]",1,0,0,0
2650,"[1047, 1]",2,41,18,0
2651,"[1048, 0]",1,158,64,0
2652,"[1049, 0]",1,158,64,0
2653,"[1050, 0]",1,0,0,0
2654,"[1050, 1]",2,158,64,0
2655,"[1051, 0]",1,57,26,0
2656,"[1052, 0]",1,41,18,0
2657,"[1053, 0]",1,0,0,0
2658,"[1053, 1]",2,41,18,0
2659,"[1054, 0]",1,156,64,0
2660,"[1055, 0]",1,0,0,1
2661,"[1055, 1]",2,0,0,0
2662,"[1055, 2]",29,41,18,0
2663,"[1056, 0]",1,0,0,0
2664,"[1056, 1]",4,158,64,-1
2665,"[1056, 2]",3,158,64,-1
2666,"[1057, 0]",1,158,64,0
2667,"[1058, 0]",1,156,64,0
2668,"[1059, 0]",1,158,64,0
2669,"[1060, 0]",1,0,0,0
2670,"[1060, 1]",2,158,64,0
2671,"[1061, 0]",1,41,18,0
2672,"[1062, 0]",1,158,64,0
2673,"[1063, 0]",1,158,64,0
2674,"[1064, 0]",1,2,1,0
2675,"[1065, 0]",1,41,18,0
2676,"[1066, 0]",1,0,0,0
2677,"[1066, 1]",2,156,64,0
2678,"[1067, 0]",1,0,0,0
2679,"[1067, 1]",2,0,0,0
2680,"[1067, 2]",15,41,18,0
2681,"[1068, 0]",1,41,18,0
2682,"[1069, 0]",1,158,64,0
2683,"[1070, 0]",1,156,64,0
2684,"[1071, 0]",1,37,18,0
2685,"[1072, 0]",1,0,0,0
2686,"[1072, 1]",2,156,64,0
2687,"[1073, 0]",1,0,0,0
2688,"[1073, 1]",3,0,0,0
2689,"[1073, 2]",2,0,0,0
2690,"[1073, 3]",34,0,0,0
2691,"[1073, 4]",31,41,18,29
2692,"[1073, 5]",63,156,64,1
2693,"[1074, 0]",1,0,0,0
2694,"[1074, 1]",2,158,64,0
2695,"[1075, 0]",1,0,0,0
2696,"[1075, 1]",2,158,64,0
2697,"[1076, 0]",1,0,0,0
2698,"[1076, 1]",2,0,0,0
2699,"[1076, 2]",57,57,26,0
2700,"[1077, 0]",1,158,64,0
2701,"[1078, 0]",1,41,18,0
2702,"[1079, 0]",1,41,18,0
2703,"[1080, 0]",1,0,0,0
2704,"[1080, 1]",2,158,64,0
2705,"[1081, 0]",1,0,0,0
2706,"[1081, 1]",2,158,64,0
2707,"[1082, 0]",1,41,18,0
2708,"[1083, 0]",1,0,0,0
2709,"[1083, 1]",6,158,64,1
2710,"[1083, 2]",5,0,0,-1
2711,"[1083, 3]",4,0,0,1
2712,"[1083, 4]",2,158,64,-1
2713,"[1083, 5]",14,0,0,0
2714,"[1083, 6]",11,0,0,1
2715,"[1083, 7]",150,53,24,-1
2716,"[1083, 8]",141,158,64,0
2717,"[1084, 0]",1,0,0,0
2718,"[1084, 1]",2,0,0,0
2719,"[1084, 2]",12,0,0,0
2720,"[1084, 3]",29,158,64,0
2721,"[1085, 0]",1,41,18,0
2722,"[1086, 0]",1,57,26,0
2723,"[1087, 0]",1,0,0,0
2724,"[1087, 1]",2,2,1,0
2725,"[1088, 0]",1,158,64,0
2726,"[1089, 0]",1,0,0,0
2727,"[1089, 1]",2,158,64,0
2728,"[1090, 0]",1,0,0,0
2729,"[1090, 1]",2,41,18,0
2730,"[1091, 0]",1,0,0,0
2731,"[1091, 1]",2,41,18,0
2732,"[1092, 0]",1,0,0,0
2733,"[1092, 1]",3,156,64,0
2734,"[1092, 2]",2,0,0,0
2735,"[1092, 3]",42,57,26,0
2736,"[1093, 0]",1,0,0,0
2737,"[1093, 1]",2,0,0,0
2738,"[1093, 2]",15,158,64,0
2739,"[1094, 0]",1,0,0,0
2740,"[1094, 1]",2,54,24,1
2741,"[1095, 0]",1,156,64,0
2742,"[1096, 0]",1,41,18,0
2743,"[1097, 0]",1,0,0,0
2744,"[1097, 1]",4,158,64,-1
2745,"[1097, 2]",2,0,0,-1
2746,"[1097, 3]",49,0,0,-1
2747,"[1097, 4]",68,158,64,-1
2748,"[1097, 5]",67,0,0,-1
2749,"[1098, 0]",1,0,0,0
2750,"[1098, 1]",2,57,26,0
2751,"[1099, 0]",1,41,18,0
2752,"[1100, 0]",1,156,64,0
2753,"[1101, 0]",1,158,64,0
2754,"[1102, 0]",1,0,0,0
2755,"[1102, 1]",2,0,0,0
2756,"[1102, 2]",71,158,64,0
2757,"[1103, 0]",1,158,64,0
2758,"[1104, 0]",1,0,0,0
2759,"[1104, 1]",2,158,64,0
2760,"[1105, 0]",1,0,0,0
2761,"[1105, 1]",2,0,0,0
2762,"[1105, 2]",47,158,64,5
2763,"[1106, 0]",1,0,0,0
2764,"[1106, 1]",2,156,64,4
2765,"[1107, 0]",1,0,0,0
2766,"[1107, 1]",2,0,0,0
2767,"[1107, 2]",46,158,64,0
2768,"[1108, 0]",1,158,64,0
2769,"[1109, 0]",1,158,64,0
2770,"[1110, 0]",1,0,0,0
2771,"[1110, 1]",2,0,0,-1
2772,"[1110, 2]",36,2,1,-1
2773,"[1111, 0]",1,156,64,0
2774,"[1112, 0]",1,156,64,1
2775,"[1113, 0]",1,0,0,0
2776,"[1113, 1]",5,2,1,-1
2777,"[1113, 2]",3,0,0,-1
2778,"[1113, 3]",43,0,0,-1
2779,"[1113, 4]",65,158,64,-1
2780,"[1114, 0]",1,57,26,0
2781,"[1115, 0]",1,158,64,0
2782,"[1116, 0]",1,0,0,0
2783,"[1116, 1]",2,158,64,0
2784,"[1117, 0]",1,156,64,0
2785,"[1118, 0]",1,41,18,0
2786,"[1119, 0]",1,0,0,0
2787,"[1119, 1]",2,0,0,0
2788,"[1119, 2]",18,158,64,0
2789,"[1120, 0]",1,0,0,0
2790,"[1120, 1]",4,0,0,0
2791,"[1120, 2]",2,0,0,0
2792,"[1120, 3]",25,53,24,0
2793,"[1120, 4]",20,41,18,0
2794,"[1121, 0]",1,0,0,0
2795,"[1121, 1]",2,0,0,0
2796,"[1121, 2]",17,158,64,1
2797,"[1122, 0]",1,0,0,0
2798,"[1122, 1]",2,41,18,1
2799,"[1123, 0]",1,158,64,0
2800,"[1124, 0]",1,0,0,0
2801,"[1125, 0]",1,0,0,0
2802,"[1125, 1]",2,0,0,0
2803,"[1125, 2]",10,41,18,0
2804,"[1126, 0]",1,0,0,0
2805,"[1126, 1]",2,41,18,0
2806,"[1127, 0]",1,156,64,0
2807,"[1128, 0]",1,57,26,0
2808,"[1129, 0]",1,158,64,0
2809,"[1130, 0]",1,0,0,0
2810,"[1130, 1]",7,158,64,0
2811,"[1130, 2]",5,0,0,0
2812,"[1130, 3]",3,0,0,0
2813,"[1130, 4]",35,158,64,0
2814,"[1130, 5]",32,61,28,0
2815,"[1131, 0]",1,0,0,0
2816,"[1131, 1]",2,158,64,0
2817,"[1132, 0]",1,0,0,0
2818,"[1132, 1]",2,2,1,0
2819,"[1133, 0]",1,41,18,0
2820,"[1134, 0]",1,158,64,0
2821,"[1135, 0]",1,158,64,0
2822,"[1136, 0]",1,0,0,0
2823,"[1136, 1]",6,0,0,0
2824,"[1136, 2]",5,0,0,0
2825,"[1136, 3]",3,0,0,0
2826,"[1136, 4]",2,0,0,0
2827,"[1136, 5]",34,158,64,0
2828,"[1136, 6]",20,0,0,0
2829,"[1136, 7]",16,2,1,0
2830,"[1136, 8]",96,57,26,0
2831,"[1137, 0]",1,0,0,0
2832,"[1137, 1]",3,0,0,0
2833,"[1137, 2]",2,0,0,0
2834,"[1137, 3]",32,0,0,0
2835,"[1137, 4]",29,2,1,0
2836,"[1137, 5]",28,57,26,0
2837,"[1137, 6]",27,0,0,0
2838,"[1137, 7]",81,0,0,0
2839,"[1137, 8]",67,0,0,0
2840,"[1137, 9]",66,0,0,0
2841,"[1137, 10]",64,0,0,0
2842,"[1137, 11]",153,41,18,0
2843,"[1137, 12]",149,0,0,0
2844,"[1137, 13]",146,0,0,0
2845,"[1137, 14]",97,158,64,0
2846,"[1137, 15]",272,2,1,0
2847,"[1137, 16]",256,41,18,0
2848,"[1138, 0]",1,0,0,0
2849,"[1138, 1]",2,57,26,0
2850,"[1139, 0]",1,158,64,0
2851,"[1140, 0]",1,41,18,0
2852,"[1141, 0]",1,61,28,0
2853,"[1142, 0]",1,156,64,0
2854,"[1143, 0]",1,41,18,0
2855,"[1144, 0]",1,0,0,0
2856,"[1144, 1]",2,57,26,0
2857,"[1145, 0]",1,0,0,0
2858,"[1145, 1]",6,158,64,0
2859,"[1145, 2]",5,156,64,0
2860,"[1145, 3]",2,0,0,0
2861,"[1145, 4]",37,156,64,0
2862,"[1145, 5]",36,57,26,0
2863,"[1146, 0]",1,158,64,0
2864,"[1147, 0]",1,0,0,0
2865,"[1147, 1]",3,0,0,0
2866,"[1147, 2]",2,0,0,0
2867,"[1147, 3]",21,0,0,0
2868,"[1147, 4]",18,158,64,0
2869,"[1147, 5]",94,158,64,0
2870,"[1148, 0]",1,158,64,0
2871,"[1149, 0]",1,0,0,0
2872,"[1149, 1]",2,0,0,-1
2873,"[1149, 2]",11,156,64,2
2874,"[1150, 0]",1,0,0,1
2875,"[1150, 1]",2,57,26,0
2876,"[1151, 0]",1,57,26,0
2877,"[1152, 0]",1,0,0,0
2878,"[1152, 1]",2,41,18,0
2879,"[1153, 0]",1,0,0,0
2880,"[1153, 1]",2,0,0,0
2881,"[1153, 2]",29,158,64,-1
2882,"[1154, 0]",1,0,0,0
2883,"[1154, 1]",4,0,0,0
2884,"[1154, 2]",3,0,0,0
2885,"[1154, 3]",2,0,0,0
2886,"[1154, 4]",29,0,0,0
2887,"[1154, 5]",24,0,0,0
2888,"[1154, 6]",15,57,26,0
2889,"[1154, 7]",79,158,64,0
2890,"[1154, 8]",52,57,26,0
2891,"[1155, 0]",1,0,0,0
2892,"[1155, 1]",2,0,0,0
2893,"[1155, 2]",29,158,64,0
2894,"[1156, 0]",1,0,0,0
2895,"[1156, 1]",2,158,64,0
2896,"[1157, 0]",1,0,0,0
2897,"[1157, 1]",2,0,0,0
2898,"[1157, 2]",18,158,64,0
2899,"[1158, 0]",1,0,0,0
2900,"[1158, 1]",2,158,64,0
2901,"[1159, 0]",1,0,0,0
2902,"[1159, 1]",2,41,18,0
2903,"[1160, 0]",1,0,0,0
2904,"[1160, 1]",2,156,64,0
2905,"[1161, 0]",1,41,18,0
2906,"[1162, 0]",1,158,64,0
2907,"[1163, 0]",1,158,64,0
2908,"[1164, 0]",1,0,0,0
2909,"[1164, 1]",2,0,0,0
2910,"[1164, 2]",9,41,18,0
2911,"[1165, 0]",1,0,0,0
2912,"[1165, 1]",2,2,1,0
2913,"[1166, 0]",1,0,0,0
2914,"[1166, 1]",2,158,64,0
2915,"[1167, 0]",1,158,64,0
2916,"[1168, 0]",1,0,0,0
2917,"[1168, 1]",2,59,28,0
2918,"[1169, 0]",1,0,0,0
2919,"[1169, 1]",6,57,26,0
2920,"[1169, 2]",4,0,0,0
2921,"[1169, 3]",3,0,0,0
2922,"[1169, 4]",2,0,0,0
2923,"[1169, 5]",50,0,0,-1
2924,"[1169, 6]",45,158,64,0
2925,"[1169, 7]",43,0,0,0
2926,"[1169, 8]",42,0,0,0
2927,"[1169, 9]",39,0,0,0
2928,"[1169, 10]",151,156,64,0
2929,"[1169, 11]",138,156,64,0
2930,"[1169, 12]",136,0,0,0
2931,"[1169, 13]",134,0,0,0
2932,"[1169, 14]",131,158,64,1
2933,"[1169, 15]",96,158,64,-1
2934,"[1169, 16]",242,57,26,0
2935,"[1169, 17]",241,0,0,0
2936,"[1169, 18]",239,0,0,0
2937,"[1169, 19]",224,158,64,0
2938,"[1169, 20]",526,156,64,0
2939,"[1169, 21]",520,158,64,0
2940,"[1170, 0]",1,0,0,0
2941,"[1170, 1]",2,0,0,0
2942,"[1170, 2]",12,158,64,0
2943,"[1171, 0]",1,57,26,0
2944,"[1172, 0]",1,0,0,0
2945,"[1172, 1]",2,66,29,0
2946,"[1173, 0]",1,59,28,0
2947,"[1174, 0]",1,158,64,0
2948,"[1175, 0]",1,158,64,0
2949,"[1176, 0]",1,0,0,0
2950,"[1176, 1]",3,0,0,0
2951,"[1176, 2]",2,0,0,0
2952,"[1176, 3]",32,0,0,0
2953,"[1176, 4]",29,0,0,0
2954,"[1176, 5]",75,158,64,12
2955,"[1176, 6]",59,158,64,0
2956,"[1177, 0]",1,0,0,0
2957,"[1177, 1]",2,63,28,0
2958,"[1178, 0]",1,158,64,0
2959,"[1179, 0]",1,57,26,0
2960,"[1180, 0]",1,0,0,0
2961,"[1180, 1]",3,0,0,0
2962,"[1180, 2]",2,57,26,0
2963,"[1180, 3]",8,54,24,1
2964,"[1181, 0]",1,158,64,0
2965,"[1182, 0]",1,57,26,0
2966,"[1183, 0]",1,0,0,0
2967,"[1183, 1]",2,37,18,0
2968,"[1184, 0]",1,64,29,0
2969,"[1185, 0]",1,41,18,0
2970,"[1186, 0]",1,0,0,0
2971,"[1186, 1]",8,75,32,0
2972,"[1186, 2]",4,0,0,0
2973,"[1186, 3]",2,0,0,0
2974,"[1186, 4]",42,0,0,0
2975,"[1186, 5]",41,0,0,0
2976,"[1186, 6]",38,158,64,0
2977,"[1186, 7]",68,41,18,0
2978,"[1186, 8]",65,0,0,0
2979,"[1186, 9]",64,0,0,0
2980,"[1186, 10]",60,0,0,0
2981,"[1186, 11]",168,0,0,0
2982,"[1186, 12]",167,0,0,0
2983,"[1186, 13]",149,57,26,0
2984,"[1186, 14]",146,0,0,0
2985,"[1186, 15]",144,0,0,0
2986,"[1186, 16]",141,156,64,0
2987,"[1186, 17]",254,0,0,0
2988,"[1186, 18]",253,0,0,0
2989,"[1186, 19]",252,0,0,0
2990,"[1186, 20]",244,37,18,0
2991,"[1186, 21]",198,158,64,0
2992,"[1186, 22]",196,0,0,0
2993,"[1186, 23]",188,57,26,0
2994,"[1186, 24]",616,156,64,0
2995,"[1186, 25]",615,0,0,0
2996,"[1186, 26]",613,0,0,0
2997,"[1186, 27]",429,156,64,0
2998,"[1186, 28]",428,0,0,0
2999,"[1186, 29]",423,158,64,0
3000,"[1186, 30]",420,0,0,0
3001,"[1186, 31]",893,41,18,0
3002,"[1186, 32]",841,41,18,0
3003,"[1186, 33]",840,0,0,0
3004,"[1186, 34]",839,0,0,0
3005,"[1186, 35]",709,41,18,0
3006,"[1186, 36]",693,57,26,0
3007,"[1186, 37]",977,158,64,0
3008,"[1186, 38]",974,158,64,0
3009,"[1187, 0]",1,156,64,0
3010,"[1188, 0]",1,156,64,0
3011,"[1189, 0]",1,41,18,0
3012,"[1190, 0]",1,0,0,0
3013,"[1190, 1]",2,0,0,0
3014,"[1190, 2]",23,158,64,0
3015,"[1191, 0]",1,0,0,0
3016,"[1191, 1]",2,2,1,0
3017,"[1192, 0]",1,0,0,0
3018,"[1192, 1]",2,0,0,0
3019,"[1192, 2]",21,41,18,14
3020,"[1193, 0]",1,0,0,0
3021,"[1193, 1]",5,41,18,0
3022,"[1193, 2]",4,0,0,0
3023,"[1193, 3]",2,0,0,0
3024,"[1193, 4]",41,0,0,0
3025,"[1193, 5]",40,0,0,0
3026,"[1193, 6]",26,57,26,0
3027,"[1193, 7]",71,41,18,0
3028,"[1193, 8]",68,158,64,0
3029,"[1194, 0]",1,0,0,0
3030,"[1194, 1]",5,59,28,0
3031,"[1194, 2]",3,2,1,0
3032,"[1194, 3]",2,0,0,0
3033,"[1194, 4]",23,158,64,0
3034,"[1194, 5]",22,158,64,0
3035,"[1194, 6]",20,0,0,0
3036,"[1194, 7]",75,41,18,0
3037,"[1194, 8]",74,0,0,0
3038,"[1194, 9]",71,0,0,0
3039,"[1194, 10]",169,158,64,0
3040,"[1194, 11]",168,59,28,0
3041,"[1194, 12]",146,156,64,0
3042,"[1195, 0]",1,156,64,0
3043,"[1196, 0]",1,156,64,0
3044,"[1197, 0]",1,158,64,0
3045,"[1198, 0]",1,0,0,0
3046,"[1198, 1]",5,41,18,0
3047,"[1198, 2]",2,0,0,0
3048,"[1198, 3]",63,156,64,0
3049,"[1199, 0]",1,158,64,0
3050,"[1200, 0]",1,158,64,0
3051,"[1201, 0]",1,41,18,0
3052,"[1202, 0]",1,158,64,1
3053,"[1203, 0]",1,0,0,0
3054,"[1203, 1]",8,158,64,0
3055,"[1203, 2]",6,156,64,0
3056,"[1203, 3]",5,0,0,0
3057,"[1203, 4]",4,0,0,0
3058,"[1203, 5]",2,0,0,0
3059,"[1203, 6]",54,0,0,0
3060,"[1203, 7]",34,0,0,0
3061,"[1203, 8]",31,41,18,0
3062,"[1203, 9]",139,41,18,26
3063,"[1203, 10]",125,158,64,1
3064,"[1204, 0]",1,41,18,0
3065,"[1205, 0]",1,0,0,0
3066,"[1205, 1]",2,57,26,-1
3067,"[1206, 0]",1,158,64,0
3068,"[1207, 0]",1,0,0,0
3069,"[1207, 1]",2,156,64,0
3070,"[1208, 0]",1,158,64,0
3071,"[1209, 0]",1,0,0,0
3072,"[1209, 1]",3,0,0,0
3073,"[1209, 2]",2,0,0,0
3074,"[1209, 3]",13,158,64,0
3075,"[1209, 4]",8,41,18,0
3076,"[1210, 0]",1,0,0,0
3077,"[1210, 1]",2,0,0,0
3078,"[1210, 2]",16,158,64,0
3079,"[1211, 0]",1,158,64,0
3080,"[1212, 0]",1,158,64,0
3081,"[1213, 0]",1,158,64,0
3082,"[1214, 0]",1,41,18,0
3083,"[1215, 0]",1,0,0,0
3084,"[1215, 1]",2,158,64,-1
3085,"[1216, 0]",1,41,18,0
3086,"[1217, 0]",1,57,26,0
3087,"[1218, 0]",1,77,32,0
3088,"[1219, 0]",1,0,0,0
3089,"[1219, 1]",6,0,0,0
3090,"[1219, 2]",5,0,0,0
3091,"[1219, 3]",3,0,0,0
3092,"[1219, 4]",31,41,18,0
3093,"[1219, 5]",24,156,64,0
3094,"[1219, 6]",18,41,18,0
3095,"[1220, 0]",1,54,24,0
3096,"[1221, 0]",1,41,18,0
3097,"[1222, 0]",1,41,18,0
3098,"[1223, 0]",1,158,64,0
3099,"[1224, 0]",1,0,0,0
3100,"[1224, 1]",2,57,26,0
3101,"[1225, 0]",1,77,32,0
3102,"[1226, 0]",1,158,64,0
3103,"[1227, 0]",1,0,0,0
3104,"[1227, 1]",3,0,0,0
3105,"[1227, 2]",2,41,18,0
3106,"[1227, 3]",26,158,64,0
3107,"[1228, 0]",1,158,64,0
3108,"[1229, 0]",1,0,0,0
3109,"[1229, 1]",4,0,0,0
3110,"[1229, 2]",3,0,0,0
3111,"[1229, 3]",2,0,0,0
3112,"[1229, 4]",30,41,18,0
3113,"[1229, 5]",28,57,26,0
3114,"[1229, 6]",27,0,0,0
3115,"[1229, 7]",21,0,0,0
3116,"[1229, 8]",18,158,64,0
3117,"[1229, 9]",73,158,64,0
3118,"[1229, 10]",47,0,0,0
3119,"[1229, 11]",45,0,0,0
3120,"[1229, 12]",207,158,64,0
3121,"[1229, 13]",192,41,18,0
3122,"[1230, 0]",1,158,64,0
3123,"[1231, 0]",1,156,64,0
3124,"[1232, 0]",1,0,0,0
3125,"[1232, 1]",3,0,0,0
3126,"[1232, 2]",2,0,0,0
3127,"[1232, 3]",35,156,64,3
3128,"[1232, 4]",31,158,64,0
3129,"[1233, 0]",1,59,28,0
3130,"[1234, 0]",1,0,0,0
3131,"[1234, 1]",2,57,26,2
3132,"[1235, 0]",1,57,26,0
3133,"[1236, 0]",1,158,64,0
3134,"[1237, 0]",1,57,26,0
3135,"[1238, 0]",1,57,26,0
3136,"[1239, 0]",1,156,64,1
3137,"[1240, 0]",1,41,18,0
3138,"[1241, 0]",1,158,64,0
3139,"[1242, 0]",1,0,0,0
3140,"[1242, 1]",2,158,64,0
3141,"[1243, 0]",1,57,26,0
3142,"[1244, 0]",1,158,64,0
3143,"[1245, 0]",1,0,0,0
3144,"[1245, 1]",2,59,28,13
3145,"[1246, 0]",1,0,0,0
3146,"[1246, 1]",2,0,0,0
3147,"[1246, 2]",30,156,64,0
3148,"[1247, 0]",1,54,24,0
3149,"[1248, 0]",1,0,0,0
3150,"[1248, 1]",2,0,0,0
3151,"[1248, 2]",27,158,64,5
3152,"[1249, 0]",1,51,24,0
3153,"[1250, 0]",1,0,0,1
3154,"[1250, 1]",6,156,64,0
3155,"[1250, 2]",5,0,0,0
3156,"[1250, 3]",3,0,0,0
3157,"[1250, 4]",2,0,0,0
3158,"[1250, 5]",39,57,26,0
3159,"[1250, 6]",38,41,18,0
3160,"[1250, 7]",36,0,0,0
3161,"[1250, 8]",35,0,0,0
3162,"[1250, 9]",34,0,0,0
3163,"[1250, 10]",29,158,64,0
3164,"[1250, 11]",26,41,18,0
3165,"[1250, 12]",74,156,64,0
3166,"[1250, 13]",72,0,0,0
3167,"[1250, 14]",65,41,18,0
3168,"[1250, 15]",62,41,18,0
3169,"[1250, 16]",321,158,64,0
3170,"[1250, 17]",320,158,64,0
3171,"[1251, 0]",1,158,64,0
3172,"[1252, 0]",1,57,26,0
3173,"[1253, 0]",1,158,64,0
3174,"[1254, 0]",1,0,0,0
3175,"[1254, 1]",5,0,0,0
3176,"[1254, 2]",3,0,0,0
3177,"[1254, 3]",2,0,0,0
3178,"[1254, 4]",64,41,18,0
3179,"[1254, 5]",62,0,0,0
3180,"[1254, 6]",60,0,0,0
3181,"[1254, 7]",53,41,18,0
3182,"[1254, 8]",38,57,26,0
3183,"[1254, 9]",97,41,18,0
3184,"[1254, 10]",93,41,18,0
3185,"[1255, 0]",1,158,64,0
3186,"[1256, 0]",1,0,0,0
3187,"[1256, 1]",3,0,0,0
3188,"[1256, 2]",2,0,0,0
3189,"[1256, 3]",32,156,64,-1
3190,"[1256, 4]",28,41,18,0
3191,"[1257, 0]",1,158,64,0
3192,"[1258, 0]",1,0,0,2
3193,"[1258, 1]",2,158,64,4
3194,"[1259, 0]",1,158,64,0
3195,"[1260, 0]",1,57,26,0
3196,"[1261, 0]",1,158,64,0
3197,"[1262, 0]",1,57,26,0
3198,"[1263, 0]",1,156,64,0
3199,"[1264, 0]",1,0,0,0
3200,"[1264, 1]",2,158,64,0
3201,"[1265, 0]",1,0,0,0
3202,"[1265, 1]",2,158,64,0
3203,"[1266, 0]",1,0,0,0
3204,"[1266, 1]",2,158,64,0
3205,"[1267, 0]",1,0,0,0
3206,"[1267, 1]",2,0,0,4
3207,"[1267, 2]",17,158,64,2
3208,"[1268, 0]",1,0,0,0
3209,"[1269, 0]",1,0,0,0
3210,"[1269, 1]",2,0,0,0
3211,"[1269, 2]",44,0,0,-1
3212,"[1269, 3]",43,0,0,1
3213,"[1269, 4]",42,0,0,-1
3214,"[1269, 5]",66,158,64,-1
3215,"[1269, 6]",62,0,0,0
3216,"[1269, 7]",59,158,64,-1
3217,"[1269, 8]",145,53,24,4
3218,"[1270, 0]",1,0,0,0
3219,"[1270, 1]",2,0,0,0
3220,"[1270, 2]",29,0,0,0
3221,"[1270, 3]",41,41,18,0
3222,"[1271, 0]",1,158,64,0
3223,"[1272, 0]",1,0,0,0
3224,"[1272, 1]",2,158,64,0
3225,"[1273, 0]",1,0,0,0
3226,"[1273, 1]",10,41,18,0
3227,"[1273, 2]",9,0,0,0
3228,"[1273, 3]",8,0,0,0
3229,"[1273, 4]",5,0,0,0
3230,"[1273, 5]",4,0,0,0
3231,"[1273, 6]",3,0,0,0
3232,"[1273, 7]",2,0,0,0
3233,"[1273, 8]",49,0,0,0
3234,"[1273, 9]",43,0,0,0
3235,"[1273, 10]",34,0,0,0
3236,"[1273, 11]",30,55,26,0
3237,"[1273, 12]",29,63,28,0
3238,"[1273, 13]",22,0,0,0
3239,"[1273, 14]",19,53,24,0
3240,"[1273, 15]",233,41,18,0
3241,"[1273, 16]",166,57,26,0
3242,"[1273, 17]",90,0,0,0
3243,"[1273, 18]",61,158,64,0
3244,"[1273, 19]",469,0,0,0
3245,"[1273, 20]",639,156,64,0
3246,"[1274, 0]",1,0,0,0
3247,"[1274, 1]",2,63,28,0
3248,"[1275, 0]",1,158,64,0
3249,"[1276, 0]",1,0,0,0
3250,"[1277, 0]",1,0,0,0
3251,"[1277, 1]",5,41,18,0
3252,"[1277, 2]",2,0,0,0
3253,"[1277, 3]",49,41,18,0
3254,"[1278, 0]",1,57,26,0
3255,"[1279, 0]",1,156,64,0
3256,"[1280, 0]",1,0,0,0
3257,"[1280, 1]",3,0,0,-1
3258,"[1280, 2]",44,0,0,-1
3259,"[1280, 3]",104,158,64,-1
3260,"[1281, 0]",1,0,0,0
3261,"[1281, 1]",2,0,0,0
3262,"[1281, 2]",12,156,64,-1
3263,"[1282, 0]",1,0,0,0
3264,"[1282, 1]",2,158,64,-1
3265,"[1283, 0]",1,158,64,0
3266,"[1284, 0]",1,156,64,0
3267,"[1285, 0]",1,57,26,0
3268,"[1286, 0]",1,0,0,0
3269,"[1286, 1]",2,158,64,0
3270,"[1287, 0]",1,41,18,0
3271,"[1288, 0]",1,0,0,0
3272,"[1288, 1]",6,158,64,0
3273,"[1288, 2]",5,158,64,0
3274,"[1288, 3]",4,0,0,0
3275,"[1288, 4]",2,0,0,0
3276,"[1288, 5]",71,0,0,0
3277,"[1288, 6]",54,158,64,0
3278,"[1288, 7]",94,57,26,0
3279,"[1289, 0]",1,59,28,0
3280,"[1290, 0]",1,0,0,0
3281,"[1290, 1]",2,59,28,0
3282,"[1291, 0]",1,0,0,0
3283,"[1291, 1]",2,0,0,0
3284,"[1291, 2]",39,158,64,0
3285,"[1292, 0]",1,0,0,0
3286,"[1292, 1]",2,158,64,0
3287,"[1293, 0]",1,0,0,0
3288,"[1293, 1]",2,57,26,0
3289,"[1294, 0]",1,158,64,0
3290,"[1295, 0]",1,41,18,0
3291,"[1296, 0]",1,0,0,0
3292,"[1296, 1]",6,0,0,0
3293,"[1296, 2]",4,0,0,0
3294,"[1296, 3]",2,0,0,0
3295,"[1296, 4]",65,158,64,-1
3296,"[1296, 5]",45,0,0,-1
3297,"[1296, 6]",27,2,1,15
3298,"[1296, 7]",126,158,64,-1
3299,"[1297, 0]",1,0,0,0
3300,"[1297, 1]",2,0,0,0
3301,"[1297, 2]",42,0,0,3
3302,"[1297, 3]",63,2,1,1
3303,"[1298, 0]",1,0,0,0
3304,"[1298, 1]",2,0,0,0
3305,"[1298, 2]",70,57,26,0
3306,"[1299, 0]",1,0,0,0
3307,"[1299, 1]",7,158,64,0
3308,"[1299, 2]",4,0,0,0
3309,"[1299, 3]",3,0,0,0
3310,"[1299, 4]",2,0,0,0
3311,"[1299, 5]",33,2,1,0
3312,"[1299, 6]",32,0,0,0
3313,"[1299, 7]",31,0,0,0
3314,"[1299, 8]",27,0,0,0
3315,"[1299, 9]",24,0,0,0
3316,"[1299, 10]",77,158,64,0
3317,"[1299, 11]",61,41,18,0
3318,"[1299, 12]",44,55,26,0
3319,"[1299, 13]",43,0,0,0
3320,"[1299, 14]",42,0,0,0
3321,"[1299, 15]",37,158,64,0
3322,"[1299, 16]",157,41,18,0
3323,"[1299, 17]",154,57,26,0
3324,"[1300, 0]",1,0,0,0
3325,"[1300, 1]",2,158,64,0
3326,"[1301, 0]",1,41,18,0
3327,"[1302, 0]",1,158,64,0
3328,"[1303, 0]",1,41,18,0
3329,"[1304, 0]",1,0,0,0
3330,"[1304, 1]",2,158,64,6
3331,"[1305, 0]",1,0,0,0
3332,"[1305, 1]",2,0,0,0
3333,"[1305, 2]",26,158,64,0
3334,"[1305, 3]",25,0,0,0
3335,"[1305, 4]",24,0,0,0
3336,"[1305, 5]",23,0,0,0
3337,"[1305, 6]",45,0,0,0
3338,"[1305, 7]",41,0,0,0
3339,"[1305, 8]",38,57,26,0
3340,"[1305, 9]",83,158,64,2
3341,"[1305, 10]",69,41,18,0
3342,"[1306, 0]",1,57,26,0
3343,"[1307, 0]",1,0,0,0
3344,"[1307, 1]",5,158,64,0
3345,"[1307, 2]",3,0,0,0
3346,"[1307, 3]",2,0,0,0
3347,"[1307, 4]",39,158,64,0
3348,"[1307, 5]",36,0,0,0
3349,"[1307, 6]",35,0,0,0
3350,"[1307, 7]",32,158,64,0
3351,"[1307, 8]",81,158,64,0
3352,"[1307, 9]",77,158,64,0
3353,"[1308, 0]",1,0,0,0
3354,"[1308, 1]",2,0,0,0
3355,"[1308, 2]",21,158,64,0
3356,"[1309, 0]",1,41,18,0
3357,"[1310, 0]",1,2,1,0
3358,"[1311, 0]",1,0,0,0
3359,"[1311, 1]",2,158,64,0
3360,"[1312, 0]",1,0,0,0
3361,"[1312, 1]",3,158,64,0
3362,"[1312, 2]",2,0,0,0
3363,"[1312, 3]",43,158,64,-1
3364,"[1312, 4]",42,0,0,-1
3365,"[1312, 5]",40,158,64,-1
3366,"[1312, 6]",71,0,0,-1
3367,"[1312, 7]",179,156,64,36
3368,"[1313, 0]",1,0,0,0
3369,"[1313, 1]",2,158,64,0
3370,"[1314, 0]",1,2,1,0
3371,"[1315, 0]",1,0,0,0
3372,"[1315, 1]",3,57,26,0
3373,"[1315, 2]",2,41,18,0
3374,"[1316, 0]",1,158,64,0
3375,"[1317, 0]",1,0,0,0
3376,"[1317, 1]",3,158,64,0
3377,"[1317, 2]",2,0,0,0
3378,"[1317, 3]",37,41,18,0
3379,"[1318, 0]",1,0,0,0
3380,"[1318, 1]",2,2,1,-1
3381,"[1319, 0]",1,2,1,0
3382,"[1320, 0]",1,0,0,0
3383,"[1320, 1]",2,0,0,0
3384,"[1320, 2]",29,158,64,0
3385,"[1321, 0]",1,158,64,0
3386,"[1322, 0]",1,0,0,0
3387,"[1322, 1]",2,0,0,0
3388,"[1322, 2]",75,158,64,-1
3389,"[1323, 0]",1,0,0,0
3390,"[1323, 1]",2,41,18,0
3391,"[1324, 0]",1,2,1,0
3392,"[1325, 0]",1,41,18,0
3393,"[1326, 0]",1,57,26,0
3394,"[1327, 0]",1,0,0,0
3395,"[1327, 1]",4,0,0,0
3396,"[1327, 2]",2,0,0,0
3397,"[1327, 3]",35,0,0,0
3398,"[1327, 4]",23,158,64,-1
3399,"[1327, 5]",125,0,0,0
3400,"[1327, 6]",221,0,0,0
3401,"[1327, 7]",237,158,64,6
3402,"[1328, 0]",1,0,0,0
3403,"[1328, 1]",3,0,0,-1
3404,"[1328, 2]",47,158,64,-1
3405,"[1328, 3]",44,0,0,-1
3406,"[1328, 4]",69,158,64,-1
3407,"[1329, 0]",1,41,18,0
3408,"[1330, 0]",1,156,64,0
3409,"[1331, 0]",1,0,0,0
3410,"[1331, 1]",5,158,64,0
3411,"[1332, 0]",1,0,0,0
3412,"[1332, 1]",7,57,26,0
3413,"[1332, 2]",4,158,64,0
3414,"[1332, 3]",3,0,0,0
3415,"[1332, 4]",2,0,0,0
3416,"[1332, 5]",58,0,0,0
3417,"[1332, 6]",57,158,64,0
3418,"[1332, 7]",53,41,18,0
3419,"[1332, 8]",73,41,18,0
3420,"[1333, 0]",1,41,18,0
3421,"[1334, 0]",1,0,0,0
3422,"[1334, 1]",2,0,0,0
3423,"[1334, 2]",20,41,18,0
3424,"[1335, 0]",1,0,0,0
3425,"[1335, 1]",2,41,18,0
3426,"[1336, 0]",1,158,64,0
3427,"[1337, 0]",1,0,0,0
3428,"[1337, 1]",6,158,64,1
3429,"[1337, 2]",3,0,0,-1
3430,"[1337, 3]",2,0,0,-1
3431,"[1337, 4]",56,158,64,23
3432,"[1337, 5]",53,57,26,-1
3433,"[1338, 0]",1,0,0,0
3434,"[1338, 1]",2,2,1,10
3435,"[1339, 0]",1,0,0,0
3436,"[1339, 1]",3,2,1,0
3437,"[1339, 2]",2,0,0,0
3438,"[1339, 3]",31,0,0,0
3439,"[1339, 4]",54,0,0,1
3440,"[1339, 5]",103,156,64,3
3441,"[1340, 0]",1,0,0,0
3442,"[1340, 1]",2,156,64,0
3443,"[1341, 0]",1,0,0,0
3444,"[1341, 1]",2,0,0,0
3445,"[1341, 2]",29,158,64,9
3446,"[1341, 3]",27,0,0,7
3447,"[1341, 4]",26,0,0,-1
3448,"[1341, 5]",54,0,0,-1
3449,"[1341, 6]",50,158,64,-1
3450,"[1341, 7]",91,0,0,-1
3451,"[1341, 8]",284,57,26,22
3452,"[1342, 0]",1,0,0,0
3453,"[1342, 1]",2,41,18,0
3454,"[1343, 0]",1,158,64,0
3455,"[1344, 0]",1,0,0,0
3456,"[1344, 1]",9,156,64,0
3457,"[1344, 2]",5,0,0,0
3458,"[1344, 3]",4,0,0,0
3459,"[1344, 4]",2,0,0,0
3460,"[1344, 5]",50,0,0,0
3461,"[1344, 6]",49,0,0,0
3462,"[1344, 7]",45,158,64,0
3463,"[1344, 8]",42,158,64,0
3464,"[1344, 9]",74,158,64,0
3465,"[1344, 10]",71,57,26,10
3466,"[1345, 0]",1,158,64,0
3467,"[1346, 0]",1,0,0,0
3468,"[1346, 1]",2,158,64,0
3469,"[1347, 0]",1,57,26,0
3470,"[1348, 0]",1,0,0,0
3471,"[1348, 1]",5,0,0,0
3472,"[1348, 2]",4,0,0,0
3473,"[1348, 3]",2,0,0,0
3474,"[1348, 4]",49,0,0,0
3475,"[1348, 5]",48,0,0,0
3476,"[1348, 6]",47,0,0,0
3477,"[1348, 7]",30,51,24,0
3478,"[1348, 8]",27,41,18,0
3479,"[1348, 9]",92,0,0,0
3480,"[1348, 10]",91,0,0,0
3481,"[1348, 11]",89,0,0,0
3482,"[1348, 12]",87,57,26,0
3483,"[1348, 13]",80,57,26,0
3484,"[1348, 14]",195,0,0,0
3485,"[1348, 15]",182,57,26,0
3486,"[1348, 16]",179,41,18,0
3487,"[1348, 17]",343,0,0,0
3488,"[1348, 18]",519,2,1,3
3489,"[1349, 0]",1,158,64,0
3490,"[1350, 0]",1,0,0,0
3491,"[1350, 1]",4,57,26,0
3492,"[1350, 2]",2,0,0,0
3493,"[1350, 3]",44,156,64,0
3494,"[1350, 4]",43,158,64,0
3495,"[1350, 5]",41,0,0,0
3496,"[1350, 6]",84,158,64,-1
3497,"[1351, 0]",1,0,0,0
3498,"[1351, 1]",2,0,0,0
3499,"[1351, 2]",74,0,0,0
3500,"[1351, 3]",79,158,64,9
3501,"[1352, 0]",1,0,0,0
3502,"[1352, 1]",10,0,0,0
3503,"[1352, 2]",6,0,0,0
3504,"[1352, 3]",5,0,0,0
3505,"[1352, 4]",4,0,0,0
3506,"[1352, 5]",3,158,64,0
3507,"[1352, 6]",2,158,64,0
3508,"[1352, 7]",51,158,64,-1
3509,"[1352, 8]",49,0,0,0
3510,"[1352, 9]",48,59,28,0
3511,"[1352, 10]",43,0,0,0
3512,"[1352, 11]",35,53,24,0
3513,"[1352, 12]",223,158,64,0
3514,"[1352, 13]",186,158,64,-1
3515,"[1353, 0]",1,0,0,0
3516,"[1353, 1]",2,0,0,0
3517,"[1353, 2]",18,158,64,0
3518,"[1354, 0]",1,0,0,0
3519,"[1354, 1]",6,156,64,0
3520,"[1354, 2]",4,0,0,0
3521,"[1354, 3]",2,0,0,0
3522,"[1354, 4]",59,0,0,0
3523,"[1354, 5]",58,0,0,0
3524,"[1354, 6]",43,158,64,0
3525,"[1354, 7]",67,57,26,0
3526,"[1354, 8]",64,41,18,2
3527,"[1355, 0]",1,0,0,0
3528,"[1355, 1]",2,0,0,0
3529,"[1355, 2]",12,57,26,0
3530,"[1356, 0]",1,0,0,0
3531,"[1356, 1]",2,2,1,0
3532,"[1357, 0]",1,54,24,0
3533,"[1358, 0]",1,158,64,0
3534,"[1359, 0]",1,57,26,0
3535,"[1360, 0]",1,158,64,0
3536,"[1361, 0]",1,0,0,0
3537,"[1361, 1]",2,41,18,0
3538,"[1362, 0]",1,41,18,0
3539,"[1363, 0]",1,57,26,0
3540,"[1364, 0]",1,0,0,0
3541,"[1364, 1]",2,0,0,0
3542,"[1364, 2]",21,158,64,0
3543,"[1365, 0]",1,41,18,0
3544,"[1366, 0]",1,156,64,0
3545,"[1367, 0]",1,158,64,0
3546,"[1368, 0]",1,0,0,0
3547,"[1368, 1]",2,158,64,0
3548,"[1369, 0]",1,41,18,0
3549,"[1370, 0]",1,158,64,0
3550,"[1371, 0]",1,158,64,0
3551,"[1372, 0]",1,158,64,0
3552,"[1373, 0]",1,0,0,0
3553,"[1373, 1]",2,158,64,0
3554,"[1374, 0]",1,41,18,0
3555,"[1375, 0]",1,41,18,0
3556,"[1376, 0]",1,0,0,0
3557,"[1376, 1]",2,158,64,0
3558,"[1377, 0]",1,0,0,0
3559,"[1377, 1]",2,158,64,0
3560,"[1378, 0]",1,0,0,0
3561,"[1378, 1]",2,158,64,0
3562,"[1379, 0]",1,0,0,0
3563,"[1379, 1]",2,0,0,1
3564,"[1379, 2]",11,158,64,0
3565,"[1380, 0]",1,156,64,0
3566,"[1381, 0]",1,57,26,0
3567,"[1382, 0]",1,0,0,0
3568,"[1382, 1]",2,158,64,0
3569,"[1383, 0]",1,156,64,0
3570,"[1384, 0]",1,158,64,0
3571,"[1385, 0]",1,0,0,0
3572,"[1385, 1]",2,0,0,0
3573,"[1385, 2]",14,158,64,0
3574,"[1386, 0]",1,57,26,0
3575,"[1387, 0]",1,41,18,0
3576,"[1388, 0]",1,0,0,0
3577,"[1388, 1]",2,2,1,4
3578,"[1389, 0]",1,158,64,0
3579,"[1390, 0]",1,0,0,0
3580,"[1390, 1]",2,0,0,0
3581,"[1390, 2]",26,158,64,0
3582,"[1390, 3]",25,41,18,0
3583,"[1391, 0]",1,57,26,0
3584,"[1392, 0]",1,0,0,0
3585,"[1392, 1]",2,57,26,-1
3586,"[1393, 0]",1,0,0,0
3587,"[1393, 1]",3,156,64,0
3588,"[1393, 2]",2,2,1,0
3589,"[1394, 0]",1,41,18,0
3590,"[1395, 0]",1,158,64,0
3591,"[1396, 0]",1,0,0,0
3592,"[1396, 1]",16,158,64,0
3593,"[1396, 2]",15,0,0,0
3594,"[1396, 3]",14,0,0,0
3595,"[1396, 4]",12,0,0,0
3596,"[1396, 5]",8,0,0,0
3597,"[1396, 6]",7,0,0,0
3598,"[1396, 7]",6,0,0,0
3599,"[1396, 8]",5,0,0,0
3600,"[1396, 9]",4,0,0,0
3601,"[1396, 10]",2,0,0,0
3602,"[1396, 11]",96,41,18,0
3603,"[1396, 12]",93,0,0,0
3604,"[1396, 13]",91,158,64,0
3605,"[1396, 14]",90,2,1,0
3606,"[1396, 15]",88,0,0,0
3607,"[1396, 16]",84,158,64,0
3608,"[1396, 17]",82,0,0,0
3609,"[1396, 18]",73,0,0,0
3610,"[1396, 19]",65,0,0,0
3611,"[1396, 20]",61,0,0,0
3612,"[1396, 21]",54,158,64,0
3613,"[1396, 22]",50,41,18,0
3614,"[1396, 23]",46,59,28,0
3615,"[1396, 24]",357,0,0,0
3616,"[1396, 25]",326,0,0,0
3617,"[1396, 26]",265,0,0,0
3618,"[1396, 27]",188,0,0,0
3619,"[1396, 28]",147,158,64,0
3620,"[1396, 29]",127,0,0,0
3621,"[1396, 30]",125,0,0,0
3622,"[1396, 31]",124,0,0,0
3623,"[1396, 32]",910,0,0,0
3624,"[1396, 33]",909,0,0,0
3625,"[1396, 34]",906,158,64,0
3626,"[1396, 35]",904,0,0,0
3627,"[1396, 36]",889,57,26,0
3628,"[1396, 37]",738,41,18,0
3629,"[1396, 38]",716,158,64,0
3630,"[1396, 39]",707,158,64,0
3631,"[1396, 40]",677,158,64,8
3632,"[1396, 41]",1000,0,0,-1
3633,"[1396, 42]",973,57,26,0
3634,"[1396, 43]",1513,158,64,-1
3635,"[1397, 0]",1,0,0,0
3636,"[1397, 1]",2,2,1,-1
3637,"[1398, 0]",1,0,0,0
3638,"[1398, 1]",2,41,18,0
3639,"[1399, 0]",1,0,0,1
3640,"[1399, 1]",2,41,18,3
3641,"[1400, 0]",1,0,0,0
3642,"[1400, 1]",2,0,0,0
3643,"[1400, 2]",47,158,64,0
3644,"[1400, 3]",44,0,0,0
3645,"[1400, 4]",43,0,0,0
3646,"[1400, 5]",42,0,0,0
3647,"[1400, 6]",41,0,0,0
3648,"[1400, 7]",40,0,0,0
3649,"[1400, 8]",89,0,0,0
3650,"[1400, 9]",88,0,0,0
3651,"[1400, 10]",87,0,0,0
3652,"[1400, 11]",82,0,0,0
3653,"[1400, 12]",77,55,26,0
3654,"[1400, 13]",76,41,18,0
3655,"[1400, 14]",72,2,1,0
3656,"[1400, 15]",71,41,18,0
3657,"[1400, 16]",67,158,64,-1
3658,"[1400, 17]",179,41,18,0
3659,"[1400, 18]",148,158,64,0
3660,"[1400, 19]",139,41,18,0
3661,"[1400, 20]",134,0,0,0
3662,"[1400, 21]",623,41,18,0
3663,"[1401, 0]",1,0,0,0
3664,"[1401, 1]",2,156,64,0
3665,"[1402, 0]",1,158,64,0
3666,"[1403, 0]",1,0,0,0
3667,"[1403, 1]",2,41,18,0
3668,"[1404, 0]",1,54,24,0
3669,"[1405, 0]",1,0,0,0
3670,"[1405, 1]",5,158,64,0
3671,"[1405, 2]",4,0,0,0
3672,"[1405, 3]",3,0,0,0
3673,"[1405, 4]",2,0,0,0
3674,"[1405, 5]",64,158,64,0
3675,"[1405, 6]",61,0,0,0
3676,"[1405, 7]",54,41,18,0
3677,"[1405, 8]",50,158,64,0
3678,"[1406, 0]",1,0,0,0
3679,"[1406, 1]",2,57,26,0
3680,"[1407, 0]",1,0,0,0
3681,"[1407, 1]",2,158,64,0
3682,"[1408, 0]",1,41,18,0
3683,"[1409, 0]",1,2,1,0
3684,"[1410, 0]",1,0,0,0
3685,"[1410, 1]",2,158,64,0
3686,"[1411, 0]",1,0,0,0
3687,"[1411, 1]",3,0,0,0
3688,"[1411, 2]",2,158,64,0
3689,"[1411, 3]",8,53,24,0
3690,"[1412, 0]",1,0,0,0
3691,"[1412, 1]",2,41,18,0
3692,"[1413, 0]",1,0,0,0
3693,"[1413, 1]",2,0,0,0
3694,"[1413, 2]",17,0,0,0
3695,"[1413, 3]",26,2,1,3
3696,"[1414, 0]",1,0,0,0
3697,"[1414, 1]",2,156,64,0
3698,"[1415, 0]",1,0,0,0
3699,"[1415, 1]",2,0,0,0
3700,"[1415, 2]",22,156,64,0
3701,"[1416, 0]",1,0,0,0
3702,"[1416, 1]",2,158,64,0
3703,"[1417, 0]",1,158,64,0
3704,"[1418, 0]",1,41,18,0
3705,"[1419, 0]",1,0,0,0
3706,"[1419, 1]",2,57,26,8
3707,"[1420, 0]",1,158,64,0
3708,"[1421, 0]",1,0,0,0
3709,"[1421, 1]",2,158,64,0
3710,"[1422, 0]",1,158,64,0
3711,"[1423, 0]",1,158,64,0
3712,"[1424, 0]",1,51,24,0
3713,"[1425, 0]",1,57,26,0
3714,"[1426, 0]",1,156,64,0
3715,"[1427, 0]",1,57,26,0
3716,"[1428, 0]",1,158,64,0
3717,"[1429, 0]",1,0,0,0
3718,"[1429, 1]",7,0,0,0
3719,"[1429, 2]",5,0,0,0
3720,"[1429, 3]",4,0,0,0
3721,"[1429, 4]",3,0,0,0
3722,"[1429, 5]",2,0,0,0
3723,"[1429, 6]",43,0,0,0
3724,"[1429, 7]",42,0,0,0
3725,"[1429, 8]",41,0,0,0
3726,"[1429, 9]",36,0,0,0
3727,"[1429, 10]",35,0,0,0
3728,"[1429, 11]",30,158,64,0
3729,"[1429, 12]",27,158,64,0
3730,"[1429, 13]",24,59,28,0
3731,"[1429, 14]",109,2,1,0
3732,"[1429, 15]",108,0,0,0
3733,"[1429, 16]",106,0,0,0
3734,"[1429, 17]",102,158,64,0
3735,"[1429, 18]",79,0,0,0
3736,"[1429, 19]",78,0,0,0
3737,"[1429, 20]",76,0,0,0
3738,"[1429, 21]",74,0,0,0
3739,"[1429, 22]",69,57,26,0
3740,"[1429, 23]",68,0,0,0
3741,"[1429, 24]",60,158,64,0
3742,"[1429, 25]",336,41,18,0
3743,"[1429, 26]",304,158,64,0
3744,"[1429, 27]",284,41,18,0
3745,"[1429, 28]",271,158,64,0
3746,"[1429, 29]",268,158,64,3
3747,"[1429, 30]",230,2,1,0
3748,"[1429, 31]",215,2,1,0
3749,"[1430, 0]",1,158,64,0
3750,"[1431, 0]",1,59,28,0
3751,"[1432, 0]",1,0,0,0
3752,"[1432, 1]",3,2,1,0
3753,"[1432, 2]",2,41,18,0
3754,"[1433, 0]",1,2,1,0
3755,"[1434, 0]",1,41,18,0
3756,"[1435, 0]",1,156,64,0
3757,"[1436, 0]",1,156,64,0
3758,"[1437, 0]",1,0,0,1
3759,"[1437, 1]",2,0,0,-1
3760,"[1437, 2]",21,54,24,7
3761,"[1438, 0]",1,158,64,0
3762,"[1439, 0]",1,0,0,0
3763,"[1439, 1]",2,0,0,0
3764,"[1439, 2]",27,158,64,1
3765,"[1440, 0]",1,0,0,0
3766,"[1440, 1]",2,0,0,0
3767,"[1440, 2]",16,61,28,20
3768,"[1441, 0]",1,0,0,0
3769,"[1441, 1]",2,156,64,0
3770,"[1442, 0]",1,0,0,0
3771,"[1442, 1]",2,158,64,0
3772,"[1443, 0]",1,158,64,0
3773,"[1444, 0]",1,2,1,0
3774,"[1445, 0]",1,158,64,0
3775,"[1446, 0]",1,41,18,0
3776,"[1447, 0]",1,57,26,0
3777,"[1448, 0]",1,0,0,0
3778,"[1448, 1]",2,0,0,0
3779,"[1448, 2]",20,158,64,0
3780,"[1449, 0]",1,0,0,0
3781,"[1449, 1]",2,0,0,0
3782,"[1449, 2]",15,0,0,0
3783,"[1449, 3]",37,41,18,0
3784,"[1450, 0]",1,0,0,0
3785,"[1450, 1]",5,158,64,0
3786,"[1450, 2]",3,0,0,0
3787,"[1450, 3]",2,0,0,0
3788,"[1450, 4]",25,0,0,0
3789,"[1450, 5]",19,0,0,0
3790,"[1450, 6]",18,0,0,0
3791,"[1450, 7]",85,158,64,0
3792,"[1450, 8]",82,0,0,0
3793,"[1450, 9]",80,0,0,0
3794,"[1450, 10]",76,0,0,0
3795,"[1450, 11]",75,57,26,0
3796,"[1450, 12]",56,0,0,0
3797,"[1450, 13]",223,41,18,0
3798,"[1450, 14]",222,2,1,0
3799,"[1450, 15]",153,2,1,0
3800,"[1450, 16]",126,0,0,0
3801,"[1450, 17]",121,41,18,0
3802,"[1450, 18]",372,0,0,0
3803,"[1450, 19]",369,0,0,0
3804,"[1450, 20]",368,0,0,0
3805,"[1450, 21]",556,41,18,0
3806,"[1450, 22]",552,0,0,0
3807,"[1450, 23]",526,0,0,0
3808,"[1450, 24]",770,0,0,0
3809,"[1450, 25]",876,0,0,0
3810,"[1450, 26]",956,41,18,0
3811,"[1451, 0]",1,0,0,0
3812,"[1451, 1]",2,2,1,0
3813,"[1452, 0]",1,41,18,0
3814,"[1453, 0]",1,158,64,0
3815,"[1454, 0]",1,0,0,0
3816,"[1454, 1]",2,156,64,0
3817,"[1455, 0]",1,0,0,0
3818,"[1455, 1]",8,158,64,2
3819,"[1455, 2]",6,2,1,1
3820,"[1455, 3]",2,0,0,-1
3821,"[1456, 0]",1,158,64,0
3822,"[1457, 0]",1,57,26,0
3823,"[1458, 0]",1,0,0,0
3824,"[1458, 1]",2,2,1,0
3825,"[1459, 0]",1,61,28,0
3826,"[1460, 0]",1,57,26,0
3827,"[1461, 0]",1,0,0,0
3828,"[1461, 1]",2,57,26,0
3829,"[1462, 0]",1,0,0,0
3830,"[1462, 1]",2,0,0,0
3831,"[1462, 2]",18,2,1,0
3832,"[1463, 0]",1,0,0,0
3833,"[1463, 1]",2,0,0,0
3834,"[1463, 2]",42,0,0,0
3835,"[1463, 3]",41,0,0,0
3836,"[1463, 4]",73,57,26,2
3837,"[1463, 5]",70,0,0,0
3838,"[1463, 6]",122,59,28,0
3839,"[1464, 0]",1,0,0,0
3840,"[1464, 1]",3,2,1,0
3841,"[1464, 2]",2,0,0,0
3842,"[1464, 3]",25,158,64,0
3843,"[1465, 0]",1,0,0,0
3844,"[1465, 1]",3,41,18,0
3845,"[1465, 2]",2,57,26,0
3846,"[1466, 0]",1,0,0,0
3847,"[1466, 1]",2,0,0,0
3848,"[1466, 2]",14,2,1,0
3849,"[1467, 0]",1,0,0,0
3850,"[1467, 1]",2,158,64,0
3851,"[1468, 0]",1,0,0,0
3852,"[1468, 1]",2,158,64,0
3853,"[1469, 0]",1,158,64,0
3854,"[1470, 0]",1,158,64,0
3855,"[1471, 0]",1,41,18,0
3856,"[1472, 0]",1,0,0,0
3857,"[1472, 1]",2,53,24,-1
3858,"[1473, 0]",1,0,0,0
3859,"[1473, 1]",2,0,0,0
3860,"[1473, 2]",31,57,26,0
3861,"[1474, 0]",1,0,0,0
3862,"[1474, 1]",2,57,26,0
3863,"[1475, 0]",1,0,0,0
3864,"[1475, 1]",2,158,64,11
3865,"[1476, 0]",1,54,24,0
3866,"[1477, 0]",1,57,26,0
3867,"[1478, 0]",1,57,26,0
3868,"[1479, 0]",1,41,18,0
3869,"[1480, 0]",1,41,18,0
3870,"[1481, 0]",1,0,0,0
3871,"[1481, 1]",2,158,64,0
3872,"[1482, 0]",1,158,64,0
3873,"[1483, 0]",1,0,0,0
3874,"[1483, 1]",7,0,0,0
3875,"[1483, 2]",6,0,0,0
3876,"[1483, 3]",5,158,64,0
3877,"[1483, 4]",3,0,0,0
3878,"[1483, 5]",2,0,0,0
3879,"[1483, 6]",49,158,64,0
3880,"[1483, 7]",48,41,18,0
3881,"[1483, 8]",45,0,0,0
3882,"[1483, 9]",36,158,64,0
3883,"[1483, 10]",17,0,0,0
3884,"[1483, 11]",14,158,64,0
3885,"[1483, 12]",209,158,64,10
3886,"[1483, 13]",84,57,26,0
3887,"[1483, 14]",83,0,0,0
3888,"[1483, 15]",425,41,18,0
3889,"[1483, 16]",424,0,0,0
3890,"[1483, 17]",610,158,64,0
3891,"[1484, 0]",1,54,24,0
3892,"[1485, 0]",1,158,64,0
3893,"[1486, 0]",1,0,0,0
3894,"[1486, 1]",2,158,64,0
3895,"[1487, 0]",1,158,64,0
3896,"[1488, 0]",1,53,24,0
3897,"[1489, 0]",1,158,64,0
3898,"[1490, 0]",1,158,64,0
3899,"[1491, 0]",1,0,0,0
3900,"[1491, 1]",2,0,0,0
3901,"[1491, 2]",35,0,0,-1
3902,"[1491, 3]",93,158,64,-1
3903,"[1492, 0]",1,0,0,1
3904,"[1492, 1]",2,57,26,0
3905,"[1493, 0]",1,156,64,0
3906,"[1494, 0]",1,158,64,0
3907,"[1495, 0]",1,158,64,0
3908,"[1496, 0]",1,158,64,0
3909,"[1497, 0]",1,41,18,0
3910,"[1498, 0]",1,0,0,0
3911,"[1498, 1]",2,0,0,0
3912,"[1498, 2]",34,156,64,0
3913,"[1499, 0]",1,41,18,0
3914,"[1500, 0]",1,156,64,0
3915,"[1501, 0]",1,0,0,0
3916,"[1501, 1]",2,158,64,0
3917,"[1502, 0]",1,0,0,0
3918,"[1502, 1]",2,158,64,0
3919,"[1503, 0]",1,0,0,0
3920,"[1503, 1]",2,57,26,0
3921,"[1504, 0]",1,158,64,0
3922,"[1505, 0]",1,0,0,0
3923,"[1505, 1]",2,0,0,0
3924,"[1505, 2]",15,158,64,0
3925,"[1506, 0]",1,158,64,0
3926,"[1507, 0]",1,0,0,0
3927,"[1507, 1]",2,2,1,0
3928,"[1508, 0]",1,0,0,0
3929,"[1508, 1]",2,158,64,0
3930,"[1509, 0]",1,0,0,0
3931,"[1509, 1]",5,158,64,0
3932,"[1509, 2]",3,0,0,0
3933,"[1509, 3]",36,0,0,0
3934,"[1509, 4]",32,0,0,0
3935,"[1509, 5]",73,59,28,0
3936,"[1509, 6]",59,0,0,0
3937,"[1509, 7]",143,158,64,0
3938,"[1510, 0]",1,158,64,0
3939,"[1511, 0]",1,0,0,1
3940,"[1511, 1]",2,158,64,5
3941,"[1512, 0]",1,0,0,0
3942,"[1512, 1]",2,158,64,0
3943,"[1513, 0]",1,53,24,0
3944,"[1514, 0]",1,0,0,0
3945,"[1514, 1]",4,156,64,0
3946,"[1514, 2]",3,0,0,0
3947,"[1514, 3]",12,57,26,0
3948,"[1515, 0]",1,158,64,0
3949,"[1516, 0]",1,0,0,0
3950,"[1516, 1]",5,158,64,0
3951,"[1516, 2]",3,0,0,0
3952,"[1516, 3]",2,0,0,0
3953,"[1516, 4]",49,0,0,0
3954,"[1516, 5]",48,0,0,0
3955,"[1516, 6]",44,158,64,0
3956,"[1516, 7]",83,0,0,0
3957,"[1516, 8]",75,158,64,0
3958,"[1516, 9]",279,158,64,0
3959,"[1517, 0]",1,0,0,0
3960,"[1517, 1]",2,41,18,0
3961,"[1518, 0]",1,2,1,0
3962,"[1519, 0]",1,53,24,0
3963,"[1520, 0]",1,0,0,0
3964,"[1520, 1]",4,41,18,0
3965,"[1520, 2]",2,0,0,0
3966,"[1520, 3]",34,0,0,0
3967,"[1520, 4]",50,0,0,-1
3968,"[1520, 5]",176,0,0,-1
3969,"[1520, 6]",219,158,64,-1
3970,"[1521, 0]",1,0,0,0
3971,"[1521, 1]",2,41,18,0
3972,"[1522, 0]",1,0,0,0
3973,"[1522, 1]",2,0,0,0
3974,"[1522, 2]",29,0,0,0
3975,"[1522, 3]",43,158,64,-1
3976,"[1523, 0]",1,0,0,1
3977,"[1523, 1]",2,0,0,0
3978,"[1523, 2]",67,59,28,4
3979,"[1524, 0]",1,158,64,0
3980,"[1525, 0]",1,41,18,0
3981,"[1526, 0]",1,0,0,0
3982,"[1526, 1]",2,158,64,0
3983,"[1527, 0]",1,0,0,1
3984,"[1527, 1]",3,158,64,0
3985,"[1527, 2]",2,0,0,0
3986,"[1527, 3]",23,0,0,0
3987,"[1527, 4]",35,158,64,0
3988,"[1528, 0]",1,0,0,0
3989,"[1528, 1]",6,0,0,0
3990,"[1528, 2]",5,0,0,0
3991,"[1528, 3]",2,0,0,0
3992,"[1528, 4]",32,0,0,0
3993,"[1528, 5]",19,158,64,0
3994,"[1528, 6]",16,2,1,3
3995,"[1528, 7]",103,0,0,0
3996,"[1528, 8]",264,37,18,0
3997,"[1529, 0]",1,41,18,0
3998,"[1530, 0]",1,0,0,0
3999,"[1530, 1]",2,57,26,0
4000,"[1531, 0]",1,0,0,0
4001,"[1531, 1]",2,0,0,0
4002,"[1531, 2]",18,2,1,0
4003,"[1532, 0]",1,158,64,1
4004,"[1533, 0]",1,41,18,0
4005,"[1534, 0]",1,0,0,0
4006,"[1534, 1]",2,57,26,0
4007,"[1535, 0]",1,2,1,0
4008,"[1536, 0]",1,0,0,0
4009,"[1536, 1]",2,158,64,0
4010,"[1537, 0]",1,0,0,0
4011,"[1537, 1]",2,0,0,0
4012,"[1537, 2]",19,57,26,0
4013,"[1538, 0]",1,0,0,0
4014,"[1538, 1]",2,41,18,0
4015,"[1539, 0]",1,41,18,0
4016,"[1540, 0]",1,41,18,0
4017,"[1541, 0]",1,158,64,0
4018,"[1542, 0]",1,0,0,0
4019,"[1542, 1]",2,2,1,0
4020,"[1543, 0]",1,0,0,0
4021,"[1543, 1]",2,37,18,0
4022,"[1544, 0]",1,0,0,0
4023,"[1544, 1]",2,158,64,-1
4024,"[1545, 0]",1,62,28,0
4025,"[1546, 0]",1,2,1,0
4026,"[1547, 0]",1,41,18,0
4027,"[1548, 0]",1,41,18,0
4028,"[1549, 0]",1,41,18,0
4029,"[1550, 0]",1,0,0,0
4030,"[1550, 1]",2,41,18,0
4031,"[1551, 0]",1,156,64,0
4032,"[1552, 0]",1,0,0,0
4033,"[1552, 1]",2,0,0,-1
4034,"[1552, 2]",17,2,1,-1
4035,"[1553, 0]",1,158,64,0
4036,"[1554, 0]",1,41,18,0
4037,"[1555, 0]",1,158,64,0
4038,"[1556, 0]",1,2,1,0
4039,"[1557, 0]",1,0,0,0
4040,"[1557, 1]",2,51,24,0
4041,"[1558, 0]",1,158,64,0
4042,"[1559, 0]",1,158,64,0
4043,"[1560, 0]",1,0,0,0
4044,"[1560, 1]",3,158,64,0
4045,"[1560, 2]",2,57,26,0
4046,"[1561, 0]",1,0,0,0
4047,"[1561, 1]",3,0,0,0
4048,"[1561, 2]",2,41,18,0
4049,"[1561, 3]",28,41,18,8
4050,"[1562, 0]",1,57,26,0
4051,"[1563, 0]",1,77,32,0
4052,"[1564, 0]",1,0,0,0
4053,"[1564, 1]",2,0,0,0
4054,"[1564, 2]",20,2,1,0
4055,"[1565, 0]",1,0,0,0
4056,"[1565, 1]",2,0,0,0
4057,"[1565, 2]",11,156,64,0
4058,"[1566, 0]",1,156,64,0
4059,"[1567, 0]",1,0,0,0
4060,"[1567, 1]",4,158,64,-1
4061,"[1568, 0]",1,0,0,0
4062,"[1568, 1]",2,158,64,0
4063,"[1569, 0]",1,0,0,0
4064,"[1569, 1]",2,0,0,0
4065,"[1569, 2]",25,41,18,0
4066,"[1570, 0]",1,0,0,0
4067,"[1570, 1]",2,41,18,0
4068,"[1571, 0]",1,158,64,0
4069,"[1572, 0]",1,41,18,0
4070,"[1573, 0]",1,0,0,0
4071,"[1573, 1]",2,0,0,0
4072,"[1573, 2]",29,2,1,0
4073,"[1574, 0]",1,0,0,0
4074,"[1574, 1]",2,41,18,0
4075,"[1575, 0]",1,0,0,0
4076,"[1575, 1]",2,0,0,0
4077,"[1575, 2]",15,158,64,0
4078,"[1576, 0]",1,57,26,0
4079,"[1577, 0]",1,0,0,0
4080,"[1577, 1]",2,41,18,7
4081,"[1578, 0]",1,0,0,0
4082,"[1578, 1]",10,158,64,0
4083,"[1578, 2]",7,0,0,0
4084,"[1578, 3]",6,0,0,0
4085,"[1578, 4]",3,0,0,0
4086,"[1578, 5]",2,0,0,0
4087,"[1578, 6]",62,0,0,0
4088,"[1578, 7]",56,41,18,0
4089,"[1578, 8]",52,0,0,0
4090,"[1578, 9]",48,156,64,0
4091,"[1578, 10]",171,41,18,0
4092,"[1578, 11]",134,57,26,0
4093,"[1579, 0]",1,158,64,0
4094,"[1580, 0]",1,0,0,0
4095,"[1580, 1]",2,158,64,0
4096,"[1581, 0]",1,0,0,0
4097,"[1581, 1]",2,158,64,5
4098,"[1582, 0]",1,0,0,0
4099,"[1582, 1]",5,158,64,0
4100,"[1582, 2]",3,0,0,0
4101,"[1582, 3]",2,0,0,0
4102,"[1582, 4]",44,156,64,0
4103,"[1582, 5]",39,156,64,0
4104,"[1583, 0]",1,0,0,0
4105,"[1583, 1]",2,54,24,14
4106,"[1584, 0]",1,158,64,0
4107,"[1585, 0]",1,0,0,0
4108,"[1585, 1]",2,158,64,0
4109,"[1586, 0]",1,0,0,0
4110,"[1587, 0]",1,0,0,0
4111,"[1587, 1]",7,57,26,0
4112,"[1587, 2]",6,2,1,0
4113,"[1587, 3]",5,0,0,0
4114,"[1587, 4]",2,0,0,0
4115,"[1587, 5]",26,0,0,0
4116,"[1587, 6]",22,156,64,0
4117,"[1587, 7]",57,0,0,0
4118,"[1587, 8]",258,57,26,0
4119,"[1588, 0]",1,0,0,0
4120,"[1588, 1]",2,57,26,0
4121,"[1589, 0]",1,158,64,0
4122,"[1590, 0]",1,158,64,0
4123,"[1591, 0]",1,0,0,0
4124,"[1591, 1]",2,0,0,0
4125,"[1591, 2]",41,158,64,0
4126,"[1591, 3]",40,156,64,0
4127,"[1591, 4]",39,0,0,0
4128,"[1591, 5]",61,63,28,0
4129,"[1592, 0]",1,0,0,0
4130,"[1592, 1]",5,158,64,0
4131,"[1592, 2]",3,0,0,0
4132,"[1592, 3]",2,0,0,0
4133,"[1592, 4]",26,158,64,1
4134,"[1592, 5]",23,156,64,-1
4135,"[1593, 0]",1,0,0,0
4136,"[1593, 1]",2,0,0,0
4137,"[1593, 2]",32,158,64,8
4138,"[1594, 0]",1,0,0,0
4139,"[1594, 1]",5,0,0,0
4140,"[1594, 2]",2,0,0,0
4141,"[1594, 3]",30,158,64,0
4142,"[1594, 4]",10,158,64,10
4143,"[1595, 0]",1,54,24,0
4144,"[1596, 0]",1,2,1,0
4145,"[1597, 0]",1,0,0,0
4146,"[1597, 1]",3,0,0,0
4147,"[1597, 2]",2,0,0,0
4148,"[1597, 3]",33,54,24,29
4149,"[1597, 4]",30,41,18,0
4150,"[1598, 0]",1,158,64,0
4151,"[1599, 0]",1,2,1,0
4152,"[1600, 0]",1,0,0,0
4153,"[1600, 1]",7,158,64,0
4154,"[1600, 2]",6,0,0,0
4155,"[1600, 3]",5,0,0,0
4156,"[1600, 4]",3,0,0,0
4157,"[1600, 5]",49,0,0,0
4158,"[1600, 6]",48,41,18,0
4159,"[1600, 7]",28,158,64,0
4160,"[1600, 8]",24,158,64,0
4161,"[1600, 9]",64,57,26,0
4162,"[1601, 0]",1,0,0,0
4163,"[1601, 1]",5,158,64,0
4164,"[1601, 2]",3,158,64,0
4165,"[1601, 3]",2,0,0,0
4166,"[1601, 4]",16,158,64,0
4167,"[1602, 0]",1,57,26,1
4168,"[1603, 0]",1,54,24,0
4169,"[1604, 0]",1,0,0,0
4170,"[1604, 1]",2,158,64,0
4171,"[1605, 0]",1,0,0,0
4172,"[1605, 1]",2,0,0,0
4173,"[1605, 2]",38,156,64,0
4174,"[1606, 0]",1,2,1,0
4175,"[1607, 0]",1,0,0,0
4176,"[1607, 1]",2,41,18,20
4177,"[1608, 0]",1,0,0,0
4178,"[1608, 1]",2,57,26,0
4179,"[1609, 0]",1,41,18,0
4180,"[1610, 0]",1,0,0,0
4181,"[1610, 1]",2,41,18,0
4182,"[1611, 0]",1,41,18,0
4183,"[1612, 0]",1,0,0,0
4184,"[1612, 1]",2,158,64,0
4185,"[1613, 0]",1,0,0,0
4186,"[1613, 1]",2,41,18,0
4187,"[1614, 0]",1,59,28,1
4188,"[1615, 0]",1,0,0,0
4189,"[1615, 1]",2,0,0,11
4190,"[1615, 2]",12,59,28,1
4191,"[1616, 0]",1,0,0,0
4192,"[1616, 1]",2,158,64,0
4193,"[1617, 0]",1,158,64,0
4194,"[1618, 0]",1,156,64,0
4195,"[1619, 0]",1,0,0,0
4196,"[1619, 1]",2,158,64,51
4197,"[1620, 0]",1,158,64,0
4198,"[1621, 0]",1,0,0,0
4199,"[1621, 1]",2,57,26,0
4200,"[1622, 0]",1,0,0,0
4201,"[1622, 1]",2,156,64,0
4202,"[1623, 0]",1,2,1,0
4203,"[1624, 0]",1,0,0,0
4204,"[1624, 1]",2,158,64,0
4205,"[1625, 0]",1,41,18,0
4206,"[1626, 0]",1,0,0,0
4207,"[1626, 1]",2,41,18,0
4208,"[1627, 0]",1,57,26,1
4209,"[1628, 0]",1,158,64,0
4210,"[1629, 0]",1,0,0,0
4211,"[1629, 1]",2,2,1,0
4212,"[1630, 0]",1,0,0,1
4213,"[1630, 1]",7,158,64,0
4214,"[1630, 2]",3,0,0,0
4215,"[1630, 3]",2,0,0,0
4216,"[1630, 4]",48,0,0,0
4217,"[1630, 5]",46,0,0,0
4218,"[1630, 6]",45,0,0,0
4219,"[1630, 7]",43,41,18,0
4220,"[1630, 8]",84,54,24,2
4221,"[1630, 9]",82,0,0,-1
4222,"[1630, 10]",80,0,0,4
4223,"[1630, 11]",71,57,26,0
4224,"[1630, 12]",65,41,18,0
4225,"[1630, 13]",268,41,18,0
4226,"[1630, 14]",265,0,0,6
4227,"[1630, 15]",532,41,18,5
4228,"[1631, 0]",1,0,0,0
4229,"[1631, 1]",2,0,0,0
4230,"[1631, 2]",26,57,26,0
4231,"[1632, 0]",1,0,0,0
4232,"[1632, 1]",5,156,64,0
4233,"[1632, 2]",2,0,0,0
4234,"[1632, 3]",38,0,0,0
4235,"[1632, 4]",54,41,18,0
4236,"[1632, 5]",53,0,0,0
4237,"[1632, 6]",113,41,18,0
4238,"[1633, 0]",1,0,0,0
4239,"[1633, 1]",2,156,64,0
4240,"[1634, 0]",1,0,0,0
4241,"[1634, 1]",2,0,0,0
4242,"[1634, 2]",67,64,29,0
4243,"[1634, 3]",65,0,0,0
4244,"[1634, 4]",90,0,0,0
4245,"[1634, 5]",133,0,0,0
4246,"[1634, 6]",252,0,0,0
4247,"[1634, 7]",268,41,18,0
4248,"[1635, 0]",1,0,0,1
4249,"[1635, 1]",2,158,64,0
4250,"[1636, 0]",1,0,0,0
4251,"[1636, 1]",2,158,64,0
4252,"[1637, 0]",1,156,64,0
4253,"[1638, 0]",1,2,1,0
4254,"[1639, 0]",1,158,64,0
4255,"[1640, 0]",1,37,18,0
4256,"[1641, 0]",1,2,1,0
4257,"[1642, 0]",1,156,64,0
4258,"[1643, 0]",1,55,26,0
4259,"[1644, 0]",1,156,64,0
4260,"[1645, 0]",1,41,18,0
4261,"[1646, 0]",1,54,24,0
4262,"[1647, 0]",1,0,0,0
4263,"[1647, 1]",2,158,64,0
4264,"[1648, 0]",1,158,64,0
4265,"[1649, 0]",1,0,0,0
4266,"[1649, 1]",2,0,0,0
4267,"[1649, 2]",30,158,64,0
4268,"[1650, 0]",1,0,0,0
4269,"[1650, 1]",2,158,64,0
4270,"[1651, 0]",1,0,0,0
4271,"[1651, 1]",2,0,0,0
4272,"[1651, 2]",53,158,64,0
4273,"[1652, 0]",1,0,0,0
4274,"[1652, 1]",2,158,64,0
4275,"[1653, 0]",1,41,18,0
4276,"[1654, 0]",1,0,0,0
4277,"[1654, 1]",2,158,64,0
4278,"[1655, 0]",1,0,0,0
4279,"[1655, 1]",4,57,26,0
4280,"[1655, 2]",2,0,0,0
4281,"[1655, 3]",19,158,64,1
4282,"[1656, 0]",1,0,0,0
4283,"[1656, 1]",2,158,64,0
4284,"[1657, 0]",1,0,0,0
4285,"[1657, 1]",2,57,26,0
4286,"[1658, 0]",1,0,0,0
4287,"[1658, 1]",2,158,64,0
4288,"[1659, 0]",1,0,0,0
4289,"[1659, 1]",2,0,0,0
4290,"[1659, 2]",23,57,26,0
4291,"[1659, 3]",21,158,64,0
4292,"[1659, 4]",18,0,0,0
4293,"[1659, 5]",17,0,0,0
4294,"[1659, 6]",16,0,0,0
4295,"[1659, 7]",76,0,0,0
4296,"[1659, 8]",70,0,0,0
4297,"[1659, 9]",66,158,64,0
4298,"[1659, 10]",145,41,18,0
4299,"[1659, 11]",103,158,64,0
4300,"[1660, 0]",1,0,0,0
4301,"[1660, 1]",2,0,0,0
4302,"[1660, 2]",16,2,1,0
4303,"[1661, 0]",1,2,1,0
4304,"[1662, 0]",1,41,18,0
4305,"[1663, 0]",1,158,64,0
4306,"[1664, 0]",1,158,64,1
4307,"[1665, 0]",1,0,0,1
4308,"[1665, 1]",6,158,64,2
4309,"[1665, 2]",5,0,0,1
4310,"[1665, 3]",2,0,0,-1
4311,"[1665, 4]",47,158,64,1
4312,"[1665, 5]",36,158,64,1
4313,"[1666, 0]",1,0,0,0
4314,"[1666, 1]",2,0,0,0
4315,"[1666, 2]",26,158,64,0
4316,"[1667, 0]",1,156,64,0
4317,"[1668, 0]",1,39,18,0
4318,"[1669, 0]",1,41,18,0
4319,"[1670, 0]",1,41,18,0
4320,"[1671, 0]",1,41,18,0
4321,"[1672, 0]",1,158,64,0
4322,"[1673, 0]",1,0,0,0
4323,"[1673, 1]",2,156,64,0
4324,"[1674, 0]",1,2,1,0
4325,"[1675, 0]",1,0,0,0
4326,"[1675, 1]",8,158,64,0
4327,"[1675, 2]",5,0,0,0
4328,"[1675, 3]",2,0,0,0
4329,"[1675, 4]",72,0,0,0
4330,"[1675, 5]",71,0,0,0
4331,"[1675, 6]",67,0,0,0
4332,"[1675, 7]",53,158,64,0
4333,"[1675, 8]",132,158,64,0
4334,"[1675, 9]",131,0,0,0
4335,"[1675, 10]",101,41,18,0
4336,"[1675, 11]",97,57,26,7
4337,"[1675, 12]",279,57,26,0
4338,"[1676, 0]",1,0,0,0
4339,"[1676, 1]",2,0,0,0
4340,"[1676, 2]",87,156,64,0
4341,"[1677, 0]",1,57,26,1
4342,"[1678, 0]",1,41,18,0
4343,"[1679, 0]",1,0,0,0
4344,"[1679, 1]",3,0,0,0
4345,"[1679, 2]",2,0,0,0
4346,"[1679, 3]",11,61,28,-1
4347,"[1679, 4]",8,0,0,-1
4348,"[1679, 5]",35,57,26,11
4349,"[1680, 0]",1,158,64,0
4350,"[1681, 0]",1,158,64,0
4351,"[1682, 0]",1,0,0,0
4352,"[1682, 1]",5,158,64,0
4353,"[1682, 2]",2,0,0,0
4354,"[1682, 3]",49,158,64,0
4355,"[1682, 4]",48,0,0,0
4356,"[1682, 5]",47,0,0,0
4357,"[1682, 6]",78,57,26,0
4358,"[1682, 7]",75,156,64,0
4359,"[1683, 0]",1,61,28,0
4360,"[1684, 0]",1,0,0,0
4361,"[1684, 1]",2,156,64,0
4362,"[1685, 0]",1,0,0,0
4363,"[1685, 1]",2,0,0,0
4364,"[1685, 2]",56,156,64,0
4365,"[1686, 0]",1,2,1,0
4366,"[1687, 0]",1,41,18,0
4367,"[1688, 0]",1,57,26,0
4368,"[1689, 0]",1,158,64,0
4369,"[1690, 0]",1,158,64,0
4370,"[1691, 0]",1,158,64,0
4371,"[1692, 0]",1,0,0,0
4372,"[1692, 1]",2,2,1,0
4373,"[1693, 0]",1,0,0,0
4374,"[1693, 1]",2,158,64,32
4375,"[1694, 0]",1,0,0,0
4376,"[1694, 1]",2,57,26,0
4377,"[1695, 0]",1,2,1,0
4378,"[1696, 0]",1,41,18,0
4379,"[1697, 0]",1,0,0,0
4380,"[1697, 1]",6,158,64,0
4381,"[1697, 2]",5,158,64,0
4382,"[1698, 0]",1,0,0,0
4383,"[1698, 1]",5,158,64,0
4384,"[1698, 2]",4,41,18,0
4385,"[1699, 0]",1,158,64,0
4386,"[1700, 0]",1,156,64,1
4387,"[1701, 0]",1,0,0,0
4388,"[1701, 1]",2,158,64,17
4389,"[1702, 0]",1,0,0,0
4390,"[1702, 1]",2,158,64,0
4391,"[1703, 0]",1,57,26,0
4392,"[1704, 0]",1,41,18,0
4393,"[1705, 0]",1,0,0,1
4394,"[1705, 1]",3,0,0,0
4395,"[1705, 2]",70,41,18,0
4396,"[1705, 3]",69,0,0,0
4397,"[1705, 4]",68,0,0,0
4398,"[1705, 5]",90,158,64,0
4399,"[1705, 6]",87,156,64,0
4400,"[1706, 0]",1,0,0,0
4401,"[1706, 1]",2,158,64,-1
4402,"[1707, 0]",1,0,0,0
4403,"[1707, 1]",2,158,64,0
4404,"[1708, 0]",1,158,64,0
4405,"[1709, 0]",1,0,0,0
4406,"[1709, 1]",2,54,24,0
4407,"[1710, 0]",1,0,0,0
4408,"[1710, 1]",2,0,0,0
4409,"[1710, 2]",31,0,0,0
4410,"[1710, 3]",46,158,64,0
4411,"[1711, 0]",1,41,18,0
4412,"[1712, 0]",1,158,64,0
4413,"[1713, 0]",1,0,0,0
4414,"[1713, 1]",3,158,64,0
4415,"[1713, 2]",2,57,26,0
4416,"[1714, 0]",1,156,64,0
4417,"[1715, 0]",1,0,0,0
4418,"[1715, 1]",2,156,64,0
4419,"[1716, 0]",1,158,64,0
4420,"[1717, 0]",1,0,0,0
4421,"[1717, 1]",2,0,0,0
4422,"[1717, 2]",25,0,0,0
4423,"[1717, 3]",36,158,64,0
4424,"[1718, 0]",1,0,0,0
4425,"[1719, 0]",1,0,0,0
4426,"[1719, 1]",5,156,64,-1
4427,"[1719, 2]",2,156,64,-1
4428,"[1720, 0]",1,0,0,0
4429,"[1720, 1]",6,0,0,0
4430,"[1720, 2]",5,0,0,0
4431,"[1720, 3]",3,0,0,0
4432,"[1720, 4]",2,0,0,0
4433,"[1720, 5]",61,0,0,1
4434,"[1720, 6]",60,0,0,1
4435,"[1720, 7]",57,158,64,1
4436,"[1720, 8]",55,0,0,1
4437,"[1720, 9]",52,0,0,0
4438,"[1720, 10]",49,0,0,0
4439,"[1720, 11]",166,158,64,0
4440,"[1720, 12]",157,158,64,5
4441,"[1720, 13]",144,158,64,0
4442,"[1720, 14]",96,158,64,0
4443,"[1720, 15]",93,0,0,-1
4444,"[1720, 16]",293,55,26,3
4445,"[1721, 0]",1,0,0,0
4446,"[1721, 1]",6,0,0,-1
4447,"[1721, 2]",5,0,0,-1
4448,"[1721, 3]",3,0,0,-1
4449,"[1721, 4]",2,0,0,3
4450,"[1721, 5]",88,158,64,0
4451,"[1721, 6]",87,0,0,0
4452,"[1721, 7]",84,0,0,0
4453,"[1721, 8]",82,156,64,12
4454,"[1721, 9]",80,158,64,-1
4455,"[1721, 10]",79,2,1,-1
4456,"[1721, 11]",71,0,0,-1
4457,"[1721, 12]",66,0,0,-1
4458,"[1721, 13]",239,0,0,-1
4459,"[1721, 14]",210,158,64,1
4460,"[1721, 15]",110,0,0,0
4461,"[1721, 16]",95,158,64,0
4462,"[1721, 17]",444,0,0,0
4463,"[1721, 18]",267,41,18,51
4464,"[1721, 19]",617,158,64,0
4465,"[1722, 0]",1,0,0,0
4466,"[1722, 1]",2,0,0,0
4467,"[1722, 2]",19,158,64,0
4468,"[1723, 0]",1,0,0,0
4469,"[1723, 1]",5,59,28,0
4470,"[1723, 2]",4,57,26,0
4471,"[1723, 3]",2,0,0,0
4472,"[1723, 4]",33,0,0,0
4473,"[1723, 5]",48,158,64,0
4474,"[1724, 0]",1,158,64,0
4475,"[1725, 0]",1,158,64,0
4476,"[1726, 0]",1,158,64,0
4477,"[1727, 0]",1,158,64,1
4478,"[1728, 0]",1,156,64,0
4479,"[1729, 0]",1,57,26,0
4480,"[1730, 0]",1,158,64,0
4481,"[1731, 0]",1,0,0,0
4482,"[1731, 1]",2,0,0,0
4483,"[1731, 2]",29,158,64,4
4484,"[1732, 0]",1,0,0,0
4485,"[1732, 1]",2,158,64,0
4486,"[1733, 0]",1,158,64,0
4487,"[1734, 0]",1,0,0,0
4488,"[1734, 1]",2,57,26,0
4489,"[1735, 0]",1,2,1,0
4490,"[1736, 0]",1,0,0,0
4491,"[1736, 1]",2,0,0,0
4492,"[1736, 2]",38,0,0,0
4493,"[1737, 0]",1,0,0,0
4494,"[1737, 1]",2,41,18,0
4495,"[1738, 0]",1,158,64,0
4496,"[1739, 0]",1,158,64,0
4497,"[1740, 0]",1,158,64,0
4498,"[1741, 0]",1,53,24,1
4499,"[1742, 0]",1,41,18,0
4500,"[1743, 0]",1,0,0,0
4501,"[1743, 1]",2,41,18,0
4502,"[1744, 0]",1,0,0,0
4503,"[1744, 1]",6,0,0,0
4504,"[1744, 2]",5,0,0,0
4505,"[1744, 3]",3,156,64,0
4506,"[1744, 4]",16,158,64,-1
4507,"[1744, 5]",13,158,64,-1
4508,"[1745, 0]",1,158,64,0
4509,"[1746, 0]",1,0,0,0
4510,"[1746, 1]",2,0,0,0
4511,"[1746, 2]",36,158,64,0
4512,"[1747, 0]",1,0,0,0
4513,"[1747, 1]",2,158,64,-1
4514,"[1748, 0]",1,156,64,0
4515,"[1749, 0]",1,0,0,0
4516,"[1749, 1]",2,158,64,0
4517,"[1750, 0]",1,54,24,0
4518,"[1751, 0]",1,0,0,0
4519,"[1751, 1]",2,0,0,0
4520,"[1751, 2]",22,37,18,0
4521,"[1751, 3]",21,41,18,0
4522,"[1751, 4]",19,0,0,0
4523,"[1751, 5]",57,41,18,0
4524,"[1751, 6]",55,156,64,0
4525,"[1751, 7]",54,0,0,0
4526,"[1751, 8]",53,0,0,0
4527,"[1751, 9]",101,64,29,0
4528,"[1751, 10]",98,57,26,0
4529,"[1752, 0]",1,41,18,0
4530,"[1753, 0]",1,41,18,0
4531,"[1754, 0]",1,0,0,0
4532,"[1754, 1]",2,156,64,0
4533,"[1755, 0]",1,0,0,0
4534,"[1755, 1]",2,0,0,-1
4535,"[1755, 2]",65,158,64,-1
4536,"[1756, 0]",1,0,0,0
4537,"[1756, 1]",2,59,28,0
4538,"[1757, 0]",1,0,0,0
4539,"[1757, 1]",2,156,64,16
4540,"[1758, 0]",1,0,0,0
4541,"[1758, 1]",5,0,0,-1
4542,"[1758, 2]",29,158,64,-1
4543,"[1759, 0]",1,0,0,0
4544,"[1759, 1]",7,0,0,0
4545,"[1759, 2]",6,0,0,0
4546,"[1759, 3]",4,0,0,0
4547,"[1759, 4]",2,0,0,0
4548,"[1759, 5]",47,0,0,0
4549,"[1759, 6]",44,0,0,0
4550,"[1759, 7]",28,156,64,0
4551,"[1759, 8]",25,53,24,0
4552,"[1759, 9]",96,158,64,0
4553,"[1759, 10]",86,0,0,0
4554,"[1759, 11]",257,158,64,0
4555,"[1759, 12]",256,158,64,0
4556,"[1760, 0]",1,0,0,0
4557,"[1760, 1]",2,57,26,0
4558,"[1761, 0]",1,0,0,0
4559,"[1761, 1]",2,0,0,0
4560,"[1761, 2]",15,158,64,3
4561,"[1762, 0]",1,57,26,0
4562,"[1763, 0]",1,41,18,1
4563,"[1764, 0]",1,158,64,0
4564,"[1765, 0]",1,41,18,0
4565,"[1766, 0]",1,41,18,0
4566,"[1767, 0]",1,156,64,0
4567,"[1768, 0]",1,158,64,0
4568,"[1769, 0]",1,158,64,0
4569,"[1770, 0]",1,0,0,0
4570,"[1770, 1]",2,0,0,0
4571,"[1770, 2]",17,41,18,29
4572,"[1771, 0]",1,0,0,0
4573,"[1771, 1]",2,158,64,0
4574,"[1772, 0]",1,158,64,0
4575,"[1773, 0]",1,158,64,0
4576,"[1774, 0]",1,156,64,0
4577,"[1775, 0]",1,41,18,0
4578,"[1776, 0]",1,0,0,0
4579,"[1776, 1]",2,156,64,0
4580,"[1777, 0]",1,158,64,0
4581,"[1778, 0]",1,0,0,0
4582,"[1778, 1]",2,158,64,22
4583,"[1779, 0]",1,158,64,0
4584,"[1780, 0]",1,158,64,0
4585,"[1781, 0]",1,0,0,0
4586,"[1781, 1]",2,0,0,0
4587,"[1781, 2]",25,41,18,3
4588,"[1782, 0]",1,158,64,0
4589,"[1783, 0]",1,156,64,0
4590,"[1784, 0]",1,0,0,0
4591,"[1784, 1]",6,158,64,0
4592,"[1784, 2]",4,0,0,0
4593,"[1784, 3]",2,0,0,0
4594,"[1784, 4]",51,0,0,0
4595,"[1784, 5]",33,158,64,0
4596,"[1784, 6]",80,156,64,-1
4597,"[1785, 0]",1,41,18,0
4598,"[1786, 0]",1,0,0,1
4599,"[1786, 1]",6,0,0,0
4600,"[1786, 2]",4,0,0,0
4601,"[1786, 3]",2,0,0,0
4602,"[1786, 4]",47,57,26,0
4603,"[1786, 5]",46,0,0,0
4604,"[1786, 6]",45,0,0,0
4605,"[1786, 7]",44,0,0,0
4606,"[1786, 8]",41,0,0,0
4607,"[1786, 9]",27,158,64,0
4608,"[1786, 10]",110,158,64,4
4609,"[1786, 11]",85,0,0,0
4610,"[1786, 12]",81,158,64,0
4611,"[1786, 13]",313,0,0,0
4612,"[1786, 14]",363,158,64,6
4613,"[1787, 0]",1,0,0,0
4614,"[1787, 1]",2,158,64,0
4615,"[1788, 0]",1,0,0,0
4616,"[1788, 1]",2,158,64,10
4617,"[1789, 0]",1,158,64,0
4618,"[1790, 0]",1,0,0,0
4619,"[1790, 1]",6,158,64,0
4620,"[1790, 2]",3,0,0,0
4621,"[1790, 3]",2,0,0,0
4622,"[1790, 4]",58,41,18,0
4623,"[1790, 5]",57,0,0,0
4624,"[1790, 6]",52,41,18,0
4625,"[1790, 7]",92,158,64,0
4626,"[1791, 0]",1,158,64,0
4627,"[1792, 0]",1,158,64,0
4628,"[1793, 0]",1,0,0,0
4629,"[1793, 1]",2,2,1,7
4630,"[1794, 0]",1,158,64,0
4631,"[1795, 0]",1,41,18,0
4632,"[1796, 0]",1,57,26,0
4633,"[1797, 0]",1,63,28,0
4634,"[1798, 0]",1,0,0,0
4635,"[1798, 1]",2,158,64,0
4636,"[1799, 0]",1,0,0,0
4637,"[1799, 1]",2,0,0,-1
4638,"[1799, 2]",51,0,0,-1
4639,"[1799, 3]",70,158,64,1
4640,"[1800, 0]",1,41,18,0
4641,"[1801, 0]",1,0,0,0
4642,"[1801, 1]",2,156,64,-1
4643,"[1802, 0]",1,0,0,0
4644,"[1802, 1]",2,2,1,0
4645,"[1803, 0]",1,0,0,0
4646,"[1803, 1]",2,0,0,0
4647,"[1803, 2]",59,0,0,0
4648,"[1803, 3]",129,41,18,0
4649,"[1804, 0]",1,41,18,0
4650,"[1805, 0]",1,57,26,0
4651,"[1806, 0]",1,0,0,0
4652,"[1806, 1]",7,0,0,0
4653,"[1806, 2]",5,41,18,0
4654,"[1806, 3]",3,0,0,0
4655,"[1806, 4]",45,158,64,0
4656,"[1806, 5]",17,41,18,0
4657,"[1807, 0]",1,158,64,0
4658,"[1808, 0]",1,0,0,0
4659,"[1808, 1]",2,156,64,0
4660,"[1809, 0]",1,41,18,0
4661,"[1810, 0]",1,156,64,0
4662,"[1811, 0]",1,0,0,0
4663,"[1811, 1]",6,0,0,0
4664,"[1811, 2]",3,0,0,0
4665,"[1811, 3]",2,0,0,0
4666,"[1811, 4]",44,0,0,1
4667,"[1811, 5]",40,0,0,-1
4668,"[1811, 6]",39,0,0,2
4669,"[1811, 7]",31,0,0,0
4670,"[1811, 8]",13,158,64,0
4671,"[1811, 9]",132,2,1,0
4672,"[1811, 10]",79,156,64,0
4673,"[1811, 11]",75,0,0,13
4674,"[1811, 12]",57,41,18,3
4675,"[1811, 13]",253,158,64,4
4676,"[1812, 0]",1,0,0,0
4677,"[1812, 1]",5,0,0,0
4678,"[1812, 2]",4,51,24,0
4679,"[1812, 3]",2,0,0,0
4680,"[1812, 4]",34,0,0,0
4681,"[1812, 5]",18,41,18,6
4682,"[1812, 6]",49,55,26,0
4683,"[1813, 0]",1,0,0,0
4684,"[1813, 1]",2,2,1,1
4685,"[1814, 0]",1,0,0,0
4686,"[1814, 1]",2,41,18,0
4687,"[1815, 0]",1,0,0,0
4688,"[1815, 1]",2,0,0,0
4689,"[1815, 2]",24,158,64,0
4690,"[1816, 0]",1,41,18,0
4691,"[1817, 0]",1,0,0,0
4692,"[1817, 1]",2,158,64,0
4693,"[1818, 0]",1,0,0,0
4694,"[1818, 1]",2,158,64,0
4695,"[1819, 0]",1,0,0,0
4696,"[1819, 1]",2,0,0,0
4697,"[1819, 2]",15,0,0,0
4698,"[1819, 3]",25,158,64,0
4699,"[1820, 0]",1,0,0,0
4700,"[1820, 1]",2,57,26,0
4701,"[1821, 0]",1,55,26,0
4702,"[1822, 0]",1,0,0,0
4703,"[1822, 1]",3,0,0,0
4704,"[1822, 2]",2,41,18,0
4705,"[1822, 3]",34,158,64,0
4706,"[1823, 0]",1,0,0,0
4707,"[1823, 1]",2,0,0,0
4708,"[1823, 2]",31,158,64,0
4709,"[1824, 0]",1,156,64,0
4710,"[1825, 0]",1,158,64,0
4711,"[1826, 0]",1,2,1,0
4712,"[1827, 0]",1,158,64,0
4713,"[1828, 0]",1,156,64,0
4714,"[1829, 0]",1,158,64,0
4715,"[1830, 0]",1,0,0,0
4716,"[1830, 1]",2,57,26,48
4717,"[1831, 0]",1,158,64,0
4718,"[1832, 0]",1,2,1,0
4719,"[1833, 0]",1,0,0,0
4720,"[1833, 1]",8,158,64,-1
4721,"[1833, 2]",6,2,1,-1
4722,"[1833, 3]",4,0,0,-1
4723,"[1833, 4]",3,0,0,-1
4724,"[1833, 5]",67,158,64,-1
4725,"[1833, 6]",66,0,0,-1
4726,"[1833, 7]",62,158,64,-1
4727,"[1833, 8]",145,0,0,-1
4728,"[1833, 9]",398,158,64,-1
4729,"[1834, 0]",1,57,26,0
4730,"[1835, 0]",1,0,0,0
4731,"[1835, 1]",2,0,0,0
4732,"[1835, 2]",28,41,18,0
4733,"[1836, 0]",1,158,64,0
4734,"[1837, 0]",1,158,64,0
4735,"[1838, 0]",1,55,26,0
4736,"[1839, 0]",1,0,0,0
4737,"[1839, 1]",2,57,26,0
4738,"[1840, 0]",1,0,0,0
4739,"[1840, 1]",3,158,64,0
4740,"[1840, 2]",2,41,18,0
4741,"[1841, 0]",1,0,0,0
4742,"[1841, 1]",7,0,0,0
4743,"[1841, 2]",5,0,0,0
4744,"[1841, 3]",3,0,0,0
4745,"[1841, 4]",2,0,0,0
4746,"[1841, 5]",59,158,64,0
4747,"[1841, 6]",57,0,0,0
4748,"[1841, 7]",56,0,0,0
4749,"[1841, 8]",53,158,64,0
4750,"[1841, 9]",51,0,0,0
4751,"[1841, 10]",50,0,0,0
4752,"[1841, 11]",49,0,0,0
4753,"[1841, 12]",47,0,0,0
4754,"[1841, 13]",43,57,26,0
4755,"[1841, 14]",39,158,64,0
4756,"[1841, 15]",132,57,26,0
4757,"[1841, 16]",131,0,0,0
4758,"[1841, 17]",117,0,0,0
4759,"[1841, 18]",112,0,0,0
4760,"[1841, 19]",109,158,64,0
4761,"[1841, 20]",80,0,0,0
4762,"[1841, 21]",79,0,0,0
4763,"[1841, 22]",78,0,0,0
4764,"[1841, 23]",76,0,0,0
4765,"[1841, 24]",72,57,26,0
4766,"[1841, 25]",70,0,0,0
4767,"[1841, 26]",69,0,0,0
4768,"[1841, 27]",516,0,0,0
4769,"[1841, 28]",511,41,18,0
4770,"[1841, 29]",488,41,18,0
4771,"[1841, 30]",482,0,0,0
4772,"[1841, 31]",478,0,0,0
4773,"[1841, 32]",475,158,64,0
4774,"[1841, 33]",367,158,64,-1
4775,"[1841, 34]",335,158,64,0
4776,"[1841, 35]",320,0,0,0
4777,"[1841, 36]",319,0,0,0
4778,"[1841, 37]",869,0,0,0
4779,"[1841, 38]",866,57,26,0
4780,"[1841, 39]",765,57,26,17
4781,"[1841, 40]",739,158,64,0
4782,"[1841, 41]",625,41,18,6
4783,"[1841, 42]",912,0,0,0
4784,"[1841, 43]",1357,158,64,0
4785,"[1842, 0]",1,41,18,0
4786,"[1843, 0]",1,0,0,0
4787,"[1843, 1]",2,158,64,2
4788,"[1844, 0]",1,0,0,0
4789,"[1844, 1]",2,57,26,1
4790,"[1845, 0]",1,41,18,0
4791,"[1846, 0]",1,0,0,0
4792,"[1846, 1]",3,41,18,0
4793,"[1846, 2]",2,54,24,0
4794,"[1847, 0]",1,41,18,0
4795,"[1848, 0]",1,158,64,0
4796,"[1849, 0]",1,57,26,0
4797,"[1850, 0]",1,0,0,0
4798,"[1850, 1]",2,41,18,0
4799,"[1851, 0]",1,158,64,0
4800,"[1852, 0]",1,55,26,1
4801,"[1853, 0]",1,0,0,0
4802,"[1853, 1]",3,0,0,-1
4803,"[1853, 2]",2,0,0,-1
4804,"[1853, 3]",48,158,64,-1
4805,"[1853, 4]",47,0,0,-1
4806,"[1853, 5]",44,59,28,-1
4807,"[1853, 6]",41,0,0,-1
4808,"[1853, 7]",111,158,64,-1
4809,"[1853, 8]",64,158,64,-1
4810,"[1854, 0]",1,41,18,0
4811,"[1855, 0]",1,158,64,0
4812,"[1856, 0]",1,158,64,0
4813,"[1857, 0]",1,0,0,0
4814,"[1857, 1]",2,57,26,0
4815,"[1858, 0]",1,66,29,0
4816,"[1859, 0]",1,158,64,1
4817,"[1860, 0]",1,0,0,0
4818,"[1860, 1]",2,0,0,0
4819,"[1860, 2]",30,156,64,0
4820,"[1860, 3]",28,0,0,0
4821,"[1860, 4]",67,0,0,0
4822,"[1860, 5]",93,2,1,4
4823,"[1861, 0]",1,0,0,0
4824,"[1861, 1]",3,0,0,0
4825,"[1861, 2]",2,0,0,0
4826,"[1861, 3]",29,158,64,4
4827,"[1861, 4]",26,158,64,0
4828,"[1862, 0]",1,57,26,0
4829,"[1863, 0]",1,41,18,1
4830,"[1864, 0]",1,0,0,0
4831,"[1864, 1]",2,41,18,0
4832,"[1865, 0]",1,158,64,0
4833,"[1866, 0]",1,0,0,0
4834,"[1866, 1]",2,158,64,0
4835,"[1867, 0]",1,0,0,0
4836,"[1867, 1]",4,0,0,0
4837,"[1867, 2]",25,158,64,0
4838,"[1868, 0]",1,156,64,0
4839,"[1869, 0]",1,41,18,0
4840,"[1870, 0]",1,158,64,0
4841,"[1871, 0]",1,0,0,1
4842,"[1871, 1]",2,158,64,4
4843,"[1872, 0]",1,0,0,0
4844,"[1872, 1]",2,41,18,11
4845,"[1873, 0]",1,0,0,0
4846,"[1873, 1]",2,0,0,0
4847,"[1873, 2]",18,51,24,-1
4848,"[1874, 0]",1,0,0,0
4849,"[1874, 1]",2,0,0,0
4850,"[1874, 2]",69,57,26,0
4851,"[1875, 0]",1,0,0,0
4852,"[1875, 1]",2,41,18,0
4853,"[1876, 0]",1,0,0,0
4854,"[1876, 1]",2,57,26,0
4855,"[1877, 0]",1,0,0,0
4856,"[1877, 1]",2,158,64,0
4857,"[1878, 0]",1,158,64,0
4858,"[1879, 0]",1,158,64,0
4859,"[1880, 0]",1,156,64,0
4860,"[1881, 0]",1,0,0,0
4861,"[1881, 1]",7,0,0,0
4862,"[1881, 2]",4,0,0,0
4863,"[1881, 3]",3,0,0,0
4864,"[1881, 4]",2,0,0,0
4865,"[1881, 5]",91,158,64,0
4866,"[1881, 6]",90,2,1,0
4867,"[1881, 7]",89,0,0,0
4868,"[1881, 8]",87,0,0,0
4869,"[1881, 9]",82,158,64,4
4870,"[1881, 10]",80,0,0,-1
4871,"[1881, 11]",75,0,0,0
4872,"[1881, 12]",46,156,64,0
4873,"[1881, 13]",214,0,0,-1
4874,"[1881, 14]",183,158,64,1
4875,"[1881, 15]",130,156,64,0
4876,"[1881, 16]",116,158,64,0
4877,"[1881, 17]",362,156,64,1
4878,"[1882, 0]",1,41,18,0
4879,"[1883, 0]",1,0,0,0
4880,"[1883, 1]",2,0,0,0
4881,"[1883, 2]",12,156,64,0
4882,"[1884, 0]",1,156,64,0
4883,"[1885, 0]",1,0,0,0
4884,"[1885, 1]",2,0,0,0
4885,"[1885, 2]",32,156,64,0
4886,"[1885, 3]",31,158,64,0
4887,"[1885, 4]",30,41,18,0
4888,"[1886, 0]",1,0,0,0
4889,"[1886, 1]",2,158,64,0
4890,"[1887, 0]",1,57,26,0
4891,"[1888, 0]",1,41,18,0
4892,"[1889, 0]",1,2,1,0
4893,"[1890, 0]",1,0,0,0
4894,"[1890, 1]",2,156,64,0
4895,"[1891, 0]",1,156,64,0
4896,"[1892, 0]",1,0,0,0
4897,"[1892, 1]",2,0,0,0
4898,"[1892, 2]",20,0,0,0
4899,"[1892, 3]",19,0,0,0
4900,"[1892, 4]",18,0,0,0
4901,"[1892, 5]",66,0,0,-1
4902,"[1892, 6]",65,0,0,-1
4903,"[1892, 7]",61,158,64,0
4904,"[1892, 8]",60,158,64,0
4905,"[1892, 9]",56,158,64,0
4906,"[1892, 10]",55,158,64,0
4907,"[1892, 11]",104,158,64,-1
4908,"[1893, 0]",1,0,0,0
4909,"[1893, 1]",2,0,0,0
4910,"[1893, 2]",27,0,0,0
4911,"[1893, 3]",62,57,26,0
4912,"[1894, 0]",1,158,64,0
4913,"[1895, 0]",1,158,64,1
4914,"[1896, 0]",1,0,0,0
4915,"[1896, 1]",2,41,18,0
4916,"[1897, 0]",1,158,64,0
4917,"[1898, 0]",1,0,0,0
4918,"[1898, 1]",6,158,64,0
4919,"[1898, 2]",5,158,64,0
4920,"[1898, 3]",2,0,0,0
4921,"[1898, 4]",49,158,64,0
4922,"[1899, 0]",1,41,18,0
4923,"[1900, 0]",1,0,0,0
4924,"[1900, 1]",2,0,0,0
4925,"[1900, 2]",70,156,64,0
4926,"[1901, 0]",1,158,64,0
4927,"[1902, 0]",1,0,0,0
4928,"[1902, 1]",2,158,64,0
4929,"[1903, 0]",1,2,1,0
4930,"[1904, 0]",1,0,0,0
4931,"[1904, 1]",2,156,64,0
4932,"[1905, 0]",1,0,0,0
4933,"[1905, 1]",2,59,28,-1
4934,"[1906, 0]",1,158,64,1
4935,"[1907, 0]",1,2,1,0
4936,"[1908, 0]",1,41,18,0
4937,"[1909, 0]",1,0,0,0
4938,"[1909, 1]",2,57,26,0
4939,"[1910, 0]",1,158,64,1
4940,"[1911, 0]",1,0,0,0
4941,"[1911, 1]",2,158,64,0
4942,"[1912, 0]",1,37,18,0
4943,"[1913, 0]",1,158,64,0
4944,"[1914, 0]",1,57,26,0
4945,"[1915, 0]",1,57,26,0
4946,"[1916, 0]",1,158,64,0
4947,"[1917, 0]",1,0,0,1
4948,"[1917, 1]",2,158,64,2
4949,"[1918, 0]",1,0,0,0
4950,"[1918, 1]",2,0,0,0
4951,"[1918, 2]",14,41,18,0
4952,"[1919, 0]",1,0,0,0
4953,"[1919, 1]",2,156,64,-1
4954,"[1920, 0]",1,158,64,0
4955,"[1921, 0]",1,158,64,0
4956,"[1922, 0]",1,0,0,0
4957,"[1922, 1]",2,2,1,0
4958,"[1923, 0]",1,158,64,0
4959,"[1924, 0]",1,0,0,0
4960,"[1924, 1]",4,0,0,0
4961,"[1924, 2]",2,0,0,0
4962,"[1924, 3]",30,0,0,0
4963,"[1924, 4]",15,54,24,-1
4964,"[1924, 5]",94,158,64,0
4965,"[1925, 0]",1,0,0,0
4966,"[1925, 1]",2,0,0,0
4967,"[1925, 2]",76,156,64,1
4968,"[1926, 0]",1,158,64,0
4969,"[1927, 0]",1,158,64,0
4970,"[1928, 0]",1,158,64,0
4971,"[1929, 0]",1,158,64,0
4972,"[1930, 0]",1,0,0,0
4973,"[1930, 1]",2,0,0,0
4974,"[1930, 2]",35,57,26,1
4975,"[1931, 0]",1,57,26,0
4976,"[1932, 0]",1,55,26,0
4977,"[1933, 0]",1,41,18,0
4978,"[1934, 0]",1,158,64,0
4979,"[1935, 0]",1,0,0,0
4980,"[1935, 1]",2,2,1,0
4981,"[1936, 0]",1,158,64,0
4982,"[1937, 0]",1,0,0,0
4983,"[1937, 1]",2,0,0,0
4984,"[1937, 2]",29,59,28,1
4985,"[1937, 3]",28,158,64,-1
4986,"[1938, 0]",1,2,1,0
4987,"[1939, 0]",1,0,0,0
4988,"[1939, 1]",3,158,64,0
4989,"[1940, 0]",1,158,64,0
4990,"[1941, 0]",1,0,0,0
4991,"[1941, 1]",7,2,1,0
4992,"[1941, 2]",6,158,64,0
4993,"[1941, 3]",5,0,0,0
4994,"[1941, 4]",38,59,28,-1
4995,"[1942, 0]",1,156,64,0
4996,"[1943, 0]",1,158,64,0
4997,"[1944, 0]",1,158,64,0
4998,"[1945, 0]",1,2,1,0
4999,"[1946, 0]",1,0,0,0
5000,"[1946, 1]",7,2,1,0
5001,"[1946, 2]",4,0,0,0
5002,"[1946, 3]",3,0,0,0
5003,"[1946, 4]",2,0,0,0
5004,"[1946, 5]",38,0,0,0
5005,"[1946, 6]",37,41,18,0
5006,"[1946, 7]",34,0,0,-1
5007,"[1946, 8]",31,41,18,14
5008,"[1946, 9]",58,41,18,4
5009,"[1946, 10]",43,2,1,0
5010,"[1947, 0]",1,0,0,0
5011,"[1947, 1]",3,0,0,-1
5012,"[1947, 2]",2,0,0,-1
5013,"[1947, 3]",37,158,64,-1
5014,"[1947, 4]",36,0,0,-1
5015,"[1947, 5]",32,0,0,-1
5016,"[1947, 6]",74,158,64,-1
5017,"[1948, 0]",1,0,0,0
5018,"[1948, 1]",5,41,18,0
5019,"[1948, 2]",2,0,0,0
5020,"[1948, 3]",44,41,18,0
5021,"[1948, 4]",43,158,64,0
5022,"[1949, 0]",1,0,0,0
5023,"[1949, 1]",7,59,28,0
5024,"[1949, 2]",5,0,0,0
5025,"[1949, 3]",4,0,0,0
5026,"[1949, 4]",37,158,64,0
5027,"[1949, 5]",33,41,18,0
5028,"[1950, 0]",1,0,0,0
5029,"[1950, 1]",2,156,64,0
5030,"[1951, 0]",1,158,64,0
5031,"[1952, 0]",1,0,0,0
5032,"[1952, 1]",2,41,18,1
5033,"[1953, 0]",1,0,0,0
5034,"[1953, 1]",2,0,0,0
5035,"[1953, 2]",14,41,18,7
5036,"[1954, 0]",1,158,64,0
5037,"[1955, 0]",1,0,0,0
5038,"[1955, 1]",2,158,64,0
5039,"[1956, 0]",1,41,18,0
5040,"[1957, 0]",1,0,0,0
5041,"[1957, 1]",2,158,64,0
5042,"[1958, 0]",1,158,64,0
5043,"[1959, 0]",1,0,0,0
5044,"[1959, 1]",3,0,0,0
5045,"[1959, 2]",2,0,0,0
5046,"[1959, 3]",23,158,64,0
5047,"[1959, 4]",22,158,64,0
5048,"[1959, 5]",21,158,64,0
5049,"[1959, 6]",20,0,0,0
5050,"[1959, 7]",18,0,0,0
5051,"[1959, 8]",11,158,64,0
5052,"[1959, 9]",69,57,26,0
5053,"[1959, 10]",55,41,18,0
5054,"[1960, 0]",1,41,18,0
5055,"[1961, 0]",1,0,0,0
5056,"[1961, 1]",2,0,0,0
5057,"[1961, 2]",22,57,26,0
5058,"[1962, 0]",1,158,64,0
5059,"[1963, 0]",1,0,0,0
5060,"[1963, 1]",2,0,0,0
5061,"[1963, 2]",10,41,18,1
5062,"[1964, 0]",1,0,0,0
5063,"[1964, 1]",5,0,0,0
5064,"[1964, 2]",4,0,0,0
5065,"[1964, 3]",2,0,0,0
5066,"[1964, 4]",44,158,64,0
5067,"[1964, 5]",43,158,64,0
5068,"[1964, 6]",27,0,0,0
5069,"[1964, 7]",24,0,0,0
5070,"[1964, 8]",106,158,64,0
5071,"[1964, 9]",93,41,18,0
5072,"[1965, 0]",1,0,0,0
5073,"[1965, 1]",2,158,64,12
5074,"[1966, 0]",1,0,0,0
5075,"[1966, 1]",2,0,0,0
5076,"[1966, 2]",20,53,24,0
5077,"[1967, 0]",1,158,64,0
5078,"[1968, 0]",1,53,24,0
5079,"[1969, 0]",1,0,0,0
5080,"[1969, 1]",2,41,18,0
5081,"[1970, 0]",1,0,0,0
5082,"[1970, 1]",2,158,64,0
5083,"[1971, 0]",1,41,18,0
5084,"[1972, 0]",1,0,0,0
5085,"[1972, 1]",5,2,1,0
5086,"[1972, 2]",4,0,0,0
5087,"[1972, 3]",3,0,0,0
5088,"[1972, 4]",2,0,0,0
5089,"[1972, 5]",48,0,0,-1
5090,"[1972, 6]",47,158,64,-1
5091,"[1972, 7]",40,158,64,8
5092,"[1972, 8]",36,156,64,0
5093,"[1972, 9]",75,0,0,1
5094,"[1972, 10]",331,55,26,0
5095,"[1973, 0]",1,0,0,0
5096,"[1973, 1]",2,41,18,0
5097,"[1974, 0]",1,57,26,0
5098,"[1975, 0]",1,0,0,0
5099,"[1975, 1]",2,158,64,0
5100,"[1976, 0]",1,41,18,0
5101,"[1977, 0]",1,158,64,1
5102,"[1978, 0]",1,41,18,0
5103,"[1979, 0]",1,0,0,0
5104,"[1979, 1]",6,0,0,0
5105,"[1979, 2]",5,0,0,0
5106,"[1979, 3]",3,0,0,0
5107,"[1979, 4]",2,0,0,0
5108,"[1979, 5]",65,0,0,0
5109,"[1979, 6]",62,158,64,0
5110,"[1979, 7]",60,0,0,0
5111,"[1979, 8]",45,0,0,1
5112,"[1979, 9]",41,158,64,0
5113,"[1979, 10]",177,158,64,0
5114,"[1979, 11]",164,0,0,0
5115,"[1979, 12]",131,156,64,0
5116,"[1979, 13]",128,0,0,0
5117,"[1979, 14]",127,0,0,0
5118,"[1979, 15]",400,156,64,0
5119,"[1979, 16]",399,156,64,0
5120,"[1979, 17]",394,2,1,0
5121,"[1979, 18]",266,0,0,1
5122,"[1979, 19]",574,158,64,0
5123,"[1980, 0]",1,156,64,0
5124,"[1981, 0]",1,0,0,0
5125,"[1981, 1]",2,158,64,0
5126,"[1982, 0]",1,2,1,0
5127,"[1983, 0]",1,156,64,0
5128,"[1984, 0]",1,57,26,0
5129,"[1985, 0]",1,158,64,0
5130,"[1986, 0]",1,0,0,0
5131,"[1986, 1]",9,158,64,14
5132,"[1986, 2]",6,0,0,-1
5133,"[1986, 3]",3,0,0,-1
5134,"[1986, 4]",92,0,0,1
5135,"[1986, 5]",91,0,0,1
5136,"[1986, 6]",88,0,0,2
5137,"[1986, 7]",159,2,1,0
5138,"[1986, 8]",140,158,64,1
5139,"[1986, 9]",137,158,64,-1
5140,"[1987, 0]",1,57,26,0
5141,"[1988, 0]",1,2,1,0
5142,"[1989, 0]",1,0,0,0
5143,"[1989, 1]",2,2,1,0
5144,"[1990, 0]",1,158,64,0
5145,"[1991, 0]",1,158,64,0
5146,"[1992, 0]",1,0,0,0
5147,"[1992, 1]",2,41,18,0
5148,"[1993, 0]",1,0,0,0
5149,"[1993, 1]",2,57,26,0
5150,"[1994, 0]",1,158,64,0
5151,"[1995, 0]",1,158,64,0
5152,"[1996, 0]",1,41,18,0
5153,"[1997, 0]",1,0,0,0
5154,"[1997, 1]",11,158,64,0
5155,"[1997, 2]",10,2,1,0
5156,"[1997, 3]",9,2,1,0
5157,"[1997, 4]",7,0,0,0
5158,"[1997, 5]",5,0,0,0
5159,"[1997, 6]",4,0,0,0
5160,"[1997, 7]",62,0,0,0
5161,"[1997, 8]",57,2,1,1
5162,"[1997, 9]",38,158,64,1
5163,"[1997, 10]",96,158,64,0
5164,"[1998, 0]",1,64,29,0
5165,"[1999, 0]",1,0,0,0
5166,"[1999, 1]",2,0,0,0
5167,"[1999, 2]",41,54,24,0
5168,"[2000, 0]",1,0,0,0
5169,"[2000, 1]",2,158,64,0
5170,"[2001, 0]",1,0,0,0
5171,"[2001, 1]",2,2,1,0
5172,"[2002, 0]",1,156,64,0
5173,"[2003, 0]",1,158,64,0
5174,"[2004, 0]",1,0,0,1
5175,"[2004, 1]",2,0,0,0
5176,"[2004, 2]",32,41,18,0
5177,"[2004, 3]",31,41,18,0
5178,"[2005, 0]",1,0,0,0
5179,"[2005, 1]",2,0,0,-1
5180,"[2005, 2]",15,158,64,-1
5181,"[2006, 0]",1,0,0,0
5182,"[2006, 1]",2,0,0,3
5183,"[2006, 2]",13,158,64,0
5184,"[2007, 0]",1,2,1,0
5185,"[2008, 0]",1,0,0,0
5186,"[2008, 1]",2,0,0,0
5187,"[2008, 2]",17,158,64,0
5188,"[2009, 0]",1,0,0,0
5189,"[2009, 1]",7,0,0,0
5190,"[2009, 2]",6,0,0,0
5191,"[2009, 3]",4,0,0,0
5192,"[2009, 4]",3,0,0,0
5193,"[2009, 5]",2,0,0,0
5194,"[2009, 6]",32,0,0,0
5195,"[2009, 7]",31,156,64,0
5196,"[2009, 8]",25,0,0,0
5197,"[2009, 9]",21,0,0,0
5198,"[2009, 10]",16,41,18,0
5199,"[2009, 11]",13,158,64,-1
5200,"[2009, 12]",127,158,64,0
5201,"[2009, 13]",108,158,64,0
5202,"[2009, 14]",56,57,26,0
5203,"[2010, 0]",1,0,0,0
5204,"[2011, 0]",1,0,0,0
5205,"[2011, 1]",2,158,64,0
5206,"[2012, 0]",1,0,0,0
5207,"[2012, 1]",2,0,0,0
5208,"[2012, 2]",25,57,26,0
5209,"[2013, 0]",1,57,26,0
5210,"[2014, 0]",1,158,64,0
5211,"[2015, 0]",1,0,0,0
5212,"[2015, 1]",2,158,64,0
5213,"[2016, 0]",1,158,64,0
5214,"[2017, 0]",1,0,0,0
5215,"[2017, 1]",2,41,18,0
5216,"[2018, 0]",1,158,64,0
5217,"[2019, 0]",1,0,0,0
5218,"[2019, 1]",2,0,0,0
5219,"[2019, 2]",15,158,64,0
5220,"[2020, 0]",1,158,64,0
5221,"[2021, 0]",1,158,64,0
5222,"[2022, 0]",1,2,1,0
5223,"[2023, 0]",1,0,0,0
5224,"[2023, 1]",2,158,64,0
5225,"[2024, 0]",1,158,64,0
5226,"[2025, 0]",1,0,0,0
5227,"[2025, 1]",2,41,18,0
5228,"[2026, 0]",1,41,18,0
5229,"[2027, 0]",1,2,1,0
5230,"[2028, 0]",1,0,0,0
5231,"[2028, 1]",3,158,64,0
5232,"[2028, 2]",2,0,0,0
5233,"[2028, 3]",31,0,0,-1
5234,"[2028, 4]",42,158,64,-1
5235,"[2029, 0]",1,0,0,0
5236,"[2029, 1]",2,53,24,2
5237,"[2030, 0]",1,0,0,0
5238,"[2030, 1]",2,158,64,0
5239,"[2031, 0]",1,0,0,0
5240,"[2031, 1]",2,158,64,0
5241,"[2032, 0]",1,41,18,0
5242,"[2033, 0]",1,57,26,0
5243,"[2034, 0]",1,158,64,0
5244,"[2035, 0]",1,158,64,0
5245,"[2036, 0]",1,0,0,0
5246,"[2036, 1]",2,0,0,0
5247,"[2036, 2]",65,156,64,0
5248,"[2037, 0]",1,0,0,0
5249,"[2037, 1]",4,0,0,0
5250,"[2037, 2]",3,0,0,0
5251,"[2037, 3]",2,0,0,0
5252,"[2037, 4]",64,0,0,0
5253,"[2037, 5]",61,0,0,0
5254,"[2037, 6]",59,0,0,0
5255,"[2037, 7]",58,0,0,0
5256,"[2037, 8]",57,0,0,0
5257,"[2037, 9]",55,0,0,0
5258,"[2037, 10]",50,2,1,0
5259,"[2037, 11]",45,0,0,0
5260,"[2037, 12]",159,2,1,0
5261,"[2037, 13]",113,0,0,-1
5262,"[2037, 14]",104,0,0,0
5263,"[2037, 15]",97,158,64,0
5264,"[2037, 16]",90,0,0,0
5265,"[2037, 17]",85,2,1,0
5266,"[2037, 18]",80,156,64,0
5267,"[2037, 19]",387,156,64,0
5268,"[2037, 20]",314,41,18,0
5269,"[2037, 21]",251,0,0,-1
5270,"[2037, 22]",248,156,64,-1
5271,"[2037, 23]",598,0,0,-1
5272,"[2037, 24]",777,0,0,3
5273,"[2037, 25]",940,158,64,-1
5274,"[2038, 0]",1,2,1,0
5275,"[2039, 0]",1,0,0,0
5276,"[2039, 1]",2,0,0,0
5277,"[2039, 2]",15,0,0,0
5278,"[2039, 3]",35,158,64,0
5279,"[2040, 0]",1,0,0,0
5280,"[2040, 1]",2,0,0,0
5281,"[2040, 2]",17,0,0,-1
5282,"[2041, 0]",1,0,0,0
5283,"[2041, 1]",2,2,1,0
5284,"[2042, 0]",1,2,1,0
5285,"[2043, 0]",1,0,0,0
5286,"[2043, 1]",2,158,64,0
5287,"[2044, 0]",1,0,0,0
5288,"[2044, 1]",2,0,0,0
5289,"[2044, 2]",22,156,64,0
5290,"[2045, 0]",1,158,64,0
5291,"[2046, 0]",1,41,18,0
5292,"[2047, 0]",1,57,26,0
5293,"[2048, 0]",1,0,0,0
5294,"[2048, 1]",2,2,1,0
5295,"[2049, 0]",1,0,0,0
5296,"[2049, 1]",2,158,64,3
5297,"[2050, 0]",1,0,0,0
5298,"[2050, 1]",7,0,0,0
5299,"[2050, 2]",5,0,0,0
5300,"[2050, 3]",4,0,0,0
5301,"[2050, 4]",2,0,0,0
5302,"[2050, 5]",43,0,0,0
5303,"[2050, 6]",42,0,0,0
5304,"[2050, 7]",38,158,64,0
5305,"[2050, 8]",37,59,26,0
5306,"[2050, 9]",32,0,0,0
5307,"[2050, 10]",28,2,1,0
5308,"[2050, 11]",138,0,0,0
5309,"[2050, 12]",78,2,1,0
5310,"[2050, 13]",76,0,0,0
5311,"[2050, 14]",73,0,0,0
5312,"[2050, 15]",69,41,18,0
5313,"[2050, 16]",67,0,0,0
5314,"[2050, 17]",313,0,0,0
5315,"[2050, 18]",312,0,0,0
5316,"[2050, 19]",279,41,18,0
5317,"[2050, 20]",278,0,0,0
5318,"[2050, 21]",277,0,0,0
5319,"[2050, 22]",257,41,18,0
5320,"[2050, 23]",188,2,1,0
5321,"[2050, 24]",428,158,64,0
5322,"[2050, 25]",424,0,0,-1
5323,"[2050, 26]",365,0,0,0
5324,"[2050, 27]",361,158,64,0
5325,"[2050, 28]",696,0,0,0
5326,"[2050, 29]",630,158,64,1
5327,"[2050, 30]",771,41,18,0
5328,"[2051, 0]",1,57,26,0
5329,"[2052, 0]",1,0,0,0
5330,"[2052, 1]",5,158,64,0
5331,"[2052, 2]",4,0,0,0
5332,"[2052, 3]",2,0,0,0
5333,"[2052, 4]",32,158,64,0
5334,"[2052, 5]",30,0,0,0
5335,"[2052, 6]",16,158,64,0
5336,"[2052, 7]",55,0,0,0
5337,"[2052, 8]",133,158,64,0
5338,"[2053, 0]",1,0,0,0
5339,"[2053, 1]",2,156,64,0
5340,"[2054, 0]",1,0,0,0
5341,"[2054, 1]",4,41,18,0
5342,"[2054, 2]",2,0,0,0
5343,"[2054, 3]",34,158,64,0
5344,"[2054, 4]",31,0,0,0
5345,"[2054, 5]",30,0,0,0
5346,"[2054, 6]",51,0,0,0
5347,"[2054, 7]",48,0,0,0
5348,"[2054, 8]",176,54,24,-1
5349,"[2054, 9]",160,0,0,0
5350,"[2054, 10]",228,41,18,0
5351,"[2055, 0]",1,0,0,0
5352,"[2055, 1]",3,2,1,0
5353,"[2055, 2]",2,0,0,0
5354,"[2055, 3]",32,2,1,0
5355,"[2056, 0]",1,0,0,0
5356,"[2056, 1]",2,158,64,0
5357,"[2057, 0]",1,158,64,0
5358,"[2058, 0]",1,0,0,0
5359,"[2058, 1]",2,0,0,0
5360,"[2058, 2]",69,158,64,0
5361,"[2059, 0]",1,0,0,0
5362,"[2059, 1]",3,0,0,0
5363,"[2059, 2]",2,0,0,0
5364,"[2059, 3]",46,158,64,-1
5365,"[2060, 0]",1,41,18,0
5366,"[2061, 0]",1,0,0,0
5367,"[2061, 1]",7,156,64,0
5368,"[2061, 2]",5,2,1,0
5369,"[2061, 3]",3,0,0,0
5370,"[2061, 4]",2,0,0,0
5371,"[2061, 5]",62,0,0,0
5372,"[2061, 6]",56,158,64,0
5373,"[2061, 7]",100,0,0,0
5374,"[2061, 8]",322,158,64,0
5375,"[2062, 0]",1,0,0,0
5376,"[2062, 1]",2,57,26,0
5377,"[2063, 0]",1,0,0,0
5378,"[2063, 1]",2,57,26,0
5379,"[2064, 0]",1,158,64,0
5380,"[2065, 0]",1,41,18,0
5381,"[2066, 0]",1,51,24,0
5382,"[2067, 0]",1,57,26,0
5383,"[2068, 0]",1,0,0,0
5384,"[2068, 1]",2,0,0,0
5385,"[2068, 2]",25,0,0,0
5386,"[2068, 3]",24,55,26,0
5387,"[2068, 4]",55,0,0,0
5388,"[2068, 5]",125,41,18,0
5389,"[2069, 0]",1,0,0,0
5390,"[2069, 1]",2,41,18,0
5391,"[2070, 0]",1,156,64,0
5392,"[2071, 0]",1,158,64,0
5393,"[2072, 0]",1,0,0,0
5394,"[2072, 1]",2,158,64,0
5395,"[2073, 0]",1,57,26,0
5396,"[2074, 0]",1,0,0,0
5397,"[2074, 1]",3,0,0,0
5398,"[2074, 2]",2,158,64,0
5399,"[2074, 3]",8,2,1,0
5400,"[2075, 0]",1,0,0,0
5401,"[2075, 1]",2,0,0,0
5402,"[2075, 2]",13,158,64,-1
5403,"[2076, 0]",1,0,0,0
5404,"[2076, 1]",2,0,0,6
5405,"[2076, 2]",57,158,64,0
5406,"[2077, 0]",1,0,0,0
5407,"[2077, 1]",7,158,64,0
5408,"[2077, 2]",5,0,0,0
5409,"[2077, 3]",4,0,0,0
5410,"[2077, 4]",3,0,0,0
5411,"[2077, 5]",2,0,0,0
5412,"[2077, 6]",45,41,18,0
5413,"[2077, 7]",44,41,18,0
5414,"[2077, 8]",41,158,64,0
5415,"[2077, 9]",37,41,18,0
5416,"[2077, 10]",33,158,64,0
5417,"[2078, 0]",1,0,0,0
5418,"[2078, 1]",2,41,18,0
5419,"[2079, 0]",1,158,64,0
5420,"[2080, 0]",1,0,0,0
5421,"[2080, 1]",2,57,26,0
5422,"[2081, 0]",1,57,26,0
5423,"[2082, 0]",1,2,1,0
5424,"[2083, 0]",1,0,0,0
5425,"[2083, 1]",2,0,0,0
5426,"[2083, 2]",15,41,18,0
5427,"[2084, 0]",1,2,1,0
5428,"[2085, 0]",1,0,0,0
5429,"[2085, 1]",2,0,0,0
5430,"[2085, 2]",71,2,1,0
5431,"[2086, 0]",1,0,0,0
5432,"[2086, 1]",2,57,26,2
5433,"[2087, 0]",1,0,0,0
5434,"[2087, 1]",2,0,0,0
5435,"[2087, 2]",19,57,26,0
5436,"[2088, 0]",1,0,0,0
5437,"[2088, 1]",2,41,18,0
5438,"[2089, 0]",1,0,0,0
5439,"[2089, 1]",2,41,18,0
5440,"[2090, 0]",1,0,0,0
5441,"[2090, 1]",2,55,26,0
5442,"[2091, 0]",1,0,0,0
5443,"[2091, 1]",3,158,64,0
5444,"[2091, 2]",2,0,0,0
5445,"[2091, 3]",20,158,64,0
5446,"[2092, 0]",1,158,64,0
5447,"[2093, 0]",1,0,0,0
5448,"[2093, 1]",2,0,0,0
5449,"[2093, 2]",16,41,18,0
5450,"[2094, 0]",1,0,0,0
5451,"[2094, 1]",2,0,0,0
5452,"[2094, 2]",38,55,26,0
5453,"[2095, 0]",1,0,0,0
5454,"[2095, 1]",2,57,26,0
5455,"[2096, 0]",1,0,0,0
5456,"[2096, 1]",2,57,26,0
5457,"[2097, 0]",1,2,1,0
5458,"[2098, 0]",1,0,0,0
5459,"[2098, 1]",3,0,0,0
5460,"[2098, 2]",2,0,0,0
5461,"[2098, 3]",39,158,64,0
5462,"[2098, 4]",37,0,0,0
5463,"[2098, 5]",32,158,64,0
5464,"[2098, 6]",61,0,0,4
5465,"[2098, 7]",60,158,64,3
5466,"[2098, 8]",181,2,1,-1
5467,"[2099, 0]",1,156,64,0
5468,"[2100, 0]",1,0,0,0
5469,"[2100, 1]",2,57,26,-1
5470,"[2101, 0]",1,2,1,0
5471,"[2102, 0]",1,0,0,0
5472,"[2102, 1]",5,51,24,0
5473,"[2102, 2]",4,158,64,0
5474,"[2102, 3]",3,158,64,0
5475,"[2103, 0]",1,0,0,0
5476,"[2103, 1]",2,158,64,0
5477,"[2104, 0]",1,0,0,0
5478,"[2104, 1]",2,0,0,0
5479,"[2104, 2]",39,41,18,0
5480,"[2105, 0]",1,0,0,0
5481,"[2105, 1]",3,0,0,0
5482,"[2105, 2]",2,0,0,0
5483,"[2105, 3]",42,0,0,1
5484,"[2105, 4]",40,0,0,-1
5485,"[2105, 5]",38,0,0,1
5486,"[2105, 6]",34,41,18,2
5487,"[2105, 7]",31,0,0,2
5488,"[2105, 8]",125,0,0,0
5489,"[2105, 9]",76,0,0,0
5490,"[2105, 10]",72,0,0,-1
5491,"[2105, 11]",68,158,64,0
5492,"[2105, 12]",303,158,64,1
5493,"[2105, 13]",281,0,0,0
5494,"[2105, 14]",184,41,18,0
5495,"[2105, 15]",378,158,64,0
5496,"[2106, 0]",1,0,0,0
5497,"[2106, 1]",2,0,0,0
5498,"[2106, 2]",33,41,18,0
5499,"[2107, 0]",1,158,64,0
5500,"[2108, 0]",1,0,0,0
5501,"[2108, 1]",2,0,0,0
5502,"[2108, 2]",27,158,64,21
5503,"[2109, 0]",1,41,18,0
5504,"[2110, 0]",1,158,64,0
5505,"[2111, 0]",1,158,64,0
5506,"[2112, 0]",1,0,0,0
5507,"[2112, 1]",2,158,64,1
5508,"[2113, 0]",1,0,0,1
5509,"[2113, 1]",2,0,0,0
5510,"[2113, 2]",48,0,0,0
5511,"[2113, 3]",74,0,0,0
5512,"[2113, 4]",142,158,64,0
5513,"[2114, 0]",1,41,18,0
5514,"[2115, 0]",1,41,18,0
5515,"[2116, 0]",1,0,0,0
5516,"[2116, 1]",2,63,28,0
5517,"[2117, 0]",1,53,24,0
5518,"[2118, 0]",1,158,64,0
5519,"[2119, 0]",1,57,26,0
5520,"[2120, 0]",1,0,0,0
5521,"[2120, 1]",5,158,64,0
5522,"[2120, 2]",2,0,0,0
5523,"[2120, 3]",49,0,0,0
5524,"[2120, 4]",65,0,0,0
5525,"[2120, 5]",149,158,64,-1
5526,"[2121, 0]",1,57,26,0
5527,"[2122, 0]",1,41,18,0
5528,"[2123, 0]",1,37,18,0
5529,"[2124, 0]",1,158,64,1
5530,"[2125, 0]",1,156,64,0
5531,"[2126, 0]",1,158,64,0
5532,"[2127, 0]",1,0,0,0
5533,"[2127, 1]",2,51,24,0
5534,"[2128, 0]",1,41,18,0
5535,"[2129, 0]",1,0,0,0
5536,"[2129, 1]",6,57,26,0
5537,"[2129, 2]",5,158,64,0
5538,"[2129, 3]",2,0,0,0
5539,"[2129, 4]",62,59,28,0
5540,"[2129, 5]",61,0,0,0
5541,"[2129, 6]",60,0,0,0
5542,"[2129, 7]",87,57,26,0
5543,"[2129, 8]",84,158,64,0
5544,"[2130, 0]",1,41,18,0
5545,"[2131, 0]",1,158,64,0
5546,"[2132, 0]",1,158,64,0
5547,"[2133, 0]",1,41,18,0
5548,"[2134, 0]",1,0,0,0
5549,"[2134, 1]",2,41,18,0
5550,"[2135, 0]",1,41,18,0
5551,"[2136, 0]",1,0,0,0
5552,"[2136, 1]",2,0,0,0
5553,"[2136, 2]",34,158,64,4
5554,"[2137, 0]",1,0,0,0
5555,"[2137, 1]",2,0,0,-1
5556,"[2138, 0]",1,0,0,0
5557,"[2138, 1]",2,41,18,0
5558,"[2139, 0]",1,2,1,0
5559,"[2140, 0]",1,158,64,0
5560,"[2141, 0]",1,41,18,0
5561,"[2142, 0]",1,64,29,0
5562,"[2143, 0]",1,0,0,0
5563,"[2143, 1]",2,158,64,0
5564,"[2144, 0]",1,158,64,0
5565,"[2145, 0]",1,156,64,0
5566,"[2146, 0]",1,57,26,0
5567,"[2147, 0]",1,158,64,0
5568,"[2148, 0]",1,61,28,0
5569,"[2149, 0]",1,0,0,0
5570,"[2149, 1]",11,158,64,0
5571,"[2149, 2]",10,158,64,0
5572,"[2149, 3]",9,0,0,0
5573,"[2149, 4]",7,0,0,0
5574,"[2149, 5]",5,0,0,0
5575,"[2149, 6]",4,0,0,0
5576,"[2149, 7]",38,41,18,0
5577,"[2149, 8]",36,0,0,0
5578,"[2149, 9]",34,59,28,0
5579,"[2149, 10]",33,158,64,0
5580,"[2149, 11]",32,158,64,0
5581,"[2149, 12]",30,0,0,0
5582,"[2149, 13]",26,0,0,0
5583,"[2149, 14]",22,41,18,0
5584,"[2149, 15]",115,0,0,0
5585,"[2149, 16]",90,158,64,0
5586,"[2149, 17]",89,0,0,0
5587,"[2149, 18]",64,158,64,0
5588,"[2149, 19]",63,156,64,0
5589,"[2149, 20]",62,158,64,0
5590,"[2149, 21]",61,0,0,0
5591,"[2149, 22]",59,0,0,0
5592,"[2149, 23]",396,156,64,0
5593,"[2149, 24]",381,158,64,0
5594,"[2149, 25]",297,0,0,0
5595,"[2149, 26]",267,158,64,-1
5596,"[2149, 27]",1321,0,0,0
5597,"[2149, 28]",1320,0,0,0
5598,"[2149, 29]",1476,0,0,-1
5599,"[2149, 30]",1473,158,64,0
5600,"[2149, 31]",2746,156,64,1
5601,"[2149, 32]",2235,57,26,0
5602,"[2149, 33]",2233,0,0,0
5603,"[2149, 34]",2949,0,0,0
5604,"[2149, 35]",3348,41,18,0
5605,"[2150, 0]",1,0,0,0
5606,"[2150, 1]",2,156,64,0
5607,"[2151, 0]",1,158,64,0
5608,"[2152, 0]",1,59,28,0
5609,"[2153, 0]",1,0,0,0
5610,"[2153, 1]",2,37,18,0
5611,"[2154, 0]",1,0,0,0
5612,"[2154, 1]",2,158,64,0
5613,"[2155, 0]",1,0,0,0
5614,"[2155, 1]",2,158,64,0
5615,"[2156, 0]",1,0,0,0
5616,"[2156, 1]",6,41,18,0
5617,"[2156, 2]",5,54,24,0
5618,"[2156, 3]",3,0,0,0
5619,"[2156, 4]",2,0,0,0
5620,"[2156, 5]",38,57,26,0
5621,"[2156, 6]",35,0,0,0
5622,"[2156, 7]",34,0,0,0
5623,"[2156, 8]",32,158,64,0
5624,"[2156, 9]",31,158,64,0
5625,"[2156, 10]",30,0,0,0
5626,"[2156, 11]",95,51,24,0
5627,"[2156, 12]",82,158,64,0
5628,"[2156, 13]",77,0,0,0
5629,"[2156, 14]",302,51,24,0
5630,"[2157, 0]",1,156,64,0
5631,"[2158, 0]",1,156,64,0
5632,"[2159, 0]",1,158,64,0
5633,"[2160, 0]",1,41,18,0
5634,"[2161, 0]",1,158,64,0
5635,"[2162, 0]",1,158,64,0
5636,"[2163, 0]",1,0,0,0
5637,"[2163, 1]",2,0,0,0
5638,"[2163, 2]",29,0,0,0
5639,"[2163, 3]",45,158,64,0
5640,"[2164, 0]",1,0,0,0
5641,"[2164, 1]",8,158,64,0
5642,"[2164, 2]",5,0,0,0
5643,"[2164, 3]",3,0,0,0
5644,"[2164, 4]",2,0,0,0
5645,"[2164, 5]",65,0,0,0
5646,"[2164, 6]",57,156,64,0
5647,"[2164, 7]",51,0,0,0
5648,"[2164, 8]",230,156,64,0
5649,"[2164, 9]",133,156,64,0
5650,"[2165, 0]",1,0,0,0
5651,"[2165, 1]",7,158,64,0
5652,"[2165, 2]",6,158,64,0
5653,"[2165, 3]",5,156,64,0
5654,"[2165, 4]",3,0,0,0
5655,"[2165, 5]",2,0,0,0
5656,"[2165, 6]",37,158,64,0
5657,"[2165, 7]",34,57,26,0
5658,"[2166, 0]",1,0,0,0
5659,"[2166, 1]",2,158,64,0
5660,"[2167, 0]",1,41,18,0
5661,"[2168, 0]",1,0,0,0
5662,"[2168, 1]",2,2,1,-1
5663,"[2169, 0]",1,57,26,0
5664,"[2170, 0]",1,0,0,0
5665,"[2170, 1]",2,158,64,40
5666,"[2171, 0]",1,158,64,0
5667,"[2172, 0]",1,0,0,0
5668,"[2172, 1]",2,61,28,0
5669,"[2173, 0]",1,158,64,0
5670,"[2174, 0]",1,57,26,0
5671,"[2175, 0]",1,0,0,0
5672,"[2175, 1]",2,158,64,0
5673,"[2176, 0]",1,2,1,0
5674,"[2177, 0]",1,41,18,0
5675,"[2178, 0]",1,0,0,0
5676,"[2178, 1]",2,156,64,0
5677,"[2179, 0]",1,0,0,0
5678,"[2179, 1]",6,0,0,0
5679,"[2179, 2]",4,0,0,0
5680,"[2179, 3]",2,0,0,0
5681,"[2179, 4]",36,0,0,0
5682,"[2179, 5]",35,0,0,0
5683,"[2179, 6]",21,158,64,1
5684,"[2179, 7]",10,158,64,11
5685,"[2179, 8]",66,158,64,0
5686,"[2179, 9]",61,0,0,0
5687,"[2179, 10]",269,158,64,-1
5688,"[2180, 0]",1,158,64,0
5689,"[2181, 0]",1,158,64,0
5690,"[2182, 0]",1,158,64,0
5691,"[2183, 0]",1,0,0,0
5692,"[2183, 1]",2,158,64,-1
5693,"[2184, 0]",1,158,64,0
5694,"[2185, 0]",1,53,24,0
5695,"[2186, 0]",1,158,64,1
5696,"[2187, 0]",1,158,64,0
5697,"[2188, 0]",1,41,18,0
5698,"[2189, 0]",1,0,0,0
5699,"[2189, 1]",2,0,0,0
5700,"[2189, 2]",16,57,26,0
5701,"[2190, 0]",1,158,64,0
5702,"[2191, 0]",1,0,0,0
5703,"[2191, 1]",9,158,64,5
5704,"[2191, 2]",7,158,64,-1
5705,"[2191, 3]",6,0,0,-1
5706,"[2191, 4]",4,0,0,2
5707,"[2191, 5]",3,0,0,1
5708,"[2191, 6]",44,158,64,0
5709,"[2191, 7]",37,156,64,0
5710,"[2191, 8]",32,158,64,-1
5711,"[2192, 0]",1,158,64,0
5712,"[2193, 0]",1,158,64,0
5713,"[2194, 0]",1,156,64,0
5714,"[2195, 0]",1,0,0,0
5715,"[2195, 1]",2,158,64,0
5716,"[2196, 0]",1,2,1,0
5717,"[2197, 0]",1,41,18,0
5718,"[2198, 0]",1,0,0,0
5719,"[2198, 1]",2,158,64,0
5720,"[2199, 0]",1,158,64,0
5721,"[2200, 0]",1,59,28,0
5722,"[2201, 0]",1,158,64,0
5723,"[2202, 0]",1,0,0,0
5724,"[2202, 1]",2,0,0,0
5725,"[2202, 2]",56,158,64,0
5726,"[2203, 0]",1,0,0,0
5727,"[2203, 1]",2,2,1,0
5728,"[2204, 0]",1,0,0,0
5729,"[2204, 1]",2,0,0,0
5730,"[2204, 2]",73,158,64,0
5731,"[2205, 0]",1,0,0,0
5732,"[2206, 0]",1,2,1,0
5733,"[2207, 0]",1,158,64,0
5734,"[2208, 0]",1,156,64,0
5735,"[2209, 0]",1,158,64,0
5736,"[2210, 0]",1,158,64,0
5737,"[2211, 0]",1,158,64,0
5738,"[2212, 0]",1,0,0,0
5739,"[2212, 1]",6,57,26,0
5740,"[2212, 2]",3,0,0,0
5741,"[2212, 3]",2,0,0,0
5742,"[2212, 4]",48,0,0,0
5743,"[2212, 5]",46,0,0,0
5744,"[2212, 6]",45,0,0,0
5745,"[2212, 7]",40,0,0,0
5746,"[2212, 8]",39,0,0,0
5747,"[2212, 9]",119,0,0,0
5748,"[2212, 10]",118,0,0,0
5749,"[2212, 11]",114,158,64,0
5750,"[2212, 12]",113,41,18,0
5751,"[2212, 13]",84,41,18,0
5752,"[2212, 14]",82,0,0,0
5753,"[2212, 15]",78,158,64,0
5754,"[2212, 16]",75,0,0,0
5755,"[2212, 17]",63,0,0,0
5756,"[2212, 18]",265,0,0,0
5757,"[2212, 19]",255,41,18,0
5758,"[2212, 20]",254,0,0,0
5759,"[2212, 21]",221,158,64,0
5760,"[2212, 22]",160,0,0,0
5761,"[2212, 23]",156,158,64,0
5762,"[2212, 24]",488,0,0,0
5763,"[2212, 25]",313,51,24,0
5764,"[2212, 26]",282,57,26,-1
5765,"[2212, 27]",630,57,26,0
5766,"[2213, 0]",1,0,0,0
5767,"[2213, 1]",2,57,26,0
5768,"[2214, 0]",1,54,24,0
5769,"[2215, 0]",1,158,64,0
5770,"[2216, 0]",1,59,28,0
5771,"[2217, 0]",1,158,64,0
5772,"[2218, 0]",1,0,0,0
5773,"[2218, 1]",2,41,18,0
5774,"[2219, 0]",1,0,0,0
5775,"[2219, 1]",2,158,64,0
5776,"[2220, 0]",1,0,0,0
5777,"[2220, 1]",2,0,0,0
5778,"[2220, 2]",55,57,26,0
5779,"[2220, 3]",54,57,26,0
5780,"[2221, 0]",1,0,0,0
5781,"[2221, 1]",5,61,28,0
5782,"[2221, 2]",4,0,0,0
5783,"[2221, 3]",2,0,0,0
5784,"[2221, 4]",31,158,64,0
5785,"[2221, 5]",19,158,64,7
5786,"[2222, 0]",1,158,64,0
5787,"[2223, 0]",1,0,0,0
5788,"[2223, 1]",5,2,1,0
5789,"[2223, 2]",3,0,0,0
5790,"[2223, 3]",30,2,1,0
5791,"[2224, 0]",1,158,64,0
5792,"[2225, 0]",1,2,1,0
5793,"[2226, 0]",1,156,64,0
5794,"[2227, 0]",1,0,0,0
5795,"[2227, 1]",2,57,26,0
5796,"[2228, 0]",1,0,0,0
5797,"[2228, 1]",2,156,64,-1
5798,"[2229, 0]",1,0,0,0
5799,"[2229, 1]",2,2,1,0
5800,"[2230, 0]",1,158,64,0
5801,"[2231, 0]",1,0,0,1
5802,"[2231, 1]",2,158,64,0
5803,"[2232, 0]",1,158,64,0
5804,"[2233, 0]",1,0,0,0
5805,"[2233, 1]",2,0,0,0
5806,"[2233, 2]",30,57,26,0
5807,"[2234, 0]",1,41,18,0
5808,"[2235, 0]",1,0,0,0
5809,"[2235, 1]",2,158,64,0
5810,"[2236, 0]",1,0,0,0
5811,"[2236, 1]",2,158,64,0
5812,"[2237, 0]",1,158,64,0
5813,"[2238, 0]",1,0,0,0
5814,"[2238, 1]",2,158,64,-1
5815,"[2239, 0]",1,2,1,0
5816,"[2240, 0]",1,0,0,0
5817,"[2240, 1]",2,158,64,0
5818,"[2241, 0]",1,0,0,1
5819,"[2241, 1]",2,158,64,-1
5820,"[2242, 0]",1,158,64,0
5821,"[2243, 0]",1,0,0,0
5822,"[2243, 1]",2,0,0,0
5823,"[2243, 2]",24,156,64,0
5824,"[2244, 0]",1,57,26,0
5825,"[2245, 0]",1,156,64,0
5826,"[2246, 0]",1,156,64,0
5827,"[2247, 0]",1,0,0,0
5828,"[2247, 1]",2,158,64,0
5829,"[2248, 0]",1,158,64,0
5830,"[2249, 0]",1,41,18,0
5831,"[2250, 0]",1,0,0,0
5832,"[2250, 1]",2,77,32,0
5833,"[2251, 0]",1,57,26,0
5834,"[2252, 0]",1,0,0,0
5835,"[2253, 0]",1,158,64,0
5836,"[2254, 0]",1,158,64,0
5837,"[2255, 0]",1,0,0,0
5838,"[2255, 1]",2,158,64,0
5839,"[2256, 0]",1,156,64,0
5840,"[2257, 0]",1,41,18,0
5841,"[2258, 0]",1,0,0,0
5842,"[2258, 1]",2,2,1,0
5843,"[2259, 0]",1,57,26,0
5844,"[2260, 0]",1,0,0,0
5845,"[2260, 1]",6,41,18,0
5846,"[2260, 2]",5,156,64,0
5847,"[2260, 3]",4,0,0,0
5848,"[2260, 4]",3,0,0,0
5849,"[2260, 5]",44,41,18,0
5850,"[2260, 6]",41,158,64,0
5851,"[2261, 0]",1,0,0,0
5852,"[2261, 1]",6,158,64,0
5853,"[2261, 2]",5,57,26,0
5854,"[2261, 3]",2,0,0,0
5855,"[2261, 4]",54,0,0,0
5856,"[2261, 5]",75,0,0,0
5857,"[2261, 6]",250,41,18,0
5858,"[2262, 0]",1,0,0,0
5859,"[2262, 1]",2,158,64,0
5860,"[2263, 0]",1,54,24,0
5861,"[2264, 0]",1,0,0,0
5862,"[2264, 1]",2,41,18,0
5863,"[2265, 0]",1,57,26,0
5864,"[2266, 0]",1,41,18,0
5865,"[2267, 0]",1,0,0,0
5866,"[2267, 1]",2,41,18,0
5867,"[2268, 0]",1,59,28,0
5868,"[2269, 0]",1,0,0,0
5869,"[2269, 1]",2,41,18,0
5870,"[2270, 0]",1,0,0,0
5871,"[2270, 1]",2,41,18,0
5872,"[2271, 0]",1,0,0,0
5873,"[2271, 1]",2,41,18,0
5874,"[2272, 0]",1,0,0,1
5875,"[2272, 1]",6,57,26,0
5876,"[2272, 2]",4,0,0,0
5877,"[2272, 3]",2,0,0,0
5878,"[2272, 4]",56,158,64,0
5879,"[2272, 5]",54,0,0,0
5880,"[2272, 6]",53,0,0,0
5881,"[2272, 7]",52,0,0,0
5882,"[2272, 8]",34,0,0,0
5883,"[2272, 9]",115,158,64,7
5884,"[2272, 10]",100,156,64,0
5885,"[2272, 11]",99,0,0,0
5886,"[2272, 12]",93,0,0,0
5887,"[2272, 13]",86,2,1,0
5888,"[2272, 14]",216,158,64,0
5889,"[2272, 15]",178,158,64,0
5890,"[2273, 0]",1,158,64,0
5891,"[2274, 0]",1,158,64,0
5892,"[2275, 0]",1,41,18,0
5893,"[2276, 0]",1,41,18,0
5894,"[2277, 0]",1,0,0,0
5895,"[2277, 1]",2,0,0,0
5896,"[2277, 2]",17,54,24,0
5897,"[2278, 0]",1,57,26,0
5898,"[2279, 0]",1,0,0,0
5899,"[2279, 1]",2,57,26,0
5900,"[2280, 0]",1,158,64,0
5901,"[2281, 0]",1,0,0,0
5902,"[2281, 1]",2,0,0,0
5903,"[2281, 2]",18,156,64,0
5904,"[2282, 0]",1,0,0,0
5905,"[2282, 1]",2,156,64,0
5906,"[2283, 0]",1,156,64,0
5907,"[2284, 0]",1,0,0,0
5908,"[2284, 1]",2,156,64,0
5909,"[2285, 0]",1,0,0,0
5910,"[2285, 1]",5,0,0,0
5911,"[2285, 2]",4,61,28,0
5912,"[2285, 3]",3,0,0,0
5913,"[2285, 4]",2,0,0,0
5914,"[2285, 5]",27,41,18,0
5915,"[2285, 6]",26,51,24,0
5916,"[2285, 7]",25,0,0,0
5917,"[2285, 8]",20,41,18,0
5918,"[2285, 9]",13,41,18,0
5919,"[2285, 10]",52,0,0,0
5920,"[2285, 11]",199,41,18,0
5921,"[2286, 0]",1,0,0,0
5922,"[2286, 1]",2,0,0,4
5923,"[2286, 2]",9,0,0,0
5924,"[2286, 3]",16,156,64,0
5925,"[2287, 0]",1,59,28,0
5926,"[2288, 0]",1,0,0,0
5927,"[2288, 1]",8,158,64,0
5928,"[2288, 2]",7,59,28,0
5929,"[2288, 3]",5,0,0,0
5930,"[2288, 4]",3,0,0,0
5931,"[2288, 5]",2,0,0,0
5932,"[2288, 6]",47,0,0,0
5933,"[2288, 7]",42,41,18,0
5934,"[2288, 8]",39,0,0,0
5935,"[2288, 9]",157,41,18,0
5936,"[2288, 10]",119,158,64,0
5937,"[2289, 0]",1,156,64,0
5938,"[2290, 0]",1,0,0,0
5939,"[2290, 1]",2,0,0,0
5940,"[2290, 2]",32,2,1,0
5941,"[2291, 0]",1,61,28,0
5942,"[2292, 0]",1,0,0,0
5943,"[2292, 1]",4,41,18,0
5944,"[2292, 2]",2,0,0,0
5945,"[2292, 3]",48,0,0,0
5946,"[2292, 4]",61,41,18,0
5947,"[2293, 0]",1,0,0,0
5948,"[2293, 1]",2,0,0,0
5949,"[2293, 2]",19,158,64,-1
5950,"[2294, 0]",1,0,0,0
5951,"[2294, 1]",4,2,1,0
5952,"[2294, 2]",3,41,18,0
5953,"[2294, 3]",2,0,0,0
5954,"[2294, 4]",22,57,26,0
5955,"[2295, 0]",1,0,0,0
5956,"[2295, 1]",5,0,0,0
5957,"[2295, 2]",4,0,0,0
5958,"[2295, 3]",2,0,0,0
5959,"[2295, 4]",34,0,0,0
5960,"[2295, 5]",28,41,18,0
5961,"[2295, 6]",24,59,28,0
5962,"[2295, 7]",55,156,64,0
5963,"[2295, 8]",54,0,0,0
5964,"[2295, 9]",188,158,64,0
5965,"[2296, 0]",1,158,64,0
5966,"[2297, 0]",1,41,18,0
5967,"[2298, 0]",1,0,0,0
5968,"[2298, 1]",4,0,0,0
5969,"[2298, 2]",3,0,0,0
5970,"[2298, 3]",2,0,0,0
5971,"[2298, 4]",33,158,64,0
5972,"[2298, 5]",28,158,64,0
5973,"[2298, 6]",24,156,64,0
5974,"[2299, 0]",1,156,64,0
5975,"[2300, 0]",1,0,0,0
5976,"[2300, 1]",6,0,0,0
5977,"[2300, 2]",4,0,0,0
5978,"[2300, 3]",2,0,0,0
5979,"[2300, 4]",44,41,18,0
5980,"[2300, 5]",40,0,0,0
5981,"[2300, 6]",38,0,0,0
5982,"[2300, 7]",32,0,0,0
5983,"[2300, 8]",25,158,64,0
5984,"[2300, 9]",124,158,64,0
5985,"[2300, 10]",107,57,26,0
5986,"[2300, 11]",106,0,0,0
5987,"[2300, 12]",105,0,0,0
5988,"[2300, 13]",102,0,0,0
5989,"[2300, 14]",101,0,0,0
5990,"[2300, 15]",95,158,64,0
5991,"[2300, 16]",334,57,26,0
5992,"[2300, 17]",332,158,64,0
5993,"[2300, 18]",331,0,0,0
5994,"[2300, 19]",325,158,64,0
5995,"[2300, 20]",310,158,64,0
5996,"[2300, 21]",302,156,64,0
5997,"[2300, 22]",446,156,64,0
5998,"[2301, 0]",1,0,0,0
5999,"[2301, 1]",2,41,18,0
6000,"[2302, 0]",1,0,0,0
6001,"[2302, 1]",2,0,0,0
6002,"[2302, 2]",71,2,1,0
6003,"[2303, 0]",1,2,1,1
6004,"[2304, 0]",1,0,0,0
6005,"[2304, 1]",2,2,1,-1
6006,"[2305, 0]",1,41,18,0
6007,"[2306, 0]",1,2,1,0
6008,"[2307, 0]",1,2,1,0
6009,"[2308, 0]",1,0,0,0
6010,"[2308, 1]",2,0,0,-1
6011,"[2308, 2]",16,0,0,-1
6012,"[2308, 3]",33,54,24,1
6013,"[2309, 0]",1,158,64,0
6014,"[2310, 0]",1,57,26,0
6015,"[2311, 0]",1,2,1,0
6016,"[2312, 0]",1,158,64,0
6017,"[2313, 0]",1,0,0,0
6018,"[2313, 1]",6,59,26,0
6019,"[2313, 2]",5,0,0,0
6020,"[2313, 3]",4,0,0,0
6021,"[2313, 4]",3,0,0,0
6022,"[2313, 5]",2,0,0,0
6023,"[2313, 6]",37,41,18,0
6024,"[2313, 7]",36,41,18,0
6025,"[2313, 8]",35,156,64,0
6026,"[2313, 9]",34,0,0,0
6027,"[2313, 10]",27,41,18,0
6028,"[2313, 11]",24,158,64,0
6029,"[2313, 12]",21,158,64,0
6030,"[2313, 13]",68,41,18,0
6031,"[2314, 0]",1,41,18,0
6032,"[2315, 0]",1,0,0,0
6033,"[2315, 1]",5,41,18,0
6034,"[2315, 2]",4,0,0,0
6035,"[2315, 3]",2,0,0,0
6036,"[2315, 4]",20,57,26,0
6037,"[2315, 5]",16,0,0,0
6038,"[2315, 6]",11,59,28,0
6039,"[2315, 7]",64,0,0,0
6040,"[2315, 8]",62,0,0,0
6041,"[2315, 9]",61,0,0,0
6042,"[2315, 10]",197,0,0,0
6043,"[2315, 11]",195,0,0,0
6044,"[2315, 12]",191,158,64,0
6045,"[2315, 13]",189,0,0,0
6046,"[2315, 14]",182,158,64,0
6047,"[2315, 15]",279,41,18,0
6048,"[2315, 16]",278,0,0,0
6049,"[2315, 17]",276,0,0,0
6050,"[2315, 18]",237,0,0,0
6051,"[2315, 19]",236,0,0,0
6052,"[2315, 20]",235,0,0,0
6053,"[2315, 21]",221,158,64,0
6054,"[2315, 22]",564,158,64,0
6055,"[2315, 23]",558,41,18,0
6056,"[2315, 24]",554,0,0,0
6057,"[2315, 25]",471,0,0,0
6058,"[2315, 26]",449,41,18,0
6059,"[2315, 27]",903,57,26,0
6060,"[2315, 28]",861,41,18,0
6061,"[2316, 0]",1,0,0,0
6062,"[2316, 1]",2,158,64,0
6063,"[2317, 0]",1,59,28,0
6064,"[2318, 0]",1,0,0,0
6065,"[2318, 1]",2,158,64,0
6066,"[2319, 0]",1,0,0,0
6067,"[2319, 1]",2,57,26,5
6068,"[2320, 0]",1,55,24,0
6069,"[2321, 0]",1,54,24,0
6070,"[2322, 0]",1,158,64,1
6071,"[2323, 0]",1,2,1,0
6072,"[2324, 0]",1,2,1,0
6073,"[2325, 0]",1,0,0,-1
6074,"[2325, 1]",2,41,18,14
6075,"[2326, 0]",1,0,0,0
6076,"[2326, 1]",3,0,0,0
6077,"[2326, 2]",2,37,18,0
6078,"[2326, 3]",34,2,1,0
6079,"[2327, 0]",1,0,0,0
6080,"[2327, 1]",2,156,64,-1
6081,"[2328, 0]",1,41,18,0
6082,"[2329, 0]",1,0,0,0
6083,"[2329, 1]",2,64,29,0
6084,"[2330, 0]",1,0,0,0
6085,"[2330, 1]",5,158,64,0
6086,"[2330, 2]",3,0,0,0
6087,"[2330, 3]",2,0,0,0
6088,"[2330, 4]",39,158,64,0
6089,"[2330, 5]",38,0,0,0
6090,"[2330, 6]",37,0,0,0
6091,"[2330, 7]",28,59,28,0
6092,"[2330, 8]",58,156,64,0
6093,"[2330, 9]",54,158,64,0
6094,"[2331, 0]",1,0,0,0
6095,"[2331, 1]",6,158,64,0
6096,"[2331, 2]",5,0,0,0
6097,"[2331, 3]",3,0,0,0
6098,"[2331, 4]",42,0,0,-1
6099,"[2331, 5]",21,158,64,1
6100,"[2331, 6]",71,0,0,-1
6101,"[2331, 7]",182,156,64,10
6102,"[2332, 0]",1,0,0,0
6103,"[2332, 1]",2,0,0,-1
6104,"[2332, 2]",17,158,64,3
6105,"[2333, 0]",1,158,64,0
6106,"[2334, 0]",1,0,0,0
6107,"[2334, 1]",7,41,18,0
6108,"[2334, 2]",5,0,0,0
6109,"[2334, 3]",3,0,0,0
6110,"[2334, 4]",34,0,0,0
6111,"[2334, 5]",28,41,18,0
6112,"[2334, 6]",70,158,64,0
6113,"[2335, 0]",1,41,18,0
6114,"[2336, 0]",1,0,0,0
6115,"[2336, 1]",2,158,64,0
6116,"[2337, 0]",1,0,0,0
6117,"[2337, 1]",2,0,0,0
6118,"[2337, 2]",34,41,18,0
6119,"[2338, 0]",1,158,64,0
6120,"[2339, 0]",1,158,64,0
6121,"[2340, 0]",1,158,64,0
6122,"[2341, 0]",1,0,0,0
6123,"[2341, 1]",3,41,18,0
6124,"[2341, 2]",2,156,64,0
6125,"[2342, 0]",1,0,0,0
6126,"[2342, 1]",2,158,64,0
6127,"[2343, 0]",1,41,18,0
6128,"[2344, 0]",1,156,64,0
6129,"[2345, 0]",1,0,0,0
6130,"[2345, 1]",2,156,64,0
6131,"[2346, 0]",1,0,0,0
6132,"[2346, 1]",2,0,0,-1
6133,"[2346, 2]",18,57,26,2
6134,"[2347, 0]",1,61,28,0
6135,"[2348, 0]",1,158,64,0
6136,"[2349, 0]",1,0,0,0
6137,"[2349, 1]",3,0,0,0
6138,"[2349, 2]",2,0,0,0
6139,"[2349, 3]",32,53,24,10
6140,"[2349, 4]",28,41,18,0
6141,"[2350, 0]",1,0,0,0
6142,"[2350, 1]",2,0,0,-1
6143,"[2350, 2]",19,0,0,1
6144,"[2350, 3]",36,158,64,-1
6145,"[2351, 0]",1,54,24,0
6146,"[2352, 0]",1,41,18,0
6147,"[2353, 0]",1,0,0,0
6148,"[2353, 1]",7,158,64,0
6149,"[2353, 2]",6,0,0,0
6150,"[2353, 3]",5,0,0,0
6151,"[2353, 4]",3,0,0,0
6152,"[2353, 5]",2,0,0,0
6153,"[2353, 6]",61,0,0,0
6154,"[2353, 7]",59,0,0,0
6155,"[2353, 8]",57,0,0,0
6156,"[2353, 9]",48,0,0,0
6157,"[2353, 10]",29,57,26,0
6158,"[2353, 11]",25,41,18,0
6159,"[2353, 12]",145,57,26,0
6160,"[2353, 13]",90,0,0,0
6161,"[2353, 14]",89,0,0,0
6162,"[2353, 15]",88,0,0,0
6163,"[2353, 16]",87,0,0,0
6164,"[2353, 17]",75,158,64,0
6165,"[2353, 18]",70,158,64,0
6166,"[2353, 19]",385,41,18,0
6167,"[2353, 20]",384,0,0,0
6168,"[2353, 21]",375,41,18,0
6169,"[2353, 22]",372,57,26,7
6170,"[2353, 23]",369,0,0,0
6171,"[2353, 24]",584,53,24,0
6172,"[2353, 25]",513,156,64,0
6173,"[2354, 0]",1,0,0,0
6174,"[2354, 1]",2,59,28,0
6175,"[2355, 0]",1,158,64,0
6176,"[2356, 0]",1,158,64,0
6177,"[2357, 0]",1,0,0,0
6178,"[2357, 1]",6,158,64,0
6179,"[2357, 2]",4,158,64,0
6180,"[2357, 3]",2,0,0,0
6181,"[2357, 4]",33,57,26,0
6182,"[2357, 5]",31,53,24,0
6183,"[2357, 6]",30,0,0,0
6184,"[2357, 7]",61,158,64,0
6185,"[2358, 0]",1,57,26,0
6186,"[2359, 0]",1,158,64,0
6187,"[2360, 0]",1,156,64,0
6188,"[2361, 0]",1,0,0,0
6189,"[2361, 1]",6,158,64,0
6190,"[2361, 2]",4,41,18,0
6191,"[2361, 3]",3,0,0,0
6192,"[2361, 4]",2,0,0,0
6193,"[2361, 5]",35,158,64,0
6194,"[2361, 6]",30,158,64,0
6195,"[2362, 0]",1,41,18,0
6196,"[2363, 0]",1,158,64,0
6197,"[2364, 0]",1,0,0,0
6198,"[2364, 1]",2,156,64,0
6199,"[2365, 0]",1,0,0,0
6200,"[2365, 1]",2,0,0,0
6201,"[2365, 2]",73,0,0,0
6202,"[2365, 3]",104,158,64,0
6203,"[2366, 0]",1,0,0,0
6204,"[2366, 1]",2,41,18,0
6205,"[2367, 0]",1,158,64,0
6206,"[2368, 0]",1,158,64,0
6207,"[2369, 0]",1,0,0,0
6208,"[2369, 1]",3,57,26,0
6209,"[2369, 2]",2,0,0,0
6210,"[2369, 3]",30,0,0,0
6211,"[2369, 4]",98,0,0,0
6212,"[2369, 5]",97,158,64,0
6213,"[2369, 6]",156,2,1,0
6214,"[2370, 0]",1,0,0,0
6215,"[2370, 1]",2,41,18,0
6216,"[2371, 0]",1,55,26,0
6217,"[2372, 0]",1,0,0,0
6218,"[2372, 1]",2,0,0,0
6219,"[2372, 2]",34,156,64,0
6220,"[2373, 0]",1,158,64,0
6221,"[2374, 0]",1,158,64,0
6222,"[2375, 0]",1,41,18,0
6223,"[2376, 0]",1,2,1,0
6224,"[2377, 0]",1,0,0,0
6225,"[2377, 1]",2,2,1,0
6226,"[2378, 0]",1,158,64,0
6227,"[2379, 0]",1,158,64,0
6228,"[2380, 0]",1,0,0,0
6229,"[2380, 1]",2,158,64,0
6230,"[2381, 0]",1,57,26,0
6231,"[2382, 0]",1,57,26,0
6232,"[2383, 0]",1,41,18,0
6233,"[2384, 0]",1,158,64,0
6234,"[2385, 0]",1,158,64,0
6235,"[2386, 0]",1,158,64,0
6236,"[2387, 0]",1,0,0,0
6237,"[2387, 1]",2,158,64,0
6238,"[2388, 0]",1,2,1,0
6239,"[2389, 0]",1,0,0,0
6240,"[2389, 1]",2,55,26,0
6241,"[2390, 0]",1,0,0,0
6242,"[2390, 1]",2,0,0,0
6243,"[2390, 2]",13,41,18,0
6244,"[2391, 0]",1,0,0,0
6245,"[2391, 1]",2,158,64,-1
6246,"[2392, 0]",1,41,18,0
6247,"[2393, 0]",1,0,0,1
6248,"[2393, 1]",2,158,64,1
6249,"[2394, 0]",1,0,0,0
6250,"[2394, 1]",2,158,64,6
6251,"[2395, 0]",1,0,0,0
6252,"[2395, 1]",4,0,0,0
6253,"[2395, 2]",2,0,0,0
6254,"[2395, 3]",36,57,26,0
6255,"[2395, 4]",19,41,18,0
6256,"[2396, 0]",1,158,64,0
6257,"[2397, 0]",1,158,64,0
6258,"[2398, 0]",1,0,0,0
6259,"[2398, 1]",2,158,64,0
6260,"[2399, 0]",1,0,0,0
6261,"[2399, 1]",4,57,26,0
6262,"[2400, 0]",1,0,0,0
6263,"[2400, 1]",2,57,26,0
6264,"[2401, 0]",1,0,0,1
6265,"[2401, 1]",2,158,64,0
6266,"[2402, 0]",1,0,0,0
6267,"[2403, 0]",1,0,0,0
6268,"[2403, 1]",2,0,0,0
6269,"[2403, 2]",17,54,24,0
6270,"[2404, 0]",1,156,64,0
6271,"[2405, 0]",1,0,0,0
6272,"[2405, 1]",2,41,18,0
6273,"[2406, 0]",1,158,64,0
6274,"[2407, 0]",1,0,0,0
6275,"[2407, 1]",2,0,0,2
6276,"[2407, 2]",21,54,24,12
6277,"[2408, 0]",1,158,64,0
6278,"[2409, 0]",1,158,64,0
6279,"[2410, 0]",1,0,0,0
6280,"[2410, 1]",2,156,64,0
6281,"[2411, 0]",1,0,0,0
6282,"[2412, 0]",1,0,0,1
6283,"[2412, 1]",2,158,64,1
6284,"[2413, 0]",1,0,0,0
6285,"[2413, 1]",2,57,26,0
6286,"[2414, 0]",1,158,64,0
6287,"[2415, 0]",1,156,64,1
6288,"[2416, 0]",1,0,0,0
6289,"[2416, 1]",4,53,24,0
6290,"[2416, 2]",2,0,0,0
6291,"[2416, 3]",31,41,18,0
6292,"[2416, 4]",28,0,0,0
6293,"[2416, 5]",60,0,0,0
6294,"[2416, 6]",121,158,64,0
6295,"[2417, 0]",1,0,0,0
6296,"[2417, 1]",2,0,0,0
6297,"[2417, 2]",39,158,64,0
6298,"[2417, 3]",37,0,0,0
6299,"[2418, 0]",1,41,18,0
6300,"[2419, 0]",1,0,0,0
6301,"[2419, 1]",3,0,0,0
6302,"[2419, 2]",25,41,18,0
6303,"[2419, 3]",23,57,26,0
6304,"[2419, 4]",21,0,0,0
6305,"[2419, 5]",60,0,0,0
6306,"[2419, 6]",119,158,64,0
6307,"[2420, 0]",1,0,0,0
6308,"[2420, 1]",3,158,64,-1
6309,"[2420, 2]",2,0,0,-1
6310,"[2420, 3]",50,158,64,-1
6311,"[2421, 0]",1,0,0,0
6312,"[2421, 1]",3,0,0,0
6313,"[2421, 2]",2,158,64,0
6314,"[2421, 3]",8,158,64,0
6315,"[2422, 0]",1,0,0,0
6316,"[2422, 1]",2,158,64,0
6317,"[2423, 0]",1,41,18,0
6318,"[2424, 0]",1,158,64,0
6319,"[2425, 0]",1,41,18,1
6320,"[2426, 0]",1,0,0,0
6321,"[2426, 1]",2,0,0,0
6322,"[2426, 2]",88,158,64,4
6323,"[2427, 0]",1,0,0,0
6324,"[2427, 1]",4,0,0,0
6325,"[2427, 2]",2,0,0,0
6326,"[2427, 3]",31,0,0,0
6327,"[2427, 4]",30,0,0,0
6328,"[2427, 5]",24,41,18,0
6329,"[2427, 6]",62,57,26,0
6330,"[2427, 7]",60,41,18,0
6331,"[2427, 8]",57,0,0,0
6332,"[2427, 9]",56,0,0,0
6333,"[2427, 10]",55,0,0,0
6334,"[2427, 11]",49,0,0,0
6335,"[2427, 12]",203,158,64,0
6336,"[2427, 13]",176,0,0,0
6337,"[2427, 14]",175,0,0,0
6338,"[2427, 15]",167,158,64,0
6339,"[2427, 16]",160,158,64,0
6340,"[2427, 17]",308,0,0,0
6341,"[2427, 18]",304,41,18,10
6342,"[2427, 19]",621,0,0,-1
6343,"[2427, 20]",772,156,64,-1
6344,"[2428, 0]",1,0,0,0
6345,"[2428, 1]",2,0,0,0
6346,"[2428, 2]",13,54,24,0
6347,"[2429, 0]",1,0,0,0
6348,"[2429, 1]",2,0,0,0
6349,"[2429, 2]",20,41,18,0
6350,"[2430, 0]",1,59,28,0
6351,"[2431, 0]",1,0,0,0
6352,"[2431, 1]",2,158,64,0
6353,"[2432, 0]",1,0,0,0
6354,"[2432, 1]",6,158,64,0
6355,"[2432, 2]",5,0,0,0
6356,"[2432, 3]",4,0,0,0
6357,"[2432, 4]",33,57,26,0
6358,"[2432, 5]",30,41,18,0
6359,"[2433, 0]",1,37,18,0
6360,"[2434, 0]",1,2,1,0
6361,"[2435, 0]",1,158,64,0
6362,"[2436, 0]",1,158,64,0
6363,"[2437, 0]",1,0,0,0
6364,"[2437, 1]",6,158,64,0
6365,"[2437, 2]",3,0,0,0
6366,"[2437, 3]",2,0,0,0
6367,"[2437, 4]",49,158,64,0
6368,"[2437, 5]",48,0,0,0
6369,"[2437, 6]",37,0,0,0
6370,"[2437, 7]",148,158,64,0
6371,"[2437, 8]",62,158,64,-1
6372,"[2438, 0]",1,158,64,0
6373,"[2439, 0]",1,0,0,0
6374,"[2439, 1]",6,158,64,0
6375,"[2439, 2]",4,0,0,0
6376,"[2439, 3]",2,0,0,0
6377,"[2439, 4]",34,0,0,0
6378,"[2439, 5]",29,156,64,1
6379,"[2439, 6]",62,158,64,0
6380,"[2440, 0]",1,158,64,1
6381,"[2441, 0]",1,0,0,0
6382,"[2441, 1]",2,158,64,0
6383,"[2442, 0]",1,158,64,0
6384,"[2443, 0]",1,41,18,0
6385,"[2444, 0]",1,41,18,0
6386,"[2445, 0]",1,41,18,0
6387,"[2446, 0]",1,0,0,0
6388,"[2447, 0]",1,156,64,0
6389,"[2448, 0]",1,0,0,0
6390,"[2448, 1]",2,57,26,0
6391,"[2449, 0]",1,0,0,0
6392,"[2449, 1]",2,158,64,0
6393,"[2450, 0]",1,57,26,0
6394,"[2451, 0]",1,0,0,0
6395,"[2451, 1]",2,57,26,0
6396,"[2452, 0]",1,0,0,0
6397,"[2452, 1]",2,0,0,0
6398,"[2452, 2]",19,158,64,0
6399,"[2453, 0]",1,0,0,0
6400,"[2453, 1]",2,57,26,0
6401,"[2454, 0]",1,158,64,0
6402,"[2455, 0]",1,0,0,0
6403,"[2455, 1]",3,0,0,0
6404,"[2455, 2]",30,158,64,0
6405,"[2456, 0]",1,0,0,0
6406,"[2456, 1]",2,158,64,0
6407,"[2457, 0]",1,0,0,0
6408,"[2457, 1]",3,0,0,0
6409,"[2457, 2]",2,0,0,0
6410,"[2457, 3]",47,0,0,0
6411,"[2457, 4]",46,0,0,0
6412,"[2457, 5]",45,0,0,0
6413,"[2457, 6]",43,0,0,0
6414,"[2457, 7]",42,0,0,0
6415,"[2457, 8]",37,158,64,0
6416,"[2457, 9]",35,0,0,0
6417,"[2457, 10]",34,0,0,0
6418,"[2457, 11]",33,0,0,0
6419,"[2457, 12]",126,2,1,0
6420,"[2457, 13]",124,0,0,0
6421,"[2457, 14]",123,0,0,0
6422,"[2457, 15]",120,0,0,0
6423,"[2457, 16]",116,0,0,0
6424,"[2457, 17]",89,41,18,0
6425,"[2457, 18]",88,0,0,0
6426,"[2457, 19]",86,0,0,0
6427,"[2457, 20]",83,41,18,0
6428,"[2457, 21]",80,158,64,0
6429,"[2457, 22]",79,0,0,0
6430,"[2457, 23]",75,0,0,0
6431,"[2457, 24]",71,57,26,0
6432,"[2457, 25]",68,158,64,0
6433,"[2457, 26]",298,41,18,0
6434,"[2457, 27]",274,158,64,0
6435,"[2457, 28]",242,0,0,0
6436,"[2457, 29]",227,41,18,0
6437,"[2457, 30]",176,158,64,0
6438,"[2457, 31]",157,0,0,0
6439,"[2457, 32]",145,0,0,0
6440,"[2457, 33]",140,41,18,0
6441,"[2457, 34]",612,2,1,0
6442,"[2457, 35]",600,156,64,0
6443,"[2457, 36]",483,158,64,-1
6444,"[2458, 0]",1,61,28,0
6445,"[2459, 0]",1,0,0,0
6446,"[2460, 0]",1,0,0,0
6447,"[2460, 1]",4,0,0,2
6448,"[2460, 2]",2,0,0,-1
6449,"[2460, 3]",56,0,0,3
6450,"[2460, 4]",37,156,64,0
6451,"[2460, 5]",90,57,26,0
6452,"[2460, 6]",89,57,26,0
6453,"[2461, 0]",1,0,0,0
6454,"[2461, 1]",2,41,18,0
6455,"[2462, 0]",1,158,64,0
6456,"[2463, 0]",1,0,0,0
6457,"[2463, 1]",2,0,0,0
6458,"[2463, 2]",16,156,64,1
6459,"[2464, 0]",1,158,64,0
6460,"[2465, 0]",1,66,29,0
6461,"[2466, 0]",1,0,0,0
6462,"[2466, 1]",2,54,24,0
6463,"[2467, 0]",1,156,64,0
6464,"[2468, 0]",1,0,0,0
6465,"[2468, 1]",6,41,18,0
6466,"[2468, 2]",5,158,64,0
6467,"[2468, 3]",3,0,0,0
6468,"[2468, 4]",2,0,0,0
6469,"[2468, 5]",50,0,0,0
6470,"[2468, 6]",48,0,0,0
6471,"[2468, 7]",47,0,0,0
6472,"[2468, 8]",46,0,0,0
6473,"[2468, 9]",41,0,0,0
6474,"[2468, 10]",100,51,24,0
6475,"[2468, 11]",98,0,0,0
6476,"[2468, 12]",73,0,0,-1
6477,"[2468, 13]",69,0,0,0
6478,"[2468, 14]",66,156,64,0
6479,"[2468, 15]",55,158,64,-1
6480,"[2468, 16]",348,57,26,0
6481,"[2468, 17]",333,158,64,-1
6482,"[2468, 18]",307,158,64,1
6483,"[2469, 0]",1,0,0,1
6484,"[2469, 1]",2,0,0,0
6485,"[2469, 2]",24,0,0,0
6486,"[2469, 3]",44,41,18,0
6487,"[2470, 0]",1,158,64,0
6488,"[2471, 0]",1,0,0,0
6489,"[2471, 1]",2,158,64,-1
6490,"[2472, 0]",1,158,64,0
6491,"[2473, 0]",1,0,0,0
6492,"[2473, 1]",3,0,0,0
6493,"[2473, 2]",2,0,0,0
6494,"[2473, 3]",48,0,0,0
6495,"[2473, 4]",40,41,18,0
6496,"[2473, 5]",67,158,64,0
6497,"[2474, 0]",1,0,0,0
6498,"[2474, 1]",4,0,0,0
6499,"[2474, 2]",3,0,0,0
6500,"[2474, 3]",2,0,0,0
6501,"[2474, 4]",61,57,26,0
6502,"[2474, 5]",60,41,18,0
6503,"[2474, 6]",59,0,0,0
6504,"[2474, 7]",56,0,0,0
6505,"[2474, 8]",53,2,1,0
6506,"[2474, 9]",99,158,64,0
6507,"[2474, 10]",86,59,28,0
6508,"[2475, 0]",1,0,0,0
6509,"[2475, 1]",2,41,18,0
6510,"[2476, 0]",1,0,0,0
6511,"[2476, 1]",2,41,18,0
6512,"[2477, 0]",1,0,0,0
6513,"[2477, 1]",5,158,64,-1
6514,"[2477, 2]",2,158,64,-1
6515,"[2478, 0]",1,0,0,0
6516,"[2478, 1]",2,158,64,0
6517,"[2479, 0]",1,158,64,0
6518,"[2480, 0]",1,156,64,0
6519,"[2481, 0]",1,0,0,0
6520,"[2481, 1]",2,2,1,0
6521,"[2482, 0]",1,158,64,0
6522,"[2483, 0]",1,0,0,0
6523,"[2483, 1]",2,0,0,0
6524,"[2483, 2]",72,0,0,10
6525,"[2483, 3]",81,156,64,76
6526,"[2484, 0]",1,0,0,0
6527,"[2484, 1]",3,158,64,-1
6528,"[2485, 0]",1,158,64,0
6529,"[2486, 0]",1,0,0,0
6530,"[2486, 1]",2,57,26,0
6531,"[2487, 0]",1,0,0,0
6532,"[2487, 1]",2,41,18,0
6533,"[2488, 0]",1,0,0,0
6534,"[2488, 1]",2,156,64,1
6535,"[2489, 0]",1,41,18,0
6536,"[2490, 0]",1,158,64,0
6537,"[2491, 0]",1,57,26,0
6538,"[2492, 0]",1,158,64,0
6539,"[2493, 0]",1,0,0,0
6540,"[2493, 1]",2,41,18,0
6541,"[2494, 0]",1,0,0,0
6542,"[2494, 1]",2,158,64,0
6543,"[2495, 0]",1,0,0,0
6544,"[2495, 1]",2,0,0,0
6545,"[2495, 2]",29,0,0,0
6546,"[2495, 3]",28,0,0,0
6547,"[2495, 4]",37,2,1,0
6548,"[2495, 5]",34,158,64,94
6549,"[2496, 0]",1,57,26,0
6550,"[2497, 0]",1,57,26,1
6551,"[2498, 0]",1,0,0,0
6552,"[2498, 1]",5,41,18,0
6553,"[2498, 2]",4,0,0,0
6554,"[2498, 3]",3,0,0,0
6555,"[2498, 4]",30,0,0,0
6556,"[2498, 5]",27,41,18,0
6557,"[2498, 6]",54,158,64,-1
6558,"[2499, 0]",1,0,0,0
6559,"[2499, 1]",2,158,64,1
6560,"[2500, 0]",1,0,0,0
6561,"[2500, 1]",3,41,18,0
6562,"[2500, 2]",2,0,0,0
6563,"[2500, 3]",36,0,0,0
6564,"[2500, 4]",119,156,64,0
6565,"[2501, 0]",1,158,64,0
6566,"[2502, 0]",1,158,64,0
6567,"[2503, 0]",1,0,0,0
6568,"[2503, 1]",2,41,18,0
6569,"[2504, 0]",1,0,0,0
6570,"[2504, 1]",2,2,1,0
6571,"[2505, 0]",1,58,26,0
6572,"[2506, 0]",1,158,64,0
6573,"[2507, 0]",1,0,0,0
6574,"[2507, 1]",2,41,18,0
6575,"[2508, 0]",1,0,0,0
6576,"[2508, 1]",4,0,0,0
6577,"[2508, 2]",3,0,0,0
6578,"[2508, 3]",2,0,0,0
6579,"[2508, 4]",61,0,0,0
6580,"[2508, 5]",55,0,0,0
6581,"[2508, 6]",49,0,0,0
6582,"[2508, 7]",207,41,18,0
6583,"[2508, 8]",179,58,26,0
6584,"[2508, 9]",134,41,18,0
6585,"[2509, 0]",1,158,64,0
6586,"[2510, 0]",1,0,0,0
6587,"[2510, 1]",2,158,64,3
6588,"[2511, 0]",1,2,1,0
6589,"[2512, 0]",1,0,0,0
6590,"[2512, 1]",7,0,0,-1
6591,"[2512, 2]",6,0,0,-1
6592,"[2512, 3]",5,0,0,-1
6593,"[2512, 4]",3,0,0,-1
6594,"[2512, 5]",127,158,64,-1
6595,"[2512, 6]",119,158,64,-1
6596,"[2512, 7]",118,0,0,-1
6597,"[2512, 8]",115,158,64,-1
6598,"[2512, 9]",113,156,64,-1
6599,"[2512, 10]",110,158,64,-1
6600,"[2512, 11]",100,158,64,-1
6601,"[2512, 12]",92,0,0,-1
6602,"[2512, 13]",85,0,0,-1
6603,"[2512, 14]",358,0,0,-1
6604,"[2512, 15]",324,158,64,-1
6605,"[2512, 16]",322,0,0,-1
6606,"[2512, 17]",205,158,64,-1
6607,"[2512, 18]",202,0,0,-1
6608,"[2512, 19]",723,0,0,-1
6609,"[2512, 20]",406,158,64,-1
6610,"[2512, 21]",950,158,64,-1
6611,"[2512, 22]",949,0,0,-1
6612,"[2512, 23]",1370,156,64,-1
6613,"[2513, 0]",1,0,0,0
6614,"[2513, 1]",2,158,64,0
6615,"[2514, 0]",1,57,26,0
6616,"[2515, 0]",1,156,64,0
6617,"[2516, 0]",1,158,64,0
6618,"[2517, 0]",1,0,0,0
6619,"[2517, 1]",2,57,26,0
6620,"[2518, 0]",1,158,64,0
6621,"[2519, 0]",1,0,0,0
6622,"[2519, 1]",2,57,26,0
6623,"[2520, 0]",1,0,0,0
6624,"[2520, 1]",2,158,64,0
6625,"[2521, 0]",1,156,64,0
6626,"[2522, 0]",1,158,64,0
6627,"[2523, 0]",1,2,1,0
6628,"[2524, 0]",1,0,0,0
6629,"[2524, 1]",7,2,1,0
6630,"[2524, 2]",5,41,18,0
6631,"[2524, 3]",4,158,64,0
6632,"[2524, 4]",2,0,0,0
6633,"[2524, 5]",35,0,0,0
6634,"[2524, 6]",72,158,64,0
6635,"[2524, 7]",71,0,0,0
6636,"[2524, 8]",69,0,0,0
6637,"[2524, 9]",218,158,64,0
6638,"[2524, 10]",203,41,18,0
6639,"[2525, 0]",1,57,26,0
6640,"[2526, 0]",1,0,0,0
6641,"[2526, 1]",7,158,64,0
6642,"[2526, 2]",6,41,18,0
6643,"[2526, 3]",5,0,0,0
6644,"[2526, 4]",3,0,0,0
6645,"[2526, 5]",2,0,0,0
6646,"[2526, 6]",43,158,64,0
6647,"[2526, 7]",41,0,0,0
6648,"[2526, 8]",32,0,0,0
6649,"[2526, 9]",27,41,18,0
6650,"[2526, 10]",130,0,0,0
6651,"[2526, 11]",67,0,0,0
6652,"[2526, 12]",66,41,18,0
6653,"[2526, 13]",397,54,24,0
6654,"[2526, 14]",389,41,18,0
6655,"[2527, 0]",1,0,0,0
6656,"[2527, 1]",2,158,64,0
6657,"[2528, 0]",1,0,0,0
6658,"[2528, 1]",3,41,18,0
6659,"[2528, 2]",2,0,0,0
6660,"[2528, 3]",31,158,64,0
6661,"[2529, 0]",1,0,0,0
6662,"[2529, 1]",2,158,64,0
6663,"[2530, 0]",1,0,0,0
6664,"[2530, 1]",2,2,1,0
6665,"[2531, 0]",1,0,0,0
6666,"[2531, 1]",4,0,0,0
6667,"[2531, 2]",3,0,0,0
6668,"[2531, 3]",2,0,0,0
6669,"[2531, 4]",42,158,64,0
6670,"[2531, 5]",39,0,0,0
6671,"[2531, 6]",38,0,0,0
6672,"[2531, 7]",34,41,18,0
6673,"[2531, 8]",33,0,0,0
6674,"[2531, 9]",28,58,26,0
6675,"[2531, 10]",117,158,64,0
6676,"[2531, 11]",91,0,0,0
6677,"[2531, 12]",87,0,0,0
6678,"[2531, 13]",265,0,0,0
6679,"[2531, 14]",258,0,0,0
6680,"[2531, 15]",257,0,0,0
6681,"[2531, 16]",256,0,0,0
6682,"[2531, 17]",255,0,0,0
6683,"[2531, 18]",470,0,0,0
6684,"[2531, 19]",463,41,18,0
6685,"[2531, 20]",460,51,24,0
6686,"[2531, 21]",457,41,18,0
6687,"[2531, 22]",432,57,26,0
6688,"[2531, 23]",604,41,18,0
6689,"[2532, 0]",1,0,0,0
6690,"[2532, 1]",2,41,18,0
6691,"[2533, 0]",1,158,64,0
6692,"[2534, 0]",1,158,64,0
6693,"[2535, 0]",1,0,0,0
6694,"[2535, 1]",2,0,0,6
6695,"[2535, 2]",16,54,24,0
6696,"[2536, 0]",1,0,0,0
6697,"[2536, 1]",2,158,64,0
6698,"[2537, 0]",1,0,0,0
6699,"[2537, 1]",2,41,18,0
6700,"[2538, 0]",1,57,26,1
6701,"[2539, 0]",1,158,64,0
6702,"[2540, 0]",1,41,18,0
6703,"[2541, 0]",1,55,26,0
6704,"[2542, 0]",1,0,0,0
6705,"[2542, 1]",5,158,64,0
6706,"[2542, 2]",4,0,0,0
6707,"[2542, 3]",3,0,0,0
6708,"[2542, 4]",40,41,18,0
6709,"[2542, 5]",35,158,64,0
6710,"[2543, 0]",1,0,0,0
6711,"[2543, 1]",2,0,0,0
6712,"[2543, 2]",16,57,26,18
6713,"[2544, 0]",1,0,0,0
6714,"[2544, 1]",4,0,0,0
6715,"[2544, 2]",2,0,0,0
6716,"[2544, 3]",41,57,26,0
6717,"[2544, 4]",39,41,18,0
6718,"[2544, 5]",21,2,1,0
6719,"[2545, 0]",1,0,0,0
6720,"[2545, 1]",2,0,0,0
6721,"[2545, 2]",25,54,24,0
6722,"[2546, 0]",1,41,18,1
6723,"[2547, 0]",1,0,0,0
6724,"[2547, 1]",2,57,26,0
6725,"[2548, 0]",1,0,0,0
6726,"[2548, 1]",3,0,0,0
6727,"[2548, 2]",2,41,18,0
6728,"[2548, 3]",37,158,64,0
6729,"[2549, 0]",1,0,0,0
6730,"[2549, 1]",2,158,64,0
6731,"[2550, 0]",1,41,18,0
6732,"[2551, 0]",1,0,0,0
6733,"[2551, 1]",2,41,18,0
6734,"[2552, 0]",1,158,64,0
6735,"[2553, 0]",1,2,1,0
6736,"[2554, 0]",1,158,64,0
6737,"[2555, 0]",1,158,64,0
6738,"[2556, 0]",1,0,0,0
6739,"[2556, 1]",2,0,0,0
6740,"[2556, 2]",17,57,26,0
6741,"[2557, 0]",1,0,0,0
6742,"[2557, 1]",2,41,18,0
6743,"[2558, 0]",1,0,0,0
6744,"[2558, 1]",2,0,0,2
6745,"[2558, 2]",12,2,1,-1
6746,"[2559, 0]",1,0,0,0
6747,"[2560, 0]",1,41,18,0
6748,"[2561, 0]",1,158,64,0
6749,"[2562, 0]",1,0,0,0
6750,"[2562, 1]",7,37,18,0
6751,"[2562, 2]",6,158,64,0
6752,"[2562, 3]",4,0,0,0
6753,"[2562, 4]",3,0,0,0
6754,"[2562, 5]",2,0,0,0
6755,"[2562, 6]",48,57,26,0
6756,"[2562, 7]",44,0,0,0
6757,"[2562, 8]",41,158,64,0
6758,"[2562, 9]",99,41,18,0
6759,"[2563, 0]",1,0,0,0
6760,"[2563, 1]",3,158,64,0
6761,"[2563, 2]",2,158,64,0
6762,"[2564, 0]",1,0,0,0
6763,"[2564, 1]",3,0,0,0
6764,"[2564, 2]",2,0,0,0
6765,"[2564, 3]",32,158,64,0
6766,"[2564, 4]",25,158,64,0
6767,"[2565, 0]",1,158,64,0
6768,"[2566, 0]",1,0,0,0
6769,"[2566, 1]",2,156,64,-1
6770,"[2567, 0]",1,0,0,0
6771,"[2567, 1]",2,0,0,0
6772,"[2567, 2]",39,156,64,-1
6773,"[2568, 0]",1,0,0,0
6774,"[2568, 1]",2,0,0,0
6775,"[2568, 2]",46,41,18,0
6776,"[2569, 0]",1,0,0,0
6777,"[2569, 1]",2,0,0,4
6778,"[2569, 2]",12,158,64,0
6779,"[2570, 0]",1,57,26,0
6780,"[2571, 0]",1,2,1,0
6781,"[2572, 0]",1,158,64,0
6782,"[2573, 0]",1,158,64,0
6783,"[2574, 0]",1,0,0,0
6784,"[2574, 1]",2,57,26,0
6785,"[2575, 0]",1,41,18,1
6786,"[2576, 0]",1,0,0,0
6787,"[2576, 1]",2,0,0,0
6788,"[2576, 2]",18,2,1,0
6789,"[2577, 0]",1,0,0,0
6790,"[2577, 1]",2,0,0,0
6791,"[2577, 2]",74,41,18,0
6792,"[2578, 0]",1,2,1,0
6793,"[2579, 0]",1,158,64,0
6794,"[2580, 0]",1,0,0,1
6795,"[2580, 1]",5,0,0,22
6796,"[2580, 2]",4,57,26,5
6797,"[2580, 3]",28,53,24,36
6798,"[2581, 0]",1,158,64,0
6799,"[2582, 0]",1,158,64,0
6800,"[2583, 0]",1,0,0,0
6801,"[2583, 1]",2,41,18,0
6802,"[2584, 0]",1,0,0,0
6803,"[2584, 1]",2,17,8,0
6804,"[2585, 0]",1,0,0,0
6805,"[2585, 1]",2,0,0,0
6806,"[2585, 2]",104,41,18,0
6807,"[2586, 0]",1,158,64,0
6808,"[2587, 0]",1,158,64,0
6809,"[2588, 0]",1,158,64,0
6810,"[2589, 0]",1,0,0,0
6811,"[2589, 1]",2,158,64,0
6812,"[2590, 0]",1,0,0,0
6813,"[2590, 1]",3,0,0,0
6814,"[2590, 2]",2,158,64,0
6815,"[2590, 3]",8,158,64,0
6816,"[2591, 0]",1,0,0,0
6817,"[2591, 1]",2,158,64,-1
6818,"[2592, 0]",1,158,64,0
6819,"[2593, 0]",1,0,0,0
6820,"[2593, 1]",2,0,0,0
6821,"[2593, 2]",37,0,0,0
6822,"[2593, 3]",54,156,64,0
6823,"[2594, 0]",1,59,28,0
6824,"[2595, 0]",1,156,64,0
6825,"[2596, 0]",1,0,0,0
6826,"[2596, 1]",3,0,0,0
6827,"[2596, 2]",2,0,0,0
6828,"[2596, 3]",22,41,18,0
6829,"[2596, 4]",18,158,64,0
6830,"[2597, 0]",1,0,0,0
6831,"[2597, 1]",2,158,64,0
6832,"[2598, 0]",1,2,1,0
6833,"[2599, 0]",1,2,1,0
6834,"[2600, 0]",1,51,24,0
6835,"[2601, 0]",1,158,64,0
6836,"[2602, 0]",1,0,0,0
6837,"[2602, 1]",2,0,0,0
6838,"[2603, 0]",1,0,0,0
6839,"[2603, 1]",2,2,1,0
6840,"[2604, 0]",1,57,26,0
6841,"[2605, 0]",1,2,1,0
6842,"[2606, 0]",1,0,0,0
6843,"[2606, 1]",7,158,64,0
6844,"[2606, 2]",6,0,0,0
6845,"[2606, 3]",4,0,0,0
6846,"[2606, 4]",3,0,0,0
6847,"[2606, 5]",2,0,0,0
6848,"[2606, 6]",59,158,64,0
6849,"[2606, 7]",58,0,0,0
6850,"[2606, 8]",57,0,0,0
6851,"[2606, 9]",49,158,64,0
6852,"[2606, 10]",44,158,64,0
6853,"[2606, 11]",32,55,26,0
6854,"[2606, 12]",90,0,0,0
6855,"[2606, 13]",87,0,0,0
6856,"[2606, 14]",85,0,0,0
6857,"[2606, 15]",388,57,26,0
6858,"[2606, 16]",376,41,18,0
6859,"[2606, 17]",361,0,0,0
6860,"[2606, 18]",559,0,0,0
6861,"[2606, 19]",721,0,0,0
6862,"[2606, 20]",850,158,64,0
6863,"[2607, 0]",1,0,0,0
6864,"[2607, 1]",4,0,0,2
6865,"[2607, 2]",3,0,0,-1
6866,"[2607, 3]",46,54,24,-1
6867,"[2607, 4]",43,158,64,-1
6868,"[2608, 0]",1,2,1,0
6869,"[2609, 0]",1,158,64,0
6870,"[2610, 0]",1,41,18,0
6871,"[2611, 0]",1,0,0,0
6872,"[2611, 1]",2,158,64,0
6873,"[2612, 0]",1,0,0,0
6874,"[2612, 1]",2,66,29,0
6875,"[2613, 0]",1,0,0,0
6876,"[2613, 1]",2,158,64,0
6877,"[2614, 0]",1,0,0,0
6878,"[2614, 1]",2,41,18,0
6879,"[2615, 0]",1,41,18,0
6880,"[2616, 0]",1,41,18,0
6881,"[2617, 0]",1,0,0,0
6882,"[2617, 1]",2,0,0,-1
6883,"[2617, 2]",13,41,18,3
6884,"[2618, 0]",1,0,0,0
6885,"[2618, 1]",2,57,26,0
6886,"[2619, 0]",1,158,64,0
6887,"[2620, 0]",1,0,0,0
6888,"[2620, 1]",2,158,64,0
6889,"[2621, 0]",1,158,64,0
6890,"[2622, 0]",1,0,0,0
6891,"[2622, 1]",2,158,64,0
6892,"[2623, 0]",1,0,0,0
6893,"[2623, 1]",2,158,64,0
6894,"[2624, 0]",1,158,64,0
6895,"[2625, 0]",1,156,64,0
6896,"[2626, 0]",1,0,0,0
6897,"[2626, 1]",2,158,64,0
6898,"[2627, 0]",1,0,0,0
6899,"[2627, 1]",3,0,0,0
6900,"[2627, 2]",2,158,64,0
6901,"[2627, 3]",8,158,64,0
6902,"[2628, 0]",1,0,0,0
6903,"[2628, 1]",2,0,0,0
6904,"[2628, 2]",35,57,26,1
6905,"[2629, 0]",1,0,0,0
6906,"[2629, 1]",2,0,0,-1
6907,"[2629, 2]",26,57,26,-1
6908,"[2630, 0]",1,0,0,0
6909,"[2630, 1]",2,0,0,0
6910,"[2630, 2]",26,41,18,0
6911,"[2630, 3]",25,0,0,0
6912,"[2630, 4]",23,0,0,0
6913,"[2630, 5]",68,0,0,0
6914,"[2630, 6]",67,0,0,0
6915,"[2630, 7]",65,0,0,0
6916,"[2630, 8]",62,0,0,0
6917,"[2630, 9]",46,41,18,0
6918,"[2630, 10]",113,0,0,0
6919,"[2630, 11]",99,158,64,0
6920,"[2630, 12]",86,156,64,0
6921,"[2630, 13]",83,0,0,-1
6922,"[2630, 14]",318,59,28,-1
6923,"[2630, 15]",248,158,64,0
6924,"[2631, 0]",1,41,18,0
6925,"[2632, 0]",1,0,0,0
6926,"[2632, 1]",4,57,26,0
6927,"[2632, 2]",2,0,0,0
6928,"[2632, 3]",50,156,64,0
6929,"[2633, 0]",1,0,0,0
6930,"[2633, 1]",2,0,0,0
6931,"[2633, 2]",52,41,18,0
6932,"[2634, 0]",1,156,64,0
6933,"[2635, 0]",1,158,64,0
6934,"[2636, 0]",1,0,0,0
6935,"[2636, 1]",4,51,24,0
6936,"[2636, 2]",2,0,0,0
6937,"[2636, 3]",26,41,18,0
6938,"[2637, 0]",1,41,18,0
6939,"[2638, 0]",1,156,64,0
6940,"[2639, 0]",1,0,0,0
6941,"[2639, 1]",2,158,64,0
6942,"[2640, 0]",1,156,64,0
6943,"[2641, 0]",1,41,18,0
6944,"[2642, 0]",1,0,0,0
6945,"[2642, 1]",3,0,0,0
6946,"[2642, 2]",2,158,64,0
6947,"[2642, 3]",8,158,64,0
6948,"[2643, 0]",1,0,0,0
6949,"[2643, 1]",4,0,0,0
6950,"[2643, 2]",2,0,0,0
6951,"[2643, 3]",34,54,24,0
6952,"[2643, 4]",28,2,1,0
6953,"[2644, 0]",1,0,0,0
6954,"[2644, 1]",2,158,64,0
6955,"[2645, 0]",1,37,18,0
6956,"[2646, 0]",1,41,18,0
6957,"[2647, 0]",1,0,0,0
6958,"[2647, 1]",2,0,0,-1
6959,"[2647, 2]",18,0,0,-1
6960,"[2647, 3]",41,158,64,3
6961,"[2648, 0]",1,156,64,0
6962,"[2649, 0]",1,0,0,0
6963,"[2649, 1]",3,0,0,0
6964,"[2649, 2]",2,0,0,0
6965,"[2649, 3]",31,158,64,0
6966,"[2649, 4]",30,158,64,0
6967,"[2649, 5]",29,0,0,0
6968,"[2649, 6]",26,0,0,0
6969,"[2649, 7]",25,0,0,0
6970,"[2649, 8]",18,0,0,0
6971,"[2649, 9]",17,0,0,0
6972,"[2649, 10]",16,0,0,0
6973,"[2649, 11]",139,0,0,0
6974,"[2649, 12]",136,0,0,0
6975,"[2649, 13]",135,0,0,0
6976,"[2649, 14]",132,57,26,0
6977,"[2649, 15]",130,0,0,0
6978,"[2649, 16]",129,0,0,0
6979,"[2649, 17]",120,0,0,0
6980,"[2649, 18]",110,41,18,0
6981,"[2649, 19]",107,0,0,0
6982,"[2649, 20]",103,158,64,0
6983,"[2649, 21]",102,158,64,0
6984,"[2649, 22]",101,0,0,0
6985,"[2649, 23]",100,0,0,0
6986,"[2649, 24]",97,0,0,0
6987,"[2649, 25]",94,0,0,0
6988,"[2649, 26]",92,0,0,0
6989,"[2649, 27]",90,0,0,0
6990,"[2649, 28]",70,41,18,0
6991,"[2649, 29]",421,57,26,0
6992,"[2649, 30]",403,54,24,0
6993,"[2649, 31]",383,58,26,0
6994,"[2649, 32]",369,0,0,0
6995,"[2649, 33]",362,57,26,0
6996,"[2649, 34]",359,158,64,0
6997,"[2649, 35]",317,0,0,0
6998,"[2649, 36]",316,0,0,0
6999,"[2649, 37]",315,0,0,0
7000,"[2649, 38]",314,0,0,0
7001,"[2649, 39]",313,0,0,0
7002,"[2649, 40]",312,0,0,0
7003,"[2649, 41]",310,0,0,0
7004,"[2649, 42]",309,0,0,0
7005,"[2649, 43]",302,41,18,0
7006,"[2649, 44]",301,0,0,0
7007,"[2649, 45]",286,0,0,0
7008,"[2649, 46]",224,41,18,0
7009,"[2649, 47]",221,158,64,0
7010,"[2649, 48]",192,0,0,0
7011,"[2649, 49]",184,0,0,0
7012,"[2649, 50]",179,0,0,0
7013,"[2649, 51]",1205,41,18,0
7014,"[2649, 52]",1197,158,64,0
7015,"[2649, 53]",1129,2,1,-1
7016,"[2649, 54]",1125,41,18,16
7017,"[2649, 55]",1122,0,0,-1
7018,"[2649, 56]",1071,41,18,0
7019,"[2649, 57]",1010,158,64,0
7020,"[2649, 58]",1009,0,0,0
7021,"[2649, 59]",1007,0,0,0
7022,"[2649, 60]",1006,0,0,0
7023,"[2649, 61]",1005,0,0,0
7024,"[2649, 62]",1004,0,0,0
7025,"[2649, 63]",983,57,26,0
7026,"[2649, 64]",982,0,0,0
7027,"[2649, 65]",981,0,0,0
7028,"[2649, 66]",975,0,0,0
7029,"[2649, 67]",967,0,0,0
7030,"[2649, 68]",959,0,0,0
7031,"[2649, 69]",951,41,18,0
7032,"[2649, 70]",946,158,64,0
7033,"[2649, 71]",939,158,64,0
7034,"[2649, 72]",934,0,0,0
7035,"[2649, 73]",739,0,0,0
7036,"[2649, 74]",1967,158,64,0
7037,"[2649, 75]",1885,158,64,0
7038,"[2649, 76]",1737,158,64,0
7039,"[2649, 77]",1687,57,26,0
7040,"[2649, 78]",1624,158,64,0
7041,"[2649, 79]",1623,0,0,0
7042,"[2649, 80]",1582,0,0,0
7043,"[2649, 81]",1578,59,28,0
7044,"[2649, 82]",1475,41,18,0
7045,"[2649, 83]",1469,158,64,0
7046,"[2649, 84]",1464,156,64,0
7047,"[2649, 85]",1460,0,0,0
7048,"[2649, 86]",1457,0,0,0
7049,"[2649, 87]",1319,0,0,-1
7050,"[2649, 88]",1317,0,0,-1
7051,"[2649, 89]",1316,0,0,-1
7052,"[2649, 90]",3097,158,64,-1
7053,"[2649, 91]",3091,158,64,-1
7054,"[2649, 92]",3084,158,64,39
7055,"[2649, 93]",2884,41,18,0
7056,"[2649, 94]",2866,158,64,0
7057,"[2649, 95]",2386,41,18,0
7058,"[2649, 96]",2370,61,28,7
7059,"[2650, 0]",1,158,64,0
7060,"[2651, 0]",1,0,0,0
7061,"[2651, 1]",2,158,64,0
7062,"[2652, 0]",1,57,26,0
7063,"[2653, 0]",1,0,0,0
7064,"[2653, 1]",5,0,0,0
7065,"[2653, 2]",3,0,0,0
7066,"[2653, 3]",2,0,0,0
7067,"[2653, 4]",43,0,0,0
7068,"[2653, 5]",41,0,0,0
7069,"[2653, 6]",39,0,0,0
7070,"[2653, 7]",36,156,64,0
7071,"[2653, 8]",19,57,26,0
7072,"[2653, 9]",83,158,64,0
7073,"[2653, 10]",75,0,0,0
7074,"[2653, 11]",68,41,18,0
7075,"[2653, 12]",275,158,64,7
7076,"[2654, 0]",1,41,18,0
7077,"[2655, 0]",1,41,18,0
7078,"[2656, 0]",1,0,0,0
7079,"[2656, 1]",2,0,0,0
7080,"[2656, 2]",22,61,28,0
7081,"[2657, 0]",1,0,0,0
7082,"[2657, 1]",8,0,0,0
7083,"[2657, 2]",7,158,64,0
7084,"[2657, 3]",4,0,0,0
7085,"[2657, 4]",2,0,0,0
7086,"[2657, 5]",48,156,64,1
7087,"[2657, 6]",47,57,26,-1
7088,"[2657, 7]",45,158,64,1
7089,"[2657, 8]",36,0,0,0
7090,"[2657, 9]",23,156,64,1
7091,"[2657, 10]",147,158,64,0
7092,"[2658, 0]",1,0,0,0
7093,"[2658, 1]",2,156,64,1
7094,"[2659, 0]",1,0,0,0
7095,"[2660, 0]",1,41,18,0
7096,"[2661, 0]",1,158,64,0
7097,"[2662, 0]",1,158,64,0
7098,"[2663, 0]",1,41,18,0
7099,"[2664, 0]",1,0,0,0
7100,"[2664, 1]",9,57,26,0
7101,"[2664, 2]",8,2,1,0
7102,"[2664, 3]",6,0,0,0
7103,"[2664, 4]",5,0,0,0
7104,"[2664, 5]",4,0,0,0
7105,"[2664, 6]",45,57,26,0
7106,"[2664, 7]",44,0,0,0
7107,"[2664, 8]",42,0,0,0
7108,"[2664, 9]",41,158,64,0
7109,"[2664, 10]",32,53,24,0
7110,"[2664, 11]",84,0,0,0
7111,"[2664, 12]",77,41,18,0
7112,"[2664, 13]",76,41,18,0
7113,"[2664, 14]",75,0,0,0
7114,"[2664, 15]",74,0,0,0
7115,"[2664, 16]",343,0,0,0
7116,"[2664, 17]",339,158,64,0
7117,"[2664, 18]",318,156,64,0
7118,"[2664, 19]",419,41,18,0
7119,"[2665, 0]",1,57,26,0
7120,"[2666, 0]",1,0,0,0
7121,"[2666, 1]",2,158,64,-1
7122,"[2667, 0]",1,158,64,0
7123,"[2668, 0]",1,57,26,0
7124,"[2669, 0]",1,0,0,0
7125,"[2669, 1]",2,158,64,0
7126,"[2670, 0]",1,41,18,0
7127,"[2671, 0]",1,0,0,0
7128,"[2671, 1]",2,41,18,0
7129,"[2672, 0]",1,0,0,0
7130,"[2672, 1]",5,41,18,0
7131,"[2672, 2]",4,41,18,0
7132,"[2672, 3]",2,0,0,0
7133,"[2672, 4]",17,0,0,0
7134,"[2672, 5]",35,158,64,0
7135,"[2672, 6]",32,0,0,0
7136,"[2672, 7]",144,158,64,-1
7137,"[2673, 0]",1,0,0,0
7138,"[2673, 1]",2,158,64,0
7139,"[2674, 0]",1,0,0,0
7140,"[2674, 1]",2,57,26,0
7141,"[2675, 0]",1,41,18,0
7142,"[2676, 0]",1,0,0,0
7143,"[2676, 1]",2,156,64,0
7144,"[2677, 0]",1,158,64,0
7145,"[2678, 0]",1,61,28,0
7146,"[2679, 0]",1,0,0,0
7147,"[2679, 1]",2,158,64,0
7148,"[2680, 0]",1,0,0,0
7149,"[2680, 1]",5,41,18,0
7150,"[2680, 2]",4,158,64,0
7151,"[2680, 3]",2,0,0,0
7152,"[2680, 4]",34,2,1,0
7153,"[2681, 0]",1,0,0,0
7154,"[2681, 1]",2,158,64,-1
7155,"[2682, 0]",1,0,0,0
7156,"[2682, 1]",3,0,0,0
7157,"[2682, 2]",2,0,0,0
7158,"[2682, 3]",30,0,0,0
7159,"[2682, 4]",26,0,0,0
7160,"[2682, 5]",25,0,0,0
7161,"[2682, 6]",100,2,1,0
7162,"[2682, 7]",96,0,0,0
7163,"[2682, 8]",95,0,0,0
7164,"[2682, 9]",92,2,1,0
7165,"[2682, 10]",77,156,64,0
7166,"[2682, 11]",76,41,18,0
7167,"[2682, 12]",69,0,0,0
7168,"[2682, 13]",240,158,64,0
7169,"[2682, 14]",154,0,0,0
7170,"[2682, 15]",152,0,0,0
7171,"[2682, 16]",151,0,0,0
7172,"[2682, 17]",142,0,0,0
7173,"[2682, 18]",453,0,0,0
7174,"[2682, 19]",403,0,0,0
7175,"[2682, 20]",397,158,64,0
7176,"[2682, 21]",394,158,64,0
7177,"[2682, 22]",550,63,28,0
7178,"[2682, 23]",535,158,64,1
7179,"[2683, 0]",1,0,0,0
7180,"[2683, 1]",2,0,0,-1
7181,"[2683, 2]",14,158,64,1
7182,"[2684, 0]",1,51,24,0
7183,"[2685, 0]",1,0,0,0
7184,"[2685, 1]",2,57,26,0
7185,"[2686, 0]",1,0,0,0
7186,"[2686, 1]",4,158,64,0
7187,"[2686, 2]",2,0,0,0
7188,"[2686, 3]",22,0,0,0
7189,"[2686, 4]",40,0,0,0
7190,"[2686, 5]",87,41,18,7
7191,"[2687, 0]",1,158,64,0
7192,"[2688, 0]",1,158,64,0
7193,"[2689, 0]",1,0,0,0
7194,"[2689, 1]",3,2,1,0
7195,"[2689, 2]",2,158,64,0
7196,"[2690, 0]",1,158,64,0
7197,"[2691, 0]",1,51,24,0
7198,"[2692, 0]",1,57,26,0
7199,"[2693, 0]",1,158,64,0
7200,"[2694, 0]",1,0,0,0
7201,"[2694, 1]",2,158,64,0
7202,"[2695, 0]",1,0,0,0
7203,"[2695, 1]",2,156,64,0
7204,"[2696, 0]",1,0,0,0
7205,"[2696, 1]",3,0,0,0
7206,"[2696, 2]",23,0,0,0
7207,"[2696, 3]",20,0,0,0
7208,"[2696, 4]",50,0,0,-1
7209,"[2696, 5]",45,41,18,0
7210,"[2696, 6]",137,158,64,-1
7211,"[2697, 0]",1,0,0,0
7212,"[2697, 1]",2,0,0,0
7213,"[2697, 2]",82,158,64,0
7214,"[2698, 0]",1,2,1,0
7215,"[2699, 0]",1,156,64,0
7216,"[2700, 0]",1,2,1,0
7217,"[2701, 0]",1,0,0,0
7218,"[2701, 1]",3,0,0,-1
7219,"[2701, 2]",22,0,0,-1
7220,"[2702, 0]",1,0,0,0
7221,"[2702, 1]",2,2,1,0
7222,"[2703, 0]",1,158,64,0
7223,"[2704, 0]",1,41,18,0
7224,"[2705, 0]",1,158,64,0
7225,"[2706, 0]",1,0,0,0
7226,"[2706, 1]",6,64,29,0
7227,"[2706, 2]",5,57,26,0
7228,"[2706, 3]",3,0,0,0
7229,"[2706, 4]",2,0,0,0
7230,"[2706, 5]",39,156,64,0
7231,"[2706, 6]",37,0,0,0
7232,"[2706, 7]",36,0,0,0
7233,"[2706, 8]",33,41,18,0
7234,"[2706, 9]",64,0,0,0
7235,"[2706, 10]",60,0,0,0
7236,"[2706, 11]",248,54,24,-1
7237,"[2706, 12]",228,2,1,0
7238,"[2707, 0]",1,59,28,0
7239,"[2708, 0]",1,57,26,0
7240,"[2709, 0]",1,158,64,0
7241,"[2710, 0]",1,0,0,0
7242,"[2710, 1]",2,0,0,0
7243,"[2710, 2]",15,41,18,0
7244,"[2711, 0]",1,158,64,0
7245,"[2712, 0]",1,0,0,0
7246,"[2712, 1]",2,0,0,0
7247,"[2712, 2]",14,57,26,0
7248,"[2713, 0]",1,0,0,0
7249,"[2713, 1]",2,51,24,0
7250,"[2714, 0]",1,54,24,0
7251,"[2715, 0]",1,158,64,0
7252,"[2716, 0]",1,41,18,0
7253,"[2717, 0]",1,156,64,0
7254,"[2718, 0]",1,0,0,0
7255,"[2718, 1]",8,156,64,0
7256,"[2718, 2]",6,59,28,0
7257,"[2718, 3]",3,0,0,0
7258,"[2718, 4]",2,0,0,0
7259,"[2718, 5]",54,158,64,-1
7260,"[2718, 6]",47,57,26,0
7261,"[2719, 0]",1,41,18,0
7262,"[2720, 0]",1,158,64,0
7263,"[2721, 0]",1,0,0,0
7264,"[2721, 1]",2,158,64,0
7265,"[2722, 0]",1,0,0,0
7266,"[2722, 1]",9,41,18,0
7267,"[2722, 2]",8,57,26,0
7268,"[2722, 3]",6,0,0,0
7269,"[2722, 4]",3,0,0,0
7270,"[2722, 5]",2,0,0,0
7271,"[2722, 6]",45,0,0,0
7272,"[2722, 7]",41,0,0,0
7273,"[2722, 8]",37,158,64,0
7274,"[2722, 9]",94,41,18,0
7275,"[2722, 10]",93,158,64,0
7276,"[2722, 11]",74,0,0,0
7277,"[2722, 12]",73,41,18,0
7278,"[2722, 13]",202,57,26,0
7279,"[2723, 0]",1,0,0,0
7280,"[2723, 1]",2,0,0,0
7281,"[2723, 2]",14,156,64,-1
7282,"[2724, 0]",1,0,0,0
7283,"[2724, 1]",2,156,64,0
7284,"[2725, 0]",1,158,64,0
7285,"[2726, 0]",1,41,18,0
7286,"[2727, 0]",1,41,18,0
7287,"[2728, 0]",1,2,1,0
7288,"[2729, 0]",1,2,1,0
7289,"[2730, 0]",1,41,18,0
7290,"[2731, 0]",1,57,26,0
7291,"[2732, 0]",1,0,0,0
7292,"[2732, 1]",4,156,64,0
7293,"[2732, 2]",2,0,0,0
7294,"[2732, 3]",31,0,0,0
7295,"[2732, 4]",58,0,0,0
7296,"[2732, 5]",139,57,26,0
7297,"[2733, 0]",1,158,64,0
7298,"[2734, 0]",1,0,0,0
7299,"[2734, 1]",2,57,26,0
7300,"[2735, 0]",1,0,0,0
7301,"[2735, 1]",9,57,26,0
7302,"[2735, 2]",7,0,0,0
7303,"[2735, 3]",6,0,0,0
7304,"[2735, 4]",5,0,0,0
7305,"[2735, 5]",35,51,24,0
7306,"[2735, 6]",31,0,0,0
7307,"[2735, 7]",27,0,0,0
7308,"[2735, 8]",129,156,64,0
7309,"[2735, 9]",114,0,0,0
7310,"[2735, 10]",196,41,18,0
7311,"[2736, 0]",1,158,64,0
7312,"[2737, 0]",1,2,1,0
7313,"[2738, 0]",1,0,0,0
7314,"[2738, 1]",2,0,0,0
7315,"[2738, 2]",25,158,64,0
7316,"[2739, 0]",1,0,0,0
7317,"[2739, 1]",2,158,64,0
7318,"[2740, 0]",1,158,64,0
7319,"[2741, 0]",1,158,64,1
7320,"[2742, 0]",1,158,64,0
7321,"[2743, 0]",1,0,0,0
7322,"[2743, 1]",2,158,64,0
7323,"[2744, 0]",1,0,0,0
7324,"[2744, 1]",2,0,0,0
7325,"[2744, 2]",29,0,0,1
7326,"[2744, 3]",61,0,0,0
7327,"[2744, 4]",88,2,1,0
7328,"[2745, 0]",1,158,64,0
7329,"[2746, 0]",1,158,64,0
7330,"[2747, 0]",1,57,26,0
7331,"[2748, 0]",1,0,0,0
7332,"[2748, 1]",2,0,0,0
7333,"[2748, 2]",35,0,0,0
7334,"[2748, 3]",59,158,64,0
7335,"[2749, 0]",1,41,18,0
7336,"[2750, 0]",1,0,0,0
7337,"[2750, 1]",3,0,0,0
7338,"[2750, 2]",2,41,18,0
7339,"[2750, 3]",53,59,28,0
7340,"[2750, 4]",52,41,18,0
7341,"[2751, 0]",1,41,18,1
7342,"[2752, 0]",1,57,26,0
7343,"[2753, 0]",1,57,26,0
7344,"[2754, 0]",1,156,64,0
7345,"[2755, 0]",1,57,26,1
7346,"[2756, 0]",1,158,64,0
7347,"[2757, 0]",1,158,64,0
7348,"[2758, 0]",1,57,26,0
7349,"[2759, 0]",1,41,18,0
7350,"[2760, 0]",1,0,0,0
7351,"[2760, 1]",2,2,1,0
7352,"[2761, 0]",1,0,0,0
7353,"[2761, 1]",2,0,0,0
7354,"[2761, 2]",55,64,29,0
7355,"[2762, 0]",1,0,0,0
7356,"[2762, 1]",2,57,26,0
7357,"[2763, 0]",1,156,64,0
7358,"[2764, 0]",1,41,18,0
7359,"[2765, 0]",1,0,0,0
7360,"[2765, 1]",6,158,64,0
7361,"[2765, 2]",3,41,18,0
7362,"[2765, 3]",2,0,0,0
7363,"[2765, 4]",31,0,0,3
7364,"[2765, 5]",30,156,64,-1
7365,"[2765, 6]",72,41,18,0
7366,"[2766, 0]",1,0,0,0
7367,"[2766, 1]",2,0,0,0
7368,"[2766, 2]",14,2,1,0
7369,"[2767, 0]",1,0,0,0
7370,"[2767, 1]",2,0,0,0
7371,"[2767, 2]",23,0,0,-1
7372,"[2767, 3]",31,158,64,-1
7373,"[2768, 0]",1,0,0,0
7374,"[2768, 1]",2,0,0,0
7375,"[2768, 2]",18,158,64,0
7376,"[2769, 0]",1,0,0,0
7377,"[2769, 1]",5,0,0,0
7378,"[2769, 2]",3,0,0,0
7379,"[2769, 3]",2,0,0,0
7380,"[2769, 4]",51,0,0,0
7381,"[2769, 5]",42,55,26,0
7382,"[2769, 6]",36,57,26,0
7383,"[2769, 7]",74,0,0,0
7384,"[2769, 8]",308,0,0,0
7385,"[2769, 9]",371,158,64,3
7386,"[2770, 0]",1,0,0,0
7387,"[2770, 1]",2,158,64,0
7388,"[2771, 0]",1,41,18,0
7389,"[2772, 0]",1,64,29,0
7390,"[2773, 0]",1,156,64,0
7391,"[2774, 0]",1,0,0,0
7392,"[2774, 1]",2,2,1,0
7393,"[2775, 0]",1,61,28,1
7394,"[2776, 0]",1,0,0,0
7395,"[2776, 1]",4,156,64,-1
7396,"[2777, 0]",1,156,64,0
7397,"[2778, 0]",1,158,64,0
7398,"[2779, 0]",1,158,64,0
7399,"[2780, 0]",1,158,64,0
7400,"[2781, 0]",1,158,64,0
7401,"[2782, 0]",1,41,18,0
7402,"[2783, 0]",1,0,0,0
7403,"[2783, 1]",2,156,64,0
7404,"[2784, 0]",1,158,64,0
7405,"[2785, 0]",1,0,0,0
7406,"[2785, 1]",2,0,0,0
7407,"[2785, 2]",18,41,18,0
7408,"[2786, 0]",1,0,0,0
7409,"[2786, 1]",3,41,18,0
7410,"[2786, 2]",2,156,64,0
7411,"[2787, 0]",1,0,0,0
7412,"[2787, 1]",2,2,1,0
7413,"[2788, 0]",1,41,18,0
7414,"[2789, 0]",1,0,0,0
7415,"[2789, 1]",2,2,1,0
7416,"[2790, 0]",1,0,0,0
7417,"[2790, 1]",2,59,28,1
7418,"[2791, 0]",1,41,18,0
7419,"[2792, 0]",1,41,18,0
7420,"[2793, 0]",1,158,64,0
7421,"[2794, 0]",1,57,26,0
7422,"[2795, 0]",1,0,0,0
7423,"[2795, 1]",2,158,64,0
7424,"[2796, 0]",1,41,18,0
7425,"[2797, 0]",1,0,0,0
7426,"[2797, 1]",9,156,64,-1
7427,"[2797, 2]",6,2,1,-1
7428,"[2797, 3]",5,0,0,-1
7429,"[2797, 4]",2,0,0,-1
7430,"[2797, 5]",40,158,64,-1
7431,"[2797, 6]",35,158,64,-1
7432,"[2798, 0]",1,0,0,0
7433,"[2798, 1]",2,41,18,0
7434,"[2799, 0]",1,156,64,0
7435,"[2800, 0]",1,156,64,0
7436,"[2801, 0]",1,158,64,0
7437,"[2802, 0]",1,57,26,0
7438,"[2803, 0]",1,0,0,0
7439,"[2803, 1]",2,156,64,0
7440,"[2804, 0]",1,0,0,0
7441,"[2804, 1]",5,158,64,0
7442,"[2804, 2]",3,0,0,0
7443,"[2804, 3]",2,0,0,0
7444,"[2804, 4]",31,0,0,0
7445,"[2804, 5]",27,41,18,0
7446,"[2804, 6]",44,2,1,0
7447,"[2805, 0]",1,0,0,0
7448,"[2805, 1]",2,77,32,0
7449,"[2806, 0]",1,156,64,0
7450,"[2807, 0]",1,158,64,1
7451,"[2808, 0]",1,0,0,0
7452,"[2808, 1]",2,158,64,0
7453,"[2809, 0]",1,0,0,0
7454,"[2809, 1]",2,0,0,0
7455,"[2809, 2]",24,158,64,-1
7456,"[2810, 0]",1,0,0,0
7457,"[2810, 1]",2,158,64,0
7458,"[2811, 0]",1,156,64,0
7459,"[2812, 0]",1,0,0,0
7460,"[2812, 1]",2,41,18,26
7461,"[2813, 0]",1,0,0,0
7462,"[2813, 1]",2,0,0,-1
7463,"[2813, 2]",63,0,0,1
7464,"[2813, 3]",72,57,26,0
7465,"[2814, 0]",1,0,0,0
7466,"[2814, 1]",10,0,0,0
7467,"[2814, 2]",6,0,0,0
7468,"[2814, 3]",4,0,0,0
7469,"[2814, 4]",3,0,0,0
7470,"[2814, 5]",2,0,0,0
7471,"[2814, 6]",78,156,64,0
7472,"[2814, 7]",74,0,0,0
7473,"[2814, 8]",73,0,0,0
7474,"[2814, 9]",67,0,0,0
7475,"[2814, 10]",64,156,64,0
7476,"[2814, 11]",62,2,1,0
7477,"[2814, 12]",61,0,0,0
7478,"[2814, 13]",55,158,64,0
7479,"[2814, 14]",21,41,18,0
7480,"[2814, 15]",209,0,0,-1
7481,"[2814, 16]",185,0,0,0
7482,"[2814, 17]",183,0,0,0
7483,"[2814, 18]",182,0,0,0
7484,"[2814, 19]",142,0,0,0
7485,"[2814, 20]",141,0,0,0
7486,"[2814, 21]",139,0,0,0
7487,"[2814, 22]",138,0,0,0
7488,"[2814, 23]",133,0,0,0
7489,"[2814, 24]",507,156,64,0
7490,"[2814, 25]",505,158,64,0
7491,"[2814, 26]",503,0,0,0
7492,"[2814, 27]",502,0,0,0
7493,"[2814, 28]",476,0,0,0
7494,"[2814, 29]",475,0,0,0
7495,"[2814, 30]",474,0,0,0
7496,"[2814, 31]",473,158,64,0
7497,"[2814, 32]",468,0,0,0
7498,"[2814, 33]",461,0,0,0
7499,"[2814, 34]",458,0,0,0
7500,"[2814, 35]",432,0,0,0
7501,"[2814, 36]",425,158,64,0
7502,"[2814, 37]",420,158,64,0
7503,"[2814, 38]",366,158,64,11
7504,"[2814, 39]",819,57,26,0
7505,"[2814, 40]",758,0,0,0
7506,"[2814, 41]",749,158,64,0
7507,"[2814, 42]",721,158,64,0
7508,"[2814, 43]",688,0,0,0
7509,"[2814, 44]",684,57,26,0
7510,"[2814, 45]",681,41,18,0
7511,"[2814, 46]",650,0,0,0
7512,"[2814, 47]",645,158,64,0
7513,"[2814, 48]",1289,156,64,0
7514,"[2814, 49]",1197,41,18,0
7515,"[2814, 50]",1069,2,1,-1
7516,"[2815, 0]",1,0,0,0
7517,"[2815, 1]",2,156,64,-1
7518,"[2816, 0]",1,0,0,0
7519,"[2816, 1]",2,158,64,0
7520,"[2817, 0]",1,158,64,0
7521,"[2818, 0]",1,158,64,0
7522,"[2819, 0]",1,0,0,0
7523,"[2819, 1]",2,0,0,0
7524,"[2819, 2]",51,57,26,0
7525,"[2820, 0]",1,0,0,0
7526,"[2820, 1]",2,0,0,0
7527,"[2820, 2]",18,54,24,0
7528,"[2821, 0]",1,158,64,0
7529,"[2822, 0]",1,57,26,0
7530,"[2823, 0]",1,156,64,0
7531,"[2824, 0]",1,0,0,0
7532,"[2824, 1]",2,57,26,0
7533,"[2825, 0]",1,158,64,0
7534,"[2826, 0]",1,158,64,0
7535,"[2827, 0]",1,158,64,0
7536,"[2828, 0]",1,0,0,0
7537,"[2828, 1]",2,41,18,0
7538,"[2829, 0]",1,0,0,0
7539,"[2829, 1]",2,158,64,-1
7540,"[2830, 0]",1,158,64,0
7541,"[2831, 0]",1,0,0,0
7542,"[2831, 1]",2,57,26,0
7543,"[2832, 0]",1,0,0,0
7544,"[2832, 1]",2,41,18,9
7545,"[2833, 0]",1,158,64,0
7546,"[2834, 0]",1,41,18,0
7547,"[2835, 0]",1,0,0,0
7548,"[2835, 1]",5,158,64,0
7549,"[2835, 2]",2,0,0,0
7550,"[2835, 3]",45,158,64,0
7551,"[2835, 4]",44,0,0,0
7552,"[2835, 5]",53,0,0,0
7553,"[2835, 6]",168,0,0,0
7554,"[2835, 7]",221,57,26,0
7555,"[2836, 0]",1,41,18,0
7556,"[2837, 0]",1,158,64,0
7557,"[2838, 0]",1,57,26,0
7558,"[2839, 0]",1,0,0,0
7559,"[2839, 1]",2,0,0,0
7560,"[2839, 2]",72,0,0,1
7561,"[2839, 3]",83,41,18,17
7562,"[2840, 0]",1,0,0,0
7563,"[2840, 1]",2,0,0,0
7564,"[2840, 2]",18,57,26,0
7565,"[2841, 0]",1,0,0,0
7566,"[2841, 1]",4,41,18,3
7567,"[2842, 0]",1,158,64,0
7568,"[2843, 0]",1,0,0,0
7569,"[2843, 1]",7,0,0,0
7570,"[2843, 2]",4,0,0,0
7571,"[2843, 3]",2,0,0,0
7572,"[2843, 4]",30,0,0,0
7573,"[2843, 5]",26,0,0,0
7574,"[2843, 6]",9,158,64,0
7575,"[2843, 7]",96,41,18,0
7576,"[2843, 8]",68,156,64,0
7577,"[2844, 0]",1,57,26,0
7578,"[2845, 0]",1,57,26,0
7579,"[2846, 0]",1,0,0,0
7580,"[2846, 1]",2,0,0,0
7581,"[2846, 2]",15,41,18,0
7582,"[2847, 0]",1,59,28,0
7583,"[2848, 0]",1,0,0,0
7584,"[2848, 1]",2,156,64,9
7585,"[2849, 0]",1,0,0,0
7586,"[2849, 1]",2,0,0,0
7587,"[2849, 2]",19,0,0,0
7588,"[2849, 3]",45,158,64,0
7589,"[2850, 0]",1,41,18,0
7590,"[2851, 0]",1,41,18,0
7591,"[2852, 0]",1,0,0,0
7592,"[2852, 1]",2,41,18,0
7593,"[2853, 0]",1,158,64,0
7594,"[2854, 0]",1,0,0,0
7595,"[2854, 1]",2,158,64,0
7596,"[2855, 0]",1,0,0,0
7597,"[2855, 1]",2,57,26,0
7598,"[2856, 0]",1,158,64,0
7599,"[2857, 0]",1,0,0,0
7600,"[2857, 1]",3,0,0,0
7601,"[2857, 2]",29,41,18,13
7602,"[2858, 0]",1,0,0,0
7603,"[2858, 1]",2,158,64,0
7604,"[2859, 0]",1,0,0,0
7605,"[2859, 1]",2,0,0,0
7606,"[2859, 2]",31,41,18,0
7607,"[2860, 0]",1,54,24,0
7608,"[2861, 0]",1,0,0,0
7609,"[2861, 1]",5,158,64,-1
7610,"[2861, 2]",4,158,64,-1
7611,"[2862, 0]",1,0,0,0
7612,"[2862, 1]",3,158,64,0
7613,"[2862, 2]",2,0,0,0
7614,"[2862, 3]",35,158,64,0
7615,"[2863, 0]",1,0,0,0
7616,"[2863, 1]",2,57,26,7
7617,"[2864, 0]",1,158,64,0
7618,"[2865, 0]",1,0,0,0
7619,"[2865, 1]",2,0,0,0
7620,"[2865, 2]",40,2,1,0
7621,"[2866, 0]",1,0,0,0
7622,"[2866, 1]",5,158,64,0
7623,"[2866, 2]",2,0,0,0
7624,"[2866, 3]",53,2,1,0
7625,"[2867, 0]",1,0,0,0
7626,"[2867, 1]",2,57,26,0
7627,"[2868, 0]",1,156,64,0
7628,"[2869, 0]",1,0,0,0
7629,"[2869, 1]",2,158,64,0
7630,"[2870, 0]",1,0,0,0
7631,"[2870, 1]",2,0,0,0
7632,"[2870, 2]",80,156,64,0
7633,"[2871, 0]",1,0,0,0
7634,"[2871, 1]",2,0,0,0
7635,"[2871, 2]",26,156,64,0
7636,"[2872, 0]",1,0,0,0
7637,"[2872, 1]",2,158,64,0
7638,"[2873, 0]",1,0,0,0
7639,"[2873, 1]",2,0,0,0
7640,"[2873, 2]",88,57,26,0
7641,"[2874, 0]",1,0,0,1
7642,"[2874, 1]",7,158,64,0
7643,"[2874, 2]",6,0,0,0
7644,"[2874, 3]",5,0,0,0
7645,"[2874, 4]",3,0,0,0
7646,"[2874, 5]",40,158,64,0
7647,"[2874, 6]",26,158,64,5
7648,"[2874, 7]",23,57,26,0
7649,"[2875, 0]",1,0,0,0
7650,"[2875, 1]",4,158,64,0
7651,"[2875, 2]",2,0,0,0
7652,"[2875, 3]",52,2,1,0
7653,"[2876, 0]",1,0,0,0
7654,"[2876, 1]",2,2,1,0
7655,"[2877, 0]",1,158,64,0
7656,"[2878, 0]",1,0,0,0
7657,"[2878, 1]",2,0,0,-1
7658,"[2878, 2]",43,0,0,-1
7659,"[2878, 3]",56,57,26,1
7660,"[2879, 0]",1,0,0,0
7661,"[2879, 1]",14,158,64,2
7662,"[2879, 2]",13,2,1,6
7663,"[2879, 3]",10,0,0,4
7664,"[2879, 4]",8,0,0,3
7665,"[2879, 5]",7,0,0,-1
7666,"[2879, 6]",5,0,0,-1
7667,"[2879, 7]",3,0,0,-1
7668,"[2879, 8]",2,0,0,-1
7669,"[2879, 9]",90,158,64,12
7670,"[2879, 10]",89,0,0,3
7671,"[2879, 11]",85,0,0,3
7672,"[2879, 12]",82,156,64,2
7673,"[2879, 13]",80,0,0,11
7674,"[2879, 14]",77,0,0,-1
7675,"[2879, 15]",76,0,0,1
7676,"[2879, 16]",66,57,26,7
7677,"[2879, 17]",64,0,0,-1
7678,"[2879, 18]",63,158,64,11
7679,"[2879, 19]",56,0,0,0
7680,"[2879, 20]",52,158,64,0
7681,"[2879, 21]",286,41,18,1
7682,"[2879, 22]",249,41,18,6
7683,"[2879, 23]",171,57,26,1
7684,"[2879, 24]",166,2,1,5
7685,"[2879, 25]",163,156,64,1
7686,"[2879, 26]",126,0,0,0
7687,"[2879, 27]",124,0,0,0
7688,"[2879, 28]",122,0,0,0
7689,"[2879, 29]",104,57,26,0
7690,"[2879, 30]",660,61,28,0
7691,"[2879, 31]",659,0,0,0
7692,"[2879, 32]",657,0,0,0
7693,"[2879, 33]",656,0,0,0
7694,"[2879, 34]",655,0,0,0
7695,"[2879, 35]",652,0,0,0
7696,"[2879, 36]",636,41,18,0
7697,"[2879, 37]",755,0,0,0
7698,"[2879, 38]",739,158,64,0
7699,"[2879, 39]",738,158,64,0
7700,"[2879, 40]",734,0,0,0
7701,"[2879, 41]",731,158,64,0
7702,"[2879, 42]",728,2,1,-1
7703,"[2879, 43]",1221,156,64,0
7704,"[2879, 44]",1162,158,64,6
7705,"[2880, 0]",1,0,0,0
7706,"[2880, 1]",9,158,64,1
7707,"[2880, 2]",8,0,0,-1
7708,"[2880, 3]",6,0,0,15
7709,"[2880, 4]",4,0,0,-1
7710,"[2880, 5]",31,0,0,0
7711,"[2880, 6]",28,0,0,-1
7712,"[2880, 7]",99,41,18,37
7713,"[2880, 8]",90,158,64,0
7714,"[2881, 0]",1,0,0,0
7715,"[2881, 1]",2,158,64,-1
7716,"[2882, 0]",1,51,24,0
7717,"[2883, 0]",1,158,64,0
7718,"[2884, 0]",1,0,0,0
7719,"[2884, 1]",4,57,26,0
7720,"[2884, 2]",3,0,0,0
7721,"[2884, 3]",2,0,0,0
7722,"[2884, 4]",25,57,26,0
7723,"[2884, 5]",18,156,64,0
7724,"[2885, 0]",1,54,24,0
7725,"[2886, 0]",1,0,0,0
7726,"[2886, 1]",2,0,0,0
7727,"[2886, 2]",19,158,64,0
7728,"[2887, 0]",1,158,64,1
7729,"[2888, 0]",1,158,64,0
7730,"[2889, 0]",1,41,18,0
7731,"[2890, 0]",1,2,1,0
7732,"[2891, 0]",1,158,64,0
7733,"[2892, 0]",1,41,18,0
7734,"[2893, 0]",1,53,24,0
7735,"[2894, 0]",1,58,26,1
7736,"[2895, 0]",1,156,64,0
7737,"[2896, 0]",1,0,0,0
7738,"[2896, 1]",2,0,0,0
7739,"[2896, 2]",47,57,26,8
7740,"[2897, 0]",1,0,0,0
7741,"[2897, 1]",2,158,64,0
7742,"[2898, 0]",1,158,64,0
7743,"[2899, 0]",1,0,0,0
7744,"[2899, 1]",2,158,64,0
7745,"[2900, 0]",1,0,0,0
7746,"[2900, 1]",2,0,0,0
7747,"[2901, 0]",1,57,26,0
7748,"[2902, 0]",1,57,26,0
7749,"[2903, 0]",1,156,64,1
7750,"[2904, 0]",1,0,0,0
7751,"[2904, 1]",2,41,18,0
7752,"[2905, 0]",1,0,0,0
7753,"[2905, 1]",2,0,0,0
7754,"[2905, 2]",13,0,0,0
7755,"[2905, 3]",26,59,28,0
7756,"[2906, 0]",1,0,0,0
7757,"[2906, 1]",2,2,1,0
7758,"[2907, 0]",1,158,64,0
7759,"[2908, 0]",1,0,0,0
7760,"[2908, 1]",2,2,1,0
7761,"[2909, 0]",1,0,0,0
7762,"[2909, 1]",2,41,18,0
7763,"[2910, 0]",1,158,64,0
7764,"[2911, 0]",1,0,0,0
7765,"[2911, 1]",2,0,0,0
7766,"[2911, 2]",33,57,26,2
7767,"[2912, 0]",1,0,0,0
7768,"[2912, 1]",2,0,0,5
7769,"[2912, 2]",12,158,64,0
7770,"[2913, 0]",1,158,64,0
7771,"[2914, 0]",1,0,0,0
7772,"[2914, 1]",3,0,0,0
7773,"[2914, 2]",2,158,64,0
7774,"[2914, 3]",19,54,24,0
7775,"[2915, 0]",1,0,0,0
7776,"[2915, 1]",3,0,0,0
7777,"[2915, 2]",2,0,0,0
7778,"[2915, 3]",11,158,64,0
7779,"[2915, 4]",8,2,1,1
7780,"[2916, 0]",1,0,0,0
7781,"[2916, 1]",2,0,0,0
7782,"[2916, 2]",81,0,0,0
7783,"[2916, 3]",131,158,64,0
7784,"[2917, 0]",1,158,64,0
7785,"[2918, 0]",1,0,0,0
7786,"[2918, 1]",2,41,18,0
7787,"[2919, 0]",1,0,0,0
7788,"[2919, 1]",2,0,0,0
7789,"[2919, 2]",15,41,18,0
7790,"[2920, 0]",1,57,26,0
7791,"[2921, 0]",1,41,18,0
7792,"[2922, 0]",1,0,0,0
7793,"[2922, 1]",2,158,64,3
7794,"[2923, 0]",1,0,0,0
7795,"[2923, 1]",2,158,64,0
7796,"[2924, 0]",1,51,24,0
7797,"[2925, 0]",1,59,28,0
7798,"[2926, 0]",1,158,64,0
7799,"[2927, 0]",1,156,64,0
7800,"[2928, 0]",1,41,18,0
7801,"[2929, 0]",1,0,0,0
7802,"[2929, 1]",2,158,64,5
7803,"[2930, 0]",1,0,0,0
7804,"[2930, 1]",2,158,64,-1
7805,"[2931, 0]",1,0,0,0
7806,"[2931, 1]",2,0,0,0
7807,"[2931, 2]",36,57,26,0
7808,"[2932, 0]",1,156,64,0
7809,"[2933, 0]",1,0,0,0
7810,"[2933, 1]",2,0,0,0
7811,"[2933, 2]",21,158,64,0
7812,"[2934, 0]",1,0,0,0
7813,"[2934, 1]",2,0,0,0
7814,"[2934, 2]",13,158,64,-1
7815,"[2935, 0]",1,0,0,0
7816,"[2935, 1]",2,158,64,0
7817,"[2936, 0]",1,156,64,0
7818,"[2937, 0]",1,158,64,0
7819,"[2938, 0]",1,0,0,0
7820,"[2939, 0]",1,158,64,0
7821,"[2940, 0]",1,2,1,0
7822,"[2941, 0]",1,0,0,0
7823,"[2941, 1]",5,2,1,0
7824,"[2941, 2]",2,0,0,0
7825,"[2941, 3]",27,0,0,0
7826,"[2941, 4]",67,158,64,0
7827,"[2941, 5]",66,0,0,0
7828,"[2941, 6]",64,0,0,0
7829,"[2941, 7]",106,0,0,0
7830,"[2941, 8]",95,41,18,10
7831,"[2941, 9]",182,41,18,4
7832,"[2942, 0]",1,158,64,0
7833,"[2943, 0]",1,41,18,0
7834,"[2944, 0]",1,57,26,0
7835,"[2945, 0]",1,158,64,0
7836,"[2946, 0]",1,158,64,1
7837,"[2947, 0]",1,0,0,0
7838,"[2947, 1]",2,156,64,0
7839,"[2948, 0]",1,37,18,0
7840,"[2949, 0]",1,0,0,0
7841,"[2949, 1]",2,158,64,0
7842,"[2950, 0]",1,0,0,0
7843,"[2950, 1]",2,2,1,23
7844,"[2951, 0]",1,0,0,0
7845,"[2951, 1]",2,57,26,0
7846,"[2952, 0]",1,2,1,0
7847,"[2953, 0]",1,158,64,0
7848,"[2954, 0]",1,41,18,0
7849,"[2955, 0]",1,0,0,0
7850,"[2955, 1]",2,0,0,0
7851,"[2955, 2]",36,41,18,0
7852,"[2956, 0]",1,59,28,0
7853,"[2957, 0]",1,0,0,0
7854,"[2957, 1]",3,41,18,0
7855,"[2957, 2]",2,156,64,0
7856,"[2958, 0]",1,41,18,0
7857,"[2959, 0]",1,158,64,1
7858,"[2960, 0]",1,0,0,0
7859,"[2960, 1]",2,0,0,0
7860,"[2960, 2]",20,2,1,0
7861,"[2961, 0]",1,0,0,0
7862,"[2961, 1]",2,57,26,0
7863,"[2962, 0]",1,41,18,0
7864,"[2963, 0]",1,0,0,0
7865,"[2963, 1]",2,41,18,4
7866,"[2964, 0]",1,158,64,0
7867,"[2965, 0]",1,41,18,0
7868,"[2966, 0]",1,0,0,0
7869,"[2966, 1]",2,53,24,0
7870,"[2967, 0]",1,0,0,0
7871,"[2967, 1]",2,0,0,0
7872,"[2967, 2]",13,2,1,0
7873,"[2968, 0]",1,2,1,0
7874,"[2969, 0]",1,0,0,0
7875,"[2969, 1]",2,0,0,0
7876,"[2969, 2]",25,0,0,8
7877,"[2969, 3]",49,0,0,-1
7878,"[2969, 4]",58,57,26,4
7879,"[2970, 0]",1,156,64,0
7880,"[2971, 0]",1,0,0,0
7881,"[2971, 1]",2,158,64,0
7882,"[2972, 0]",1,0,0,0
7883,"[2972, 1]",2,156,64,3
7884,"[2973, 0]",1,2,1,0
7885,"[2974, 0]",1,0,0,0
7886,"[2974, 1]",2,158,64,-1
7887,"[2975, 0]",1,156,64,0
7888,"[2976, 0]",1,0,0,0
7889,"[2976, 1]",4,61,28,0
7890,"[2976, 2]",3,158,64,0
7891,"[2977, 0]",1,158,64,0
7892,"[2978, 0]",1,41,18,0
7893,"[2979, 0]",1,158,64,0
7894,"[2980, 0]",1,158,64,0
7895,"[2981, 0]",1,57,26,0
7896,"[2982, 0]",1,158,64,1
7897,"[2983, 0]",1,2,1,0
7898,"[2984, 0]",1,54,24,0
7899,"[2985, 0]",1,0,0,0
7900,"[2985, 1]",4,156,64,0
7901,"[2985, 2]",3,2,1,0
7902,"[2985, 3]",2,0,0,0
7903,"[2985, 4]",24,158,64,0
7904,"[2986, 0]",1,158,64,0
7905,"[2987, 0]",1,158,64,0
7906,"[2988, 0]",1,0,0,0
7907,"[2988, 1]",2,0,0,0
7908,"[2988, 2]",82,41,18,0
7909,"[2989, 0]",1,57,26,0
7910,"[2990, 0]",1,41,18,0
7911,"[2991, 0]",1,0,0,0
7912,"[2991, 1]",3,41,18,0
7913,"[2991, 2]",2,2,1,0
7914,"[2992, 0]",1,158,64,0
7915,"[2993, 0]",1,158,64,0
7916,"[2994, 0]",1,0,0,0
7917,"[2994, 1]",2,158,64,0
7918,"[2995, 0]",1,0,0,0
7919,"[2995, 1]",2,41,18,0
7920,"[2996, 0]",1,41,18,0
7921,"[2997, 0]",1,0,0,0
7922,"[2997, 1]",2,41,18,0
7923,"[2998, 0]",1,158,64,0
7924,"[2999, 0]",1,0,0,0
7925,"[2999, 1]",2,57,26,0
7926,"[3000, 0]",1,158,64,0
7927,"[3001, 0]",1,0,0,0
7928,"[3001, 1]",2,158,64,0
7929,"[3002, 0]",1,0,0,0
7930,"[3002, 1]",2,156,64,0
7931,"[3003, 0]",1,2,1,0
7932,"[3004, 0]",1,158,64,0
7933,"[3005, 0]",1,158,64,1
7934,"[3006, 0]",1,0,0,0
7935,"[3006, 1]",2,57,26,0
7936,"[3007, 0]",1,41,18,0
7937,"[3008, 0]",1,0,0,0
7938,"[3008, 1]",2,57,26,1
7939,"[3009, 0]",1,0,0,0
7940,"[3009, 1]",5,158,64,0
7941,"[3009, 2]",2,0,0,0
7942,"[3009, 3]",31,0,0,0
7943,"[3009, 4]",88,158,64,0
7944,"[3010, 0]",1,158,64,0
7945,"[3011, 0]",1,0,0,0
7946,"[3011, 1]",2,41,18,0
7947,"[3012, 0]",1,0,0,0
7948,"[3012, 1]",2,158,64,0
7949,"[3013, 0]",1,158,64,0
7950,"[3014, 0]",1,0,0,0
7951,"[3014, 1]",2,0,0,1
7952,"[3014, 2]",11,158,64,3
7953,"[3015, 0]",1,0,0,0
7954,"[3015, 1]",5,158,64,0
7955,"[3015, 2]",4,0,0,0
7956,"[3015, 3]",3,0,0,0
7957,"[3015, 4]",2,0,0,0
7958,"[3015, 5]",43,0,0,-1
7959,"[3015, 6]",37,54,24,0
7960,"[3015, 7]",34,57,26,0
7961,"[3016, 0]",1,57,26,0
7962,"[3017, 0]",1,54,24,0
7963,"[3018, 0]",1,0,0,0
7964,"[3018, 1]",2,2,1,0
7965,"[3019, 0]",1,0,0,0
7966,"[3019, 1]",2,41,18,0
7967,"[3020, 0]",1,158,64,0
7968,"[3021, 0]",1,0,0,0
7969,"[3021, 1]",2,57,26,0
7970,"[3022, 0]",1,0,0,0
7971,"[3022, 1]",2,0,0,0
7972,"[3022, 2]",20,158,64,-1
7973,"[3023, 0]",1,0,0,0
7974,"[3023, 1]",4,0,0,0
7975,"[3023, 2]",3,0,0,0
7976,"[3023, 3]",72,57,26,0
7977,"[3023, 4]",70,0,0,0
7978,"[3023, 5]",69,0,0,0
7979,"[3023, 6]",65,158,64,0
7980,"[3023, 7]",100,57,26,-1
7981,"[3023, 8]",96,158,64,0
7982,"[3024, 0]",1,2,1,0
7983,"[3025, 0]",1,156,64,0
7984,"[3026, 0]",1,0,0,0
7985,"[3026, 1]",2,0,0,0
7986,"[3026, 2]",79,156,64,0
7987,"[3027, 0]",1,158,64,0
7988,"[3028, 0]",1,0,0,0
7989,"[3028, 1]",4,158,64,0
7990,"[3028, 2]",3,57,26,0
7991,"[3028, 3]",2,0,0,0
7992,"[3029, 0]",1,0,0,0
7993,"[3029, 1]",2,58,26,0
7994,"[3030, 0]",1,0,0,0
7995,"[3030, 1]",6,158,64,7
7996,"[3030, 2]",4,41,18,9
7997,"[3031, 0]",1,0,0,0
7998,"[3031, 1]",3,158,64,0
7999,"[3031, 2]",2,158,64,0
8000,"[3032, 0]",1,0,0,0
8001,"[3032, 1]",2,0,0,4
8002,"[3032, 2]",14,57,26,0
8003,"[3033, 0]",1,41,18,0
8004,"[3034, 0]",1,158,64,1
8005,"[3035, 0]",1,0,0,0
8006,"[3035, 1]",2,158,64,0
8007,"[3036, 0]",1,41,18,0
8008,"[3037, 0]",1,156,64,0
8009,"[3038, 0]",1,0,0,0
8010,"[3038, 1]",2,0,0,0
8011,"[3038, 2]",12,158,64,-1
8012,"[3039, 0]",1,0,0,0
8013,"[3039, 1]",5,158,64,0
8014,"[3039, 2]",4,158,64,0
8015,"[3039, 3]",2,0,0,0
8016,"[3039, 4]",33,158,64,0
8017,"[3040, 0]",1,2,1,0
8018,"[3041, 0]",1,0,0,0
8019,"[3041, 1]",2,55,26,0
8020,"[3042, 0]",1,57,26,0
8021,"[3043, 0]",1,156,64,1
8022,"[3044, 0]",1,0,0,0
8023,"[3044, 1]",2,0,0,0
8024,"[3044, 2]",29,0,0,0
8025,"[3044, 3]",60,0,0,0
8026,"[3044, 4]",79,63,28,0
8027,"[3045, 0]",1,0,0,0
8028,"[3045, 1]",2,0,0,0
8029,"[3045, 2]",36,0,0,0
8030,"[3045, 3]",52,158,64,0
8031,"[3046, 0]",1,158,64,0
8032,"[3047, 0]",1,54,24,0
8033,"[3048, 0]",1,0,0,0
8034,"[3048, 1]",2,0,0,-1
8035,"[3048, 2]",35,156,64,-1
8036,"[3049, 0]",1,0,0,0
8037,"[3049, 1]",4,158,64,0
8038,"[3049, 2]",2,0,0,0
8039,"[3049, 3]",41,158,64,0
8040,"[3050, 0]",1,41,18,0
8041,"[3051, 0]",1,0,0,0
8042,"[3051, 1]",2,41,18,0
8043,"[3052, 0]",1,0,0,0
8044,"[3052, 1]",2,158,64,0
8045,"[3053, 0]",1,59,28,0
8046,"[3054, 0]",1,0,0,0
8047,"[3054, 1]",2,41,18,0
8048,"[3055, 0]",1,63,28,0
8049,"[3056, 0]",1,57,26,0
8050,"[3057, 0]",1,0,0,0
8051,"[3057, 1]",2,156,64,0
8052,"[3058, 0]",1,0,0,0
8053,"[3058, 1]",2,0,0,0
8054,"[3058, 2]",33,158,64,0
8055,"[3059, 0]",1,158,64,0
8056,"[3060, 0]",1,57,26,0
8057,"[3061, 0]",1,0,0,0
8058,"[3061, 1]",2,158,64,0
8059,"[3062, 0]",1,158,64,0
8060,"[3063, 0]",1,0,0,0
8061,"[3063, 1]",2,41,18,0
8062,"[3064, 0]",1,0,0,0
8063,"[3064, 1]",2,0,0,1
8064,"[3064, 2]",22,158,64,-1
8065,"[3065, 0]",1,41,18,0
8066,"[3066, 0]",1,41,18,0
8067,"[3067, 0]",1,158,64,0
8068,"[3068, 0]",1,0,0,0
8069,"[3068, 1]",2,0,0,0
8070,"[3068, 2]",16,156,64,6
8071,"[3069, 0]",1,158,64,1
8072,"[3070, 0]",1,0,0,0
8073,"[3070, 1]",2,57,26,7
8074,"[3071, 0]",1,0,0,0
8075,"[3071, 1]",4,41,18,0
8076,"[3071, 2]",2,0,0,0
8077,"[3071, 3]",23,156,64,0
8078,"[3071, 4]",22,0,0,0
8079,"[3071, 5]",20,0,0,0
8080,"[3071, 6]",52,53,24,-1
8081,"[3071, 7]",48,0,0,3
8082,"[3071, 8]",35,158,64,0
8083,"[3071, 9]",137,0,0,0
8084,"[3071, 10]",279,59,28,8
8085,"[3072, 0]",1,0,0,0
8086,"[3072, 1]",2,2,1,0
8087,"[3073, 0]",1,0,0,0
8088,"[3073, 1]",2,156,64,0
8089,"[3074, 0]",1,0,0,0
8090,"[3074, 1]",7,0,0,0
8091,"[3074, 2]",4,0,0,0
8092,"[3074, 3]",2,0,0,0
8093,"[3074, 4]",52,158,64,0
8094,"[3074, 5]",50,0,0,0
8095,"[3074, 6]",49,0,0,0
8096,"[3074, 7]",41,0,0,0
8097,"[3074, 8]",26,0,0,0
8098,"[3074, 9]",150,59,28,0
8099,"[3074, 10]",129,0,0,0
8100,"[3074, 11]",66,0,0,0
8101,"[3074, 12]",61,2,1,0
8102,"[3074, 13]",224,41,18,0
8103,"[3074, 14]",207,156,64,0
8104,"[3075, 0]",1,158,64,0
8105,"[3076, 0]",1,41,18,0
8106,"[3077, 0]",1,156,64,0
8107,"[3078, 0]",1,0,0,0
8108,"[3078, 1]",5,158,64,-1
8109,"[3078, 2]",4,158,64,-1
8110,"[3078, 3]",2,0,0,-1
8111,"[3078, 4]",37,158,64,-1
8112,"[3079, 0]",1,0,0,0
8113,"[3079, 1]",2,158,64,-1
8114,"[3080, 0]",1,0,0,0
8115,"[3080, 1]",2,0,0,0
8116,"[3080, 2]",17,41,18,0
8117,"[3081, 0]",1,0,0,0
8118,"[3081, 1]",2,0,0,0
8119,"[3081, 2]",12,57,26,0
8120,"[3082, 0]",1,54,24,0
8121,"[3083, 0]",1,57,26,0
8122,"[3084, 0]",1,0,0,0
8123,"[3084, 1]",5,158,64,0
8124,"[3084, 2]",3,0,0,0
8125,"[3084, 3]",2,0,0,0
8126,"[3084, 4]",36,158,64,1
8127,"[3084, 5]",33,0,0,-1
8128,"[3084, 6]",30,158,64,0
8129,"[3084, 7]",76,0,0,-1
8130,"[3085, 0]",1,57,26,0
8131,"[3086, 0]",1,158,64,0
8132,"[3087, 0]",1,0,0,0
8133,"[3087, 1]",2,41,18,0
8134,"[3088, 0]",1,158,64,0
8135,"[3089, 0]",1,0,0,0
8136,"[3089, 1]",2,158,64,0
8137,"[3090, 0]",1,41,18,0
8138,"[3091, 0]",1,0,0,0
8139,"[3091, 1]",2,156,64,5
8140,"[3092, 0]",1,0,0,1
8141,"[3092, 1]",2,57,26,2
8142,"[3093, 0]",1,2,1,0
8143,"[3094, 0]",1,2,1,0
8144,"[3095, 0]",1,0,0,0
8145,"[3095, 1]",2,158,64,0
8146,"[3096, 0]",1,0,0,0
8147,"[3096, 1]",5,41,18,0
8148,"[3096, 2]",3,158,64,0
8149,"[3096, 3]",2,0,0,0
8150,"[3096, 4]",38,54,24,0
8151,"[3097, 0]",1,41,18,0
8152,"[3098, 0]",1,0,0,0
8153,"[3098, 1]",2,0,0,0
8154,"[3098, 2]",26,156,64,1
8155,"[3099, 0]",1,41,18,0
8156,"[3100, 0]",1,158,64,0
8157,"[3101, 0]",1,0,0,0
8158,"[3101, 1]",2,158,64,0
8159,"[3102, 0]",1,158,64,0
8160,"[3103, 0]",1,0,0,0
8161,"[3103, 1]",3,0,0,0
8162,"[3103, 2]",2,41,18,0
8163,"[3103, 3]",39,0,0,0
8164,"[3103, 4]",82,55,26,-1
8165,"[3104, 0]",1,156,64,0
8166,"[3105, 0]",1,59,28,0
8167,"[3106, 0]",1,57,26,0
8168,"[3107, 0]",1,0,0,0
8169,"[3107, 1]",2,158,64,0
8170,"[3108, 0]",1,0,0,0
8171,"[3108, 1]",3,158,64,0
8172,"[3108, 2]",2,158,64,0
8173,"[3109, 0]",1,0,0,0
8174,"[3109, 1]",2,156,64,6
8175,"[3110, 0]",1,0,0,0
8176,"[3110, 1]",2,57,26,0
8177,"[3111, 0]",1,0,0,0
8178,"[3111, 1]",2,41,18,0
8179,"[3112, 0]",1,0,0,0
8180,"[3113, 0]",1,0,0,0
8181,"[3113, 1]",2,41,18,0
8182,"[3114, 0]",1,158,64,1
8183,"[3115, 0]",1,2,1,1
8184,"[3116, 0]",1,41,18,0
8185,"[3117, 0]",1,2,1,0
8186,"[3118, 0]",1,0,0,0
8187,"[3118, 1]",2,158,64,0
8188,"[3119, 0]",1,158,64,0
8189,"[3120, 0]",1,0,0,0
8190,"[3120, 1]",2,156,64,0
8191,"[3121, 0]",1,0,0,0
8192,"[3121, 1]",6,0,0,0
8193,"[3121, 2]",3,0,0,0
8194,"[3121, 3]",2,0,0,0
8195,"[3121, 4]",35,158,64,0
8196,"[3121, 5]",33,59,28,0
8197,"[3121, 6]",32,0,0,0
8198,"[3121, 7]",31,0,0,0
8199,"[3121, 8]",27,0,0,0
8200,"[3121, 9]",26,0,0,0
8201,"[3121, 10]",19,0,0,0
8202,"[3121, 11]",134,158,64,5
8203,"[3121, 12]",105,158,64,3
8204,"[3121, 13]",101,158,64,0
8205,"[3121, 14]",76,0,0,-1
8206,"[3121, 15]",72,156,64,-1
8207,"[3121, 16]",252,158,64,1
8208,"[3121, 17]",251,57,26,2
8209,"[3122, 0]",1,54,24,0
8210,"[3123, 0]",1,57,26,0
8211,"[3124, 0]",1,41,18,0
8212,"[3125, 0]",1,158,64,0
8213,"[3126, 0]",1,0,0,0
8214,"[3126, 1]",2,2,1,0
8215,"[3127, 0]",1,0,0,0
8216,"[3127, 1]",2,158,64,0
8217,"[3128, 0]",1,0,0,0
8218,"[3128, 1]",2,41,18,0
8219,"[3129, 0]",1,0,0,0
8220,"[3129, 1]",3,41,18,0
8221,"[3129, 2]",2,0,0,0
8222,"[3129, 3]",37,59,28,0
8223,"[3130, 0]",1,158,64,0
8224,"[3131, 0]",1,0,0,0
8225,"[3131, 1]",2,0,0,-1
8226,"[3131, 2]",80,158,64,-1
8227,"[3132, 0]",1,0,0,0
8228,"[3132, 1]",2,158,64,0
8229,"[3133, 0]",1,0,0,0
8230,"[3133, 1]",2,41,18,0
8231,"[3134, 0]",1,0,0,0
8232,"[3134, 1]",2,0,0,0
8233,"[3134, 2]",21,2,1,0
8234,"[3135, 0]",1,0,0,0
8235,"[3135, 1]",3,0,0,0
8236,"[3135, 2]",2,0,0,0
8237,"[3135, 3]",30,57,26,0
8238,"[3135, 4]",27,0,0,3
8239,"[3135, 5]",54,158,64,0
8240,"[3136, 0]",1,2,1,0
8241,"[3137, 0]",1,158,64,0
8242,"[3138, 0]",1,0,0,0
8243,"[3138, 1]",2,158,64,0
8244,"[3139, 0]",1,0,0,0
8245,"[3139, 1]",2,2,1,0
8246,"[3140, 0]",1,2,1,0
8247,"[3141, 0]",1,158,64,0
8248,"[3142, 0]",1,0,0,0
8249,"[3142, 1]",2,0,0,0
8250,"[3142, 2]",43,158,64,0
8251,"[3143, 0]",1,0,0,0
8252,"[3143, 1]",2,0,0,0
8253,"[3143, 2]",47,0,0,0
8254,"[3143, 3]",44,0,0,0
8255,"[3143, 4]",86,158,64,0
8256,"[3143, 5]",60,0,0,0
8257,"[3143, 6]",143,57,26,0
8258,"[3144, 0]",1,0,0,0
8259,"[3144, 1]",2,0,0,0
8260,"[3144, 2]",18,158,64,0
8261,"[3145, 0]",1,0,0,0
8262,"[3145, 1]",2,41,18,0
8263,"[3146, 0]",1,158,64,0
8264,"[3147, 0]",1,0,0,0
8265,"[3147, 1]",2,0,0,0
8266,"[3147, 2]",42,0,0,0
8267,"[3147, 3]",70,158,64,0
8268,"[3148, 0]",1,0,0,0
8269,"[3148, 1]",2,0,0,0
8270,"[3148, 2]",33,41,18,0
8271,"[3149, 0]",1,158,64,0
8272,"[3150, 0]",1,41,18,0
8273,"[3151, 0]",1,0,0,0
8274,"[3151, 1]",2,57,26,4
8275,"[3152, 0]",1,0,0,0
8276,"[3152, 1]",2,156,64,0
8277,"[3153, 0]",1,0,0,0
8278,"[3153, 1]",2,158,64,0
8279,"[3154, 0]",1,0,0,0
8280,"[3154, 1]",2,158,64,0
8281,"[3155, 0]",1,0,0,0
8282,"[3155, 1]",2,2,1,0
8283,"[3156, 0]",1,0,0,0
8284,"[3156, 1]",4,0,0,0
8285,"[3156, 2]",2,0,0,0
8286,"[3156, 3]",42,0,0,0
8287,"[3156, 4]",29,54,24,0
8288,"[3156, 5]",84,41,18,0
8289,"[3157, 0]",1,0,0,0
8290,"[3157, 1]",2,0,0,0
8291,"[3157, 2]",19,158,64,0
8292,"[3158, 0]",1,0,0,0
8293,"[3158, 1]",9,0,0,0
8294,"[3158, 2]",6,158,64,0
8295,"[3158, 3]",5,0,0,0
8296,"[3158, 4]",3,0,0,0
8297,"[3158, 5]",2,0,0,0
8298,"[3158, 6]",60,156,64,0
8299,"[3158, 7]",59,0,0,0
8300,"[3158, 8]",57,0,0,0
8301,"[3158, 9]",56,0,0,0
8302,"[3158, 10]",51,0,0,0
8303,"[3158, 11]",46,57,26,0
8304,"[3158, 12]",25,2,1,-1
8305,"[3158, 13]",143,156,64,0
8306,"[3158, 14]",119,156,64,12
8307,"[3158, 15]",115,0,0,-1
8308,"[3158, 16]",114,0,0,1
8309,"[3158, 17]",111,0,0,3
8310,"[3158, 18]",110,0,0,-1
8311,"[3158, 19]",109,0,0,1
8312,"[3158, 20]",106,158,64,0
8313,"[3158, 21]",90,41,18,0
8314,"[3158, 22]",405,41,18,0
8315,"[3158, 23]",403,0,0,0
8316,"[3158, 24]",401,158,64,1
8317,"[3158, 25]",398,0,0,1
8318,"[3158, 26]",396,0,0,-1
8319,"[3158, 27]",394,0,0,-1
8320,"[3158, 28]",389,0,0,0
8321,"[3158, 29]",386,0,0,1
8322,"[3158, 30]",708,158,64,0
8323,"[3158, 31]",698,54,24,0
8324,"[3158, 32]",658,0,0,4
8325,"[3158, 33]",655,0,0,-1
8326,"[3158, 34]",641,158,64,0
8327,"[3158, 35]",640,41,18,0
8328,"[3158, 36]",638,0,0,0
8329,"[3158, 37]",615,158,64,0
8330,"[3158, 38]",614,57,26,0
8331,"[3158, 39]",611,0,0,0
8332,"[3158, 40]",1131,0,0,0
8333,"[3158, 41]",1130,0,0,0
8334,"[3158, 42]",1129,0,0,0
8335,"[3158, 43]",1128,0,0,0
8336,"[3158, 44]",1067,158,64,0
8337,"[3158, 45]",1040,158,64,-1
8338,"[3158, 46]",1025,41,18,0
8339,"[3158, 47]",1237,0,0,0
8340,"[3158, 48]",1232,156,64,0
8341,"[3158, 49]",1228,158,64,0
8342,"[3158, 50]",1225,59,28,0
8343,"[3158, 51]",1766,158,64,0
8344,"[3159, 0]",1,59,28,0
8345,"[3160, 0]",1,0,0,0
8346,"[3160, 1]",2,57,26,0
8347,"[3161, 0]",1,0,0,0
8348,"[3161, 1]",2,158,64,0
8349,"[3162, 0]",1,2,1,0
8350,"[3163, 0]",1,41,18,0
8351,"[3164, 0]",1,0,0,0
8352,"[3164, 1]",2,57,26,0
8353,"[3165, 0]",1,57,26,0
8354,"[3166, 0]",1,158,64,0
8355,"[3167, 0]",1,158,64,0
8356,"[3168, 0]",1,0,0,0
8357,"[3168, 1]",2,0,0,0
8358,"[3168, 2]",14,0,0,0
8359,"[3168, 3]",35,57,26,0
8360,"[3169, 0]",1,156,64,0
8361,"[3170, 0]",1,158,64,0
8362,"[3171, 0]",1,156,64,0
8363,"[3172, 0]",1,0,0,0
8364,"[3172, 1]",2,158,64,0
8365,"[3173, 0]",1,0,0,0
8366,"[3173, 1]",2,158,64,0
8367,"[3174, 0]",1,0,0,0
8368,"[3174, 1]",4,55,26,0
8369,"[3174, 2]",3,158,64,0
8370,"[3175, 0]",1,0,0,0
8371,"[3175, 1]",2,41,18,0
8372,"[3176, 0]",1,0,0,0
8373,"[3176, 1]",2,0,0,0
8374,"[3176, 2]",65,0,0,0
8375,"[3176, 3]",79,158,64,6
8376,"[3177, 0]",1,41,18,0
8377,"[3178, 0]",1,0,0,0
8378,"[3178, 1]",2,158,64,0
8379,"[3179, 0]",1,41,18,0
8380,"[3180, 0]",1,158,64,8
8381,"[3181, 0]",1,0,0,1
8382,"[3181, 1]",2,0,0,0
8383,"[3181, 2]",13,41,18,3
8384,"[3182, 0]",1,0,0,0
8385,"[3182, 1]",2,158,64,0
8386,"[3183, 0]",1,0,0,1
8387,"[3183, 1]",2,158,64,-1
8388,"[3184, 0]",1,156,64,0
8389,"[3185, 0]",1,64,29,0
8390,"[3186, 0]",1,158,64,0
8391,"[3187, 0]",1,41,18,0
8392,"[3188, 0]",1,2,1,0
8393,"[3189, 0]",1,158,64,0
8394,"[3190, 0]",1,156,64,0
8395,"[3191, 0]",1,41,18,0
8396,"[3192, 0]",1,57,26,1
8397,"[3193, 0]",1,57,26,0
8398,"[3194, 0]",1,41,18,0
8399,"[3195, 0]",1,0,0,0
8400,"[3195, 1]",3,158,64,0
8401,"[3195, 2]",2,0,0,0
8402,"[3195, 3]",37,0,0,0
8403,"[3195, 4]",46,55,26,0
8404,"[3196, 0]",1,0,0,0
8405,"[3196, 1]",2,41,18,0
8406,"[3197, 0]",1,0,0,0
8407,"[3197, 1]",6,41,18,0
8408,"[3197, 2]",4,0,0,0
8409,"[3197, 3]",3,0,0,0
8410,"[3197, 4]",2,0,0,0
8411,"[3197, 5]",33,0,0,-1
8412,"[3197, 6]",28,2,1,0
8413,"[3197, 7]",24,59,28,0
8414,"[3197, 8]",63,0,0,-1
8415,"[3198, 0]",1,0,0,0
8416,"[3198, 1]",2,158,64,0
8417,"[3199, 0]",1,0,0,1
8418,"[3199, 1]",2,158,64,3
8419,"[3200, 0]",1,158,64,0
8420,"[3201, 0]",1,57,26,0
8421,"[3202, 0]",1,156,64,0
8422,"[3203, 0]",1,0,0,0
8423,"[3203, 1]",2,158,64,0
8424,"[3204, 0]",1,0,0,0
8425,"[3204, 1]",2,41,18,0
8426,"[3205, 0]",1,41,18,0
8427,"[3206, 0]",1,0,0,0
8428,"[3206, 1]",6,0,0,0
8429,"[3206, 2]",3,0,0,0
8430,"[3206, 3]",2,0,0,0
8431,"[3206, 4]",48,57,26,0
8432,"[3206, 5]",39,158,64,0
8433,"[3206, 6]",24,41,18,0
8434,"[3207, 0]",1,0,0,1
8435,"[3207, 1]",2,158,64,0
8436,"[3208, 0]",1,0,0,1
8437,"[3208, 1]",2,0,0,0
8438,"[3208, 2]",28,41,18,0
8439,"[3208, 3]",26,156,64,0
8440,"[3208, 4]",24,0,0,0
8441,"[3208, 5]",68,0,0,0
8442,"[3208, 6]",106,2,1,0
8443,"[3209, 0]",1,158,64,0
8444,"[3210, 0]",1,0,0,0
8445,"[3210, 1]",2,0,0,0
8446,"[3210, 2]",75,0,0,0
8447,"[3210, 3]",87,158,64,0
8448,"[3211, 0]",1,0,0,0
8449,"[3211, 1]",3,158,64,0
8450,"[3211, 2]",2,0,0,0
8451,"[3211, 3]",33,158,64,0
8452,"[3211, 4]",32,158,64,0
8453,"[3211, 5]",30,0,0,0
8454,"[3211, 6]",64,156,64,0
8455,"[3212, 0]",1,0,0,0
8456,"[3212, 1]",2,41,18,0
8457,"[3213, 0]",1,156,64,0
8458,"[3214, 0]",1,41,18,0
8459,"[3215, 0]",1,0,0,0
8460,"[3215, 1]",2,0,0,0
8461,"[3215, 2]",22,158,64,0
8462,"[3215, 3]",21,158,64,0
8463,"[3215, 4]",19,0,0,0
8464,"[3215, 5]",63,158,64,0
8465,"[3215, 6]",61,158,64,0
8466,"[3215, 7]",59,0,0,0
8467,"[3215, 8]",58,0,0,0
8468,"[3215, 9]",134,158,64,0
8469,"[3215, 10]",129,41,18,0
8470,"[3215, 11]",128,158,64,0
8471,"[3215, 12]",127,0,0,0
8472,"[3215, 13]",333,158,64,0
8473,"[3216, 0]",1,0,0,0
8474,"[3216, 1]",2,0,0,0
8475,"[3216, 2]",37,2,1,-1
8476,"[3216, 3]",36,156,64,-1
8477,"[3216, 4]",34,0,0,-1
8478,"[3216, 5]",96,158,64,-1
8479,"[3216, 6]",94,156,64,-1
8480,"[3217, 0]",1,156,64,0
8481,"[3218, 0]",1,158,64,0
8482,"[3219, 0]",1,2,1,0
8483,"[3220, 0]",1,0,0,0
8484,"[3220, 1]",2,156,64,0
8485,"[3221, 0]",1,0,0,0
8486,"[3221, 1]",2,41,18,0
8487,"[3222, 0]",1,158,64,0
8488,"[3223, 0]",1,0,0,0
8489,"[3223, 1]",2,156,64,-1
8490,"[3224, 0]",1,0,0,0
8491,"[3224, 1]",2,59,28,5
8492,"[3225, 0]",1,0,0,0
8493,"[3225, 1]",2,0,0,0
8494,"[3225, 2]",31,158,64,0
8495,"[3226, 0]",1,41,18,0
8496,"[3227, 0]",1,0,0,0
8497,"[3227, 1]",2,2,1,0
8498,"[3228, 0]",1,2,1,1
8499,"[3229, 0]",1,0,0,0
8500,"[3229, 1]",2,158,64,13
8501,"[3230, 0]",1,0,0,0
8502,"[3230, 1]",2,0,0,0
8503,"[3230, 2]",70,156,64,0
8504,"[3231, 0]",1,158,64,0
8505,"[3232, 0]",1,41,18,0
8506,"[3233, 0]",1,0,0,0
8507,"[3233, 1]",9,2,1,-1
8508,"[3233, 2]",8,0,0,-1
8509,"[3233, 3]",6,54,24,-1
8510,"[3233, 4]",3,158,64,-1
8511,"[3233, 5]",2,0,0,-1
8512,"[3233, 6]",41,0,0,1
8513,"[3233, 7]",26,0,0,-1
8514,"[3233, 8]",168,57,26,5
8515,"[3233, 9]",71,0,0,0
8516,"[3233, 10]",317,0,0,1
8517,"[3233, 11]",394,0,0,0
8518,"[3233, 12]",538,158,64,0
8519,"[3234, 0]",1,51,24,0
8520,"[3235, 0]",1,158,64,0
8521,"[3236, 0]",1,158,64,0
8522,"[3237, 0]",1,158,64,0
8523,"[3238, 0]",1,2,1,0
8524,"[3239, 0]",1,41,18,0
8525,"[3240, 0]",1,0,0,0
8526,"[3240, 1]",3,0,0,0
8527,"[3240, 2]",2,158,64,0
8528,"[3240, 3]",30,2,1,0
8529,"[3241, 0]",1,156,64,0
8530,"[3242, 0]",1,0,0,0
8531,"[3242, 1]",2,0,0,0
8532,"[3242, 2]",17,2,1,0
8533,"[3243, 0]",1,41,18,0
8534,"[3244, 0]",1,0,0,0
8535,"[3244, 1]",5,41,18,0
8536,"[3244, 2]",3,0,0,0
8537,"[3244, 3]",2,0,0,0
8538,"[3244, 4]",47,158,64,0
8539,"[3244, 5]",46,0,0,0
8540,"[3244, 6]",44,0,0,0
8541,"[3244, 7]",39,158,64,0
8542,"[3244, 8]",38,0,0,0
8543,"[3244, 9]",120,2,1,0
8544,"[3244, 10]",77,2,1,0
8545,"[3244, 11]",62,41,18,0
8546,"[3245, 0]",1,158,64,0
8547,"[3246, 0]",1,0,0,0
8548,"[3246, 1]",2,57,26,0
8549,"[3247, 0]",1,158,64,0
8550,"[3248, 0]",1,0,0,0
8551,"[3248, 1]",2,41,18,0
8552,"[3249, 0]",1,0,0,0
8553,"[3249, 1]",2,158,64,0
8554,"[3250, 0]",1,0,0,0
8555,"[3250, 1]",2,0,0,0
8556,"[3250, 2]",34,156,64,0
8557,"[3251, 0]",1,156,64,0
8558,"[3252, 0]",1,0,0,0
8559,"[3252, 1]",2,158,64,24
8560,"[3253, 0]",1,0,0,0
8561,"[3253, 1]",2,158,64,0
8562,"[3254, 0]",1,57,26,0
8563,"[3255, 0]",1,57,26,0
8564,"[3256, 0]",1,0,0,0
8565,"[3256, 1]",2,158,64,0
8566,"[3257, 0]",1,0,0,0
8567,"[3257, 1]",2,0,0,-1
8568,"[3257, 2]",13,158,64,5
8569,"[3258, 0]",1,158,64,0
8570,"[3259, 0]",1,0,0,0
8571,"[3259, 1]",8,156,64,0
8572,"[3259, 2]",7,0,0,0
8573,"[3259, 3]",4,0,0,0
8574,"[3259, 4]",3,0,0,0
8575,"[3259, 5]",2,0,0,0
8576,"[3259, 6]",55,0,0,0
8577,"[3259, 7]",52,158,64,0
8578,"[3259, 8]",50,0,0,0
8579,"[3259, 9]",49,0,0,0
8580,"[3259, 10]",48,158,64,0
8581,"[3259, 11]",43,0,0,0
8582,"[3259, 12]",25,0,0,0
8583,"[3259, 13]",183,156,64,-1
8584,"[3259, 14]",166,41,18,0
8585,"[3259, 15]",140,0,0,0
8586,"[3259, 16]",139,158,64,0
8587,"[3259, 17]",137,0,0,0
8588,"[3259, 18]",127,0,0,0
8589,"[3259, 19]",92,158,64,-1
8590,"[3259, 20]",90,0,0,-1
8591,"[3259, 21]",548,158,64,-1
8592,"[3259, 22]",547,158,64,-1
8593,"[3259, 23]",472,158,64,7
8594,"[3259, 24]",398,156,64,0
8595,"[3259, 25]",392,59,28,0
8596,"[3260, 0]",1,158,64,0
8597,"[3261, 0]",1,2,1,0
8598,"[3262, 0]",1,0,0,0
8599,"[3262, 1]",2,41,18,0
8600,"[3263, 0]",1,41,18,0
8601,"[3264, 0]",1,0,0,0
8602,"[3264, 1]",2,41,18,0
8603,"[3265, 0]",1,158,64,0
8604,"[3266, 0]",1,0,0,0
8605,"[3266, 1]",2,158,64,0
8606,"[3267, 0]",1,158,64,0
8607,"[3268, 0]",1,158,64,0
8608,"[3269, 0]",1,158,64,0
8609,"[3270, 0]",1,0,0,0
8610,"[3270, 1]",2,158,64,2
8611,"[3271, 0]",1,0,0,0
8612,"[3271, 1]",4,0,0,0
8613,"[3271, 2]",3,0,0,0
8614,"[3271, 3]",2,0,0,0
8615,"[3271, 4]",43,0,0,0
8616,"[3271, 5]",40,0,0,0
8617,"[3271, 6]",35,0,0,0
8618,"[3271, 7]",28,57,26,0
8619,"[3271, 8]",133,57,26,0
8620,"[3271, 9]",108,41,18,0
8621,"[3271, 10]",107,0,0,0
8622,"[3271, 11]",106,0,0,0
8623,"[3271, 12]",99,0,0,0
8624,"[3271, 13]",98,0,0,0
8625,"[3271, 14]",97,0,0,0
8626,"[3271, 15]",96,0,0,0
8627,"[3271, 16]",95,0,0,0
8628,"[3271, 17]",94,0,0,0
8629,"[3271, 18]",88,41,18,0
8630,"[3271, 19]",298,0,0,0
8631,"[3271, 20]",296,0,0,0
8632,"[3271, 21]",290,0,0,0
8633,"[3271, 22]",289,0,0,0
8634,"[3271, 23]",280,0,0,0
8635,"[3271, 24]",276,0,0,0
8636,"[3271, 25]",269,37,18,0
8637,"[3271, 26]",264,158,64,0
8638,"[3271, 27]",261,158,64,0
8639,"[3271, 28]",226,41,18,0
8640,"[3271, 29]",224,0,0,0
8641,"[3271, 30]",218,41,18,0
8642,"[3271, 31]",681,0,0,0
8643,"[3271, 32]",678,0,0,0
8644,"[3271, 33]",675,0,0,0
8645,"[3271, 34]",559,41,18,0
8646,"[3271, 35]",535,0,0,0
8647,"[3271, 36]",451,0,0,0
8648,"[3271, 37]",447,2,1,0
8649,"[3271, 38]",410,54,24,0
8650,"[3271, 39]",389,77,32,0
8651,"[3271, 40]",1189,158,64,-1
8652,"[3271, 41]",1119,57,26,0
8653,"[3271, 42]",923,41,18,0
8654,"[3271, 43]",907,0,0,0
8655,"[3271, 44]",906,0,0,0
8656,"[3271, 45]",905,0,0,0
8657,"[3271, 46]",904,0,0,0
8658,"[3271, 47]",901,2,1,0
8659,"[3271, 48]",899,0,0,0
8660,"[3271, 49]",898,0,0,0
8661,"[3271, 50]",1605,158,64,0
8662,"[3271, 51]",1602,57,26,0
8663,"[3271, 52]",1577,57,26,0
8664,"[3271, 53]",1576,158,64,0
8665,"[3271, 54]",1574,41,18,0
8666,"[3271, 55]",1569,0,0,0
8667,"[3271, 56]",1562,41,18,0
8668,"[3271, 57]",1556,41,18,0
8669,"[3271, 58]",1782,0,0,0
8670,"[3271, 59]",2259,41,18,0
8671,"[3272, 0]",1,158,64,0
8672,"[3273, 0]",1,158,64,0
8673,"[3274, 0]",1,158,64,0
8674,"[3275, 0]",1,158,64,0
8675,"[3276, 0]",1,0,0,0
8676,"[3276, 1]",2,158,64,0
8677,"[3277, 0]",1,0,0,0
8678,"[3277, 1]",8,75,32,0
8679,"[3277, 2]",5,0,0,0
8680,"[3277, 3]",4,0,0,0
8681,"[3277, 4]",3,0,0,0
8682,"[3277, 5]",2,0,0,0
8683,"[3277, 6]",62,41,18,0
8684,"[3277, 7]",60,0,0,0
8685,"[3277, 8]",59,0,0,0
8686,"[3277, 9]",52,0,0,0
8687,"[3277, 10]",48,0,0,0
8688,"[3277, 11]",41,0,0,0
8689,"[3277, 12]",176,41,18,0
8690,"[3277, 13]",140,41,18,0
8691,"[3277, 14]",122,158,64,0
8692,"[3277, 15]",91,37,18,0
8693,"[3277, 16]",87,54,24,0
8694,"[3278, 0]",1,54,24,0
8695,"[3279, 0]",1,0,0,0
8696,"[3279, 1]",4,158,64,0
8697,"[3279, 2]",3,41,18,0
8698,"[3280, 0]",1,158,64,0
8699,"[3281, 0]",1,0,0,0
8700,"[3281, 1]",2,158,64,0
8701,"[3282, 0]",1,57,26,0
8702,"[3283, 0]",1,156,64,0
8703,"[3284, 0]",1,158,64,0
8704,"[3285, 0]",1,41,18,0
8705,"[3286, 0]",1,41,18,0
8706,"[3287, 0]",1,158,64,0
8707,"[3288, 0]",1,41,18,0
8708,"[3289, 0]",1,0,0,0
8709,"[3289, 1]",2,2,1,0
8710,"[3290, 0]",1,0,0,0
8711,"[3290, 1]",2,158,64,0
8712,"[3291, 0]",1,158,64,0
8713,"[3292, 0]",1,0,0,0
8714,"[3292, 1]",2,41,18,0
8715,"[3293, 0]",1,156,64,0
8716,"[3294, 0]",1,0,0,0
8717,"[3294, 1]",2,51,24,0
8718,"[3295, 0]",1,158,64,0
8719,"[3296, 0]",1,2,1,0
8720,"[3297, 0]",1,57,26,0
8721,"[3298, 0]",1,158,64,0
8722,"[3299, 0]",1,0,0,0
8723,"[3299, 1]",6,41,18,0
8724,"[3299, 2]",4,0,0,0
8725,"[3299, 3]",3,0,0,0
8726,"[3299, 4]",2,0,0,0
8727,"[3299, 5]",35,0,0,0
8728,"[3299, 6]",31,0,0,0
8729,"[3299, 7]",26,2,1,0
8730,"[3299, 8]",125,158,64,0
8731,"[3299, 9]",107,158,64,0
8732,"[3300, 0]",1,158,64,0
8733,"[3301, 0]",1,0,0,0
8734,"[3301, 1]",2,41,18,0
8735,"[3302, 0]",1,158,64,0
8736,"[3303, 0]",1,158,64,0
8737,"[3304, 0]",1,0,0,0
8738,"[3304, 1]",2,0,0,0
8739,"[3304, 2]",30,158,64,0
8740,"[3305, 0]",1,0,0,0
8741,"[3305, 1]",2,2,1,4
8742,"[3306, 0]",1,0,0,0
8743,"[3306, 1]",2,156,64,0
8744,"[3307, 0]",1,41,18,0
8745,"[3308, 0]",1,0,0,0
8746,"[3308, 1]",2,54,24,0
8747,"[3309, 0]",1,0,0,0
8748,"[3309, 1]",2,0,0,0
8749,"[3309, 2]",81,0,0,12
8750,"[3309, 3]",108,158,64,9
8751,"[3310, 0]",1,0,0,0
8752,"[3310, 1]",2,0,0,0
8753,"[3310, 2]",75,0,0,0
8754,"[3310, 3]",90,57,26,5
8755,"[3311, 0]",1,0,0,0
8756,"[3311, 1]",2,0,0,0
8757,"[3311, 2]",17,57,26,-1
8758,"[3312, 0]",1,156,64,0
8759,"[3313, 0]",1,57,26,0
8760,"[3314, 0]",1,0,0,0
8761,"[3314, 1]",2,57,26,0
8762,"[3315, 0]",1,57,26,0
8763,"[3316, 0]",1,0,0,0
8764,"[3316, 1]",2,0,0,0
8765,"[3316, 2]",76,2,1,0
8766,"[3317, 0]",1,0,0,0
8767,"[3317, 1]",2,158,64,0
8768,"[3318, 0]",1,158,64,0
8769,"[3319, 0]",1,0,0,0
8770,"[3320, 0]",1,41,18,0
8771,"[3321, 0]",1,0,0,0
8772,"[3321, 1]",2,57,26,0
8773,"[3322, 0]",1,0,0,0
8774,"[3322, 1]",2,0,0,0
8775,"[3322, 2]",31,0,0,0
8776,"[3322, 3]",51,41,18,0
8777,"[3323, 0]",1,0,0,0
8778,"[3323, 1]",5,158,64,0
8779,"[3323, 2]",4,0,0,0
8780,"[3323, 3]",3,0,0,0
8781,"[3323, 4]",25,158,64,0
8782,"[3323, 5]",21,0,0,0
8783,"[3323, 6]",86,158,64,0
8784,"[3324, 0]",1,158,64,1
8785,"[3325, 0]",1,0,0,0
8786,"[3325, 1]",2,158,64,0
8787,"[3326, 0]",1,0,0,0
8788,"[3326, 1]",2,0,0,0
8789,"[3326, 2]",26,158,64,2
8790,"[3327, 0]",1,158,64,0
8791,"[3328, 0]",1,158,64,0
8792,"[3329, 0]",1,156,64,0
8793,"[3330, 0]",1,158,64,0
8794,"[3331, 0]",1,57,26,0
8795,"[3332, 0]",1,0,0,0
8796,"[3332, 1]",2,158,64,0
8797,"[3333, 0]",1,158,64,0
8798,"[3334, 0]",1,158,64,0
8799,"[3335, 0]",1,41,18,0
8800,"[3336, 0]",1,0,0,0
8801,"[3336, 1]",2,0,0,0
8802,"[3336, 2]",18,41,18,0
8803,"[3337, 0]",1,0,0,0
8804,"[3337, 1]",2,41,18,0
8805,"[3338, 0]",1,158,64,0
8806,"[3339, 0]",1,156,64,0
8807,"[3340, 0]",1,0,0,0
8808,"[3340, 1]",2,0,0,0
8809,"[3340, 2]",27,51,24,0
8810,"[3341, 0]",1,41,18,0
8811,"[3342, 0]",1,156,64,0
8812,"[3343, 0]",1,0,0,0
8813,"[3343, 1]",2,158,64,0
8814,"[3344, 0]",1,0,0,0
8815,"[3344, 1]",2,0,0,0
8816,"[3344, 2]",16,158,64,0
8817,"[3345, 0]",1,41,18,1
8818,"[3346, 0]",1,41,18,0
8819,"[3347, 0]",1,2,1,0
8820,"[3348, 0]",1,0,0,0
8821,"[3348, 1]",2,158,64,0
8822,"[3349, 0]",1,156,64,0
8823,"[3350, 0]",1,0,0,0
8824,"[3350, 1]",8,158,64,0
8825,"[3350, 2]",4,0,0,0
8826,"[3350, 3]",3,0,0,0
8827,"[3350, 4]",2,0,0,0
8828,"[3350, 5]",53,2,1,0
8829,"[3350, 6]",49,158,64,0
8830,"[3350, 7]",44,158,64,0
8831,"[3351, 0]",1,158,64,0
8832,"[3352, 0]",1,0,0,0
8833,"[3352, 1]",4,0,0,0
8834,"[3352, 2]",3,0,0,0
8835,"[3352, 3]",32,41,18,0
8836,"[3352, 4]",29,158,64,3
8837,"[3353, 0]",1,0,0,0
8838,"[3353, 1]",3,0,0,-1
8839,"[3353, 2]",2,158,64,-1
8840,"[3354, 0]",1,57,26,0
8841,"[3355, 0]",1,0,0,0
8842,"[3355, 1]",2,158,64,7
8843,"[3356, 0]",1,41,18,0
8844,"[3357, 0]",1,158,64,0
8845,"[3358, 0]",1,57,26,0
8846,"[3359, 0]",1,0,0,1
8847,"[3359, 1]",2,41,18,0
8848,"[3360, 0]",1,0,0,0
8849,"[3360, 1]",6,41,18,0
8850,"[3360, 2]",3,0,0,0
8851,"[3360, 3]",2,0,0,0
8852,"[3360, 4]",42,53,24,0
8853,"[3360, 5]",41,0,0,0
8854,"[3360, 6]",40,0,0,0
8855,"[3360, 7]",37,0,0,0
8856,"[3360, 8]",64,158,64,1
8857,"[3360, 9]",50,41,18,0
8858,"[3360, 10]",46,54,24,3
8859,"[3361, 0]",1,0,0,0
8860,"[3361, 1]",6,61,28,0
8861,"[3361, 2]",3,0,0,0
8862,"[3361, 3]",2,0,0,0
8863,"[3361, 4]",35,0,0,0
8864,"[3361, 5]",30,158,64,0
8865,"[3361, 6]",54,0,0,0
8866,"[3361, 7]",220,158,64,-1
8867,"[3362, 0]",1,156,64,0
8868,"[3363, 0]",1,158,64,0
8869,"[3364, 0]",1,57,26,0
8870,"[3365, 0]",1,158,64,0
8871,"[3366, 0]",1,2,1,0
8872,"[3367, 0]",1,156,64,0
8873,"[3368, 0]",1,57,26,0
8874,"[3369, 0]",1,0,0,0
8875,"[3369, 1]",2,41,18,0
8876,"[3370, 0]",1,0,0,0
8877,"[3370, 1]",3,0,0,0
8878,"[3370, 2]",2,0,0,0
8879,"[3370, 3]",46,158,64,0
8880,"[3371, 0]",1,0,0,0
8881,"[3371, 1]",6,41,18,0
8882,"[3371, 2]",5,0,0,0
8883,"[3371, 3]",3,0,0,0
8884,"[3371, 4]",2,0,0,0
8885,"[3371, 5]",63,0,0,0
8886,"[3371, 6]",62,0,0,0
8887,"[3371, 7]",54,0,0,0
8888,"[3371, 8]",36,57,26,0
8889,"[3371, 9]",124,41,18,0
8890,"[3371, 10]",87,158,64,0
8891,"[3371, 11]",84,55,26,0
8892,"[3372, 0]",1,0,0,0
8893,"[3372, 1]",2,0,0,0
8894,"[3372, 2]",71,158,64,1
8895,"[3373, 0]",1,0,0,0
8896,"[3373, 1]",2,158,64,0
8897,"[3374, 0]",1,0,0,0
8898,"[3374, 1]",2,0,0,0
8899,"[3374, 2]",38,57,26,0
8900,"[3375, 0]",1,0,0,0
8901,"[3375, 1]",2,0,0,2
8902,"[3375, 2]",46,0,0,-1
8903,"[3375, 3]",61,156,64,1
8904,"[3376, 0]",1,2,1,0
8905,"[3377, 0]",1,57,26,0
8906,"[3378, 0]",1,0,0,0
8907,"[3378, 1]",2,158,64,0
8908,"[3379, 0]",1,0,0,0
8909,"[3379, 1]",2,0,0,0
8910,"[3379, 2]",30,37,18,0
8911,"[3380, 0]",1,0,0,0
8912,"[3380, 1]",2,158,64,0
8913,"[3381, 0]",1,2,1,0
8914,"[3382, 0]",1,0,0,0
8915,"[3383, 0]",1,54,24,0
8916,"[3384, 0]",1,41,18,0
8917,"[3385, 0]",1,0,0,0
8918,"[3385, 1]",2,0,0,0
8919,"[3385, 2]",24,0,0,1
8920,"[3385, 3]",33,156,64,7
8921,"[3386, 0]",1,158,64,0
8922,"[3387, 0]",1,0,0,0
8923,"[3387, 1]",2,156,64,0
8924,"[3388, 0]",1,0,0,0
8925,"[3388, 1]",2,0,0,0
8926,"[3388, 2]",15,0,0,2
8927,"[3388, 3]",25,156,64,0
8928,"[3389, 0]",1,0,0,0
8929,"[3389, 1]",2,158,64,0
8930,"[3390, 0]",1,158,64,0
8931,"[3391, 0]",1,0,0,0
8932,"[3391, 1]",2,158,64,0
8933,"[3392, 0]",1,156,64,0
8934,"[3393, 0]",1,0,0,0
8935,"[3393, 1]",2,158,64,0
8936,"[3394, 0]",1,0,0,0
8937,"[3394, 1]",2,158,64,0
8938,"[3395, 0]",1,156,64,0
8939,"[3396, 0]",1,0,0,0
8940,"[3396, 1]",5,0,0,0
8941,"[3396, 2]",32,158,64,0
8942,"[3397, 0]",1,0,0,0
8943,"[3398, 0]",1,0,0,0
8944,"[3398, 1]",2,0,0,0
8945,"[3398, 2]",28,59,28,0
8946,"[3399, 0]",1,0,0,0
8947,"[3399, 1]",2,0,0,0
8948,"[3399, 2]",14,158,64,0
8949,"[3400, 0]",1,0,0,0
8950,"[3400, 1]",2,57,26,0
8951,"[3401, 0]",1,0,0,0
8952,"[3401, 1]",2,158,64,0
8953,"[3402, 0]",1,41,18,0
8954,"[3403, 0]",1,0,0,0
8955,"[3403, 1]",2,158,64,0
8956,"[3404, 0]",1,0,0,0
8957,"[3404, 1]",5,0,0,1
8958,"[3404, 2]",4,0,0,2
8959,"[3404, 3]",2,0,0,-1
8960,"[3404, 4]",26,158,64,3
8961,"[3404, 5]",23,158,64,1
8962,"[3405, 0]",1,0,0,0
8963,"[3405, 1]",2,158,64,0
8964,"[3406, 0]",1,0,0,0
8965,"[3406, 1]",2,41,18,0
8966,"[3407, 0]",1,0,0,0
8967,"[3407, 1]",2,57,26,0
8968,"[3408, 0]",1,0,0,0
8969,"[3408, 1]",2,156,64,0
8970,"[3409, 0]",1,0,0,0
8971,"[3409, 1]",2,158,64,0
8972,"[3410, 0]",1,0,0,0
8973,"[3410, 1]",2,158,64,1
8974,"[3411, 0]",1,158,64,0
8975,"[3412, 0]",1,41,18,1
8976,"[3413, 0]",1,0,0,0
8977,"[3413, 1]",2,0,0,6
8978,"[3413, 2]",14,51,24,15
8979,"[3414, 0]",1,0,0,0
8980,"[3414, 1]",2,158,64,0
8981,"[3415, 0]",1,158,64,0
8982,"[3416, 0]",1,158,64,0
8983,"[3417, 0]",1,158,64,0
8984,"[3418, 0]",1,2,1,0
8985,"[3419, 0]",1,158,64,0
8986,"[3420, 0]",1,156,64,0
8987,"[3421, 0]",1,158,64,0
8988,"[3422, 0]",1,0,0,0
8989,"[3422, 1]",2,57,26,0
8990,"[3423, 0]",1,158,64,0
8991,"[3424, 0]",1,0,0,0
8992,"[3424, 1]",2,57,26,0
8993,"[3425, 0]",1,158,64,0
8994,"[3426, 0]",1,41,18,0
8995,"[3427, 0]",1,0,0,0
8996,"[3427, 1]",2,0,0,0
8997,"[3427, 2]",42,158,64,0
8998,"[3428, 0]",1,0,0,0
8999,"[3428, 1]",2,158,64,0
9000,"[3429, 0]",1,158,64,0
9001,"[3430, 0]",1,158,64,0
9002,"[3431, 0]",1,0,0,0
9003,"[3431, 1]",2,158,64,0
9004,"[3432, 0]",1,158,64,0
9005,"[3433, 0]",1,0,0,0
9006,"[3433, 1]",6,0,0,3
9007,"[3433, 2]",5,158,64,-1
9008,"[3433, 3]",4,0,0,-1
9009,"[3433, 4]",48,0,0,-1
9010,"[3433, 5]",41,41,18,0
9011,"[3433, 6]",87,158,64,-1
9012,"[3434, 0]",1,0,0,0
9013,"[3434, 1]",3,158,64,0
9014,"[3434, 2]",2,158,64,0
9015,"[3435, 0]",1,0,0,0
9016,"[3435, 1]",2,57,26,0
9017,"[3436, 0]",1,158,64,0
9018,"[3437, 0]",1,0,0,0
9019,"[3437, 1]",2,0,0,0
9020,"[3437, 2]",27,0,0,5
9021,"[3437, 3]",41,158,64,0
9022,"[3438, 0]",1,0,0,0
9023,"[3438, 1]",2,158,64,0
9024,"[3439, 0]",1,0,0,0
9025,"[3439, 1]",2,41,18,0
9026,"[3440, 0]",1,41,18,0
9027,"[3441, 0]",1,41,18,0
9028,"[3442, 0]",1,158,64,0
9029,"[3443, 0]",1,0,0,0
9030,"[3443, 1]",3,0,0,-1
9031,"[3443, 2]",7,156,64,-1
9032,"[3444, 0]",1,158,64,0
9033,"[3445, 0]",1,0,0,0
9034,"[3445, 1]",2,0,0,0
9035,"[3445, 2]",17,158,64,0
9036,"[3446, 0]",1,0,0,0
9037,"[3446, 1]",2,0,0,0
9038,"[3446, 2]",11,2,1,0
9039,"[3447, 0]",1,0,0,0
9040,"[3447, 1]",2,0,0,0
9041,"[3447, 2]",15,158,64,0
9042,"[3447, 3]",12,0,0,0
9043,"[3447, 4]",59,158,64,0
9044,"[3447, 5]",57,0,0,0
9045,"[3447, 6]",56,0,0,0
9046,"[3447, 7]",102,158,64,0
9047,"[3447, 8]",99,158,64,0
9048,"[3448, 0]",1,0,0,0
9049,"[3448, 1]",2,41,18,0
9050,"[3449, 0]",1,156,64,0
9051,"[3450, 0]",1,0,0,0
9052,"[3450, 1]",2,0,0,0
9053,"[3450, 2]",18,158,64,0
9054,"[3451, 0]",1,158,64,0
9055,"[3452, 0]",1,158,64,0
9056,"[3453, 0]",1,158,64,0
9057,"[3454, 0]",1,158,64,0
9058,"[3455, 0]",1,158,64,0
9059,"[3456, 0]",1,0,0,0
9060,"[3456, 1]",2,0,0,0
9061,"[3456, 2]",16,0,0,2
9062,"[3456, 3]",25,57,26,3
9063,"[3457, 0]",1,158,64,0
9064,"[3458, 0]",1,0,0,0
9065,"[3458, 1]",2,0,0,0
9066,"[3458, 2]",40,158,64,0
9067,"[3459, 0]",1,0,0,0
9068,"[3459, 1]",5,0,0,0
9069,"[3459, 2]",4,0,0,0
9070,"[3459, 3]",3,0,0,0
9071,"[3459, 4]",40,158,64,0
9072,"[3459, 5]",37,158,64,0
9073,"[3459, 6]",33,2,1,0
9074,"[3460, 0]",1,158,64,0
9075,"[3461, 0]",1,0,0,0
9076,"[3461, 1]",2,2,1,0
9077,"[3462, 0]",1,0,0,0
9078,"[3462, 1]",2,158,64,0
9079,"[3463, 0]",1,41,18,0
9080,"[3464, 0]",1,57,26,0
9081,"[3465, 0]",1,0,0,0
9082,"[3465, 1]",3,0,0,0
9083,"[3465, 2]",2,156,64,0
9084,"[3465, 3]",8,2,1,0
9085,"[3466, 0]",1,0,0,0
9086,"[3466, 1]",2,57,26,-1
9087,"[3467, 0]",1,0,0,0
9088,"[3467, 1]",2,59,28,0
9089,"[3468, 0]",1,0,0,0
9090,"[3468, 1]",2,158,64,0
9091,"[3469, 0]",1,158,64,0
9092,"[3470, 0]",1,156,64,0
9093,"[3471, 0]",1,158,64,0
9094,"[3472, 0]",1,0,0,0
9095,"[3472, 1]",2,158,64,0
9096,"[3473, 0]",1,158,64,0
9097,"[3474, 0]",1,0,0,0
9098,"[3474, 1]",4,0,0,0
9099,"[3474, 2]",2,0,0,0
9100,"[3474, 3]",39,41,18,0
9101,"[3474, 4]",38,0,0,0
9102,"[3474, 5]",37,0,0,0
9103,"[3474, 6]",32,41,18,0
9104,"[3474, 7]",56,57,26,0
9105,"[3474, 8]",53,0,0,0
9106,"[3474, 9]",52,0,0,0
9107,"[3474, 10]",51,0,0,0
9108,"[3474, 11]",50,0,0,0
9109,"[3474, 12]",45,0,0,0
9110,"[3474, 13]",197,57,26,4
9111,"[3474, 14]",162,0,0,1
9112,"[3474, 15]",155,0,0,0
9113,"[3474, 16]",151,0,0,0
9114,"[3474, 17]",146,0,0,0
9115,"[3474, 18]",375,158,64,0
9116,"[3474, 19]",361,158,64,0
9117,"[3474, 20]",345,41,18,0
9118,"[3474, 21]",310,158,64,0
9119,"[3475, 0]",1,0,0,0
9120,"[3475, 1]",2,158,64,0
9121,"[3476, 0]",1,0,0,0
9122,"[3476, 1]",2,0,0,-1
9123,"[3476, 2]",49,0,0,4
9124,"[3476, 3]",84,158,64,0
9125,"[3477, 0]",1,158,64,0
9126,"[3478, 0]",1,0,0,0
9127,"[3478, 1]",2,0,0,0
9128,"[3478, 2]",18,41,18,8
9129,"[3479, 0]",1,41,18,0
9130,"[3480, 0]",1,156,64,0
9131,"[3481, 0]",1,0,0,0
9132,"[3481, 1]",2,158,64,12
9133,"[3482, 0]",1,158,64,0
9134,"[3483, 0]",1,0,0,0
9135,"[3483, 1]",7,158,64,0
9136,"[3483, 2]",4,0,0,0
9137,"[3483, 3]",2,0,0,0
9138,"[3483, 4]",50,0,0,0
9139,"[3483, 5]",44,158,64,0
9140,"[3483, 6]",92,0,0,0
9141,"[3483, 7]",238,158,64,0
9142,"[3484, 0]",1,2,1,0
9143,"[3485, 0]",1,41,18,0
9144,"[3486, 0]",1,0,0,0
9145,"[3486, 1]",2,41,18,0
9146,"[3487, 0]",1,158,64,0
9147,"[3488, 0]",1,0,0,0
9148,"[3488, 1]",2,0,0,0
9149,"[3488, 2]",73,57,26,0
9150,"[3489, 0]",1,0,0,0
9151,"[3489, 1]",2,158,64,0
9152,"[3490, 0]",1,0,0,0
9153,"[3490, 1]",2,158,64,0
9154,"[3491, 0]",1,0,0,0
9155,"[3491, 1]",2,156,64,0
9156,"[3492, 0]",1,0,0,0
9157,"[3492, 1]",2,0,0,0
9158,"[3492, 2]",23,0,0,0
9159,"[3492, 3]",21,0,0,0
9160,"[3492, 4]",20,0,0,0
9161,"[3492, 5]",19,0,0,0
9162,"[3492, 6]",77,41,18,0
9163,"[3492, 7]",68,156,64,0
9164,"[3492, 8]",63,41,18,0
9165,"[3492, 9]",52,41,18,16
9166,"[3493, 0]",1,158,64,0
9167,"[3494, 0]",1,0,0,0
9168,"[3494, 1]",2,0,0,0
9169,"[3494, 2]",27,158,64,2
9170,"[3495, 0]",1,37,18,0
9171,"[3496, 0]",1,0,0,0
9172,"[3496, 1]",2,156,64,0
9173,"[3497, 0]",1,0,0,0
9174,"[3497, 1]",2,158,64,0
9175,"[3498, 0]",1,2,1,0
9176,"[3499, 0]",1,158,64,0
9177,"[3500, 0]",1,57,26,0
9178,"[3501, 0]",1,158,64,0
9179,"[3502, 0]",1,158,64,0
9180,"[3503, 0]",1,41,18,0
9181,"[3504, 0]",1,0,0,0
9182,"[3504, 1]",2,0,0,0
9183,"[3504, 2]",13,41,18,0
9184,"[3505, 0]",1,41,18,0
9185,"[3506, 0]",1,61,28,0
9186,"[3507, 0]",1,156,64,0
9187,"[3508, 0]",1,0,0,0
9188,"[3508, 1]",2,0,0,0
9189,"[3508, 2]",26,2,1,0
9190,"[3509, 0]",1,158,64,0
9191,"[3510, 0]",1,158,64,0
9192,"[3511, 0]",1,37,18,0
9193,"[3512, 0]",1,51,24,0
9194,"[3513, 0]",1,158,64,0
9195,"[3514, 0]",1,0,0,0
9196,"[3514, 1]",2,0,0,-1
9197,"[3514, 2]",25,158,64,-1
9198,"[3515, 0]",1,0,0,0
9199,"[3515, 1]",2,41,18,0
9200,"[3516, 0]",1,41,18,0
9201,"[3517, 0]",1,59,28,1
9202,"[3518, 0]",1,0,0,0
9203,"[3518, 1]",2,0,0,0
9204,"[3518, 2]",34,41,18,0
9205,"[3519, 0]",1,0,0,0
9206,"[3519, 1]",2,2,1,0
9207,"[3520, 0]",1,156,64,0
9208,"[3521, 0]",1,158,64,0
9209,"[3522, 0]",1,158,64,0
9210,"[3523, 0]",1,41,18,0
9211,"[3524, 0]",1,0,0,0
9212,"[3524, 1]",5,2,1,0
9213,"[3524, 2]",4,158,64,0
9214,"[3524, 3]",3,0,0,0
9215,"[3524, 4]",2,0,0,0
9216,"[3524, 5]",31,158,64,0
9217,"[3524, 6]",30,2,1,0
9218,"[3524, 7]",28,0,0,0
9219,"[3524, 8]",26,0,0,0
9220,"[3524, 9]",22,41,18,0
9221,"[3524, 10]",21,158,64,0
9222,"[3524, 11]",19,0,0,0
9223,"[3524, 12]",93,55,26,0
9224,"[3524, 13]",59,158,64,0
9225,"[3524, 14]",56,158,64,0
9226,"[3525, 0]",1,41,18,0
9227,"[3526, 0]",1,158,64,0
9228,"[3527, 0]",1,57,26,0
9229,"[3528, 0]",1,158,64,0
9230,"[3529, 0]",1,57,26,0
9231,"[3530, 0]",1,0,0,0
9232,"[3530, 1]",2,156,64,5
9233,"[3531, 0]",1,0,0,0
9234,"[3531, 1]",5,158,64,0
9235,"[3531, 2]",4,2,1,0
9236,"[3531, 3]",2,0,0,0
9237,"[3531, 4]",62,158,64,-1
9238,"[3531, 5]",60,158,64,-1
9239,"[3531, 6]",58,0,0,-1
9240,"[3531, 7]",103,158,64,-1
9241,"[3532, 0]",1,0,0,0
9242,"[3532, 1]",9,57,26,0
9243,"[3532, 2]",8,158,64,0
9244,"[3532, 3]",6,0,0,0
9245,"[3532, 4]",2,0,0,0
9246,"[3532, 5]",57,37,18,0
9247,"[3532, 6]",54,0,0,0
9248,"[3532, 7]",52,0,0,0
9249,"[3532, 8]",46,158,64,0
9250,"[3532, 9]",111,57,26,0
9251,"[3532, 10]",110,0,0,0
9252,"[3532, 11]",107,0,0,0
9253,"[3532, 12]",440,0,0,-1
9254,"[3532, 13]",421,53,24,0
9255,"[3532, 14]",486,156,64,-1
9256,"[3533, 0]",1,156,64,0
9257,"[3534, 0]",1,158,64,0
9258,"[3535, 0]",1,0,0,0
9259,"[3535, 1]",2,54,24,0
9260,"[3536, 0]",1,41,18,0
9261,"[3537, 0]",1,158,64,0
9262,"[3538, 0]",1,158,64,0
9263,"[3539, 0]",1,57,26,0
9264,"[3540, 0]",1,0,0,0
9265,"[3540, 1]",2,158,64,0
9266,"[3541, 0]",1,0,0,0
9267,"[3541, 1]",2,158,64,0
9268,"[3542, 0]",1,41,18,0
9269,"[3543, 0]",1,0,0,0
9270,"[3543, 1]",2,158,64,-1
9271,"[3544, 0]",1,57,26,0
9272,"[3545, 0]",1,158,64,0
9273,"[3546, 0]",1,0,0,0
9274,"[3546, 1]",2,156,64,2
9275,"[3547, 0]",1,0,0,0
9276,"[3547, 1]",2,158,64,0
9277,"[3548, 0]",1,0,0,0
9278,"[3548, 1]",2,41,18,0
9279,"[3549, 0]",1,57,26,0
9280,"[3550, 0]",1,0,0,0
9281,"[3550, 1]",2,0,0,0
9282,"[3550, 2]",16,158,64,0
9283,"[3551, 0]",1,57,26,1
9284,"[3552, 0]",1,0,0,0
9285,"[3552, 1]",2,158,64,-1
9286,"[3553, 0]",1,156,64,0
9287,"[3554, 0]",1,2,1,0
9288,"[3555, 0]",1,158,64,0
9289,"[3556, 0]",1,156,64,0
9290,"[3557, 0]",1,158,64,0
9291,"[3558, 0]",1,41,18,0
9292,"[3559, 0]",1,0,0,0
9293,"[3559, 1]",2,41,18,0
9294,"[3560, 0]",1,158,64,0
9295,"[3561, 0]",1,0,0,0
9296,"[3561, 1]",2,158,64,0
9297,"[3562, 0]",1,0,0,0
9298,"[3562, 1]",2,158,64,0
9299,"[3563, 0]",1,0,0,0
9300,"[3563, 1]",2,57,26,0
9301,"[3564, 0]",1,0,0,0
9302,"[3565, 0]",1,158,64,0
9303,"[3566, 0]",1,0,0,0
9304,"[3566, 1]",2,158,64,0
9305,"[3567, 0]",1,0,0,0
9306,"[3567, 1]",2,158,64,-1
9307,"[3568, 0]",1,0,0,1
9308,"[3568, 1]",2,57,26,9
9309,"[3569, 0]",1,0,0,0
9310,"[3569, 1]",7,0,0,0
9311,"[3569, 2]",3,0,0,0
9312,"[3569, 3]",2,0,0,0
9313,"[3569, 4]",59,158,64,0
9314,"[3569, 5]",58,0,0,0
9315,"[3569, 6]",57,0,0,0
9316,"[3569, 7]",51,0,0,0
9317,"[3569, 8]",50,0,0,0
9318,"[3569, 9]",32,41,18,0
9319,"[3569, 10]",134,0,0,0
9320,"[3569, 11]",131,0,0,0
9321,"[3569, 12]",84,0,0,0
9322,"[3569, 13]",80,2,1,0
9323,"[3569, 14]",247,158,64,0
9324,"[3569, 15]",223,41,18,0
9325,"[3569, 16]",202,0,0,0
9326,"[3569, 17]",421,0,0,0
9327,"[3569, 18]",453,158,64,0
9328,"[3570, 0]",1,0,0,0
9329,"[3570, 1]",2,158,64,0
9330,"[3571, 0]",1,0,0,0
9331,"[3571, 1]",2,41,18,0
9332,"[3572, 0]",1,0,0,0
9333,"[3572, 1]",2,158,64,0
9334,"[3573, 0]",1,158,64,0
9335,"[3574, 0]",1,158,64,0
9336,"[3575, 0]",1,0,0,0
9337,"[3575, 1]",2,57,26,0
9338,"[3576, 0]",1,0,0,0
9339,"[3576, 1]",2,158,64,0
9340,"[3577, 0]",1,57,26,0
9341,"[3578, 0]",1,0,0,0
9342,"[3578, 1]",2,158,64,0
9343,"[3579, 0]",1,41,18,0
9344,"[3580, 0]",1,158,64,0
9345,"[3581, 0]",1,41,18,0
9346,"[3582, 0]",1,57,26,0
9347,"[3583, 0]",1,156,64,0
9348,"[3584, 0]",1,158,64,0
9349,"[3585, 0]",1,156,64,0
9350,"[3586, 0]",1,41,18,0
9351,"[3587, 0]",1,0,0,0
9352,"[3587, 1]",2,0,0,-1
9353,"[3587, 2]",10,158,64,-1
9354,"[3588, 0]",1,0,0,1
9355,"[3588, 1]",2,0,0,0
9356,"[3588, 2]",56,158,64,0
9357,"[3589, 0]",1,41,18,0
9358,"[3590, 0]",1,156,64,0
9359,"[3591, 0]",1,0,0,0
9360,"[3591, 1]",2,41,18,0
9361,"[3592, 0]",1,54,24,0
9362,"[3593, 0]",1,2,1,0
9363,"[3594, 0]",1,0,0,0
9364,"[3594, 1]",2,0,0,0
9365,"[3594, 2]",17,41,18,0
9366,"[3595, 0]",1,57,26,0
9367,"[3596, 0]",1,58,26,0
9368,"[3597, 0]",1,0,0,0
9369,"[3597, 1]",2,0,0,-1
9370,"[3597, 2]",9,158,64,-1
9371,"[3597, 3]",6,0,0,-1
9372,"[3597, 4]",5,158,64,-1
9373,"[3597, 5]",36,158,64,-1
9374,"[3598, 0]",1,158,64,0
9375,"[3599, 0]",1,0,0,0
9376,"[3599, 1]",2,41,18,0
9377,"[3600, 0]",1,0,0,0
9378,"[3600, 1]",2,156,64,0
9379,"[3601, 0]",1,158,64,0
9380,"[3602, 0]",1,0,0,0
9381,"[3602, 1]",3,156,64,0
9382,"[3602, 2]",2,41,18,0
9383,"[3603, 0]",1,41,18,1
9384,"[3604, 0]",1,0,0,0
9385,"[3604, 1]",2,158,64,3
9386,"[3605, 0]",1,41,18,0
9387,"[3606, 0]",1,0,0,0
9388,"[3606, 1]",2,158,64,0
9389,"[3607, 0]",1,0,0,0
9390,"[3607, 1]",2,2,1,0
9391,"[3608, 0]",1,41,18,0
9392,"[3609, 0]",1,0,0,0
9393,"[3609, 1]",2,57,26,0
9394,"[3610, 0]",1,158,64,0
9395,"[3611, 0]",1,0,0,0
9396,"[3611, 1]",2,0,0,-1
9397,"[3611, 2]",24,156,64,3
9398,"[3612, 0]",1,0,0,0
9399,"[3612, 1]",2,158,64,0
9400,"[3613, 0]",1,55,26,0
9401,"[3614, 0]",1,0,0,0
9402,"[3614, 1]",2,41,18,0
9403,"[3615, 0]",1,41,18,0
9404,"[3616, 0]",1,0,0,0
9405,"[3616, 1]",2,0,0,0
9406,"[3616, 2]",18,158,64,0
9407,"[3617, 0]",1,156,64,0
9408,"[3618, 0]",1,0,0,0
9409,"[3618, 1]",3,0,0,-1
9410,"[3618, 2]",2,0,0,-1
9411,"[3618, 3]",62,0,0,-1
9412,"[3618, 4]",59,158,64,-1
9413,"[3618, 5]",85,158,64,-1
9414,"[3619, 0]",1,0,0,0
9415,"[3619, 1]",2,158,64,0
9416,"[3620, 0]",1,2,1,0
9417,"[3621, 0]",1,41,18,0
9418,"[3622, 0]",1,2,1,0
9419,"[3623, 0]",1,0,0,0
9420,"[3623, 1]",2,156,64,0
9421,"[3624, 0]",1,0,0,0
9422,"[3624, 1]",2,0,0,0
9423,"[3624, 2]",16,158,64,1
9424,"[3625, 0]",1,2,1,0
9425,"[3626, 0]",1,41,18,0
9426,"[3627, 0]",1,0,0,0
9427,"[3627, 1]",2,0,0,0
9428,"[3627, 2]",16,158,64,0
9429,"[3628, 0]",1,41,18,0
9430,"[3629, 0]",1,0,0,0
9431,"[3629, 1]",2,0,0,0
9432,"[3629, 2]",94,0,0,0
9433,"[3629, 3]",131,0,0,8
9434,"[3629, 4]",149,57,26,-1
9435,"[3630, 0]",1,41,18,0
9436,"[3631, 0]",1,156,64,0
9437,"[3632, 0]",1,0,0,0
9438,"[3632, 1]",2,59,28,0
9439,"[3633, 0]",1,158,64,0
9440,"[3634, 0]",1,158,64,0
9441,"[3635, 0]",1,0,0,0
9442,"[3635, 1]",6,41,18,0
9443,"[3635, 2]",4,0,0,0
9444,"[3635, 3]",3,0,0,0
9445,"[3635, 4]",2,0,0,0
9446,"[3635, 5]",53,0,0,0
9447,"[3635, 6]",52,0,0,0
9448,"[3635, 7]",50,0,0,0
9449,"[3635, 8]",45,0,0,0
9450,"[3635, 9]",39,0,0,0
9451,"[3635, 10]",121,41,18,3
9452,"[3635, 11]",105,158,64,0
9453,"[3635, 12]",83,158,64,0
9454,"[3635, 13]",82,0,0,0
9455,"[3635, 14]",73,0,0,0
9456,"[3635, 15]",70,0,0,0
9457,"[3635, 16]",322,156,64,0
9458,"[3635, 17]",310,158,64,0
9459,"[3635, 18]",227,41,18,0
9460,"[3636, 0]",1,2,1,0
9461,"[3637, 0]",1,158,64,0
9462,"[3638, 0]",1,0,0,0
9463,"[3638, 1]",8,158,64,0
9464,"[3638, 2]",6,158,64,0
9465,"[3638, 3]",5,0,0,0
9466,"[3638, 4]",4,0,0,0
9467,"[3638, 5]",3,0,0,0
9468,"[3638, 6]",43,158,64,0
9469,"[3638, 7]",42,158,64,0
9470,"[3638, 8]",39,57,26,0
9471,"[3638, 9]",35,156,64,0
9472,"[3639, 0]",1,41,18,0
9473,"[3640, 0]",1,0,0,0
9474,"[3640, 1]",2,0,0,0
9475,"[3640, 2]",28,0,0,0
9476,"[3640, 3]",43,41,18,0
9477,"[3641, 0]",1,0,0,0
9478,"[3641, 1]",5,0,0,0
9479,"[3641, 2]",4,2,1,0
9480,"[3641, 3]",2,0,0,0
9481,"[3641, 4]",26,0,0,0
9482,"[3641, 5]",18,158,64,0
9483,"[3641, 6]",98,158,64,0
9484,"[3642, 0]",1,158,64,0
9485,"[3643, 0]",1,0,0,0
9486,"[3643, 1]",2,158,64,0
9487,"[3644, 0]",1,0,0,0
9488,"[3644, 1]",3,62,28,0
9489,"[3645, 0]",1,156,64,0
9490,"[3646, 0]",1,156,64,0
9491,"[3647, 0]",1,0,0,1
9492,"[3647, 1]",2,156,64,0
9493,"[3648, 0]",1,158,64,0
9494,"[3649, 0]",1,0,0,0
9495,"[3649, 1]",2,156,64,0
9496,"[3650, 0]",1,0,0,0
9497,"[3650, 1]",2,158,64,1
9498,"[3651, 0]",1,0,0,0
9499,"[3651, 1]",2,41,18,0
9500,"[3652, 0]",1,0,0,0
9501,"[3652, 1]",2,0,0,0
9502,"[3652, 2]",15,158,64,0
9503,"[3653, 0]",1,41,18,0
9504,"[3654, 0]",1,0,0,0
9505,"[3654, 1]",2,158,64,0
9506,"[3655, 0]",1,0,0,0
9507,"[3655, 1]",2,156,64,0
9508,"[3656, 0]",1,0,0,0
9509,"[3656, 1]",5,0,0,0
9510,"[3656, 2]",3,0,0,0
9511,"[3656, 3]",2,0,0,0
9512,"[3656, 4]",50,156,64,0
9513,"[3656, 5]",49,0,0,0
9514,"[3656, 6]",48,0,0,0
9515,"[3656, 7]",42,0,0,0
9516,"[3656, 8]",31,158,64,0
9517,"[3656, 9]",99,158,64,0
9518,"[3656, 10]",78,0,0,0
9519,"[3656, 11]",72,158,64,0
9520,"[3656, 12]",146,0,0,0
9521,"[3656, 13]",290,158,64,0
9522,"[3657, 0]",1,0,0,0
9523,"[3657, 1]",6,158,64,0
9524,"[3657, 2]",4,0,0,0
9525,"[3657, 3]",2,0,0,0
9526,"[3657, 4]",45,2,1,0
9527,"[3657, 5]",44,0,0,0
9528,"[3657, 6]",28,59,28,0
9529,"[3657, 7]",82,0,0,0
9530,"[3657, 8]",80,0,0,0
9531,"[3657, 9]",188,0,0,0
9532,"[3657, 10]",183,158,64,2
9533,"[3657, 11]",293,156,64,-1
9534,"[3658, 0]",1,0,0,0
9535,"[3658, 1]",2,0,0,0
9536,"[3658, 2]",34,158,64,0
9537,"[3658, 3]",33,158,64,0
9538,"[3659, 0]",1,0,0,0
9539,"[3659, 1]",6,0,0,0
9540,"[3659, 2]",4,0,0,0
9541,"[3659, 3]",2,0,0,0
9542,"[3659, 4]",54,158,64,0
9543,"[3659, 5]",52,0,0,0
9544,"[3659, 6]",46,53,24,0
9545,"[3659, 7]",28,0,0,0
9546,"[3659, 8]",144,158,64,-1
9547,"[3659, 9]",73,41,18,0
9548,"[3660, 0]",1,0,0,0
9549,"[3660, 1]",2,158,64,0
9550,"[3661, 0]",1,158,64,0
9551,"[3662, 0]",1,158,64,0
9552,"[3663, 0]",1,0,0,0
9553,"[3663, 1]",2,158,64,0
9554,"[3664, 0]",1,0,0,0
9555,"[3664, 1]",3,0,0,0
9556,"[3664, 2]",2,0,0,0
9557,"[3664, 3]",48,0,0,-1
9558,"[3664, 4]",44,51,24,0
9559,"[3664, 5]",101,0,0,-1
9560,"[3664, 6]",189,156,64,-1
9561,"[3665, 0]",1,158,64,0
9562,"[3666, 0]",1,41,18,0
9563,"[3667, 0]",1,0,0,0
9564,"[3667, 1]",5,158,64,0
9565,"[3667, 2]",4,0,0,0
9566,"[3667, 3]",2,0,0,0
9567,"[3667, 4]",16,57,26,0
9568,"[3667, 5]",10,158,64,0
9569,"[3668, 0]",1,0,0,0
9570,"[3668, 1]",2,158,64,-1
9571,"[3669, 0]",1,158,64,0
9572,"[3670, 0]",1,156,64,0
9573,"[3671, 0]",1,41,18,0
9574,"[3672, 0]",1,156,64,1
9575,"[3673, 0]",1,41,18,0
9576,"[3674, 0]",1,0,0,0
9577,"[3674, 1]",4,158,64,0
9578,"[3674, 2]",3,41,18,0
9579,"[3674, 3]",2,0,0,0
9580,"[3674, 4]",16,0,0,0
9581,"[3674, 5]",82,41,18,0
9582,"[3675, 0]",1,41,18,0
9583,"[3676, 0]",1,57,26,0
9584,"[3677, 0]",1,51,24,0
9585,"[3678, 0]",1,0,0,0
9586,"[3678, 1]",2,41,18,0
9587,"[3679, 0]",1,41,18,0
9588,"[3680, 0]",1,0,0,0
9589,"[3680, 1]",4,158,64,0
9590,"[3680, 2]",2,0,0,0
9591,"[3680, 3]",26,158,64,0
9592,"[3680, 4]",25,158,64,0
9593,"[3680, 5]",24,41,18,0
9594,"[3681, 0]",1,2,1,0
9595,"[3682, 0]",1,158,64,0
9596,"[3683, 0]",1,0,0,0
9597,"[3683, 1]",2,53,24,50
9598,"[3684, 0]",1,0,0,0
9599,"[3684, 1]",2,0,0,0
9600,"[3684, 2]",20,41,18,3
9601,"[3685, 0]",1,0,0,0
9602,"[3685, 1]",2,0,0,0
9603,"[3685, 2]",32,2,1,0
9604,"[3686, 0]",1,158,64,0
9605,"[3687, 0]",1,41,18,0
9606,"[3688, 0]",1,0,0,0
9607,"[3688, 1]",2,41,18,0
9608,"[3689, 0]",1,41,18,18
9609,"[3690, 0]",1,0,0,0
9610,"[3690, 1]",2,0,0,0
9611,"[3690, 2]",31,158,64,0
9612,"[3691, 0]",1,0,0,0
9613,"[3691, 1]",5,0,0,0
9614,"[3691, 2]",3,0,0,0
9615,"[3691, 3]",48,0,0,0
9616,"[3691, 4]",34,57,26,0
9617,"[3691, 5]",80,57,26,0
9618,"[3692, 0]",1,158,64,0
9619,"[3693, 0]",1,0,0,0
9620,"[3693, 1]",2,158,64,0
9621,"[3694, 0]",1,158,64,0
9622,"[3695, 0]",1,0,0,0
9623,"[3695, 1]",5,0,0,0
9624,"[3695, 2]",4,0,0,0
9625,"[3695, 3]",2,0,0,0
9626,"[3695, 4]",45,158,64,0
9627,"[3695, 5]",34,0,0,0
9628,"[3695, 6]",31,158,64,0
9629,"[3695, 7]",149,57,26,0
9630,"[3696, 0]",1,0,0,0
9631,"[3696, 1]",2,2,1,0
9632,"[3697, 0]",1,156,64,0
9633,"[3698, 0]",1,0,0,0
9634,"[3698, 1]",2,0,0,0
9635,"[3698, 2]",86,0,0,0
9636,"[3698, 3]",105,0,0,0
9637,"[3698, 4]",118,57,26,0
9638,"[3699, 0]",1,41,18,0
9639,"[3700, 0]",1,0,0,0
9640,"[3700, 1]",2,41,18,0
9641,"[3701, 0]",1,0,0,0
9642,"[3701, 1]",3,0,0,0
9643,"[3701, 2]",25,2,1,0
9644,"[3702, 0]",1,0,0,0
9645,"[3702, 1]",2,41,18,0
9646,"[3703, 0]",1,41,18,0
9647,"[3704, 0]",1,158,64,0
9648,"[3705, 0]",1,158,64,0
9649,"[3706, 0]",1,158,64,0
9650,"[3707, 0]",1,158,64,0
9651,"[3708, 0]",1,41,18,0
9652,"[3709, 0]",1,0,0,0
9653,"[3709, 1]",2,158,64,0
9654,"[3710, 0]",1,57,26,0
9655,"[3711, 0]",1,158,64,1
9656,"[3712, 0]",1,41,18,0
9657,"[3713, 0]",1,158,64,0
9658,"[3714, 0]",1,158,64,1
9659,"[3715, 0]",1,0,0,0
9660,"[3715, 1]",2,0,0,0
9661,"[3715, 2]",25,158,64,0
9662,"[3716, 0]",1,57,26,0
9663,"[3717, 0]",1,57,26,1
9664,"[3718, 0]",1,2,1,0
9665,"[3719, 0]",1,158,64,0
9666,"[3720, 0]",1,41,18,0
9667,"[3721, 0]",1,41,18,0
9668,"[3722, 0]",1,158,64,0
9669,"[3723, 0]",1,0,0,0
9670,"[3723, 1]",2,156,64,14
9671,"[3724, 0]",1,158,64,1
9672,"[3725, 0]",1,0,0,0
9673,"[3725, 1]",2,158,64,0
9674,"[3726, 0]",1,0,0,0
9675,"[3726, 1]",11,57,26,3
9676,"[3726, 2]",6,0,0,1
9677,"[3726, 3]",4,0,0,1
9678,"[3726, 4]",3,158,64,-1
9679,"[3726, 5]",77,0,0,0
9680,"[3726, 6]",58,2,1,0
9681,"[3726, 7]",170,0,0,2
9682,"[3726, 8]",260,158,64,0
9683,"[3727, 0]",1,0,0,0
9684,"[3727, 1]",2,2,1,0
9685,"[3728, 0]",1,0,0,0
9686,"[3728, 1]",2,156,64,0
9687,"[3729, 0]",1,156,64,0
9688,"[3730, 0]",1,0,0,0
9689,"[3730, 1]",2,0,0,0
9690,"[3730, 2]",54,2,1,0
9691,"[3730, 3]",52,0,0,0
9692,"[3730, 4]",110,158,64,0
9693,"[3730, 5]",109,41,18,0
9694,"[3731, 0]",1,0,0,0
9695,"[3731, 1]",9,158,64,0
9696,"[3731, 2]",8,0,0,0
9697,"[3731, 3]",6,0,0,0
9698,"[3731, 4]",4,0,0,0
9699,"[3731, 5]",2,0,0,0
9700,"[3731, 6]",54,0,0,-1
9701,"[3731, 7]",53,156,64,-1
9702,"[3731, 8]",52,0,0,-1
9703,"[3731, 9]",48,0,0,0
9704,"[3731, 10]",47,59,28,0
9705,"[3731, 11]",41,0,0,-1
9706,"[3731, 12]",27,158,64,0
9707,"[3731, 13]",166,41,18,2
9708,"[3731, 14]",117,41,18,0
9709,"[3731, 15]",98,158,64,-1
9710,"[3731, 16]",95,156,64,-1
9711,"[3731, 17]",81,158,64,-1
9712,"[3732, 0]",1,41,18,0
9713,"[3733, 0]",1,54,24,0
9714,"[3734, 0]",1,158,64,0
9715,"[3735, 0]",1,158,64,0
9716,"[3736, 0]",1,158,64,0
9717,"[3737, 0]",1,158,64,0
9718,"[3738, 0]",1,156,64,0
9719,"[3739, 0]",1,156,64,0
9720,"[3740, 0]",1,0,0,0
9721,"[3740, 1]",6,158,64,-1
9722,"[3740, 2]",2,158,64,-1
9723,"[3741, 0]",1,0,0,0
9724,"[3741, 1]",2,57,26,-1
9725,"[3742, 0]",1,158,64,0
9726,"[3743, 0]",1,41,18,0
9727,"[3744, 0]",1,57,26,0
9728,"[3745, 0]",1,158,64,0
9729,"[3746, 0]",1,0,0,0
9730,"[3746, 1]",2,0,0,-1
9731,"[3746, 2]",27,156,64,-1
9732,"[3747, 0]",1,158,64,0
9733,"[3748, 0]",1,2,1,0
9734,"[3749, 0]",1,0,0,0
9735,"[3749, 1]",2,0,0,0
9736,"[3749, 2]",20,158,64,0
9737,"[3750, 0]",1,0,0,0
9738,"[3750, 1]",2,41,18,0
9739,"[3751, 0]",1,0,0,0
9740,"[3751, 1]",3,0,0,0
9741,"[3751, 2]",2,0,0,0
9742,"[3751, 3]",51,0,0,0
9743,"[3751, 4]",49,0,0,0
9744,"[3751, 5]",48,0,0,0
9745,"[3751, 6]",44,0,0,0
9746,"[3751, 7]",100,0,0,0
9747,"[3751, 8]",99,0,0,0
9748,"[3751, 9]",80,0,0,0
9749,"[3751, 10]",76,0,0,0
9750,"[3751, 11]",71,41,18,0
9751,"[3751, 12]",201,158,64,0
9752,"[3751, 13]",173,41,18,0
9753,"[3751, 14]",138,156,64,0
9754,"[3751, 15]",135,158,64,0
9755,"[3752, 0]",1,0,0,0
9756,"[3752, 1]",2,0,0,3
9757,"[3752, 2]",38,156,64,-1
9758,"[3752, 3]",37,158,64,-1
9759,"[3752, 4]",36,2,1,-1
9760,"[3753, 0]",1,158,64,0
9761,"[3754, 0]",1,158,64,0
9762,"[3755, 0]",1,0,0,0
9763,"[3755, 1]",2,158,64,1
9764,"[3756, 0]",1,0,0,0
9765,"[3756, 1]",2,0,0,0
9766,"[3756, 2]",29,158,64,0
9767,"[3757, 0]",1,158,64,0
9768,"[3758, 0]",1,158,64,0
9769,"[3759, 0]",1,158,64,0
9770,"[3760, 0]",1,158,64,0
9771,"[3761, 0]",1,0,0,0
9772,"[3761, 1]",2,0,0,0
9773,"[3761, 2]",37,158,64,0
9774,"[3762, 0]",1,0,0,0
9775,"[3762, 1]",2,0,0,0
9776,"[3762, 2]",48,0,0,0
9777,"[3762, 3]",47,0,0,0
9778,"[3762, 4]",78,156,64,0
9779,"[3762, 5]",75,0,0,0
9780,"[3762, 6]",111,156,64,0
9781,"[3763, 0]",1,158,64,0
9782,"[3764, 0]",1,2,1,0
9783,"[3765, 0]",1,0,0,1
9784,"[3765, 1]",2,158,64,0
9785,"[3766, 0]",1,41,18,0
9786,"[3767, 0]",1,37,18,0
9787,"[3768, 0]",1,0,0,0
9788,"[3768, 1]",2,158,64,0
9789,"[3769, 0]",1,57,26,0
9790,"[3770, 0]",1,0,0,1
9791,"[3770, 1]",2,156,64,0
9792,"[3771, 0]",1,0,0,0
9793,"[3771, 1]",2,0,0,0
9794,"[3771, 2]",19,0,0,-1
9795,"[3771, 3]",32,2,1,2
9796,"[3772, 0]",1,59,28,1
9797,"[3773, 0]",1,53,24,1
9798,"[3774, 0]",1,0,0,0
9799,"[3774, 1]",2,41,18,0
9800,"[3775, 0]",1,0,0,0
9801,"[3775, 1]",5,0,0,0
9802,"[3775, 2]",2,0,0,0
9803,"[3775, 3]",39,0,0,0
9804,"[3775, 4]",33,158,64,0
9805,"[3775, 5]",67,53,24,0
9806,"[3776, 0]",1,158,64,0
9807,"[3777, 0]",1,0,0,0
9808,"[3777, 1]",2,158,64,8
9809,"[3778, 0]",1,0,0,0
9810,"[3778, 1]",2,158,64,0
9811,"[3779, 0]",1,0,0,0
9812,"[3779, 1]",2,158,64,11
9813,"[3780, 0]",1,0,0,0
9814,"[3780, 1]",6,0,0,0
9815,"[3780, 2]",4,0,0,0
9816,"[3780, 3]",2,0,0,0
9817,"[3780, 4]",66,0,0,1
9818,"[3780, 5]",47,41,18,0
9819,"[3780, 6]",34,156,64,11
9820,"[3780, 7]",104,158,64,19
9821,"[3781, 0]",1,0,0,0
9822,"[3781, 1]",2,156,64,0
9823,"[3782, 0]",1,2,1,0
9824,"[3783, 0]",1,41,18,0
9825,"[3784, 0]",1,0,0,0
9826,"[3784, 1]",3,0,0,0
9827,"[3784, 2]",2,0,0,0
9828,"[3784, 3]",37,41,18,0
9829,"[3784, 4]",33,53,24,0
9830,"[3785, 0]",1,158,64,3
9831,"[3786, 0]",1,0,0,0
9832,"[3786, 1]",2,0,0,0
9833,"[3786, 2]",78,0,0,0
9834,"[3786, 3]",103,0,0,0
9835,"[3787, 0]",1,158,64,0
9836,"[3788, 0]",1,41,18,0
9837,"[3789, 0]",1,0,0,0
9838,"[3789, 1]",2,158,64,0
9839,"[3790, 0]",1,2,1,0
9840,"[3791, 0]",1,158,64,0
9841,"[3792, 0]",1,0,0,0
9842,"[3792, 1]",6,2,1,0
9843,"[3792, 2]",4,158,64,0
9844,"[3792, 3]",3,0,0,0
9845,"[3792, 4]",2,0,0,0
9846,"[3792, 5]",37,0,0,0
9847,"[3792, 6]",36,0,0,0
9848,"[3792, 7]",34,0,0,0
9849,"[3792, 8]",30,158,64,0
9850,"[3792, 9]",75,0,0,0
9851,"[3792, 10]",70,0,0,0
9852,"[3792, 11]",67,0,0,0
9853,"[3792, 12]",273,58,26,0
9854,"[3792, 13]",260,41,18,0
9855,"[3792, 14]",245,0,0,0
9856,"[3792, 15]",348,41,18,0
9857,"[3793, 0]",1,0,0,0
9858,"[3793, 1]",2,41,18,0
9859,"[3794, 0]",1,41,18,0
9860,"[3795, 0]",1,0,0,0
9861,"[3795, 1]",2,158,64,0
9862,"[3796, 0]",1,156,64,0
9863,"[3797, 0]",1,0,0,0
9864,"[3797, 1]",2,41,18,0
9865,"[3798, 0]",1,41,18,0
9866,"[3799, 0]",1,0,0,0
9867,"[3799, 1]",2,156,64,1
9868,"[3800, 0]",1,57,26,0
9869,"[3801, 0]",1,158,64,0
9870,"[3802, 0]",1,0,0,0
9871,"[3802, 1]",2,0,0,0
9872,"[3802, 2]",11,63,28,0
9873,"[3803, 0]",1,41,18,0
9874,"[3804, 0]",1,0,0,0
9875,"[3804, 1]",2,158,64,0
9876,"[3805, 0]",1,0,0,0
9877,"[3805, 1]",6,158,64,0
9878,"[3805, 2]",5,158,64,0
9879,"[3805, 3]",4,0,0,0
9880,"[3805, 4]",2,0,0,0
9881,"[3805, 5]",32,156,64,2
9882,"[3806, 0]",1,0,0,0
9883,"[3806, 1]",2,59,28,0
9884,"[3807, 0]",1,41,18,0
9885,"[3808, 0]",1,0,0,0
9886,"[3808, 1]",2,41,18,8
9887,"[3809, 0]",1,0,0,0
9888,"[3809, 1]",2,57,26,0
9889,"[3810, 0]",1,158,64,0
9890,"[3811, 0]",1,158,64,0
9891,"[3812, 0]",1,0,0,0
9892,"[3812, 1]",10,158,64,0
9893,"[3812, 2]",8,0,0,0
9894,"[3812, 3]",7,0,0,0
9895,"[3812, 4]",6,0,0,0
9896,"[3812, 5]",4,0,0,0
9897,"[3812, 6]",2,0,0,0
9898,"[3812, 7]",59,158,64,0
9899,"[3812, 8]",56,0,0,0
9900,"[3812, 9]",50,0,0,0
9901,"[3812, 10]",46,41,18,0
9902,"[3812, 11]",43,156,64,0
9903,"[3812, 12]",40,158,64,0
9904,"[3812, 13]",140,0,0,0
9905,"[3812, 14]",113,41,18,0
9906,"[3812, 15]",398,158,64,0
9907,"[3813, 0]",1,158,64,0
9908,"[3814, 0]",1,158,64,0
9909,"[3815, 0]",1,0,0,0
9910,"[3815, 1]",6,158,64,0
9911,"[3815, 2]",5,0,0,0
9912,"[3815, 3]",4,0,0,0
9913,"[3815, 4]",35,158,64,0
9914,"[3815, 5]",32,41,18,0
9915,"[3816, 0]",1,37,18,0
9916,"[3817, 0]",1,0,0,0
9917,"[3817, 1]",2,158,64,0
9918,"[3818, 0]",1,57,26,0
9919,"[3819, 0]",1,41,18,0
9920,"[3820, 0]",1,156,64,0
9921,"[3821, 0]",1,57,26,0
9922,"[3822, 0]",1,0,0,0
9923,"[3822, 1]",2,158,64,0
9924,"[3823, 0]",1,0,0,0
9925,"[3823, 1]",2,41,18,0
9926,"[3824, 0]",1,41,18,0
9927,"[3825, 0]",1,2,1,0
9928,"[3826, 0]",1,0,0,0
9929,"[3826, 1]",2,156,64,0
9930,"[3827, 0]",1,156,64,0
9931,"[3828, 0]",1,0,0,0
9932,"[3828, 1]",2,59,28,-1
9933,"[3829, 0]",1,41,18,1
9934,"[3830, 0]",1,57,26,0
9935,"[3831, 0]",1,41,18,0
9936,"[3832, 0]",1,0,0,0
9937,"[3832, 1]",2,158,64,0
9938,"[3833, 0]",1,57,26,0
9939,"[3834, 0]",1,59,28,0
9940,"[3835, 0]",1,0,0,0
9941,"[3835, 1]",2,158,64,0
9942,"[3836, 0]",1,0,0,0
9943,"[3836, 1]",2,158,64,0
9944,"[3837, 0]",1,0,0,0
9945,"[3837, 1]",2,0,0,0
9946,"[3837, 2]",30,41,18,1
9947,"[3837, 3]",26,0,0,-1
9948,"[3837, 4]",102,0,0,3
9949,"[3837, 5]",101,158,64,2
9950,"[3837, 6]",100,0,0,-1
9951,"[3837, 7]",98,0,0,-1
9952,"[3837, 8]",95,0,0,-1
9953,"[3837, 9]",159,158,64,-1
9954,"[3837, 10]",135,0,0,2
9955,"[3837, 11]",126,0,0,-1
9956,"[3837, 12]",116,158,64,-1
9957,"[3837, 13]",256,158,64,-1
9958,"[3837, 14]",237,57,26,0
9959,"[3838, 0]",1,0,0,0
9960,"[3838, 1]",2,0,0,0
9961,"[3838, 2]",28,41,18,0
9962,"[3839, 0]",1,0,0,0
9963,"[3839, 1]",2,2,1,0
9964,"[3840, 0]",1,2,1,0
9965,"[3841, 0]",1,41,18,0
9966,"[3842, 0]",1,2,1,1
9967,"[3843, 0]",1,0,0,0
9968,"[3843, 1]",2,0,0,2
9969,"[3843, 2]",14,57,26,7
9970,"[3844, 0]",1,0,0,0
9971,"[3844, 1]",4,0,0,0
9972,"[3844, 2]",19,0,0,0
9973,"[3844, 3]",58,41,18,1
9974,"[3845, 0]",1,0,0,0
9975,"[3845, 1]",2,158,64,1
9976,"[3846, 0]",1,156,64,1
9977,"[3847, 0]",1,41,18,0
9978,"[3848, 0]",1,158,64,0
9979,"[3849, 0]",1,2,1,0
9980,"[3850, 0]",1,0,0,0
9981,"[3850, 1]",2,2,1,0
9982,"[3851, 0]",1,41,18,0
9983,"[3852, 0]",1,0,0,0
9984,"[3852, 1]",2,54,24,0
9985,"[3853, 0]",1,158,64,0
9986,"[3854, 0]",1,158,64,0
9987,"[3855, 0]",1,156,64,0
9988,"[3856, 0]",1,0,0,0
9989,"[3856, 1]",2,0,0,-1
9990,"[3856, 2]",10,158,64,-1
9991,"[3857, 0]",1,57,26,0
9992,"[3858, 0]",1,156,64,0
9993,"[3859, 0]",1,158,64,1
9994,"[3860, 0]",1,59,28,0
9995,"[3861, 0]",1,41,18,0
9996,"[3862, 0]",1,41,18,0
9997,"[3863, 0]",1,158,64,0
9998,"[3864, 0]",1,55,26,0
9999,"[3865, 0]",1,2,1,0
10000,"[3866, 0]",1,156,64,0
10001,"[3867, 0]",1,0,0,0
10002,"[3867, 1]",2,0,0,0
10003,"[3867, 2]",15,158,64,-1
10004,"[3868, 0]",1,158,64,0
10005,"[3869, 0]",1,0,0,0
10006,"[3869, 1]",2,0,0,0
10007,"[3869, 2]",78,0,0,0
10008,"[3869, 3]",112,158,64,58
10009,"[3870, 0]",1,158,64,0
10010,"[3871, 0]",1,41,18,0
10011,"[3872, 0]",1,0,0,0
10012,"[3872, 1]",3,0,0,-1
10013,"[3873, 0]",1,158,64,0
10014,"[3874, 0]",1,2,1,0
10015,"[3875, 0]",1,57,26,0
10016,"[3876, 0]",1,2,1,0
10017,"[3877, 0]",1,0,0,0
10018,"[3877, 1]",3,0,0,0
10019,"[3877, 2]",2,41,18,0
10020,"[3877, 3]",29,158,64,5
10021,"[3878, 0]",1,0,0,0
10022,"[3878, 1]",2,41,18,0
10023,"[3879, 0]",1,156,64,0
10024,"[3880, 0]",1,0,0,0
10025,"[3880, 1]",2,0,0,0
10026,"[3880, 2]",24,55,26,0
10027,"[3881, 0]",1,0,0,0
10028,"[3881, 1]",2,57,26,0
10029,"[3882, 0]",1,158,64,0
10030,"[3883, 0]",1,57,26,0
10031,"[3884, 0]",1,158,64,0
10032,"[3885, 0]",1,0,0,0
10033,"[3885, 1]",7,158,64,0
10034,"[3885, 2]",5,0,0,0
10035,"[3885, 3]",4,0,0,0
10036,"[3885, 4]",3,0,0,0
10037,"[3885, 5]",2,0,0,0
10038,"[3885, 6]",47,0,0,0
10039,"[3885, 7]",43,0,0,0
10040,"[3885, 8]",39,158,64,0
10041,"[3885, 9]",35,0,0,-1
10042,"[3885, 10]",132,156,64,-1
10043,"[3885, 11]",98,158,64,0
10044,"[3885, 12]",76,158,64,3
10045,"[3886, 0]",1,156,64,0
10046,"[3887, 0]",1,57,26,0
10047,"[3888, 0]",1,0,0,0
10048,"[3888, 1]",6,158,64,0
10049,"[3888, 2]",3,0,0,0
10050,"[3888, 3]",2,0,0,0
10051,"[3888, 4]",60,158,64,0
10052,"[3888, 5]",57,41,18,0
10053,"[3889, 0]",1,0,0,0
10054,"[3889, 1]",2,0,0,0
10055,"[3889, 2]",15,158,64,0
10056,"[3890, 0]",1,158,64,0
10057,"[3891, 0]",1,0,0,0
10058,"[3891, 1]",2,0,0,0
10059,"[3891, 2]",61,156,64,0
10060,"[3892, 0]",1,0,0,0
10061,"[3892, 1]",2,2,1,9
10062,"[3893, 0]",1,59,28,0
10063,"[3894, 0]",1,0,0,0
10064,"[3894, 1]",2,41,18,0
10065,"[3895, 0]",1,41,18,0
10066,"[3896, 0]",1,0,0,1
10067,"[3896, 1]",2,158,64,0
10068,"[3897, 0]",1,158,64,0
10069,"[3898, 0]",1,158,64,0
10070,"[3899, 0]",1,0,0,0
10071,"[3899, 1]",2,158,64,0
10072,"[3900, 0]",1,0,0,0
10073,"[3900, 1]",2,2,1,0
10074,"[3901, 0]",1,41,18,0
10075,"[3902, 0]",1,0,0,0
10076,"[3902, 1]",2,158,64,0
10077,"[3903, 0]",1,0,0,0
10078,"[3903, 1]",4,0,0,0
10079,"[3903, 2]",19,57,26,0
10080,"[3904, 0]",1,61,28,0
10081,"[3905, 0]",1,41,18,0
10082,"[3906, 0]",1,0,0,0
10083,"[3906, 1]",2,41,18,0
10084,"[3907, 0]",1,58,26,0
10085,"[3908, 0]",1,41,18,0
10086,"[3909, 0]",1,41,18,0
10087,"[3910, 0]",1,0,0,0
10088,"[3910, 1]",2,57,26,0
10089,"[3911, 0]",1,0,0,0
10090,"[3911, 1]",12,0,0,0
10091,"[3911, 2]",11,0,0,0
10092,"[3911, 3]",9,0,0,0
10093,"[3911, 4]",7,0,0,0
10094,"[3911, 5]",6,0,0,0
10095,"[3911, 6]",3,0,0,0
10096,"[3911, 7]",2,0,0,0
10097,"[3911, 8]",83,158,64,0
10098,"[3911, 9]",81,158,64,0
10099,"[3911, 10]",80,0,0,0
10100,"[3911, 11]",76,0,0,0
10101,"[3911, 12]",75,0,0,0
10102,"[3911, 13]",73,0,0,0
10103,"[3911, 14]",72,0,0,0
10104,"[3911, 15]",66,0,0,1
10105,"[3911, 16]",65,158,64,4
10106,"[3911, 17]",59,0,0,7
10107,"[3911, 18]",58,158,64,7
10108,"[3911, 19]",46,156,64,0
10109,"[3911, 20]",40,158,64,-1
10110,"[3911, 21]",258,156,64,5
10111,"[3911, 22]",205,0,0,0
10112,"[3911, 23]",155,156,64,0
10113,"[3911, 24]",151,156,64,0
10114,"[3911, 25]",137,0,0,-1
10115,"[3911, 26]",134,158,64,0
10116,"[3911, 27]",117,0,0,1
10117,"[3911, 28]",115,156,64,-1
10118,"[3911, 29]",113,158,64,-1
10119,"[3911, 30]",656,54,24,0
10120,"[3911, 31]",631,54,24,1
10121,"[3911, 32]",523,158,64,0
10122,"[3912, 0]",1,158,64,0
10123,"[3913, 0]",1,158,64,1
10124,"[3914, 0]",1,158,64,0
10125,"[3915, 0]",1,57,26,0
10126,"[3916, 0]",1,158,64,0
10127,"[3917, 0]",1,2,1,0
10128,"[3918, 0]",1,158,64,0
10129,"[3919, 0]",1,0,0,0
10130,"[3919, 1]",2,0,0,0
10131,"[3919, 2]",88,75,32,0
10132,"[3920, 0]",1,158,64,0
10133,"[3921, 0]",1,158,64,0
10134,"[3922, 0]",1,59,28,0
10135,"[3923, 0]",1,0,0,0
10136,"[3923, 1]",2,0,0,0
10137,"[3923, 2]",13,0,0,0
10138,"[3923, 3]",24,41,18,11
10139,"[3924, 0]",1,158,64,0
10140,"[3925, 0]",1,158,64,0
10141,"[3926, 0]",1,0,0,0
10142,"[3926, 1]",2,0,0,0
10143,"[3926, 2]",82,158,64,0
10144,"[3927, 0]",1,57,26,0
10145,"[3928, 0]",1,41,18,0
10146,"[3929, 0]",1,57,26,0
10147,"[3930, 0]",1,158,64,0
10148,"[3931, 0]",1,0,0,0
10149,"[3931, 1]",2,0,0,0
10150,"[3931, 2]",32,158,64,0
10151,"[3932, 0]",1,0,0,0
10152,"[3932, 1]",3,0,0,0
10153,"[3932, 2]",2,54,24,0
10154,"[3932, 3]",41,54,24,0
10155,"[3933, 0]",1,41,18,0
10156,"[3934, 0]",1,0,0,0
10157,"[3934, 1]",2,41,18,10
10158,"[3935, 0]",1,158,64,0
10159,"[3936, 0]",1,158,64,0
10160,"[3937, 0]",1,156,64,0
10161,"[3938, 0]",1,158,64,0
10162,"[3939, 0]",1,57,26,0
10163,"[3940, 0]",1,0,0,0
10164,"[3940, 1]",2,156,64,0
10165,"[3941, 0]",1,158,64,0
10166,"[3942, 0]",1,0,0,0
10167,"[3942, 1]",2,2,1,0
10168,"[3943, 0]",1,156,64,0
10169,"[3944, 0]",1,0,0,0
10170,"[3944, 1]",2,158,64,0
10171,"[3945, 0]",1,41,18,0
10172,"[3946, 0]",1,0,0,0
10173,"[3946, 1]",6,0,0,0
10174,"[3946, 2]",5,0,0,0
10175,"[3946, 3]",2,0,0,0
10176,"[3946, 4]",39,0,0,0
10177,"[3946, 5]",37,0,0,0
10178,"[3946, 6]",20,156,64,0
10179,"[3946, 7]",16,158,64,0
10180,"[3946, 8]",66,158,64,0
10181,"[3946, 9]",61,158,64,0
10182,"[3947, 0]",1,57,26,1
10183,"[3948, 0]",1,0,0,0
10184,"[3948, 1]",2,64,29,0
10185,"[3949, 0]",1,0,0,0
10186,"[3949, 1]",2,158,64,6
10187,"[3950, 0]",1,57,26,0
10188,"[3951, 0]",1,158,64,0
10189,"[3952, 0]",1,158,64,0
10190,"[3953, 0]",1,156,64,0
10191,"[3954, 0]",1,0,0,0
10192,"[3954, 1]",5,0,0,0
10193,"[3954, 2]",3,0,0,0
10194,"[3954, 3]",2,0,0,0
10195,"[3954, 4]",30,0,0,0
10196,"[3954, 5]",27,0,0,0
10197,"[3954, 6]",25,0,0,0
10198,"[3954, 7]",24,158,64,0
10199,"[3954, 8]",13,158,64,0
10200,"[3954, 9]",83,57,26,0
10201,"[3954, 10]",71,158,64,0
10202,"[3954, 11]",42,158,64,0
10203,"[3955, 0]",1,158,64,0
10204,"[3956, 0]",1,0,0,0
10205,"[3956, 1]",6,57,26,0
10206,"[3956, 2]",5,0,0,0
10207,"[3956, 3]",3,158,64,0
10208,"[3956, 4]",2,0,0,0
10209,"[3956, 5]",70,0,0,0
10210,"[3956, 6]",47,0,0,0
10211,"[3956, 7]",159,41,18,0
10212,"[3956, 8]",85,41,18,0
10213,"[3956, 9]",84,41,18,0
10214,"[3957, 0]",1,158,64,0
10215,"[3958, 0]",1,0,0,0
10216,"[3958, 1]",2,0,0,0
10217,"[3958, 2]",16,2,1,0
10218,"[3959, 0]",1,158,64,0
10219,"[3960, 0]",1,0,0,0
10220,"[3960, 1]",2,158,64,0
10221,"[3961, 0]",1,41,18,0
10222,"[3962, 0]",1,41,18,0
10223,"[3963, 0]",1,54,24,0
10224,"[3964, 0]",1,158,64,0
10225,"[3965, 0]",1,0,0,0
10226,"[3965, 1]",2,2,1,0
10227,"[3966, 0]",1,158,64,0
10228,"[3967, 0]",1,0,0,0
10229,"[3967, 1]",2,0,0,0
10230,"[3967, 2]",18,158,64,0
10231,"[3968, 0]",1,0,0,0
10232,"[3968, 1]",5,2,1,0
10233,"[3968, 2]",3,0,0,0
10234,"[3968, 3]",2,0,0,0
10235,"[3968, 4]",55,158,64,-1
10236,"[3968, 5]",48,59,28,0
10237,"[3969, 0]",1,158,64,0
10238,"[3970, 0]",1,0,0,0
10239,"[3970, 1]",4,0,0,0
10240,"[3970, 2]",2,0,0,0
10241,"[3970, 3]",47,58,26,0
10242,"[3970, 4]",45,0,0,0
10243,"[3970, 5]",44,0,0,0
10244,"[3970, 6]",30,41,18,0
10245,"[3970, 7]",60,41,18,0
10246,"[3970, 8]",57,41,18,0
10247,"[3971, 0]",1,0,0,0
10248,"[3971, 1]",2,0,0,0
10249,"[3971, 2]",16,158,64,0
10250,"[3972, 0]",1,57,26,0
10251,"[3973, 0]",1,63,28,0
10252,"[3974, 0]",1,158,64,0
10253,"[3975, 0]",1,41,18,0
10254,"[3976, 0]",1,0,0,0
10255,"[3976, 1]",2,158,64,0
10256,"[3977, 0]",1,158,64,0
10257,"[3978, 0]",1,0,0,0
10258,"[3978, 1]",2,156,64,0
10259,"[3979, 0]",1,158,64,0
10260,"[3980, 0]",1,0,0,0
10261,"[3980, 1]",6,158,64,0
10262,"[3980, 2]",5,0,0,0
10263,"[3980, 3]",3,0,0,0
10264,"[3980, 4]",2,0,0,0
10265,"[3980, 5]",37,0,0,-1
10266,"[3980, 6]",36,0,0,-1
10267,"[3980, 7]",33,0,0,0
10268,"[3980, 8]",32,158,64,0
10269,"[3980, 9]",18,41,18,1
10270,"[3980, 10]",84,156,64,0
10271,"[3980, 11]",67,158,64,13
10272,"[3980, 12]",62,158,64,-1
10273,"[3981, 0]",1,0,0,1
10274,"[3981, 1]",5,57,26,0
10275,"[3981, 2]",3,158,64,0
10276,"[3981, 3]",2,0,0,0
10277,"[3981, 4]",36,41,18,0
10278,"[3981, 5]",34,0,0,0
10279,"[3981, 6]",32,0,0,0
10280,"[3981, 7]",79,57,26,0
10281,"[3981, 8]",76,0,0,0
10282,"[3981, 9]",60,41,18,0
10283,"[3981, 10]",181,2,1,0
10284,"[3981, 11]",179,0,0,0
10285,"[3981, 12]",302,0,0,0
10286,"[3981, 13]",421,0,0,0
10287,"[3981, 14]",499,0,0,-1
10288,"[3981, 15]",517,156,64,3
10289,"[3982, 0]",1,158,64,0
10290,"[3983, 0]",1,0,0,1
10291,"[3983, 1]",2,41,18,5
10292,"[3984, 0]",1,59,28,0
10293,"[3985, 0]",1,58,26,0
10294,"[3986, 0]",1,0,0,0
10295,"[3986, 1]",2,0,0,0
10296,"[3986, 2]",26,158,64,0
10297,"[3987, 0]",1,158,64,0
10298,"[3988, 0]",1,63,28,0
10299,"[3989, 0]",1,156,64,0
10300,"[3990, 0]",1,156,64,0
10301,"[3991, 0]",1,0,0,0
10302,"[3991, 1]",2,158,64,0
10303,"[3992, 0]",1,0,0,0
10304,"[3992, 1]",2,156,64,0
10305,"[3993, 0]",1,158,64,0
10306,"[3994, 0]",1,0,0,0
10307,"[3994, 1]",2,156,64,0
10308,"[3995, 0]",1,41,18,0
10309,"[3996, 0]",1,158,64,0
10310,"[3997, 0]",1,57,26,0
10311,"[3998, 0]",1,0,0,0
10312,"[3998, 1]",2,57,26,0
10313,"[3999, 0]",1,0,0,0
10314,"[3999, 1]",2,57,26,0
10315,"[4000, 0]",1,2,1,0
10316,"[4001, 0]",1,0,0,0
10317,"[4001, 1]",2,158,64,0
10318,"[4002, 0]",1,41,18,0
10319,"[4003, 0]",1,158,64,0
10320,"[4004, 0]",1,0,0,0
10321,"[4004, 1]",2,158,64,7
10322,"[4005, 0]",1,0,0,0
10323,"[4005, 1]",3,156,64,-1
10324,"[4005, 2]",2,0,0,-1
10325,"[4005, 3]",41,158,64,-1
10326,"[4005, 4]",40,0,0,-1
10327,"[4005, 5]",49,158,64,-1
10328,"[4006, 0]",1,0,0,0
10329,"[4006, 1]",9,158,64,0
10330,"[4006, 2]",5,41,18,0
10331,"[4006, 3]",4,0,0,0
10332,"[4006, 4]",47,158,64,0
10333,"[4007, 0]",1,66,29,0
10334,"[4008, 0]",1,0,0,0
10335,"[4008, 1]",2,158,64,0
10336,"[4009, 0]",1,0,0,0
10337,"[4009, 1]",2,158,64,0
10338,"[4010, 0]",1,0,0,0
10339,"[4010, 1]",2,158,64,0
10340,"[4011, 0]",1,57,26,0
10341,"[4012, 0]",1,0,0,1
10342,"[4012, 1]",2,158,64,4
10343,"[4013, 0]",1,158,64,0
10344,"[4014, 0]",1,0,0,0
10345,"[4014, 1]",2,156,64,0
10346,"[4015, 0]",1,0,0,0
10347,"[4015, 1]",5,158,64,0
10348,"[4015, 2]",3,0,0,0
10349,"[4015, 3]",28,158,64,0
10350,"[4016, 0]",1,0,0,0
10351,"[4017, 0]",1,158,64,0
10352,"[4018, 0]",1,156,64,0
10353,"[4019, 0]",1,158,64,0
10354,"[4020, 0]",1,2,1,0
10355,"[4021, 0]",1,0,0,0
10356,"[4021, 1]",2,57,26,-1
10357,"[4022, 0]",1,158,64,0
10358,"[4023, 0]",1,41,18,0
10359,"[4024, 0]",1,0,0,0
10360,"[4024, 1]",2,41,18,1
10361,"[4025, 0]",1,0,0,0
10362,"[4025, 1]",2,156,64,0
10363,"[4026, 0]",1,0,0,0
10364,"[4026, 1]",2,0,0,0
10365,"[4026, 2]",15,2,1,0
10366,"[4027, 0]",1,0,0,0
10367,"[4027, 1]",2,0,0,0
10368,"[4027, 2]",20,59,28,-1
10369,"[4028, 0]",1,51,24,0
10370,"[4029, 0]",1,0,0,1
10371,"[4029, 1]",6,0,0,1
10372,"[4029, 2]",4,0,0,3
10373,"[4029, 3]",3,0,0,-1
10374,"[4029, 4]",26,158,64,-1
10375,"[4029, 5]",23,158,64,0
10376,"[4029, 6]",8,158,64,0
10377,"[4030, 0]",1,0,0,0
10378,"[4030, 1]",2,0,0,0
10379,"[4030, 2]",22,41,18,0
10380,"[4031, 0]",1,0,0,0
10381,"[4031, 1]",4,0,0,0
10382,"[4031, 2]",3,0,0,0
10383,"[4031, 3]",2,0,0,0
10384,"[4031, 4]",48,0,0,0
10385,"[4031, 5]",46,0,0,0
10386,"[4031, 6]",42,2,1,0
10387,"[4031, 7]",38,158,64,0
10388,"[4031, 8]",87,158,64,0
10389,"[4031, 9]",70,156,64,0
10390,"[4032, 0]",1,0,0,0
10391,"[4032, 1]",5,156,64,-1
10392,"[4033, 0]",1,0,0,0
10393,"[4033, 1]",2,0,0,0
10394,"[4033, 2]",17,158,64,0
10395,"[4034, 0]",1,41,18,0
10396,"[4035, 0]",1,0,0,1
10397,"[4035, 1]",2,0,0,0
10398,"[4035, 2]",17,41,18,0
10399,"[4036, 0]",1,0,0,0
10400,"[4036, 1]",2,2,1,0
10401,"[4037, 0]",1,0,0,0
10402,"[4037, 1]",2,0,0,0
10403,"[4037, 2]",30,0,0,0
10404,"[4037, 3]",39,156,64,-1
10405,"[4038, 0]",1,0,0,0
10406,"[4038, 1]",2,0,0,0
10407,"[4038, 2]",14,158,64,0
10408,"[4039, 0]",1,41,18,0
10409,"[4040, 0]",1,41,18,0
10410,"[4041, 0]",1,0,0,0
10411,"[4041, 1]",3,0,0,0
10412,"[4041, 2]",2,0,0,0
10413,"[4041, 3]",12,41,18,0
10414,"[4041, 4]",8,41,18,0
10415,"[4042, 0]",1,158,64,0
10416,"[4043, 0]",1,0,0,0
10417,"[4043, 1]",2,0,0,0
10418,"[4043, 2]",40,156,64,-1
10419,"[4044, 0]",1,41,18,1
10420,"[4045, 0]",1,0,0,0
10421,"[4045, 1]",3,158,64,0
10422,"[4045, 2]",2,41,18,0
10423,"[4046, 0]",1,0,0,0
10424,"[4046, 1]",2,156,64,0
10425,"[4047, 0]",1,0,0,0
10426,"[4047, 1]",2,158,64,0
10427,"[4048, 0]",1,0,0,0
10428,"[4048, 1]",2,0,0,0
10429,"[4048, 2]",26,158,64,0
10430,"[4049, 0]",1,156,64,0
10431,"[4050, 0]",1,41,18,0
10432,"[4051, 0]",1,0,0,0
10433,"[4051, 1]",2,158,64,0
10434,"[4052, 0]",1,64,29,0
10435,"[4053, 0]",1,0,0,0
10436,"[4053, 1]",2,0,0,0
10437,"[4053, 2]",30,41,18,0
10438,"[4054, 0]",1,0,0,0
10439,"[4054, 1]",2,156,64,0
10440,"[4055, 0]",1,0,0,0
10441,"[4055, 1]",2,55,26,0
10442,"[4056, 0]",1,158,64,0
10443,"[4057, 0]",1,158,64,0
10444,"[4058, 0]",1,0,0,0
10445,"[4058, 1]",2,156,64,6
10446,"[4059, 0]",1,0,0,0
10447,"[4059, 1]",3,158,64,0
10448,"[4059, 2]",2,57,26,0
10449,"[4060, 0]",1,0,0,0
10450,"[4060, 1]",2,0,0,0
10451,"[4060, 2]",82,57,26,-1
10452,"[4061, 0]",1,0,0,0
10453,"[4061, 1]",6,0,0,0
10454,"[4061, 2]",5,0,0,0
10455,"[4061, 3]",4,0,0,0
10456,"[4061, 4]",3,0,0,0
10457,"[4061, 5]",2,0,0,0
10458,"[4061, 6]",68,0,0,0
10459,"[4061, 7]",67,0,0,0
10460,"[4061, 8]",66,0,0,0
10461,"[4061, 9]",62,0,0,0
10462,"[4061, 10]",53,158,64,0
10463,"[4061, 11]",47,57,26,0
10464,"[4061, 12]",44,0,0,0
10465,"[4061, 13]",228,158,64,0
10466,"[4061, 14]",117,2,1,0
10467,"[4061, 15]",107,41,18,0
10468,"[4061, 16]",106,0,0,0
10469,"[4061, 17]",100,158,64,0
10470,"[4061, 18]",96,158,64,0
10471,"[4061, 19]",379,53,24,0
10472,"[4062, 0]",1,0,0,0
10473,"[4062, 1]",2,158,64,0
10474,"[4063, 0]",1,158,64,0
10475,"[4064, 0]",1,158,64,0
10476,"[4065, 0]",1,0,0,0
10477,"[4065, 1]",2,41,18,0
10478,"[4066, 0]",1,158,64,0
10479,"[4067, 0]",1,158,64,0
10480,"[4068, 0]",1,0,0,0
10481,"[4068, 1]",4,57,26,0
10482,"[4068, 2]",3,0,0,0
10483,"[4068, 3]",38,158,64,0
10484,"[4069, 0]",1,0,0,0
10485,"[4069, 1]",2,0,0,0
10486,"[4069, 2]",26,55,26,0
10487,"[4070, 0]",1,0,0,0
10488,"[4070, 1]",2,158,64,0
10489,"[4071, 0]",1,156,64,0
10490,"[4072, 0]",1,0,0,0
10491,"[4072, 1]",2,41,18,0
10492,"[4073, 0]",1,0,0,0
10493,"[4073, 1]",2,0,0,0
10494,"[4073, 2]",15,158,64,1
10495,"[4074, 0]",1,0,0,1
10496,"[4074, 1]",4,2,1,0
10497,"[4074, 2]",2,0,0,0
10498,"[4074, 3]",23,158,64,0
10499,"[4075, 0]",1,0,0,0
10500,"[4075, 1]",2,41,18,0
10501,"[4076, 0]",1,158,64,0
10502,"[4077, 0]",1,158,64,0
10503,"[4078, 0]",1,0,0,0
10504,"[4078, 1]",6,0,0,0
10505,"[4078, 2]",5,0,0,0
10506,"[4078, 3]",3,0,0,0
10507,"[4078, 4]",2,0,0,0
10508,"[4078, 5]",49,41,18,0
10509,"[4078, 6]",43,0,0,0
10510,"[4078, 7]",31,41,18,0
10511,"[4078, 8]",28,41,18,0
10512,"[4078, 9]",159,41,18,0
10513,"[4079, 0]",1,0,0,0
10514,"[4079, 1]",2,0,0,0
10515,"[4079, 2]",19,158,64,0
10516,"[4080, 0]",1,158,64,0
10517,"[4081, 0]",1,158,64,0
10518,"[4082, 0]",1,41,18,0
10519,"[4083, 0]",1,0,0,0
10520,"[4083, 1]",2,158,64,0
10521,"[4084, 0]",1,0,0,0
10522,"[4084, 1]",2,0,0,0
10523,"[4084, 2]",14,158,64,0
10524,"[4085, 0]",1,0,0,0
10525,"[4085, 1]",10,57,26,0
10526,"[4085, 2]",9,2,1,0
10527,"[4085, 3]",7,158,64,0
10528,"[4085, 4]",6,0,0,0
10529,"[4085, 5]",4,0,0,0
10530,"[4085, 6]",42,57,26,0
10531,"[4085, 7]",37,0,0,0
10532,"[4085, 8]",86,41,18,0
10533,"[4086, 0]",1,41,18,0
10534,"[4087, 0]",1,0,0,0
10535,"[4087, 1]",2,57,26,0
10536,"[4088, 0]",1,158,64,0
10537,"[4089, 0]",1,0,0,0
10538,"[4089, 1]",2,158,64,0
10539,"[4090, 0]",1,0,0,0
10540,"[4090, 1]",2,158,64,2
10541,"[4091, 0]",1,0,0,0
10542,"[4091, 1]",2,156,64,-1
10543,"[4092, 0]",1,0,0,0
10544,"[4092, 1]",5,2,1,0
10545,"[4092, 2]",4,57,26,0
10546,"[4092, 3]",3,0,0,0
10547,"[4092, 4]",23,158,64,0
10548,"[4093, 0]",1,57,26,0
10549,"[4094, 0]",1,0,0,0
10550,"[4094, 1]",3,0,0,0
10551,"[4094, 2]",2,0,0,0
10552,"[4094, 3]",48,0,0,0
10553,"[4094, 4]",47,0,0,0
10554,"[4094, 5]",45,0,0,0
10555,"[4094, 6]",44,0,0,0
10556,"[4094, 7]",43,0,0,0
10557,"[4094, 8]",42,0,0,0
10558,"[4094, 9]",34,158,64,-1
10559,"[4094, 10]",33,0,0,-1
10560,"[4094, 11]",32,0,0,-1
10561,"[4094, 15]",147,158,64,-1
10562,"[4094, 16]",107,0,0,0
10563,"[4094, 17]",103,0,0,0
10564,"[4094, 18]",101,0,0,0
10565,"[4094, 19]",98,156,64,-1
10566,"[4094, 20]",97,156,64,-1
10567,"[4094, 21]",92,57,26,0
10568,"[4094, 22]",91,0,0,0
10569,"[4094, 23]",85,0,0,0
10570,"[4094, 24]",78,158,64,0
10571,"[4094, 25]",72,158,64,0
10572,"[4094, 26]",68,57,26,2
10573,"[4094, 27]",419,158,64,4
10574,"[4094, 28]",378,0,0,-1
10575,"[4094, 29]",340,0,0,0
10576,"[4094, 30]",339,156,64,0
10577,"[4094, 31]",334,158,64,2
10578,"[4094, 32]",320,0,0,-1
10579,"[4094, 36]",996,0,0,-1
10580,"[4094, 37]",994,158,64,-1
10581,"[4094, 38]",993,57,26,-1
10582,"[4094, 39]",920,158,64,3
10583,"[4094, 40]",753,59,28,-1
10584,"[4094, 41]",1387,156,64,-1
10585,"[4095, 0]",1,41,18,0
10586,"[4096, 0]",1,41,18,0
10587,"[4097, 0]",1,158,64,0
10588,"[4098, 0]",1,158,64,0
10589,"[4099, 0]",1,158,64,0
10590,"[4100, 0]",1,55,26,0
10591,"[4101, 0]",1,0,0,0
10592,"[4101, 1]",2,59,28,0
10593,"[4102, 0]",1,0,0,0
10594,"[4102, 1]",2,158,64,0
10595,"[4103, 0]",1,156,64,0
10596,"[4104, 0]",1,0,0,0
10597,"[4104, 1]",2,41,18,0
10598,"[4105, 0]",1,0,0,0
10599,"[4105, 1]",2,156,64,0
10600,"[4106, 0]",1,0,0,0
10601,"[4106, 1]",2,0,0,0
10602,"[4106, 2]",39,158,64,0
10603,"[4107, 0]",1,0,0,0
10604,"[4107, 1]",5,41,18,0
10605,"[4107, 2]",4,0,0,0
10606,"[4107, 3]",3,0,0,0
10607,"[4107, 4]",14,41,18,0
10608,"[4107, 5]",11,41,18,0
10609,"[4108, 0]",1,2,1,0
10610,"[4109, 0]",1,0,0,0
10611,"[4109, 1]",2,158,64,6
10612,"[4110, 0]",1,54,24,0
10613,"[4111, 0]",1,57,26,0
10614,"[4112, 0]",1,0,0,0
10615,"[4112, 1]",2,158,64,0
10616,"[4113, 0]",1,57,26,0
10617,"[4114, 0]",1,0,0,0
10618,"[4114, 1]",2,156,64,-1
10619,"[4115, 0]",1,41,18,0
10620,"[4116, 0]",1,158,64,0
10621,"[4117, 0]",1,0,0,0
10622,"[4117, 1]",2,158,64,0
10623,"[4118, 0]",1,0,0,0
10624,"[4118, 1]",2,41,18,0
10625,"[4119, 0]",1,0,0,0
10626,"[4119, 1]",2,0,0,0
10627,"[4119, 2]",20,2,1,0
10628,"[4120, 0]",1,0,0,0
10629,"[4120, 1]",2,57,26,0
10630,"[4121, 0]",1,158,64,0
10631,"[4122, 0]",1,41,18,0
10632,"[4123, 0]",1,57,26,0
10633,"[4124, 0]",1,0,0,0
10634,"[4124, 1]",2,158,64,0
10635,"[4125, 0]",1,2,1,0
10636,"[4126, 0]",1,0,0,0
10637,"[4126, 1]",3,41,18,0
10638,"[4126, 2]",2,2,1,0
10639,"[4127, 0]",1,2,1,0
10640,"[4128, 0]",1,0,0,0
10641,"[4128, 1]",5,158,64,-1
10642,"[4128, 2]",3,0,0,6
10643,"[4128, 3]",13,0,0,-1
10644,"[4129, 0]",1,0,0,0
10645,"[4129, 1]",2,41,18,0
10646,"[4130, 0]",1,158,64,0
10647,"[4131, 0]",1,158,64,0
10648,"[4132, 0]",1,0,0,0
10649,"[4132, 1]",2,158,64,6
10650,"[4133, 0]",1,0,0,0
10651,"[4133, 1]",6,41,18,0
10652,"[4133, 2]",5,158,64,0
10653,"[4133, 3]",4,0,0,0
10654,"[4133, 4]",20,41,18,0
10655,"[4134, 0]",1,41,18,0
10656,"[4135, 0]",1,158,64,0
10657,"[4136, 0]",1,39,18,0
10658,"[4137, 0]",1,0,0,0
10659,"[4137, 1]",2,41,18,0
10660,"[4138, 0]",1,0,0,0
10661,"[4138, 1]",2,55,26,0
10662,"[4139, 0]",1,0,0,0
10663,"[4139, 1]",2,41,18,0
10664,"[4140, 0]",1,0,0,0
10665,"[4140, 1]",3,0,0,0
10666,"[4140, 2]",2,0,0,0
10667,"[4140, 3]",29,0,0,0
10668,"[4140, 4]",28,0,0,0
10669,"[4140, 5]",24,54,24,0
10670,"[4140, 6]",45,2,1,0
10671,"[4140, 7]",42,158,64,0
10672,"[4141, 0]",1,0,0,0
10673,"[4141, 1]",2,158,64,0
10674,"[4142, 0]",1,55,26,0
10675,"[4143, 0]",1,0,0,0
10676,"[4143, 1]",2,158,64,0
10677,"[4144, 0]",1,0,0,0
10678,"[4144, 1]",2,156,64,0
10679,"[4145, 0]",1,0,0,0
10680,"[4145, 1]",2,0,0,0
10681,"[4145, 2]",40,158,64,0
10682,"[4146, 0]",1,156,64,0
10683,"[4147, 0]",1,0,0,0
10684,"[4147, 1]",6,158,64,0
10685,"[4147, 2]",5,158,64,0
10686,"[4147, 3]",3,0,0,0
10687,"[4147, 4]",2,0,0,0
10688,"[4147, 5]",36,158,64,0
10689,"[4147, 6]",34,0,0,0
10690,"[4147, 7]",25,57,26,0
10691,"[4147, 8]",66,57,26,0
10692,"[4147, 9]",64,0,0,0
10693,"[4147, 10]",61,0,0,0
10694,"[4147, 11]",347,0,0,0
10695,"[4147, 12]",338,64,29,0
10696,"[4147, 13]",455,41,18,0
10697,"[4148, 0]",1,0,0,0
10698,"[4148, 1]",2,0,0,0
10699,"[4148, 2]",67,0,0,0
10700,"[4148, 3]",80,158,64,0
10701,"[4149, 0]",1,0,0,0
10702,"[4149, 1]",2,158,64,0
10703,"[4150, 0]",1,0,0,0
10704,"[4150, 1]",2,2,1,0
10705,"[4151, 0]",1,0,0,0
10706,"[4151, 1]",2,158,64,0
10707,"[4152, 0]",1,0,0,1
10708,"[4152, 1]",2,57,26,3
10709,"[4153, 0]",1,158,64,0
10710,"[4154, 0]",1,158,64,0
10711,"[4155, 0]",1,57,26,0
10712,"[4156, 0]",1,41,18,0
10713,"[4157, 0]",1,2,1,0
10714,"[4158, 0]",1,41,18,0
10715,"[4159, 0]",1,156,64,0
10716,"[4160, 0]",1,158,64,0
10717,"[4161, 0]",1,41,18,0
10718,"[4162, 0]",1,0,0,0
10719,"[4162, 1]",2,0,0,0
10720,"[4162, 2]",13,158,64,0
10721,"[4163, 0]",1,0,0,0
10722,"[4163, 1]",2,0,0,0
10723,"[4163, 2]",20,0,0,0
10724,"[4163, 3]",39,158,64,0
10725,"[4164, 0]",1,0,0,0
10726,"[4164, 1]",7,0,0,0
10727,"[4164, 2]",5,0,0,0
10728,"[4164, 3]",3,0,0,0
10729,"[4164, 4]",2,0,0,0
10730,"[4164, 5]",55,156,64,0
10731,"[4164, 6]",54,41,18,0
10732,"[4164, 7]",52,0,0,0
10733,"[4164, 8]",51,0,0,0
10734,"[4164, 9]",49,0,0,0
10735,"[4164, 10]",44,0,0,2
10736,"[4164, 11]",36,158,64,0
10737,"[4164, 12]",23,37,18,8
10738,"[4164, 13]",186,158,64,1
10739,"[4164, 14]",129,0,0,0
10740,"[4164, 15]",95,57,26,0
10741,"[4164, 16]",92,41,18,0
10742,"[4164, 17]",422,41,18,0
10743,"[4165, 0]",1,0,0,0
10744,"[4165, 1]",2,0,0,0
10745,"[4165, 2]",35,2,1,0
10746,"[4166, 0]",1,0,0,0
10747,"[4166, 1]",2,0,0,-1
10748,"[4166, 2]",23,158,64,-1
10749,"[4167, 0]",1,0,0,0
10750,"[4167, 1]",2,158,64,0
10751,"[4168, 0]",1,0,0,1
10752,"[4168, 1]",2,54,24,0
10753,"[4169, 0]",1,2,1,0
10754,"[4170, 0]",1,41,18,0
10755,"[4171, 0]",1,0,0,0
10756,"[4171, 1]",2,2,1,0
10757,"[4172, 0]",1,59,28,0
10758,"[4173, 0]",1,0,0,0
10759,"[4173, 1]",2,158,64,0
10760,"[4174, 0]",1,0,0,0
10761,"[4174, 1]",2,41,18,0
10762,"[4175, 0]",1,0,0,0
10763,"[4175, 1]",2,156,64,-1
10764,"[4176, 0]",1,158,64,0
10765,"[4177, 0]",1,0,0,0
10766,"[4177, 1]",2,158,64,0
10767,"[4178, 0]",1,0,0,0
10768,"[4178, 1]",2,0,0,0
10769,"[4178, 2]",39,0,0,0
10770,"[4178, 3]",109,53,24,2
10771,"[4179, 0]",1,0,0,0
10772,"[4179, 1]",2,57,26,0
10773,"[4180, 0]",1,41,18,0
10774,"[4181, 0]",1,0,0,0
10775,"[4181, 1]",2,0,0,0
10776,"[4181, 2]",36,158,64,0
10777,"[4182, 0]",1,41,18,0
10778,"[4183, 0]",1,156,64,0
10779,"[4184, 0]",1,57,26,0
10780,"[4185, 0]",1,158,64,0
10781,"[4186, 0]",1,158,64,0
10782,"[4187, 0]",1,0,0,0
10783,"[4187, 1]",6,158,64,0
10784,"[4187, 2]",3,0,0,0
10785,"[4187, 3]",2,0,0,0
10786,"[4187, 4]",43,158,64,0
10787,"[4187, 5]",40,0,0,0
10788,"[4187, 6]",38,0,0,0
10789,"[4187, 7]",37,0,0,0
10790,"[4187, 8]",84,0,0,0
10791,"[4187, 9]",81,0,0,0
10792,"[4187, 10]",75,0,0,0
10793,"[4187, 11]",230,158,64,0
10794,"[4187, 12]",212,57,26,-1
10795,"[4187, 13]",199,41,18,0
10796,"[4188, 0]",1,41,18,0
10797,"[4189, 0]",1,57,26,0
10798,"[4190, 0]",1,0,0,0
10799,"[4190, 1]",2,0,0,0
10800,"[4190, 2]",16,156,64,0
10801,"[4191, 0]",1,0,0,0
10802,"[4191, 1]",2,0,0,-1
10803,"[4191, 2]",17,158,64,-1
10804,"[4192, 0]",1,41,18,0
10805,"[4193, 0]",1,0,0,0
10806,"[4193, 1]",2,0,0,0
10807,"[4193, 2]",15,158,64,0
10808,"[4194, 0]",1,0,0,0
10809,"[4194, 1]",2,0,0,0
10810,"[4194, 2]",13,158,64,0
10811,"[4195, 0]",1,41,18,0
10812,"[4196, 0]",1,158,64,0
10813,"[4197, 0]",1,158,64,0
10814,"[4198, 0]",1,41,18,0
10815,"[4199, 0]",1,41,18,0
10816,"[4200, 0]",1,0,0,0
10817,"[4200, 1]",2,0,0,0
10818,"[4200, 2]",15,0,0,0
10819,"[4200, 3]",78,66,29,0
10820,"[4201, 0]",1,0,0,0
10821,"[4201, 1]",2,0,0,0
10822,"[4201, 2]",48,41,18,0
10823,"[4202, 0]",1,0,0,0
10824,"[4202, 1]",2,0,0,0
10825,"[4202, 2]",14,0,0,0
10826,"[4202, 3]",27,158,64,26
10827,"[4203, 0]",1,0,0,1
10828,"[4203, 1]",2,158,64,-1
10829,"[4204, 0]",1,0,0,0
10830,"[4205, 0]",1,0,0,0
10831,"[4205, 1]",2,41,18,0
10832,"[4206, 0]",1,0,0,0
10833,"[4206, 1]",9,57,26,0
10834,"[4206, 2]",7,156,64,0
10835,"[4206, 3]",5,0,0,0
10836,"[4206, 4]",4,0,0,0
10837,"[4206, 5]",60,156,64,0
10838,"[4206, 6]",54,2,1,0
10839,"[4207, 0]",1,0,0,0
10840,"[4207, 1]",2,54,24,0
10841,"[4208, 0]",1,158,64,0
10842,"[4209, 0]",1,0,0,0
10843,"[4209, 1]",5,158,64,0
10844,"[4209, 2]",4,0,0,0
10845,"[4209, 3]",3,0,0,0
10846,"[4209, 4]",24,0,0,0
10847,"[4209, 5]",20,2,1,0
10848,"[4209, 6]",53,158,64,0
10849,"[4210, 0]",1,0,0,0
10850,"[4210, 1]",10,158,64,0
10851,"[4210, 2]",8,158,64,0
10852,"[4210, 3]",6,0,0,0
10853,"[4210, 4]",5,0,0,0
10854,"[4210, 5]",3,0,0,0
10855,"[4210, 6]",2,0,0,0
10856,"[4210, 7]",47,0,0,-1
10857,"[4210, 8]",43,0,0,0
10858,"[4210, 9]",39,0,0,0
10859,"[4210, 10]",34,158,64,0
10860,"[4210, 11]",120,158,64,0
10861,"[4210, 12]",99,54,24,0
10862,"[4210, 13]",70,0,0,-1
10863,"[4210, 14]",69,0,0,-1
10864,"[4210, 15]",68,0,0,-1
10865,"[4210, 16]",66,0,0,-1
10866,"[4210, 17]",420,158,64,-1
10867,"[4210, 18]",419,0,0,-1
10868,"[4210, 19]",418,156,64,5
10869,"[4210, 20]",395,57,26,1
10870,"[4210, 21]",388,158,64,-1
10871,"[4210, 22]",385,0,0,2
10872,"[4210, 23]",615,158,64,-1
10873,"[4210, 24]",474,2,1,-1
10874,"[4211, 0]",1,41,18,0
10875,"[4212, 0]",1,156,64,0
10876,"[4213, 0]",1,0,0,0
10877,"[4213, 1]",2,158,64,0
10878,"[4214, 0]",1,156,64,0
10879,"[4215, 0]",1,0,0,0
10880,"[4215, 1]",7,57,26,0
10881,"[4215, 2]",5,0,0,0
10882,"[4215, 3]",2,0,0,0
10883,"[4215, 4]",30,158,64,0
10884,"[4216, 0]",1,158,64,0
10885,"[4217, 0]",1,0,0,0
10886,"[4217, 1]",2,0,0,0
10887,"[4217, 2]",24,158,64,0
10888,"[4218, 0]",1,0,0,0
10889,"[4218, 1]",2,158,64,0
10890,"[4219, 0]",1,0,0,0
10891,"[4219, 1]",2,158,64,-1
10892,"[4220, 0]",1,2,1,0
10893,"[4221, 0]",1,0,0,0
10894,"[4221, 1]",2,158,64,0
10895,"[4222, 0]",1,158,64,1
10896,"[4223, 0]",1,0,0,0
10897,"[4223, 1]",2,57,26,0
10898,"[4224, 0]",1,0,0,0
10899,"[4224, 1]",2,2,1,0
10900,"[4225, 0]",1,0,0,0
10901,"[4225, 1]",3,0,0,0
10902,"[4225, 2]",2,158,64,0
10903,"[4225, 3]",32,158,64,0
10904,"[4226, 0]",1,0,0,-1
10905,"[4226, 1]",2,66,29,7
10906,"[4227, 0]",1,2,1,0
10907,"[4228, 0]",1,0,0,0
10908,"[4228, 1]",6,41,18,0
10909,"[4228, 2]",3,158,64,0
10910,"[4228, 3]",2,0,0,0
10911,"[4228, 4]",31,158,64,0
10912,"[4229, 0]",1,0,0,0
10913,"[4229, 1]",7,2,1,0
10914,"[4229, 2]",6,158,64,0
10915,"[4229, 3]",4,0,0,0
10916,"[4229, 4]",3,0,0,0
10917,"[4229, 5]",2,0,0,0
10918,"[4229, 6]",52,158,64,0
10919,"[4229, 7]",50,0,0,0
10920,"[4229, 8]",46,158,64,0
10921,"[4229, 9]",45,57,26,0
10922,"[4229, 10]",36,156,64,0
10923,"[4229, 11]",80,54,24,1
10924,"[4230, 0]",1,41,18,0
10925,"[4231, 0]",1,0,0,0
10926,"[4231, 1]",2,41,18,1
10927,"[4232, 0]",1,0,0,0
10928,"[4232, 1]",2,158,64,0
10929,"[4233, 0]",1,158,64,0
10930,"[4234, 0]",1,156,64,0
10931,"[4235, 0]",1,0,0,0
10932,"[4235, 1]",2,0,0,0
10933,"[4235, 2]",38,41,18,0
10934,"[4236, 0]",1,0,0,0
10935,"[4236, 1]",5,158,64,0
10936,"[4236, 2]",4,158,64,0
10937,"[4236, 3]",2,0,0,0
10938,"[4236, 4]",49,158,64,13
10939,"[4236, 5]",48,158,64,-1
10940,"[4237, 0]",1,0,0,0
10941,"[4237, 1]",6,158,64,1
10942,"[4237, 2]",4,0,0,4
10943,"[4237, 3]",2,0,0,-1
10944,"[4237, 4]",42,0,0,4
10945,"[4237, 5]",31,57,26,0
10946,"[4237, 6]",55,0,0,0
10947,"[4237, 7]",141,41,18,2
10948,"[4238, 0]",1,2,1,1
10949,"[4239, 0]",1,41,18,0
10950,"[4240, 0]",1,57,26,0
10951,"[4241, 0]",1,156,64,0
10952,"[4242, 0]",1,0,0,0
10953,"[4242, 1]",2,0,0,0
10954,"[4242, 2]",41,2,1,0
10955,"[4243, 0]",1,0,0,0
10956,"[4243, 1]",7,0,0,0
10957,"[4243, 2]",5,0,0,0
10958,"[4243, 3]",4,0,0,0
10959,"[4243, 4]",3,0,0,0
10960,"[4243, 5]",2,0,0,0
10961,"[4243, 6]",65,156,64,0
10962,"[4243, 7]",62,0,0,0
10963,"[4243, 8]",61,0,0,0
10964,"[4243, 9]",53,156,64,0
10965,"[4243, 10]",46,158,64,0
10966,"[4243, 11]",41,0,0,0
10967,"[4243, 12]",38,0,0,0
10968,"[4243, 13]",236,156,64,28
10969,"[4243, 14]",222,0,0,-1
10970,"[4243, 15]",103,158,64,0
10971,"[4243, 16]",99,158,64,1
10972,"[4243, 17]",286,57,26,-1
10973,"[4244, 0]",1,158,64,0
10974,"[4245, 0]",1,41,18,0
10975,"[4246, 0]",1,0,0,0
10976,"[4246, 1]",2,0,0,0
10977,"[4246, 2]",34,158,64,0
10978,"[4247, 0]",1,156,64,0
10979,"[4248, 0]",1,158,64,0
10980,"[4249, 0]",1,0,0,0
10981,"[4249, 1]",2,158,64,-1
10982,"[4250, 0]",1,0,0,0
10983,"[4250, 1]",2,41,18,0
10984,"[4251, 0]",1,156,64,0
10985,"[4252, 0]",1,158,64,0
10986,"[4253, 0]",1,0,0,0
10987,"[4253, 1]",6,158,64,0
10988,"[4253, 2]",4,0,0,0
10989,"[4253, 3]",2,0,0,0
10990,"[4253, 4]",27,0,0,0
10991,"[4253, 5]",21,158,64,0
10992,"[4253, 6]",70,0,0,0
10993,"[4253, 7]",310,158,64,0
10994,"[4254, 0]",1,0,0,0
10995,"[4254, 1]",2,0,0,0
10996,"[4254, 2]",20,158,64,0
10997,"[4255, 0]",1,0,0,0
10998,"[4255, 1]",2,158,64,0
10999,"[4256, 0]",1,0,0,0
11000,"[4256, 1]",6,2,1,0
11001,"[4256, 2]",4,0,0,0
11002,"[4256, 3]",2,0,0,0
11003,"[4256, 4]",41,0,0,0
11004,"[4256, 5]",29,53,24,4
11005,"[4256, 6]",121,41,18,0
11006,"[4257, 0]",1,0,0,0
11007,"[4257, 1]",2,2,1,1
11008,"[4258, 0]",1,158,64,0
11009,"[4259, 0]",1,2,1,0
11010,"[4260, 0]",1,2,1,0
11011,"[4261, 0]",1,0,0,0
11012,"[4261, 1]",3,0,0,0
11013,"[4261, 2]",50,158,64,0
11014,"[4262, 0]",1,0,0,0
11015,"[4262, 1]",2,156,64,0
11016,"[4263, 0]",1,158,64,0
11017,"[4264, 0]",1,158,64,0
11018,"[4265, 0]",1,0,0,0
11019,"[4265, 1]",2,57,26,0
11020,"[4266, 0]",1,0,0,0
11021,"[4266, 1]",2,0,0,0
11022,"[4266, 2]",16,158,64,0
11023,"[4267, 0]",1,0,0,0
11024,"[4267, 1]",2,0,0,0
11025,"[4267, 2]",20,41,18,0
11026,"[4268, 0]",1,0,0,0
11027,"[4268, 1]",2,158,64,0
11028,"[4269, 0]",1,0,0,0
11029,"[4269, 1]",2,2,1,0
11030,"[4270, 0]",1,0,0,0
11031,"[4270, 1]",2,158,64,0
11032,"[4271, 0]",1,57,26,0
11033,"[4272, 0]",1,41,18,0
11034,"[4273, 0]",1,41,18,0
11035,"[4274, 0]",1,0,0,0
11036,"[4274, 1]",9,0,0,0
11037,"[4274, 2]",8,0,0,0
11038,"[4274, 3]",6,0,0,0
11039,"[4274, 4]",4,0,0,0
11040,"[4274, 5]",3,0,0,0
11041,"[4274, 6]",75,0,0,0
11042,"[4274, 7]",68,0,0,0
11043,"[4274, 8]",62,158,64,0
11044,"[4274, 9]",50,0,0,0
11045,"[4274, 10]",47,0,0,0
11046,"[4274, 11]",231,158,64,-1
11047,"[4274, 12]",217,41,18,6
11048,"[4274, 13]",171,37,18,0
11049,"[4274, 14]",120,41,18,0
11050,"[4275, 0]",1,0,0,0
11051,"[4275, 1]",6,2,1,0
11052,"[4275, 2]",5,41,18,0
11053,"[4275, 3]",2,0,0,0
11054,"[4275, 4]",39,158,64,0
11055,"[4276, 0]",1,41,18,0
11056,"[4277, 0]",1,0,0,0
11057,"[4277, 1]",2,59,28,-1
11058,"[4278, 0]",1,0,0,0
11059,"[4278, 1]",2,0,0,0
11060,"[4278, 2]",22,158,64,0
11061,"[4279, 0]",1,0,0,0
11062,"[4279, 1]",2,57,26,0
11063,"[4280, 0]",1,158,64,0
11064,"[4281, 0]",1,0,0,0
11065,"[4281, 1]",2,158,64,0
11066,"[4282, 0]",1,41,18,0
11067,"[4283, 0]",1,0,0,0
11068,"[4283, 1]",4,158,64,0
11069,"[4283, 2]",3,0,0,0
11070,"[4283, 3]",37,41,18,0
11071,"[4284, 0]",1,0,0,0
11072,"[4284, 1]",10,0,0,0
11073,"[4284, 2]",9,0,0,0
11074,"[4284, 3]",8,0,0,0
11075,"[4284, 4]",7,0,0,0
11076,"[4284, 5]",3,0,0,0
11077,"[4284, 6]",2,0,0,0
11078,"[4284, 7]",48,158,64,0
11079,"[4284, 8]",45,0,0,0
11080,"[4284, 9]",44,0,0,0
11081,"[4284, 10]",40,156,64,0
11082,"[4284, 11]",39,0,0,0
11083,"[4284, 12]",31,57,26,0
11084,"[4284, 13]",28,158,64,0
11085,"[4284, 14]",25,156,64,0
11086,"[4284, 15]",22,37,18,0
11087,"[4284, 16]",99,0,0,0
11088,"[4284, 17]",78,158,64,0
11089,"[4284, 18]",75,158,64,0
11090,"[4284, 19]",421,41,18,0
11091,"[4285, 0]",1,0,0,0
11092,"[4285, 1]",2,57,26,0
11093,"[4286, 0]",1,0,0,0
11094,"[4286, 1]",2,158,64,0
11095,"[4287, 0]",1,156,64,1
11096,"[4288, 0]",1,41,18,0
11097,"[4289, 0]",1,0,0,0
11098,"[4289, 1]",2,0,0,0
11099,"[4289, 2]",18,158,64,0
11100,"[4290, 0]",1,158,64,0
11101,"[4291, 0]",1,0,0,0
11102,"[4291, 1]",2,0,0,0
11103,"[4291, 2]",46,59,28,0
11104,"[4292, 0]",1,0,0,0
11105,"[4292, 1]",8,0,0,0
11106,"[4292, 2]",7,0,0,0
11107,"[4292, 3]",4,0,0,0
11108,"[4292, 4]",3,0,0,0
11109,"[4292, 5]",28,41,18,0
11110,"[4292, 6]",25,0,0,0
11111,"[4292, 7]",16,158,64,0
11112,"[4292, 8]",13,158,64,0
11113,"[4292, 9]",79,59,28,0
11114,"[4293, 0]",1,156,64,1
11115,"[4294, 0]",1,158,64,0
11116,"[4295, 0]",1,0,0,0
11117,"[4295, 1]",4,0,0,0
11118,"[4295, 2]",2,0,0,0
11119,"[4295, 3]",41,158,64,0
11120,"[4295, 4]",38,0,0,0
11121,"[4295, 5]",37,0,0,0
11122,"[4295, 6]",16,158,64,0
11123,"[4295, 7]",81,0,0,0
11124,"[4295, 8]",78,158,64,0
11125,"[4295, 9]",127,156,64,24
11126,"[4296, 0]",1,0,0,0
11127,"[4296, 1]",5,57,26,0
11128,"[4296, 2]",4,0,0,0
11129,"[4296, 3]",2,0,0,0
11130,"[4296, 4]",19,0,0,0
11131,"[4296, 5]",13,0,0,0
11132,"[4296, 6]",79,158,64,-1
11133,"[4296, 7]",50,41,18,0
11134,"[4297, 0]",1,41,18,0
11135,"[4298, 0]",1,0,0,0
11136,"[4298, 1]",6,156,64,0
11137,"[4298, 2]",4,156,64,0
11138,"[4298, 3]",3,0,0,0
11139,"[4298, 4]",2,0,0,0
11140,"[4298, 5]",48,0,0,0
11141,"[4298, 6]",45,158,64,0
11142,"[4298, 7]",68,158,64,0
11143,"[4299, 0]",1,0,0,0
11144,"[4299, 1]",2,158,64,0
11145,"[4300, 0]",1,0,0,0
11146,"[4300, 1]",2,0,0,0
11147,"[4300, 2]",24,158,64,0
11148,"[4301, 0]",1,0,0,0
11149,"[4301, 1]",5,158,64,0
11150,"[4301, 2]",3,0,0,0
11151,"[4301, 3]",2,0,0,0
11152,"[4301, 4]",36,41,18,0
11153,"[4301, 5]",34,0,0,0
11154,"[4301, 6]",25,0,0,0
11155,"[4301, 7]",141,0,0,0
11156,"[4301, 8]",60,0,0,0
11157,"[4301, 9]",58,0,0,0
11158,"[4301, 10]",57,0,0,0
11159,"[4301, 11]",253,0,0,0
11160,"[4301, 12]",252,0,0,0
11161,"[4301, 13]",251,0,0,0
11162,"[4301, 14]",247,158,64,0
11163,"[4301, 15]",234,158,64,29
11164,"[4301, 16]",213,41,18,0
11165,"[4301, 17]",320,158,64,7
11166,"[4301, 18]",317,156,64,0
11167,"[4301, 19]",313,158,64,-1
11168,"[4302, 0]",1,59,28,0
11169,"[4303, 0]",1,158,64,0
11170,"[4304, 0]",1,0,0,0
11171,"[4304, 1]",5,0,0,0
11172,"[4304, 2]",4,0,0,0
11173,"[4304, 3]",3,0,0,0
11174,"[4304, 4]",43,158,64,0
11175,"[4304, 5]",39,158,64,0
11176,"[4304, 6]",34,158,64,0
11177,"[4305, 0]",1,158,64,0
11178,"[4306, 0]",1,57,26,0
11179,"[4307, 0]",1,0,0,0
11180,"[4307, 1]",2,158,64,-1
11181,"[4308, 0]",1,0,0,0
11182,"[4308, 1]",5,158,64,-1
11183,"[4308, 2]",4,0,0,-1
11184,"[4308, 3]",3,0,0,12
11185,"[4308, 4]",22,0,0,-1
11186,"[4308, 5]",103,158,64,-1
11187,"[4309, 0]",1,0,0,0
11188,"[4309, 1]",2,158,64,0
11189,"[4310, 0]",1,0,0,0
11190,"[4310, 1]",5,41,18,0
11191,"[4310, 2]",3,158,64,0
11192,"[4311, 0]",1,158,64,0
11193,"[4312, 0]",1,0,0,0
11194,"[4312, 1]",2,57,26,0
11195,"[4313, 0]",1,158,64,0
11196,"[4314, 0]",1,51,24,0
11197,"[4315, 0]",1,0,0,0
11198,"[4315, 1]",2,158,64,0
11199,"[4316, 0]",1,0,0,0
11200,"[4316, 1]",2,0,0,0
11201,"[4316, 2]",42,41,18,0
11202,"[4316, 3]",41,0,0,0
11203,"[4316, 4]",78,158,64,0
11204,"[4317, 0]",1,0,0,0
11205,"[4317, 1]",2,158,64,0
11206,"[4318, 0]",1,41,18,0
11207,"[4319, 0]",1,0,0,0
11208,"[4319, 1]",2,41,18,0
11209,"[4320, 0]",1,0,0,1
11210,"[4320, 1]",3,0,0,0
11211,"[4320, 2]",2,0,0,0
11212,"[4320, 3]",41,41,18,0
11213,"[4320, 4]",40,0,0,0
11214,"[4320, 5]",39,0,0,0
11215,"[4320, 6]",38,0,0,0
11216,"[4320, 7]",30,0,0,0
11217,"[4320, 8]",133,41,18,0
11218,"[4320, 9]",68,158,64,0
11219,"[4320, 10]",67,0,0,0
11220,"[4320, 11]",65,0,0,0
11221,"[4320, 12]",61,0,0,0
11222,"[4320, 13]",54,158,64,0
11223,"[4320, 14]",197,0,0,0
11224,"[4320, 15]",182,0,0,0
11225,"[4320, 16]",167,57,26,0
11226,"[4320, 17]",417,0,0,0
11227,"[4320, 18]",378,41,18,0
11228,"[4320, 19]",606,0,0,0
11229,"[4320, 20]",605,57,26,0
11230,"[4320, 21]",734,41,18,0
11231,"[4321, 0]",1,0,0,0
11232,"[4321, 1]",2,0,0,0
11233,"[4321, 2]",49,158,64,0
11234,"[4322, 0]",1,158,64,0
11235,"[4323, 0]",1,0,0,0
11236,"[4323, 1]",2,0,0,-1
11237,"[4323, 2]",29,156,64,1
11238,"[4324, 0]",1,0,0,0
11239,"[4324, 1]",5,0,0,0
11240,"[4324, 2]",3,0,0,0
11241,"[4324, 3]",2,0,0,0
11242,"[4324, 4]",47,41,18,0
11243,"[4324, 5]",44,158,64,0
11244,"[4324, 6]",42,0,0,0
11245,"[4324, 7]",34,0,0,0
11246,"[4324, 8]",27,57,26,-1
11247,"[4324, 9]",160,57,26,2
11248,"[4324, 10]",84,0,0,-1
11249,"[4324, 11]",247,0,0,-1
11250,"[4324, 12]",384,58,26,11
11251,"[4325, 0]",1,158,64,0
11252,"[4326, 0]",1,0,0,0
11253,"[4326, 1]",3,158,64,0
11254,"[4326, 2]",2,41,18,0
11255,"[4327, 0]",1,0,0,0
11256,"[4327, 1]",2,158,64,0
11257,"[4328, 0]",1,0,0,0
11258,"[4328, 1]",4,158,64,0
11259,"[4328, 2]",3,0,0,0
11260,"[4328, 3]",2,0,0,0
11261,"[4328, 4]",17,0,0,0
11262,"[4328, 5]",14,156,64,3
11263,"[4328, 6]",39,0,0,0
11264,"[4328, 7]",123,158,64,0
11265,"[4329, 0]",1,0,0,0
11266,"[4329, 1]",2,158,64,0
11267,"[4330, 0]",1,54,24,1
11268,"[4331, 0]",1,158,64,0
11269,"[4332, 0]",1,41,18,0
11270,"[4333, 0]",1,0,0,0
11271,"[4333, 1]",2,0,0,0
11272,"[4333, 2]",39,54,24,12
11273,"[4334, 0]",1,41,18,0
11274,"[4335, 0]",1,0,0,0
11275,"[4335, 1]",2,158,64,0
11276,"[4336, 0]",1,0,0,0
11277,"[4336, 1]",2,158,64,0
11278,"[4337, 0]",1,0,0,0
11279,"[4337, 1]",2,0,0,0
11280,"[4337, 2]",26,2,1,0
11281,"[4338, 0]",1,57,26,0
11282,"[4339, 0]",1,0,0,0
11283,"[4339, 1]",2,62,28,0
11284,"[4340, 0]",1,0,0,0
11285,"[4340, 1]",2,41,18,0
11286,"[4341, 0]",1,59,26,0
11287,"[4342, 0]",1,54,24,0
11288,"[4343, 0]",1,0,0,1
11289,"[4343, 1]",6,0,0,0
11290,"[4343, 2]",5,0,0,0
11291,"[4343, 3]",2,0,0,0
11292,"[4343, 4]",83,158,64,0
11293,"[4343, 5]",81,0,0,0
11294,"[4343, 6]",79,0,0,0
11295,"[4343, 7]",45,156,64,0
11296,"[4343, 8]",42,158,64,1
11297,"[4343, 9]",111,158,64,0
11298,"[4343, 10]",110,0,0,0
11299,"[4343, 11]",106,0,0,0
11300,"[4343, 12]",105,0,0,0
11301,"[4343, 13]",101,158,64,0
11302,"[4343, 14]",308,53,24,0
11303,"[4343, 15]",304,2,1,0
11304,"[4343, 16]",281,158,64,1
11305,"[4344, 0]",1,158,64,0
11306,"[4345, 0]",1,41,18,0
11307,"[4346, 0]",1,0,0,0
11308,"[4346, 1]",6,2,1,0
11309,"[4346, 2]",4,0,0,0
11310,"[4346, 3]",3,0,0,0
11311,"[4346, 4]",41,158,64,0
11312,"[4346, 5]",38,0,0,0
11313,"[4346, 6]",89,57,26,0
11314,"[4347, 0]",1,158,64,1
11315,"[4348, 0]",1,61,28,0
11316,"[4349, 0]",1,41,18,0
11317,"[4350, 0]",1,158,64,0
11318,"[4351, 0]",1,158,64,0
11319,"[4352, 0]",1,57,26,0
11320,"[4353, 0]",1,0,0,0
11321,"[4353, 1]",2,0,0,2
11322,"[4353, 2]",15,57,26,-1
11323,"[4354, 0]",1,2,1,0
11324,"[4355, 0]",1,158,64,0
11325,"[4356, 0]",1,158,64,0
11326,"[4357, 0]",1,0,0,0
11327,"[4357, 1]",2,57,26,0
11328,"[4358, 0]",1,0,0,0
11329,"[4358, 1]",2,158,64,-1
11330,"[4359, 0]",1,0,0,0
11331,"[4359, 1]",2,158,64,0
11332,"[4360, 0]",1,0,0,0
11333,"[4360, 1]",2,156,64,0
11334,"[4361, 0]",1,158,64,0
11335,"[4362, 0]",1,158,64,0
11336,"[4363, 0]",1,0,0,0
11337,"[4363, 1]",6,156,64,0
11338,"[4363, 2]",4,0,0,0
11339,"[4363, 3]",2,0,0,0
11340,"[4363, 4]",45,0,0,0
11341,"[4363, 5]",44,0,0,0
11342,"[4363, 6]",37,156,64,0
11343,"[4363, 7]",80,41,18,0
11344,"[4363, 8]",76,156,64,0
11345,"[4364, 0]",1,41,18,0
11346,"[4365, 0]",1,158,64,0
11347,"[4366, 0]",1,0,0,0
11348,"[4366, 1]",2,41,18,0
11349,"[4367, 0]",1,57,26,0
11350,"[4368, 0]",1,41,18,0
11351,"[4369, 0]",1,0,0,0
11352,"[4369, 1]",2,0,0,0
11353,"[4369, 2]",17,158,64,0
11354,"[4370, 0]",1,0,0,0
11355,"[4370, 1]",2,156,64,0
11356,"[4371, 0]",1,0,0,0
11357,"[4371, 1]",2,57,26,0
11358,"[4372, 0]",1,2,1,0
11359,"[4373, 0]",1,2,1,0
11360,"[4374, 0]",1,0,0,0
11361,"[4374, 1]",2,0,0,0
11362,"[4374, 2]",26,57,26,0
11363,"[4375, 0]",1,0,0,0
11364,"[4375, 1]",2,0,0,0
11365,"[4375, 2]",33,57,26,0
11366,"[4376, 0]",1,0,0,0
11367,"[4376, 1]",4,0,0,0
11368,"[4376, 2]",2,0,0,0
11369,"[4376, 3]",18,158,64,0
11370,"[4376, 4]",13,57,26,1
11371,"[4377, 0]",1,0,0,0
11372,"[4377, 1]",2,158,64,1
11373,"[4378, 0]",1,0,0,0
11374,"[4378, 1]",6,0,0,0
11375,"[4378, 2]",4,0,0,0
11376,"[4378, 3]",2,0,0,0
11377,"[4378, 4]",35,156,64,0
11378,"[4378, 5]",28,158,64,0
11379,"[4378, 6]",15,2,1,0
11380,"[4379, 0]",1,57,26,0
11381,"[4380, 0]",1,0,0,0
11382,"[4380, 1]",2,0,0,0
11383,"[4380, 2]",27,41,18,0
11384,"[4381, 0]",1,0,0,0
11385,"[4381, 1]",2,158,64,0
11386,"[4382, 0]",1,57,26,0
11387,"[4383, 0]",1,158,64,0
11388,"[4384, 0]",1,0,0,0
11389,"[4384, 1]",3,0,0,0
11390,"[4384, 2]",2,0,0,0
11391,"[4384, 3]",40,0,0,0
11392,"[4384, 4]",39,0,0,0
11393,"[4384, 5]",35,156,64,0
11394,"[4384, 6]",34,158,64,0
11395,"[4384, 7]",71,158,64,0
11396,"[4384, 8]",70,0,0,0
11397,"[4384, 9]",65,0,0,0
11398,"[4384, 10]",278,158,64,-1
11399,"[4384, 11]",248,0,0,0
11400,"[4384, 12]",340,0,0,0
11401,"[4384, 13]",467,156,64,-1
11402,"[4385, 0]",1,0,0,0
11403,"[4385, 1]",2,158,64,0
11404,"[4386, 0]",1,158,64,0
11405,"[4387, 0]",1,0,0,0
11406,"[4387, 1]",2,0,0,-1
11407,"[4387, 2]",39,57,26,-1
11408,"[4388, 0]",1,57,26,0
11409,"[4389, 0]",1,0,0,0
11410,"[4389, 1]",2,156,64,0
11411,"[4390, 0]",1,41,18,0
11412,"[4391, 0]",1,158,64,0
11413,"[4392, 0]",1,41,18,0
11414,"[4393, 0]",1,0,0,0
11415,"[4393, 1]",2,158,64,0
11416,"[4394, 0]",1,0,0,1
11417,"[4394, 1]",2,0,0,0
11418,"[4394, 2]",18,158,64,0
11419,"[4395, 0]",1,0,0,0
11420,"[4395, 1]",5,158,64,0
11421,"[4395, 2]",2,0,0,0
11422,"[4395, 3]",48,158,64,1
11423,"[4395, 4]",45,0,0,1
11424,"[4395, 5]",93,41,18,0
11425,"[4396, 0]",1,0,0,0
11426,"[4396, 1]",2,2,1,0
11427,"[4397, 0]",1,41,18,0
11428,"[4398, 0]",1,158,64,0
11429,"[4399, 0]",1,0,0,0
11430,"[4399, 1]",2,0,0,0
11431,"[4399, 2]",31,158,64,0
11432,"[4400, 0]",1,0,0,0
11433,"[4400, 1]",2,57,26,6
11434,"[4401, 0]",1,158,64,0
11435,"[4402, 0]",1,0,0,0
11436,"[4402, 1]",4,57,26,0
11437,"[4403, 0]",1,0,0,0
11438,"[4403, 1]",6,0,0,0
11439,"[4403, 2]",5,156,64,0
11440,"[4403, 3]",3,0,0,0
11441,"[4403, 4]",31,158,64,0
11442,"[4403, 5]",16,57,26,0
11443,"[4404, 0]",1,41,18,0
11444,"[4405, 0]",1,0,0,0
11445,"[4405, 1]",2,0,0,0
11446,"[4405, 2]",23,158,64,4
11447,"[4406, 0]",1,41,18,0
11448,"[4407, 0]",1,2,1,0
11449,"[4408, 0]",1,0,0,0
11450,"[4408, 1]",2,158,64,0
11451,"[4409, 0]",1,2,1,0
11452,"[4410, 0]",1,0,0,1
11453,"[4410, 1]",2,158,64,0
11454,"[4411, 0]",1,158,64,0
11455,"[4412, 0]",1,57,26,1
11456,"[4413, 0]",1,0,0,0
11457,"[4413, 1]",2,0,0,-1
11458,"[4413, 2]",33,0,0,-1
11459,"[4413, 3]",46,158,64,-1
11460,"[4413, 4]",45,0,0,-1
11461,"[4413, 5]",110,158,64,-1
11462,"[4413, 6]",106,156,64,-1
11463,"[4414, 0]",1,158,64,0
11464,"[4415, 0]",1,57,26,0
11465,"[4416, 0]",1,0,0,0
11466,"[4416, 1]",5,158,64,0
11467,"[4416, 2]",4,0,0,0
11468,"[4416, 3]",3,0,0,0
11469,"[4416, 4]",2,0,0,0
11470,"[4416, 5]",39,57,26,0
11471,"[4416, 6]",38,2,1,0
11472,"[4416, 7]",34,158,64,0
11473,"[4416, 8]",30,156,64,0
11474,"[4417, 0]",1,0,0,0
11475,"[4417, 1]",2,41,18,0
11476,"[4418, 0]",1,0,0,0
11477,"[4418, 1]",2,0,0,-1
11478,"[4418, 2]",34,0,0,-1
11479,"[4418, 3]",52,158,64,4
11480,"[4419, 0]",1,0,0,0
11481,"[4419, 1]",2,158,64,0
11482,"[4420, 0]",1,0,0,0
11483,"[4420, 1]",2,59,28,0
11484,"[4421, 0]",1,158,64,0
11485,"[4422, 0]",1,0,0,0
11486,"[4422, 1]",2,0,0,0
11487,"[4422, 2]",16,158,64,3
11488,"[4423, 0]",1,0,0,0
11489,"[4423, 1]",2,158,64,0
11490,"[4424, 0]",1,54,24,0
11491,"[4425, 0]",1,158,64,0
11492,"[4426, 0]",1,54,24,0
11493,"[4427, 0]",1,41,18,0
11494,"[4428, 0]",1,0,0,0
11495,"[4428, 1]",2,57,26,0
11496,"[4429, 0]",1,158,64,0
11497,"[4430, 0]",1,41,18,1
11498,"[4431, 0]",1,0,0,0
11499,"[4431, 1]",2,63,28,0
11500,"[4432, 0]",1,0,0,0
11501,"[4432, 1]",2,158,64,1
11502,"[4433, 0]",1,0,0,0
11503,"[4433, 1]",2,0,0,0
11504,"[4433, 2]",27,2,1,0
11505,"[4434, 0]",1,0,0,0
11506,"[4434, 1]",2,41,18,0
11507,"[4435, 0]",1,0,0,0
11508,"[4435, 1]",6,57,26,0
11509,"[4435, 2]",4,2,1,0
11510,"[4435, 3]",3,0,0,0
11511,"[4435, 4]",24,0,0,0
11512,"[4435, 5]",43,41,18,0
11513,"[4436, 0]",1,0,0,0
11514,"[4436, 1]",2,0,0,0
11515,"[4436, 2]",25,158,64,0
11516,"[4437, 0]",1,156,64,0
11517,"[4438, 0]",1,158,64,0
11518,"[4439, 0]",1,158,64,0
11519,"[4440, 0]",1,0,0,0
11520,"[4440, 1]",2,156,64,0
11521,"[4441, 0]",1,158,64,0
11522,"[4442, 0]",1,156,64,0
11523,"[4443, 0]",1,41,18,0
11524,"[4444, 0]",1,0,0,0
11525,"[4444, 1]",2,41,18,0
11526,"[4445, 0]",1,0,0,0
11527,"[4445, 1]",2,51,24,-1
11528,"[4446, 0]",1,2,1,0
11529,"[4447, 0]",1,0,0,0
11530,"[4447, 1]",2,0,0,2
11531,"[4447, 2]",14,41,18,7
11532,"[4448, 0]",1,2,1,0
11533,"[4449, 0]",1,0,0,0
11534,"[4449, 1]",2,158,64,0
11535,"[4450, 0]",1,0,0,0
11536,"[4450, 1]",2,57,26,0
11537,"[4451, 0]",1,0,0,0
11538,"[4451, 1]",2,0,0,0
11539,"[4451, 2]",20,158,64,0
11540,"[4451, 3]",19,41,18,0
11541,"[4452, 0]",1,41,18,0
11542,"[4453, 0]",1,158,64,0
11543,"[4454, 0]",1,57,26,0
11544,"[4455, 0]",1,158,64,0
11545,"[4456, 0]",1,156,64,0
11546,"[4457, 0]",1,0,0,1
11547,"[4457, 1]",2,41,18,0
11548,"[4458, 0]",1,0,0,0
11549,"[4458, 1]",2,0,0,0
11550,"[4458, 2]",28,57,26,0
11551,"[4458, 3]",25,0,0,0
11552,"[4458, 4]",70,155,64,0
11553,"[4458, 5]",69,0,0,0
11554,"[4458, 6]",68,158,64,0
11555,"[4458, 7]",98,41,18,0
11556,"[4459, 0]",1,0,0,0
11557,"[4459, 1]",2,158,64,0
11558,"[4460, 0]",1,158,64,0
11559,"[4461, 0]",1,0,0,1
11560,"[4461, 1]",2,0,0,0
11561,"[4461, 2]",28,158,64,0
11562,"[4461, 3]",27,2,1,0
11563,"[4462, 0]",1,158,64,0
11564,"[4463, 0]",1,0,0,0
11565,"[4463, 1]",5,2,1,0
11566,"[4463, 2]",2,0,0,0
11567,"[4463, 3]",38,0,0,0
11568,"[4463, 4]",36,0,0,0
11569,"[4463, 5]",35,0,0,0
11570,"[4463, 6]",82,158,64,0
11571,"[4463, 7]",80,0,0,0
11572,"[4463, 8]",79,0,0,0
11573,"[4463, 9]",73,0,0,-1
11574,"[4463, 10]",67,2,1,0
11575,"[4463, 11]",171,156,64,-1
11576,"[4463, 12]",127,0,0,0
11577,"[4463, 13]",122,57,26,0
11578,"[4463, 14]",326,158,64,0
11579,"[4464, 0]",1,0,0,1
11580,"[4464, 1]",2,158,64,0
11581,"[4465, 0]",1,0,0,0
11582,"[4465, 1]",5,41,18,0
11583,"[4465, 2]",4,0,0,0
11584,"[4465, 3]",3,0,0,0
11585,"[4465, 4]",2,0,0,0
11586,"[4465, 5]",50,0,0,0
11587,"[4465, 6]",46,158,64,0
11588,"[4465, 7]",45,41,18,0
11589,"[4465, 8]",37,158,64,0
11590,"[4465, 9]",90,158,64,0
11591,"[4465, 10]",88,0,0,0
11592,"[4465, 11]",334,156,64,0
11593,"[4465, 12]",333,158,64,0
11594,"[4465, 13]",331,0,0,0
11595,"[4465, 14]",384,158,64,0
11596,"[4466, 0]",1,0,0,0
11597,"[4466, 1]",5,41,18,0
11598,"[4466, 2]",2,0,0,0
11599,"[4466, 3]",49,0,0,0
11600,"[4466, 4]",106,158,64,-1
11601,"[4467, 0]",1,0,0,0
11602,"[4467, 1]",4,0,0,0
11603,"[4467, 2]",3,0,0,0
11604,"[4467, 3]",2,0,0,0
11605,"[4467, 4]",21,158,64,0
11606,"[4467, 5]",18,59,28,0
11607,"[4467, 6]",15,158,64,-1
11608,"[4468, 0]",1,0,0,0
11609,"[4468, 1]",2,41,18,0
11610,"[4469, 0]",1,0,0,0
11611,"[4469, 1]",2,57,26,0
11612,"[4470, 0]",1,0,0,0
11613,"[4470, 1]",2,41,18,0
11614,"[4471, 0]",1,0,0,0
11615,"[4471, 1]",2,41,18,0
11616,"[4472, 0]",1,57,26,0
11617,"[4473, 0]",1,156,64,0
11618,"[4474, 0]",1,0,0,0
11619,"[4474, 1]",2,0,0,0
11620,"[4474, 2]",19,0,0,7
11621,"[4474, 3]",25,41,18,15
11622,"[4475, 0]",1,0,0,0
11623,"[4475, 1]",2,75,32,0
11624,"[4476, 0]",1,0,0,0
11625,"[4476, 1]",3,0,0,0
11626,"[4476, 2]",2,0,0,0
11627,"[4476, 3]",52,0,0,0
11628,"[4476, 4]",50,0,0,0
11629,"[4476, 5]",49,0,0,0
11630,"[4476, 6]",45,0,0,0
11631,"[4476, 7]",44,0,0,0
11632,"[4476, 8]",101,0,0,0
11633,"[4476, 9]",97,0,0,0
11634,"[4476, 10]",76,41,18,2
11635,"[4476, 11]",73,0,0,-1
11636,"[4476, 12]",69,0,0,-1
11637,"[4476, 13]",63,57,26,1
11638,"[4476, 14]",197,2,1,-1
11639,"[4476, 15]",177,2,1,-1
11640,"[4476, 16]",135,0,0,0
11641,"[4476, 17]",124,158,64,0
11642,"[4476, 18]",123,41,18,0
11643,"[4476, 19]",122,158,64,0
11644,"[4476, 20]",381,156,64,0
11645,"[4477, 0]",1,0,0,0
11646,"[4477, 1]",2,0,0,0
11647,"[4477, 2]",40,158,64,0
11648,"[4478, 0]",1,57,26,0
11649,"[4479, 0]",1,0,0,0
11650,"[4479, 1]",2,0,0,0
11651,"[4479, 2]",74,41,18,0
11652,"[4480, 0]",1,59,28,0
11653,"[4481, 0]",1,0,0,0
11654,"[4481, 1]",2,0,0,0
11655,"[4481, 2]",20,156,64,-1
11656,"[4482, 0]",1,0,0,0
11657,"[4482, 1]",2,41,18,0
11658,"[4483, 0]",1,158,64,0
11659,"[4484, 0]",1,158,64,0
11660,"[4485, 0]",1,0,0,0
11661,"[4485, 1]",2,0,0,0
11662,"[4485, 2]",22,158,64,0
11663,"[4486, 0]",1,158,64,1
11664,"[4487, 0]",1,0,0,0
11665,"[4487, 1]",2,158,64,0
11666,"[4488, 0]",1,41,18,0
11667,"[4489, 0]",1,57,26,0
11668,"[4490, 0]",1,156,64,0
11669,"[4491, 0]",1,0,0,0
11670,"[4491, 1]",7,2,1,0
11671,"[4491, 2]",5,0,0,0
11672,"[4491, 3]",2,0,0,0
11673,"[4491, 4]",42,158,64,0
11674,"[4491, 5]",40,0,0,0
11675,"[4491, 6]",36,156,64,0
11676,"[4491, 7]",76,158,64,0
11677,"[4491, 8]",75,0,0,0
11678,"[4491, 9]",73,0,0,0
11679,"[4491, 10]",210,156,64,0
11680,"[4491, 11]",197,156,64,0
11681,"[4492, 0]",1,158,64,1
11682,"[4493, 0]",1,0,0,0
11683,"[4493, 1]",2,41,18,2
11684,"[4494, 0]",1,0,0,0
11685,"[4494, 1]",2,57,26,0
11686,"[4495, 0]",1,0,0,1
11687,"[4495, 1]",2,158,64,0
11688,"[4496, 0]",1,0,0,0
11689,"[4496, 1]",2,0,0,0
11690,"[4496, 2]",17,158,64,-1
11691,"[4497, 0]",1,158,64,0
11692,"[4498, 0]",1,2,1,0
11693,"[4499, 0]",1,156,64,0
11694,"[4500, 0]",1,0,0,0
11695,"[4500, 1]",2,158,64,0
11696,"[4501, 0]",1,0,0,1
11697,"[4501, 1]",4,158,64,0
11698,"[4501, 2]",3,0,0,0
11699,"[4501, 3]",36,0,0,2
11700,"[4501, 4]",62,158,64,-1
11701,"[4502, 0]",1,0,0,0
11702,"[4502, 1]",2,158,64,0
11703,"[4503, 0]",1,0,0,0
11704,"[4503, 1]",2,2,1,-1
11705,"[4504, 0]",1,158,64,0
11706,"[4505, 0]",1,0,0,0
11707,"[4505, 1]",2,158,64,0
11708,"[4506, 0]",1,54,24,1
11709,"[4507, 0]",1,0,0,0
11710,"[4507, 1]",2,0,0,0
11711,"[4507, 2]",26,158,64,0
11712,"[4508, 0]",1,0,0,0
11713,"[4508, 1]",5,0,0,0
11714,"[4508, 2]",4,0,0,0
11715,"[4508, 3]",2,0,0,0
11716,"[4508, 4]",46,0,0,0
11717,"[4508, 5]",44,0,0,0
11718,"[4508, 6]",40,0,0,0
11719,"[4508, 7]",36,0,0,0
11720,"[4508, 8]",35,0,0,0
11721,"[4508, 9]",141,0,0,0
11722,"[4508, 10]",138,57,26,0
11723,"[4508, 11]",122,41,18,0
11724,"[4508, 12]",119,0,0,0
11725,"[4508, 13]",117,0,0,0
11726,"[4508, 14]",99,41,18,0
11727,"[4508, 15]",97,0,0,0
11728,"[4508, 16]",96,0,0,0
11729,"[4508, 17]",85,57,26,0
11730,"[4508, 18]",293,61,28,0
11731,"[4508, 19]",290,41,18,0
11732,"[4508, 20]",266,158,64,0
11733,"[4508, 21]",252,158,64,0
11734,"[4508, 22]",209,158,64,15
11735,"[4509, 0]",1,0,0,0
11736,"[4509, 1]",2,0,0,0
11737,"[4509, 2]",15,0,0,0
11738,"[4509, 3]",73,41,18,0
11739,"[4510, 0]",1,0,0,0
11740,"[4510, 1]",2,57,26,0
11741,"[4511, 0]",1,0,0,0
11742,"[4511, 1]",2,41,18,0
11743,"[4512, 0]",1,0,0,0
11744,"[4512, 1]",3,158,64,0
11745,"[4512, 2]",2,0,0,0
11746,"[4512, 3]",25,41,18,0
11747,"[4513, 0]",1,0,0,0
11748,"[4513, 1]",2,158,64,0
11749,"[4514, 0]",1,57,26,0
11750,"[4515, 0]",1,156,64,0
11751,"[4516, 0]",1,0,0,0
11752,"[4516, 1]",3,0,0,0
11753,"[4516, 2]",2,0,0,0
11754,"[4516, 3]",12,158,64,0
11755,"[4516, 4]",8,156,64,0
11756,"[4517, 0]",1,158,64,0
11757,"[4518, 0]",1,158,64,0
11758,"[4519, 0]",1,41,18,1
11759,"[4520, 0]",1,158,64,1
11760,"[4521, 0]",1,156,64,0
11761,"[4522, 0]",1,0,0,0
11762,"[4522, 1]",2,59,28,0
11763,"[4523, 0]",1,156,64,0
11764,"[4524, 0]",1,0,0,0
11765,"[4524, 1]",3,0,0,0
11766,"[4524, 2]",2,0,0,0
11767,"[4524, 3]",54,158,64,0
11768,"[4524, 4]",50,59,28,0
11769,"[4525, 0]",1,0,0,0
11770,"[4525, 1]",4,158,64,0
11771,"[4525, 2]",3,0,0,0
11772,"[4525, 3]",2,0,0,0
11773,"[4525, 4]",40,2,1,0
11774,"[4525, 5]",37,158,64,0
11775,"[4526, 0]",1,156,64,0
11776,"[4527, 0]",1,0,0,0
11777,"[4527, 1]",2,158,64,0
11778,"[4528, 0]",1,0,0,0
11779,"[4528, 1]",6,0,0,0
11780,"[4528, 2]",4,57,26,0
11781,"[4528, 3]",2,0,0,0
11782,"[4528, 4]",29,158,64,0
11783,"[4528, 5]",8,156,64,4
11784,"[4529, 0]",1,41,18,0
11785,"[4530, 0]",1,0,0,0
11786,"[4530, 1]",2,156,64,0
11787,"[4531, 0]",1,57,26,0
11788,"[4532, 0]",1,158,64,0
11789,"[4533, 0]",1,0,0,0
11790,"[4533, 1]",6,158,64,0
11791,"[4533, 2]",5,0,0,0
11792,"[4533, 3]",2,0,0,0
11793,"[4533, 4]",48,158,64,-1
11794,"[4533, 5]",45,0,0,-1
11795,"[4533, 6]",28,59,28,7
11796,"[4534, 0]",1,0,0,0
11797,"[4534, 1]",2,0,0,0
11798,"[4534, 2]",23,0,0,1
11799,"[4534, 3]",51,158,64,0
11800,"[4535, 0]",1,158,64,0
11801,"[4536, 0]",1,158,64,0
11802,"[4537, 0]",1,0,0,0
11803,"[4537, 1]",2,0,0,0
11804,"[4537, 2]",18,158,64,0
11805,"[4538, 0]",1,41,18,0
11806,"[4539, 0]",1,0,0,0
11807,"[4539, 1]",2,2,1,0
11808,"[4540, 0]",1,41,18,0
11809,"[4541, 0]",1,158,64,0
11810,"[4542, 0]",1,0,0,0
11811,"[4542, 1]",6,158,64,0
11812,"[4542, 2]",5,0,0,0
11813,"[4542, 3]",4,0,0,0
11814,"[4542, 4]",3,0,0,0
11815,"[4542, 5]",2,0,0,0
11816,"[4542, 6]",48,158,64,-1
11817,"[4542, 7]",42,55,26,0
11818,"[4542, 8]",41,41,18,0
11819,"[4542, 9]",37,0,0,0
11820,"[4542, 10]",34,0,0,0
11821,"[4542, 11]",33,0,0,0
11822,"[4542, 12]",26,0,0,0
11823,"[4542, 13]",208,41,18,0
11824,"[4542, 14]",170,158,64,0
11825,"[4542, 15]",167,158,64,0
11826,"[4542, 16]",151,0,0,0
11827,"[4542, 17]",350,156,64,0
11828,"[4543, 0]",1,2,1,0
11829,"[4544, 0]",1,158,64,0
11830,"[4545, 0]",1,0,0,0
11831,"[4545, 1]",2,0,0,0
11832,"[4545, 2]",31,158,64,4
11833,"[4546, 0]",1,57,26,1
11834,"[4547, 0]",1,0,0,0
11835,"[4547, 1]",2,41,18,0
11836,"[4548, 0]",1,158,64,0
11837,"[4549, 0]",1,2,1,0
11838,"[4550, 0]",1,0,0,0
11839,"[4550, 1]",2,156,64,0
11840,"[4551, 0]",1,158,64,0
11841,"[4552, 0]",1,158,64,0
11842,"[4553, 0]",1,156,64,0
11843,"[4554, 0]",1,0,0,0
11844,"[4554, 1]",2,0,0,0
11845,"[4554, 2]",17,0,0,4
11846,"[4554, 3]",32,156,64,4
11847,"[4555, 0]",1,158,64,0
11848,"[4556, 0]",1,57,26,0
11849,"[4557, 0]",1,158,64,0
11850,"[4558, 0]",1,0,0,0
11851,"[4558, 1]",2,158,64,0
11852,"[4559, 0]",1,158,64,1
11853,"[4560, 0]",1,158,64,1
11854,"[4561, 0]",1,0,0,0
11855,"[4561, 1]",2,66,29,0
11856,"[4562, 0]",1,0,0,0
11857,"[4562, 1]",2,0,0,0
11858,"[4562, 2]",74,156,64,0
11859,"[4563, 0]",1,0,0,0
11860,"[4563, 1]",2,41,18,0
11861,"[4564, 0]",1,158,64,0
11862,"[4565, 0]",1,41,18,0
11863,"[4566, 0]",1,0,0,0
11864,"[4566, 1]",2,2,1,0
11865,"[4567, 0]",1,0,0,0
11866,"[4567, 1]",2,158,64,-1
11867,"[4568, 0]",1,0,0,0
11868,"[4568, 1]",2,57,26,0
11869,"[4569, 0]",1,0,0,0
11870,"[4569, 1]",2,158,64,0
11871,"[4570, 0]",1,158,64,0
11872,"[4571, 0]",1,0,0,0
11873,"[4571, 1]",2,41,18,0
11874,"[4572, 0]",1,0,0,1
11875,"[4572, 1]",3,0,0,0
11876,"[4572, 2]",2,0,0,0
11877,"[4572, 3]",33,0,0,0
11878,"[4572, 4]",31,158,64,0
11879,"[4572, 5]",29,156,64,0
11880,"[4572, 6]",27,0,0,0
11881,"[4572, 7]",26,0,0,0
11882,"[4572, 8]",94,0,0,0
11883,"[4572, 9]",90,156,64,0
11884,"[4572, 10]",51,57,26,-1
11885,"[4572, 11]",130,0,0,0
11886,"[4572, 12]",467,0,0,1
11887,"[4572, 13]",495,0,0,0
11888,"[4572, 14]",623,158,64,-1
11889,"[4573, 0]",1,156,64,0
11890,"[4574, 0]",1,2,1,0
11891,"[4575, 0]",1,0,0,0
11892,"[4575, 1]",2,0,0,0
11893,"[4575, 2]",19,156,64,0
11894,"[4576, 0]",1,158,64,0
11895,"[4577, 0]",1,0,0,0
11896,"[4577, 1]",2,2,1,-1
11897,"[4578, 0]",1,158,64,0
11898,"[4579, 0]",1,0,0,0
11899,"[4579, 1]",2,158,64,0
11900,"[4580, 0]",1,2,1,0
11901,"[4581, 0]",1,0,0,0
11902,"[4581, 1]",3,0,0,0
11903,"[4581, 2]",2,0,0,0
11904,"[4581, 3]",29,41,18,0
11905,"[4581, 4]",26,59,28,0
11906,"[4582, 0]",1,0,0,0
11907,"[4582, 1]",2,0,0,0
11908,"[4582, 2]",20,57,26,0
11909,"[4583, 0]",1,158,64,0
11910,"[4584, 0]",1,0,0,0
11911,"[4584, 1]",2,158,64,0
11912,"[4585, 0]",1,0,0,1
11913,"[4585, 1]",2,156,64,0
11914,"[4586, 0]",1,0,0,0
11915,"[4586, 1]",4,0,0,0
11916,"[4586, 2]",18,2,1,0
11917,"[4587, 0]",1,0,0,0
11918,"[4587, 1]",2,59,28,0
11919,"[4588, 0]",1,0,0,0
11920,"[4588, 1]",2,51,24,0
11921,"[4589, 0]",1,57,26,0
11922,"[4590, 0]",1,158,64,1
11923,"[4591, 0]",1,0,0,0
11924,"[4591, 1]",2,0,0,0
11925,"[4591, 2]",37,41,18,11
11926,"[4592, 0]",1,158,64,0
11927,"[4593, 0]",1,0,0,0
11928,"[4593, 1]",2,41,18,29
11929,"[4594, 0]",1,0,0,0
11930,"[4594, 1]",2,0,0,0
11931,"[4594, 2]",24,41,18,0
11932,"[4595, 0]",1,41,18,0
11933,"[4596, 0]",1,41,18,0
11934,"[4597, 0]",1,57,26,0
11935,"[4598, 0]",1,158,64,0
11936,"[4599, 0]",1,2,1,1
11937,"[4600, 0]",1,0,0,0
11938,"[4600, 1]",3,158,64,0
11939,"[4600, 2]",2,0,0,0
11940,"[4600, 3]",37,0,0,0
11941,"[4600, 4]",60,158,64,2
11942,"[4601, 0]",1,156,64,0
11943,"[4602, 0]",1,158,64,0
11944,"[4603, 0]",1,158,64,0
11945,"[4604, 0]",1,158,64,1
11946,"[4605, 0]",1,0,0,0
11947,"[4605, 1]",2,0,0,0
11948,"[4605, 2]",32,158,64,12
11949,"[4606, 0]",1,0,0,0
11950,"[4606, 1]",3,0,0,0
11951,"[4606, 2]",2,0,0,0
11952,"[4606, 3]",60,41,18,0
11953,"[4606, 4]",58,57,26,0
11954,"[4606, 5]",55,0,0,0
11955,"[4606, 6]",54,0,0,0
11956,"[4606, 7]",52,57,26,0
11957,"[4606, 8]",51,0,0,0
11958,"[4606, 9]",50,0,0,0
11959,"[4606, 10]",98,0,0,0
11960,"[4606, 11]",95,158,64,0
11961,"[4606, 12]",83,54,24,0
11962,"[4606, 13]",78,41,18,0
11963,"[4606, 14]",138,158,64,0
11964,"[4607, 0]",1,0,0,0
11965,"[4607, 1]",2,0,0,0
11966,"[4607, 2]",14,158,64,0
11967,"[4608, 0]",1,41,18,0
11968,"[4609, 0]",1,0,0,0
11969,"[4609, 1]",2,66,29,0
11970,"[4610, 0]",1,156,64,0
11971,"[4611, 0]",1,158,64,0
11972,"[4612, 0]",1,41,18,0
11973,"[4613, 0]",1,57,26,0
11974,"[4614, 0]",1,0,0,0
11975,"[4614, 1]",2,0,0,0
11976,"[4614, 2]",41,158,64,0
11977,"[4615, 0]",1,41,18,0
11978,"[4616, 0]",1,63,28,0
11979,"[4617, 0]",1,158,64,0
11980,"[4618, 0]",1,0,0,0
11981,"[4618, 1]",2,0,0,0
11982,"[4618, 2]",11,158,64,0
11983,"[4619, 0]",1,41,18,1
11984,"[4620, 0]",1,0,0,0
11985,"[4620, 1]",2,0,0,0
11986,"[4620, 2]",42,41,18,0
11987,"[4621, 0]",1,158,64,0
11988,"[4622, 0]",1,0,0,0
11989,"[4622, 1]",2,156,64,0
11990,"[4623, 0]",1,158,64,0
11991,"[4624, 0]",1,0,0,0
11992,"[4624, 1]",2,41,18,0
11993,"[4625, 0]",1,41,18,0
11994,"[4626, 0]",1,0,0,0
11995,"[4626, 1]",2,158,64,0
11996,"[4627, 0]",1,0,0,0
11997,"[4627, 1]",2,57,26,0
11998,"[4628, 0]",1,0,0,0
11999,"[4628, 1]",2,53,24,0
12000,"[4629, 0]",1,0,0,1
12001,"[4629, 1]",4,0,0,0
12002,"[4629, 2]",3,0,0,0
12003,"[4629, 3]",2,0,0,0
12004,"[4629, 4]",19,41,18,0
12005,"[4629, 5]",16,51,24,0
12006,"[4629, 6]",13,158,64,-1
12007,"[4630, 0]",1,0,0,0
12008,"[4630, 1]",2,0,0,0
12009,"[4630, 2]",13,158,64,0
12010,"[4631, 0]",1,0,0,1
12011,"[4631, 1]",2,158,64,0
12012,"[4632, 0]",1,0,0,0
12013,"[4632, 1]",3,0,0,0
12014,"[4632, 2]",26,0,0,0
12015,"[4632, 3]",39,158,64,0
12016,"[4633, 0]",1,0,0,0
12017,"[4633, 1]",2,158,64,0
12018,"[4634, 0]",1,0,0,0
12019,"[4634, 1]",2,158,64,0
12020,"[4635, 0]",1,158,64,0
12021,"[4636, 0]",1,156,64,0
12022,"[4637, 0]",1,0,0,0
12023,"[4637, 1]",2,0,0,0
12024,"[4637, 2]",30,57,26,-1
12025,"[4638, 0]",1,0,0,0
12026,"[4638, 1]",2,0,0,0
12027,"[4638, 2]",24,0,0,0
12028,"[4638, 3]",57,59,28,0
12029,"[4639, 0]",1,0,0,0
12030,"[4639, 1]",2,156,64,0
12031,"[4640, 0]",1,0,0,0
12032,"[4640, 1]",10,158,64,0
12033,"[4640, 2]",9,0,0,0
12034,"[4640, 3]",8,57,26,0
12035,"[4640, 4]",3,0,0,0
12036,"[4640, 5]",2,0,0,0
12037,"[4640, 6]",51,0,0,0
12038,"[4640, 7]",44,0,0,0
12039,"[4640, 8]",43,0,0,0
12040,"[4640, 9]",42,0,0,0
12041,"[4640, 10]",41,0,0,0
12042,"[4640, 11]",40,0,0,0
12043,"[4640, 12]",21,41,18,0
12044,"[4640, 13]",134,0,0,0
12045,"[4640, 14]",130,0,0,0
12046,"[4640, 15]",123,158,64,0
12047,"[4640, 16]",119,158,64,0
12048,"[4640, 17]",115,41,18,0
12049,"[4640, 18]",91,158,64,0
12050,"[4640, 19]",90,158,64,0
12051,"[4640, 20]",89,57,26,0
12052,"[4640, 21]",87,0,0,0
12053,"[4640, 22]",85,0,0,0
12054,"[4640, 23]",84,0,0,0
12055,"[4640, 24]",81,57,26,0
12056,"[4640, 25]",415,41,18,0
12057,"[4640, 26]",413,0,0,0
12058,"[4640, 27]",412,0,0,0
12059,"[4640, 28]",409,158,64,0
12060,"[4640, 29]",406,0,0,0
12061,"[4640, 30]",405,0,0,0
12062,"[4640, 31]",401,0,0,0
12063,"[4640, 32]",293,0,0,0
12064,"[4640, 33]",268,158,64,0
12065,"[4640, 34]",971,158,64,-1
12066,"[4640, 35]",523,158,64,0
12067,"[4640, 36]",504,158,64,0
12068,"[4640, 37]",503,158,64,0
12069,"[4640, 38]",494,158,64,0
12070,"[4640, 39]",462,0,0,0
12071,"[4640, 40]",459,41,18,0
12072,"[4640, 41]",1342,0,0,0
12073,"[4640, 42]",1527,0,0,0
12074,"[4640, 43]",1526,0,0,0
12075,"[4640, 44]",2027,156,64,0
12076,"[4640, 45]",2021,41,18,0
12077,"[4641, 0]",1,0,0,0
12078,"[4641, 1]",2,41,18,0
12079,"[4642, 0]",1,59,28,0
12080,"[4643, 0]",1,57,26,0
12081,"[4644, 0]",1,0,0,0
12082,"[4644, 1]",2,0,0,0
12083,"[4644, 2]",19,54,24,0
12084,"[4645, 0]",1,158,64,0
12085,"[4646, 0]",1,158,64,0
12086,"[4647, 0]",1,41,18,0
12087,"[4648, 0]",1,0,0,0
12088,"[4648, 1]",2,0,0,0
12089,"[4648, 2]",31,158,64,0
12090,"[4648, 3]",30,57,26,0
12091,"[4648, 4]",29,41,18,0
12092,"[4648, 5]",28,0,0,0
12093,"[4648, 6]",26,0,0,0
12094,"[4648, 7]",25,0,0,0
12095,"[4648, 8]",59,0,0,0
12096,"[4648, 9]",57,41,18,0
12097,"[4648, 10]",56,0,0,0
12098,"[4648, 11]",53,2,1,0
12099,"[4648, 12]",108,0,0,0
12100,"[4648, 13]",97,158,64,0
12101,"[4648, 14]",96,0,0,0
12102,"[4648, 15]",365,158,64,-1
12103,"[4648, 16]",364,156,64,4
12104,"[4648, 17]",363,158,64,-1
12105,"[4648, 18]",295,41,18,0
12106,"[4649, 0]",1,57,26,0
12107,"[4650, 0]",1,0,0,0
12108,"[4650, 1]",4,158,64,0
12109,"[4651, 0]",1,0,0,0
12110,"[4651, 1]",3,0,0,0
12111,"[4651, 2]",2,156,64,0
12112,"[4651, 3]",27,0,0,0
12113,"[4651, 4]",74,41,18,0
12114,"[4652, 0]",1,158,64,0
12115,"[4653, 0]",1,158,64,0
12116,"[4654, 0]",1,0,0,0
12117,"[4654, 1]",3,0,0,0
12118,"[4654, 2]",2,0,0,0
12119,"[4654, 3]",31,41,18,0
12120,"[4654, 4]",27,0,0,0
12121,"[4654, 5]",70,158,64,1
12122,"[4655, 0]",1,0,0,0
12123,"[4655, 1]",2,158,64,0
12124,"[4656, 0]",1,0,0,0
12125,"[4656, 1]",2,0,0,0
12126,"[4656, 2]",19,41,18,0
12127,"[4657, 0]",1,0,0,0
12128,"[4657, 1]",2,156,64,0
12129,"[4658, 0]",1,41,18,0
12130,"[4659, 0]",1,158,64,0
12131,"[4660, 0]",1,158,64,0
12132,"[4661, 0]",1,158,64,0
12133,"[4662, 0]",1,158,64,0
12134,"[4663, 0]",1,0,0,0
12135,"[4663, 1]",2,63,28,0
12136,"[4664, 0]",1,0,0,0
12137,"[4664, 1]",7,41,18,0
12138,"[4664, 2]",6,158,64,0
12139,"[4664, 3]",5,158,64,0
12140,"[4664, 4]",2,0,0,0
12141,"[4664, 5]",46,41,18,0
12142,"[4665, 0]",1,158,64,0
12143,"[4666, 0]",1,0,0,0
12144,"[4666, 1]",2,158,64,0
12145,"[4667, 0]",1,158,64,0
12146,"[4668, 0]",1,158,64,0
12147,"[4669, 0]",1,0,0,0
12148,"[4669, 1]",3,158,64,0
12149,"[4669, 2]",2,158,64,0
12150,"[4670, 0]",1,156,64,0
12151,"[4671, 0]",1,57,26,0
12152,"[4672, 0]",1,0,0,0
12153,"[4672, 1]",2,54,24,0
12154,"[4673, 0]",1,41,18,0
12155,"[4674, 0]",1,2,1,0
12156,"[4675, 0]",1,158,64,0
12157,"[4676, 0]",1,0,0,0
12158,"[4676, 1]",2,2,1,0
12159,"[4677, 0]",1,158,64,0
12160,"[4678, 0]",1,0,0,0
12161,"[4678, 1]",2,0,0,0
12162,"[4678, 2]",20,57,26,7
12163,"[4679, 0]",1,0,0,0
12164,"[4679, 1]",5,158,64,0
12165,"[4679, 2]",3,158,64,0
12166,"[4679, 3]",2,0,0,0
12167,"[4679, 4]",33,158,64,0
12168,"[4679, 5]",32,158,64,0
12169,"[4680, 0]",1,41,18,0
12170,"[4681, 0]",1,0,0,0
12171,"[4681, 1]",5,0,0,0
12172,"[4681, 2]",3,0,0,0
12173,"[4681, 3]",2,0,0,0
12174,"[4681, 4]",54,158,64,0
12175,"[4681, 5]",53,0,0,0
12176,"[4681, 6]",49,2,1,0
12177,"[4681, 7]",48,37,18,0
12178,"[4681, 8]",32,158,64,0
12179,"[4681, 9]",89,51,24,1
12180,"[4682, 0]",1,158,64,0
12181,"[4683, 0]",1,0,0,0
12182,"[4683, 1]",4,158,64,0
12183,"[4683, 2]",3,0,0,0
12184,"[4683, 3]",2,0,0,0
12185,"[4683, 4]",19,158,64,0
12186,"[4683, 5]",16,41,18,7
12187,"[4684, 0]",1,41,18,0
12188,"[4685, 0]",1,0,0,0
12189,"[4685, 1]",2,57,26,0
12190,"[4686, 0]",1,41,18,0
12191,"[4687, 0]",1,53,24,0
12192,"[4688, 0]",1,41,18,0
12193,"[4689, 0]",1,0,0,0
12194,"[4689, 1]",2,0,0,0
12195,"[4689, 2]",10,41,18,0
12196,"[4690, 0]",1,0,0,0
12197,"[4690, 1]",2,54,24,0
12198,"[4691, 0]",1,158,64,0
12199,"[4692, 0]",1,2,1,0
12200,"[4693, 0]",1,158,64,0
12201,"[4694, 0]",1,156,64,0
12202,"[4695, 0]",1,0,0,0
12203,"[4695, 1]",2,57,26,0
12204,"[4696, 0]",1,0,0,0
12205,"[4696, 1]",2,41,18,0
12206,"[4697, 0]",1,158,64,0
12207,"[4698, 0]",1,0,0,0
12208,"[4698, 1]",2,158,64,0
12209,"[4699, 0]",1,41,18,0
12210,"[4700, 0]",1,0,0,0
12211,"[4700, 1]",2,57,26,0
12212,"[4701, 0]",1,0,0,0
12213,"[4701, 1]",2,0,0,0
12214,"[4701, 2]",16,158,64,0
12215,"[4701, 3]",14,0,0,0
12216,"[4701, 4]",60,158,64,0
12217,"[4701, 5]",59,0,0,0
12218,"[4701, 6]",69,57,26,0
12219,"[4702, 0]",1,51,24,0
12220,"[4703, 0]",1,59,28,0
12221,"[4704, 0]",1,0,0,0
12222,"[4704, 1]",6,0,0,-1
12223,"[4704, 2]",3,0,0,-1
12224,"[4704, 3]",2,0,0,-1
12225,"[4704, 4]",62,41,18,3
12226,"[4704, 5]",59,0,0,-1
12227,"[4704, 6]",36,0,0,-1
12228,"[4704, 7]",113,156,64,4
12229,"[4704, 8]",98,0,0,2
12230,"[4704, 9]",165,41,18,3
12231,"[4705, 0]",1,0,0,0
12232,"[4705, 1]",2,156,64,0
12233,"[4706, 0]",1,2,1,1
12234,"[4707, 0]",1,57,26,0
12235,"[4708, 0]",1,158,64,0
12236,"[4709, 0]",1,41,18,0
12237,"[4710, 0]",1,0,0,0
12238,"[4710, 1]",3,0,0,0
12239,"[4710, 2]",2,54,24,0
12240,"[4710, 3]",30,2,1,0
12241,"[4711, 0]",1,0,0,0
12242,"[4711, 1]",2,158,64,0
12243,"[4712, 0]",1,0,0,0
12244,"[4712, 1]",2,158,64,0
12245,"[4713, 0]",1,0,0,0
12246,"[4713, 1]",4,0,0,-1
12247,"[4713, 2]",2,57,26,-1
12248,"[4713, 3]",42,0,0,-1
12249,"[4713, 4]",109,158,64,-1
12250,"[4714, 0]",1,0,0,0
12251,"[4714, 1]",2,156,64,-1
12252,"[4715, 0]",1,156,64,0
12253,"[4716, 0]",1,0,0,0
12254,"[4716, 1]",2,55,26,0
12255,"[4717, 0]",1,0,0,0
12256,"[4717, 1]",2,0,0,0
12257,"[4717, 2]",35,2,1,0
12258,"[4718, 0]",1,0,0,0
12259,"[4718, 1]",2,0,0,0
12260,"[4718, 2]",24,41,18,0
12261,"[4719, 0]",1,0,0,0
12262,"[4719, 1]",2,2,1,0
12263,"[4720, 0]",1,0,0,0
12264,"[4720, 1]",2,0,0,0
12265,"[4720, 2]",32,158,64,0
12266,"[4721, 0]",1,0,0,0
12267,"[4721, 1]",2,158,64,-1
12268,"[4722, 0]",1,0,0,0
12269,"[4722, 1]",2,158,64,0
12270,"[4723, 0]",1,59,28,0
12271,"[4724, 0]",1,158,64,0
12272,"[4725, 0]",1,0,0,0
12273,"[4725, 1]",2,158,64,0
12274,"[4726, 0]",1,0,0,0
12275,"[4726, 1]",2,158,64,0
12276,"[4727, 0]",1,158,64,0
12277,"[4728, 0]",1,0,0,0
12278,"[4728, 1]",2,2,1,0
12279,"[4729, 0]",1,158,64,0
12280,"[4730, 0]",1,0,0,0
12281,"[4730, 1]",2,158,64,0
12282,"[4731, 0]",1,41,18,0
12283,"[4732, 0]",1,0,0,0
12284,"[4732, 1]",2,0,0,3
12285,"[4732, 2]",20,57,26,0
12286,"[4733, 0]",1,158,64,0
12287,"[4734, 0]",1,0,0,0
12288,"[4734, 1]",2,158,64,0
12289,"[4735, 0]",1,158,64,0
12290,"[4736, 0]",1,0,0,0
12291,"[4736, 1]",2,41,18,0
12292,"[4737, 0]",1,0,0,0
12293,"[4737, 1]",2,158,64,-1
12294,"[4738, 0]",1,158,64,0
12295,"[4739, 0]",1,0,0,0
12296,"[4739, 1]",2,2,1,0
12297,"[4740, 0]",1,0,0,0
12298,"[4740, 1]",2,0,0,0
12299,"[4740, 2]",14,158,64,0
12300,"[4741, 0]",1,0,0,0
12301,"[4741, 1]",2,2,1,0
12302,"[4742, 0]",1,0,0,0
12303,"[4742, 1]",2,41,18,0
12304,"[4743, 0]",1,41,18,0
12305,"[4744, 0]",1,41,18,0
12306,"[4745, 0]",1,41,18,0
12307,"[4746, 0]",1,2,1,0
12308,"[4747, 0]",1,0,0,0
12309,"[4747, 1]",3,55,26,0
12310,"[4747, 2]",2,0,0,0
12311,"[4747, 3]",24,0,0,0
12312,"[4747, 4]",23,0,0,0
12313,"[4747, 5]",68,0,0,0
12314,"[4747, 6]",67,0,0,0
12315,"[4747, 7]",63,41,18,0
12316,"[4747, 8]",62,41,18,0
12317,"[4747, 9]",60,0,0,0
12318,"[4747, 10]",57,0,0,0
12319,"[4747, 11]",56,0,0,0
12320,"[4747, 12]",195,158,64,0
12321,"[4747, 13]",194,158,64,0
12322,"[4747, 14]",193,0,0,0
12323,"[4747, 15]",175,0,0,0
12324,"[4747, 16]",148,158,64,0
12325,"[4747, 17]",147,0,0,0
12326,"[4747, 18]",146,0,0,0
12327,"[4747, 19]",144,0,0,0
12328,"[4747, 20]",142,0,0,0
12329,"[4747, 21]",140,0,0,0
12330,"[4747, 22]",139,0,0,0
12331,"[4747, 23]",133,156,64,0
12332,"[4747, 24]",131,0,0,0
12333,"[4747, 25]",130,0,0,0
12334,"[4747, 26]",442,41,18,0
12335,"[4747, 27]",438,158,64,0
12336,"[4747, 28]",398,156,64,0
12337,"[4747, 29]",397,41,18,0
12338,"[4747, 30]",395,0,0,0
12339,"[4747, 31]",390,0,0,0
12340,"[4747, 32]",381,0,0,0
12341,"[4747, 33]",365,0,0,0
12342,"[4747, 34]",362,57,26,0
12343,"[4747, 35]",359,0,0,0
12344,"[4747, 36]",267,0,0,0
12345,"[4747, 37]",239,158,64,0
12346,"[4747, 38]",810,158,64,0
12347,"[4747, 39]",756,158,64,4
12348,"[4747, 40]",736,158,64,0
12349,"[4747, 41]",721,0,0,0
12350,"[4747, 42]",663,158,64,2
12351,"[4747, 43]",661,0,0,-1
12352,"[4747, 44]",660,0,0,-1
12353,"[4747, 45]",635,0,0,0
12354,"[4747, 46]",1224,41,18,0
12355,"[4747, 47]",1222,41,18,0
12356,"[4747, 48]",1221,0,0,0
12357,"[4747, 49]",1191,0,0,-1
12358,"[4747, 50]",1188,0,0,-1
12359,"[4747, 51]",1165,0,0,0
12360,"[4747, 52]",1661,41,18,0
12361,"[4747, 53]",1612,0,0,4
12362,"[4747, 54]",1524,41,18,0
12363,"[4747, 55]",1891,2,1,0
12364,"[4748, 0]",1,158,64,0
12365,"[4749, 0]",1,57,26,0
12366,"[4750, 0]",1,156,64,0
12367,"[4751, 0]",1,0,0,0
12368,"[4751, 1]",2,57,26,0
12369,"[4752, 0]",1,158,64,0
12370,"[4753, 0]",1,2,1,0
12371,"[4754, 0]",1,158,64,0
12372,"[4755, 0]",1,0,0,0
12373,"[4755, 1]",2,158,64,0
12374,"[4756, 0]",1,54,24,1
12375,"[4757, 0]",1,0,0,0
12376,"[4757, 1]",2,156,64,0
12377,"[4758, 0]",1,0,0,0
12378,"[4758, 1]",4,158,64,1
12379,"[4758, 2]",2,0,0,-1
12380,"[4758, 3]",33,156,64,-1
12381,"[4759, 0]",1,0,0,0
12382,"[4759, 1]",5,41,18,0
12383,"[4759, 2]",3,0,0,0
12384,"[4759, 3]",2,0,0,0
12385,"[4759, 4]",44,41,18,0
12386,"[4759, 5]",41,0,0,0
12387,"[4759, 6]",71,158,64,2
12388,"[4760, 0]",1,156,64,0
12389,"[4761, 0]",1,41,18,0
12390,"[4762, 0]",1,63,28,0
12391,"[4763, 0]",1,158,64,0
12392,"[4764, 0]",1,158,64,0
12393,"[4765, 0]",1,158,64,0
12394,"[4766, 0]",1,41,18,1
12395,"[4767, 0]",1,0,0,0
12396,"[4767, 1]",2,158,64,0
12397,"[4768, 0]",1,158,64,0
12398,"[4769, 0]",1,0,0,0
12399,"[4769, 1]",2,156,64,0
12400,"[4770, 0]",1,41,18,0
12401,"[4771, 0]",1,0,0,0
12402,"[4771, 1]",2,0,0,0
12403,"[4771, 2]",16,158,64,0
12404,"[4772, 0]",1,158,64,0
12405,"[4773, 0]",1,158,64,0
12406,"[4774, 0]",1,158,64,0
12407,"[4775, 0]",1,0,0,0
12408,"[4775, 1]",3,0,0,0
12409,"[4775, 2]",2,2,1,0
12410,"[4775, 3]",31,0,0,0
12411,"[4775, 4]",70,156,64,-1
12412,"[4776, 0]",1,41,18,0
12413,"[4777, 0]",1,0,0,0
12414,"[4777, 1]",2,156,64,0
12415,"[4778, 0]",1,0,0,0
12416,"[4778, 1]",2,158,64,3
12417,"[4779, 0]",1,156,64,0
12418,"[4780, 0]",1,0,0,0
12419,"[4780, 1]",2,55,26,0
12420,"[4781, 0]",1,0,0,0
12421,"[4781, 1]",2,158,64,0
12422,"[4782, 0]",1,0,0,0
12423,"[4782, 1]",2,41,18,0
12424,"[4783, 0]",1,158,64,0
12425,"[4784, 0]",1,41,18,0
12426,"[4785, 0]",1,57,26,0
12427,"[4786, 0]",1,0,0,0
12428,"[4786, 1]",2,158,64,0
12429,"[4787, 0]",1,0,0,0
12430,"[4787, 1]",6,57,26,0
12431,"[4787, 2]",4,0,0,0
12432,"[4787, 3]",2,0,0,0
12433,"[4787, 4]",36,158,64,0
12434,"[4787, 5]",25,158,64,0
12435,"[4788, 0]",1,0,0,0
12436,"[4788, 1]",2,158,64,0
12437,"[4789, 0]",1,57,26,0
12438,"[4790, 0]",1,158,64,0
12439,"[4791, 0]",1,0,0,0
12440,"[4791, 1]",2,0,0,0
12441,"[4791, 2]",34,158,64,0
12442,"[4792, 0]",1,0,0,0
12443,"[4792, 1]",6,41,18,0
12444,"[4792, 2]",4,0,0,0
12445,"[4792, 3]",3,0,0,0
12446,"[4792, 4]",41,0,0,0
12447,"[4792, 5]",36,0,0,0
12448,"[4792, 6]",91,158,64,0
12449,"[4792, 7]",74,158,64,0
12450,"[4793, 0]",1,0,0,0
12451,"[4793, 1]",5,156,64,-1
12452,"[4793, 2]",4,158,64,-1
12453,"[4793, 3]",29,0,0,-1
12454,"[4793, 4]",38,0,0,-1
12455,"[4793, 5]",229,158,64,-1
12456,"[4794, 0]",1,41,18,0
12457,"[4795, 0]",1,0,0,0
12458,"[4795, 1]",2,0,0,0
12459,"[4795, 2]",23,41,18,0
12460,"[4796, 0]",1,41,18,0
12461,"[4797, 0]",1,41,18,1
12462,"[4798, 0]",1,2,1,0
12463,"[4799, 0]",1,0,0,0
12464,"[4799, 1]",2,2,1,0
12465,"[4800, 0]",1,41,18,0
12466,"[4801, 0]",1,0,0,0
12467,"[4801, 1]",8,158,64,0
12468,"[4801, 2]",7,0,0,0
12469,"[4801, 3]",6,0,0,0
12470,"[4801, 4]",4,0,0,0
12471,"[4801, 5]",2,0,0,0
12472,"[4801, 6]",20,158,64,0
12473,"[4801, 7]",16,158,64,0
12474,"[4801, 8]",12,41,18,0
12475,"[4802, 0]",1,0,0,0
12476,"[4802, 1]",2,158,64,0
12477,"[4803, 0]",1,0,0,0
12478,"[4803, 1]",2,57,26,0
12479,"[4804, 0]",1,41,18,0
12480,"[4805, 0]",1,158,64,0
12481,"[4806, 0]",1,54,24,0
12482,"[4807, 0]",1,41,18,0
12483,"[4808, 0]",1,2,1,0
12484,"[4809, 0]",1,41,18,0
12485,"[4810, 0]",1,0,0,0
12486,"[4810, 1]",2,158,64,0
12487,"[4811, 0]",1,0,0,0
12488,"[4811, 1]",6,0,0,0
12489,"[4811, 2]",5,0,0,0
12490,"[4811, 3]",4,0,0,0
12491,"[4811, 4]",3,0,0,0
12492,"[4811, 5]",2,0,0,0
12493,"[4811, 6]",41,57,26,0
12494,"[4811, 7]",40,0,0,0
12495,"[4811, 8]",38,0,0,0
12496,"[4811, 9]",37,0,0,0
12497,"[4811, 10]",35,158,64,0
12498,"[4811, 11]",33,57,26,0
12499,"[4811, 12]",32,54,24,0
12500,"[4811, 13]",31,0,0,0
12501,"[4811, 14]",27,2,1,0
12502,"[4811, 15]",25,0,0,0
12503,"[4811, 16]",21,37,18,0
12504,"[4811, 17]",17,158,64,0
12505,"[4811, 18]",148,156,64,0
12506,"[4811, 19]",147,158,64,0
12507,"[4811, 20]",146,41,18,0
12508,"[4811, 21]",144,0,0,0
12509,"[4811, 22]",113,158,64,0
12510,"[4811, 23]",112,158,64,0
12511,"[4811, 24]",84,0,0,0
12512,"[4811, 25]",83,41,18,0
12513,"[4811, 26]",81,0,0,0
12514,"[4811, 27]",80,0,0,0
12515,"[4811, 28]",67,41,18,0
12516,"[4811, 29]",547,57,26,0
12517,"[4811, 30]",542,41,18,0
12518,"[4811, 31]",532,0,0,0
12519,"[4811, 32]",314,41,18,0
12520,"[4811, 33]",715,54,24,0
12521,"[4812, 0]",1,156,64,0
12522,"[4813, 0]",1,2,1,0
12523,"[4814, 0]",1,0,0,0
12524,"[4814, 1]",2,57,26,-1
12525,"[4815, 0]",1,0,0,0
12526,"[4815, 1]",6,57,26,0
12527,"[4815, 2]",3,0,0,0
12528,"[4815, 3]",2,0,0,0
12529,"[4815, 4]",33,0,0,0
12530,"[4815, 5]",30,158,64,0
12531,"[4815, 6]",62,0,0,0
12532,"[4815, 7]",176,0,0,0
12533,"[4815, 8]",191,158,64,-1
12534,"[4816, 0]",1,0,0,0
12535,"[4816, 1]",2,158,64,0
12536,"[4817, 0]",1,0,0,0
12537,"[4817, 1]",2,158,64,0
12538,"[4818, 0]",1,158,64,0
12539,"[4819, 0]",1,0,0,0
12540,"[4819, 1]",2,158,64,0
12541,"[4820, 0]",1,0,0,0
12542,"[4820, 1]",5,158,64,0
12543,"[4820, 2]",2,0,0,0
12544,"[4820, 3]",40,0,0,0
12545,"[4820, 4]",39,0,0,0
12546,"[4820, 5]",37,0,0,0
12547,"[4820, 6]",63,158,64,0
12548,"[4820, 7]",58,63,28,0
12549,"[4820, 8]",54,158,64,0
12550,"[4821, 0]",1,57,26,0
12551,"[4822, 0]",1,0,0,0
12552,"[4822, 1]",2,158,64,0
12553,"[4823, 0]",1,0,0,0
12554,"[4823, 1]",2,41,18,0
12555,"[4824, 0]",1,57,26,0
12556,"[4825, 0]",1,158,64,0
12557,"[4826, 0]",1,57,26,1
12558,"[4827, 0]",1,54,24,0
12559,"[4828, 0]",1,54,24,0
12560,"[4829, 0]",1,0,0,0
12561,"[4829, 1]",10,158,64,0
12562,"[4829, 2]",9,54,24,0
12563,"[4829, 3]",6,0,0,0
12564,"[4829, 4]",3,0,0,0
12565,"[4829, 5]",2,0,0,0
12566,"[4829, 6]",56,0,0,0
12567,"[4829, 7]",50,158,64,0
12568,"[4829, 8]",44,158,64,0
12569,"[4829, 9]",98,158,64,0
12570,"[4829, 10]",97,158,64,0
12571,"[4830, 0]",1,0,0,0
12572,"[4830, 1]",2,41,18,0
12573,"[4831, 0]",1,0,0,0
12574,"[4831, 1]",2,57,26,0
12575,"[4832, 0]",1,158,64,0
12576,"[4833, 0]",1,0,0,0
12577,"[4833, 1]",2,0,0,0
12578,"[4833, 2]",11,0,0,0
12579,"[4833, 3]",25,0,0,0
12580,"[4833, 4]",38,41,18,0
12581,"[4834, 0]",1,41,18,0
12582,"[4835, 0]",1,158,64,0
12583,"[4836, 0]",1,66,29,0
12584,"[4837, 0]",1,156,64,0
12585,"[4838, 0]",1,0,0,0
12586,"[4838, 1]",2,57,26,0
12587,"[4839, 0]",1,156,64,0
12588,"[4840, 0]",1,0,0,0
12589,"[4840, 1]",2,41,18,0
12590,"[4841, 0]",1,41,18,0
12591,"[4842, 0]",1,2,1,0
12592,"[4843, 0]",1,0,0,0
12593,"[4843, 1]",2,158,64,-1
12594,"[4844, 0]",1,158,64,0
12595,"[4845, 0]",1,54,24,0
12596,"[4846, 0]",1,158,64,0
12597,"[4847, 0]",1,0,0,0
12598,"[4847, 1]",5,57,26,0
12599,"[4847, 2]",4,41,18,0
12600,"[4847, 3]",2,0,0,0
12601,"[4847, 4]",39,0,0,0
12602,"[4847, 5]",38,158,64,0
12603,"[4847, 6]",73,59,28,0
12604,"[4848, 0]",1,158,64,0
12605,"[4849, 0]",1,41,18,0
12606,"[4850, 0]",1,158,64,1
12607,"[4851, 0]",1,0,0,0
12608,"[4851, 1]",3,0,0,0
12609,"[4851, 2]",2,57,26,0
12610,"[4851, 3]",27,0,0,1
12611,"[4851, 4]",56,158,64,0
12612,"[4852, 0]",1,158,64,0
12613,"[4853, 0]",1,0,0,0
12614,"[4853, 1]",2,158,64,0
12615,"[4854, 0]",1,158,64,0
12616,"[4855, 0]",1,41,18,0
12617,"[4856, 0]",1,0,0,0
12618,"[4856, 1]",4,158,64,0
12619,"[4857, 0]",1,0,0,0
12620,"[4857, 1]",6,54,24,0
12621,"[4857, 2]",5,64,29,0
12622,"[4857, 3]",4,41,18,0
12623,"[4857, 4]",2,0,0,0
12624,"[4857, 5]",51,158,64,0
12625,"[4857, 6]",50,0,0,0
12626,"[4857, 7]",48,0,0,0
12627,"[4857, 8]",95,0,0,0
12628,"[4857, 9]",74,0,0,0
12629,"[4857, 10]",282,41,18,0
12630,"[4857, 11]",251,158,64,0
12631,"[4858, 0]",1,158,64,1
12632,"[4859, 0]",1,0,0,0
12633,"[4859, 1]",2,0,0,3
12634,"[4860, 0]",1,59,28,0
12635,"[4861, 0]",1,0,0,0
12636,"[4861, 1]",2,158,64,0
12637,"[4862, 0]",1,0,0,0
12638,"[4862, 1]",2,0,0,0
12639,"[4862, 2]",21,2,1,0
12640,"[4862, 3]",20,158,64,0
12641,"[4863, 0]",1,0,0,0
12642,"[4863, 1]",4,158,64,0
12643,"[4863, 2]",3,0,0,0
12644,"[4863, 3]",22,2,1,0
12645,"[4864, 0]",1,158,64,0
12646,"[4865, 0]",1,0,0,0
12647,"[4865, 1]",2,0,0,0
12648,"[4865, 2]",16,2,1,0
12649,"[4866, 0]",1,54,24,0
12650,"[4867, 0]",1,57,26,0
12651,"[4868, 0]",1,0,0,0
12652,"[4868, 1]",3,158,64,0
12653,"[4868, 2]",2,0,0,0
12654,"[4868, 3]",23,0,0,0
12655,"[4868, 4]",57,41,18,0
12656,"[4869, 0]",1,0,0,0
12657,"[4869, 1]",2,54,24,0
12658,"[4870, 0]",1,0,0,0
12659,"[4870, 1]",4,0,0,0
12660,"[4870, 2]",18,158,64,0
12661,"[4871, 0]",1,158,64,0
12662,"[4872, 0]",1,0,0,0
12663,"[4872, 1]",3,0,0,0
12664,"[4872, 2]",2,0,0,0
12665,"[4872, 3]",29,0,0,0
12666,"[4872, 4]",25,0,0,0
12667,"[4872, 5]",80,158,64,-1
12668,"[4872, 6]",65,54,24,0
12669,"[4873, 0]",1,0,0,0
12670,"[4873, 1]",3,156,64,0
12671,"[4873, 2]",2,57,26,0
12672,"[4874, 0]",1,41,18,0
12673,"[4875, 0]",1,58,26,0
12674,"[4876, 0]",1,156,64,0
12675,"[4877, 0]",1,0,0,0
12676,"[4877, 1]",2,158,64,0
12677,"[4878, 0]",1,2,1,0
12678,"[4879, 0]",1,0,0,0
12679,"[4879, 1]",3,0,0,4
12680,"[4879, 2]",36,0,0,0
12681,"[4879, 3]",100,158,64,0
12682,"[4880, 0]",1,41,18,0
12683,"[4881, 0]",1,0,0,0
12684,"[4881, 1]",2,58,26,99
12685,"[4882, 0]",1,158,64,0
12686,"[4883, 0]",1,0,0,0
12687,"[4883, 1]",3,0,0,0
12688,"[4883, 2]",2,0,0,0
12689,"[4883, 3]",41,2,1,0
12690,"[4883, 4]",38,41,18,0
12691,"[4884, 0]",1,41,18,0
12692,"[4885, 0]",1,57,26,0
12693,"[4886, 0]",1,0,0,0
12694,"[4886, 1]",6,2,1,0
12695,"[4886, 2]",4,41,18,0
12696,"[4886, 3]",2,0,0,0
12697,"[4886, 4]",46,53,24,0
12698,"[4887, 0]",1,0,0,0
12699,"[4887, 1]",2,0,0,0
12700,"[4887, 2]",35,158,64,0
12701,"[4888, 0]",1,0,0,0
12702,"[4888, 1]",2,156,64,-1
12703,"[4889, 0]",1,158,64,0
12704,"[4890, 0]",1,156,64,0
12705,"[4891, 0]",1,57,26,0
12706,"[4892, 0]",1,158,64,1
12707,"[4893, 0]",1,0,0,0
12708,"[4893, 1]",2,0,0,0
12709,"[4893, 2]",50,158,64,0
12710,"[4894, 0]",1,0,0,0
12711,"[4894, 1]",2,0,0,0
12712,"[4894, 2]",20,158,64,0
12713,"[4895, 0]",1,0,0,0
12714,"[4895, 1]",2,158,64,0
12715,"[4896, 0]",1,41,18,0
12716,"[4897, 0]",1,41,18,0
12717,"[4898, 0]",1,156,64,0
12718,"[4899, 0]",1,0,0,0
12719,"[4899, 1]",5,54,24,0
12720,"[4899, 2]",4,54,24,0
12721,"[4899, 3]",2,0,0,0
12722,"[4899, 4]",42,158,64,0
12723,"[4899, 5]",40,0,0,0
12724,"[4899, 6]",59,0,0,0
12725,"[4899, 7]",207,2,1,0
12726,"[4900, 0]",1,0,0,0
12727,"[4900, 1]",4,0,0,0
12728,"[4900, 2]",20,156,64,-1
12729,"[4901, 0]",1,156,64,0
12730,"[4902, 0]",1,158,64,1
12731,"[4903, 0]",1,41,18,0
12732,"[4904, 0]",1,0,0,0
12733,"[4904, 1]",2,0,0,0
12734,"[4904, 2]",62,41,18,0
12735,"[4904, 3]",60,0,0,0
12736,"[4904, 4]",59,0,0,0
12737,"[4904, 5]",84,0,0,0
12738,"[4904, 6]",82,156,64,0
12739,"[4904, 7]",81,0,0,0
12740,"[4904, 8]",80,0,0,0
12741,"[4904, 9]",154,158,64,0
12742,"[4904, 10]",151,2,1,0
12743,"[4904, 11]",143,0,0,0
12744,"[4904, 12]",141,0,0,0
12745,"[4904, 13]",316,0,0,0
12746,"[4904, 14]",299,158,64,0
12747,"[4904, 15]",335,158,64,0
12748,"[4905, 0]",1,0,0,0
12749,"[4905, 1]",3,0,0,-1
12750,"[4905, 2]",40,158,64,-1
12751,"[4906, 0]",1,0,0,0
12752,"[4906, 1]",2,158,64,0
12753,"[4907, 0]",1,59,28,2
12754,"[4908, 0]",1,0,0,0
12755,"[4908, 1]",2,156,64,4
12756,"[4909, 0]",1,41,18,0
12757,"[4910, 0]",1,0,0,1
12758,"[4910, 1]",5,0,0,0
12759,"[4910, 2]",4,0,0,0
12760,"[4910, 3]",2,0,0,0
12761,"[4910, 4]",39,0,0,2
12762,"[4910, 5]",38,158,64,1
12763,"[4910, 6]",37,0,0,-1
12764,"[4910, 7]",19,0,0,0
12765,"[4910, 8]",16,158,64,1
12766,"[4910, 9]",78,57,26,0
12767,"[4910, 10]",56,0,0,3
12768,"[4910, 11]",47,158,64,4
12769,"[4910, 12]",162,0,0,0
12770,"[4910, 13]",305,41,18,6
12771,"[4911, 0]",1,0,0,0
12772,"[4911, 1]",2,156,64,0
12773,"[4912, 0]",1,0,0,0
12774,"[4912, 1]",6,0,0,0
12775,"[4912, 2]",4,158,64,0
12776,"[4912, 3]",3,0,0,0
12777,"[4912, 4]",2,0,0,0
12778,"[4912, 5]",35,0,0,0
12779,"[4912, 6]",31,0,0,0
12780,"[4912, 7]",15,57,26,2
12781,"[4912, 8]",122,158,64,-1
12782,"[4912, 9]",101,0,0,0
12783,"[4912, 10]",270,0,0,0
12784,"[4912, 11]",286,53,24,3
12785,"[4913, 0]",1,158,64,0
12786,"[4914, 0]",1,0,0,0
12787,"[4914, 1]",2,158,64,1
12788,"[4915, 0]",1,0,0,0
12789,"[4915, 1]",2,158,64,0
12790,"[4916, 0]",1,0,0,0
12791,"[4916, 1]",2,0,0,0
12792,"[4916, 2]",77,57,26,0
12793,"[4917, 0]",1,57,26,0
12794,"[4918, 0]",1,0,0,0
12795,"[4918, 1]",2,158,64,0
12796,"[4919, 0]",1,0,0,0
12797,"[4919, 1]",2,41,18,49
12798,"[4920, 0]",1,41,18,0
12799,"[4921, 0]",1,0,0,0
12800,"[4921, 1]",2,0,0,0
12801,"[4921, 2]",11,158,64,0
12802,"[4922, 0]",1,158,64,0
12803,"[4923, 0]",1,158,64,0
12804,"[4924, 0]",1,158,64,0
12805,"[4925, 0]",1,0,0,0
12806,"[4925, 1]",2,0,0,0
12807,"[4925, 2]",21,158,64,0
12808,"[4926, 0]",1,158,64,0
12809,"[4927, 0]",1,57,26,0
12810,"[4928, 0]",1,0,0,0
12811,"[4928, 1]",2,158,64,0
12812,"[4929, 0]",1,0,0,0
12813,"[4929, 1]",2,0,0,0
12814,"[4929, 2]",29,2,1,0
12815,"[4930, 0]",1,0,0,0
12816,"[4930, 1]",2,0,0,0
12817,"[4930, 2]",32,158,64,0
12818,"[4931, 0]",1,158,64,0
12819,"[4932, 0]",1,0,0,0
12820,"[4932, 1]",2,158,64,0
12821,"[4933, 0]",1,0,0,0
12822,"[4933, 1]",2,0,0,0
12823,"[4933, 2]",20,158,64,0
12824,"[4933, 3]",19,158,64,0
12825,"[4934, 0]",1,158,64,0
12826,"[4935, 0]",1,57,26,0
12827,"[4936, 0]",1,158,64,0
12828,"[4937, 0]",1,57,26,1
12829,"[4938, 0]",1,0,0,0
12830,"[4938, 1]",2,0,0,0
12831,"[4938, 2]",68,0,0,0
12832,"[4938, 3]",93,57,26,17
12833,"[4939, 0]",1,158,64,0
12834,"[4940, 0]",1,0,0,0
12835,"[4940, 1]",2,0,0,0
12836,"[4940, 2]",15,156,64,0
12837,"[4941, 0]",1,2,1,0
12838,"[4942, 0]",1,0,0,1
12839,"[4942, 1]",2,158,64,-1
12840,"[4943, 0]",1,0,0,0
12841,"[4943, 1]",2,156,64,0
12842,"[4944, 0]",1,41,18,0
12843,"[4945, 0]",1,158,64,0
12844,"[4946, 0]",1,41,18,0
12845,"[4947, 0]",1,0,0,0
12846,"[4947, 1]",3,158,64,-1
12847,"[4947, 2]",2,0,0,-1
12848,"[4947, 3]",54,158,64,-1
12849,"[4948, 0]",1,156,64,0
12850,"[4949, 0]",1,57,26,0
12851,"[4950, 0]",1,41,18,0
12852,"[4951, 0]",1,0,0,0
12853,"[4951, 1]",2,0,0,0
12854,"[4951, 2]",21,158,64,0
12855,"[4951, 3]",20,41,18,0
12856,"[4951, 4]",19,2,1,0
12857,"[4952, 0]",1,0,0,0
12858,"[4952, 1]",4,158,64,0
12859,"[4952, 2]",2,0,0,0
12860,"[4952, 3]",40,158,64,0
12861,"[4953, 0]",1,41,18,0
12862,"[4954, 0]",1,41,18,0
12863,"[4955, 0]",1,2,1,0
12864,"[4956, 0]",1,158,64,0
12865,"[4957, 0]",1,0,0,0
12866,"[4957, 1]",2,0,0,0
12867,"[4957, 2]",50,41,18,0
12868,"[4957, 3]",49,53,24,0
12869,"[4957, 4]",47,0,0,0
12870,"[4957, 5]",79,158,64,0
12871,"[4958, 0]",1,57,26,0
12872,"[4959, 0]",1,57,26,0
12873,"[4960, 0]",1,0,0,0
12874,"[4960, 1]",2,41,18,0
12875,"[4961, 0]",1,55,26,0
12876,"[4962, 0]",1,0,0,0
12877,"[4962, 1]",2,0,0,0
12878,"[4962, 2]",26,41,18,0
12879,"[4963, 0]",1,0,0,0
12880,"[4963, 1]",5,58,26,0
12881,"[4963, 2]",3,0,0,0
12882,"[4963, 3]",2,0,0,0
12883,"[4963, 4]",25,158,64,2
12884,"[4963, 5]",22,55,26,8
12885,"[4964, 0]",1,57,26,0
12886,"[4965, 0]",1,0,0,0
12887,"[4965, 1]",2,41,18,0
12888,"[4966, 0]",1,0,0,0
12889,"[4966, 1]",2,0,0,0
12890,"[4966, 2]",35,57,26,0
12891,"[4967, 0]",1,158,64,0
12892,"[4968, 0]",1,0,0,0
12893,"[4968, 1]",2,41,18,0
12894,"[4969, 0]",1,158,64,0
12895,"[4970, 0]",1,0,0,0
12896,"[4970, 1]",2,0,0,0
12897,"[4970, 2]",32,2,1,0
12898,"[4971, 0]",1,158,64,0
12899,"[4972, 0]",1,0,0,0
12900,"[4972, 1]",2,41,18,0
12901,"[4973, 0]",1,0,0,0
12902,"[4973, 1]",2,58,26,-1
12903,"[4974, 0]",1,0,0,0
12904,"[4974, 1]",2,158,64,0
12905,"[4975, 0]",1,41,18,0
12906,"[4976, 0]",1,0,0,0
12907,"[4976, 1]",2,0,0,-1
12908,"[4976, 2]",32,0,0,-1
12909,"[4977, 0]",1,57,26,0
12910,"[4978, 0]",1,158,64,0
12911,"[4979, 0]",1,156,64,0
12912,"[4980, 0]",1,0,0,0
12913,"[4980, 1]",2,158,64,0
12914,"[4981, 0]",1,0,0,0
12915,"[4981, 1]",2,41,18,0
12916,"[4982, 0]",1,0,0,0
12917,"[4982, 1]",2,0,0,0
12918,"[4982, 2]",28,0,0,0
12919,"[4982, 3]",60,54,24,0
12920,"[4983, 0]",1,75,32,0
12921,"[4984, 0]",1,0,0,0
12922,"[4984, 1]",2,0,0,0
12923,"[4984, 2]",24,0,0,0
12924,"[4984, 3]",53,0,0,0
12925,"[4984, 4]",99,158,64,0
12926,"[4985, 0]",1,158,64,1
12927,"[4986, 0]",1,51,24,0
12928,"[4987, 0]",1,158,64,0
12929,"[4988, 0]",1,158,64,0
12930,"[4989, 0]",1,0,0,0
12931,"[4989, 1]",4,0,0,0
12932,"[4989, 2]",2,0,0,0
12933,"[4989, 3]",29,0,0,0
12934,"[4989, 4]",14,58,26,5
12935,"[4989, 5]",40,158,64,0
12936,"[4990, 0]",1,156,64,0
12937,"[4991, 0]",1,41,18,0
12938,"[4992, 0]",1,41,18,0
12939,"[4993, 0]",1,0,0,0
12940,"[4993, 1]",2,0,0,-1
12941,"[4994, 0]",1,158,64,0
12942,"[4995, 0]",1,41,18,0
12943,"[4996, 0]",1,51,24,0
12944,"[4997, 0]",1,0,0,0
12945,"[4997, 1]",11,57,26,0
12946,"[4997, 2]",10,57,26,0
12947,"[4997, 3]",9,0,0,0
12948,"[4997, 4]",8,0,0,0
12949,"[4997, 5]",3,0,0,0
12950,"[4997, 6]",2,0,0,0
12951,"[4997, 7]",63,0,0,0
12952,"[4997, 8]",61,0,0,0
12953,"[4997, 9]",58,0,0,0
12954,"[4997, 10]",53,0,0,0
12955,"[4997, 11]",49,0,0,0
12956,"[4997, 12]",46,0,0,-1
12957,"[4997, 13]",183,158,64,11
12958,"[4997, 14]",172,158,64,0
12959,"[4997, 15]",146,2,1,0
12960,"[4997, 16]",145,158,64,0
12961,"[4997, 17]",111,0,0,0
12962,"[4997, 18]",88,158,64,0
12963,"[4997, 19]",74,158,64,2
12964,"[4997, 20]",336,0,0,-1
12965,"[4997, 21]",410,158,64,2
12966,"[4998, 0]",1,158,64,0
12967,"[4999, 0]",1,0,0,0
12968,"[4999, 1]",2,0,0,0
12969,"[4999, 2]",18,57,26,0
12970,"[5000, 0]",1,0,0,0
12971,"[5000, 1]",2,41,18,0
12972,"[5001, 0]",1,0,0,0
12973,"[5001, 1]",2,156,64,0
12974,"[5002, 0]",1,158,64,0
12975,"[5003, 0]",1,158,64,0
12976,"[5004, 0]",1,0,0,0
12977,"[5004, 1]",5,158,64,0
12978,"[5004, 2]",4,0,0,0
12979,"[5004, 3]",3,0,0,0
12980,"[5004, 4]",40,158,64,0
12981,"[5004, 5]",37,41,18,0
12982,"[5005, 0]",1,158,64,0
12983,"[5006, 0]",1,0,0,0
12984,"[5006, 1]",2,57,26,0
12985,"[5007, 0]",1,0,0,0
12986,"[5007, 1]",2,158,64,0
12987,"[5008, 0]",1,0,0,0
12988,"[5008, 1]",2,59,28,0
12989,"[5009, 0]",1,41,18,0
12990,"[5010, 0]",1,0,0,0
12991,"[5010, 1]",2,41,18,0
12992,"[5011, 0]",1,158,64,0
12993,"[5012, 0]",1,0,0,0
12994,"[5012, 1]",2,41,18,0
12995,"[5013, 0]",1,41,18,0
12996,"[5014, 0]",1,158,64,0
12997,"[5015, 0]",1,0,0,0
12998,"[5015, 1]",2,0,0,0
12999,"[5015, 2]",23,57,26,0
13000,"[5016, 0]",1,59,28,0
13001,"[5017, 0]",1,0,0,0
13002,"[5017, 1]",4,41,18,0
13003,"[5017, 2]",2,0,0,0
13004,"[5017, 3]",16,158,64,0
13005,"[5018, 0]",1,0,0,1
13006,"[5018, 1]",6,0,0,0
13007,"[5018, 2]",5,0,0,0
13008,"[5018, 3]",3,0,0,0
13009,"[5018, 4]",2,158,64,0
13010,"[5018, 5]",60,0,0,1
13011,"[5018, 6]",45,158,64,0
13012,"[5018, 7]",42,158,64,0
13013,"[5018, 8]",205,2,1,1
13014,"[5019, 0]",1,41,18,0
13015,"[5020, 0]",1,41,18,0
13016,"[5021, 0]",1,158,64,0
13017,"[5022, 0]",1,158,64,0
13018,"[5023, 0]",1,0,0,0
13019,"[5023, 1]",2,2,1,0
13020,"[5024, 0]",1,41,18,0
13021,"[5025, 0]",1,0,0,0
13022,"[5025, 1]",2,57,26,0
13023,"[5026, 0]",1,41,18,0
13024,"[5027, 0]",1,0,0,0
13025,"[5027, 1]",3,0,0,0
13026,"[5027, 2]",2,0,0,0
13027,"[5027, 3]",37,0,0,0
13028,"[5027, 4]",34,158,64,0
13029,"[5027, 5]",63,41,18,0
13030,"[5028, 0]",1,158,64,0
13031,"[5029, 0]",1,158,64,0
13032,"[5030, 0]",1,158,64,1
13033,"[5031, 0]",1,59,28,0
13034,"[5032, 0]",1,158,64,0
13035,"[5033, 0]",1,158,64,0
13036,"[5034, 0]",1,158,64,0
13037,"[5035, 0]",1,0,0,0
13038,"[5035, 1]",2,158,64,0
13039,"[5036, 0]",1,0,0,0
13040,"[5036, 1]",2,57,26,0
13041,"[5037, 0]",1,158,64,0
13042,"[5038, 0]",1,0,0,0
13043,"[5038, 1]",9,2,1,0
13044,"[5038, 2]",8,158,64,0
13045,"[5038, 3]",7,41,18,0
13046,"[5038, 4]",6,0,0,0
13047,"[5038, 5]",4,0,0,0
13048,"[5038, 6]",2,0,0,0
13049,"[5038, 7]",42,158,64,0
13050,"[5038, 8]",38,2,1,0
13051,"[5038, 9]",35,158,64,0
13052,"[5039, 0]",1,0,0,0
13053,"[5039, 1]",7,158,64,0
13054,"[5039, 2]",6,0,0,0
13055,"[5039, 3]",4,0,0,0
13056,"[5039, 4]",3,0,0,0
13057,"[5039, 5]",2,0,0,0
13058,"[5039, 6]",63,0,0,0
13059,"[5039, 7]",60,0,0,0
13060,"[5039, 8]",59,0,0,0
13061,"[5039, 9]",57,0,0,0
13062,"[5039, 10]",51,41,18,0
13063,"[5039, 11]",34,2,1,0
13064,"[5039, 12]",114,156,64,0
13065,"[5039, 13]",98,158,64,0
13066,"[5039, 14]",94,2,1,4
13067,"[5039, 15]",84,158,64,0
13068,"[5039, 16]",83,158,64,0
13069,"[5040, 0]",1,0,0,0
13070,"[5040, 1]",2,57,26,0
13071,"[5041, 0]",1,158,64,0
13072,"[5042, 0]",1,0,0,1
13073,"[5042, 1]",5,2,1,0
13074,"[5042, 2]",4,158,64,0
13075,"[5042, 3]",3,2,1,0
13076,"[5043, 0]",1,0,0,0
13077,"[5043, 1]",2,158,64,6
13078,"[5044, 0]",1,0,0,0
13079,"[5044, 1]",6,41,18,0
13080,"[5044, 2]",4,0,0,0
13081,"[5044, 3]",2,0,0,0
13082,"[5044, 4]",30,158,64,0
13083,"[5045, 0]",1,41,18,0
13084,"[5046, 0]",1,0,0,0
13085,"[5046, 1]",2,0,0,0
13086,"[5046, 2]",83,158,64,0
13087,"[5047, 0]",1,0,0,0
13088,"[5047, 1]",2,2,1,0
13089,"[5048, 0]",1,2,1,0
13090,"[5049, 0]",1,2,1,0
13091,"[5050, 0]",1,158,64,0
13092,"[5051, 0]",1,2,1,0
13093,"[5052, 0]",1,0,0,0
13094,"[5052, 1]",2,158,64,0
13095,"[5053, 0]",1,0,0,0
13096,"[5053, 1]",2,156,64,-1
13097,"[5054, 0]",1,0,0,0
13098,"[5054, 1]",3,0,0,0
13099,"[5054, 2]",2,158,64,0
13100,"[5054, 3]",24,2,1,0
13101,"[5055, 0]",1,158,64,0
13102,"[5056, 0]",1,41,18,0
13103,"[5057, 0]",1,0,0,0
13104,"[5057, 1]",2,0,0,0
13105,"[5057, 2]",41,158,64,0
13106,"[5058, 0]",1,0,0,0
13107,"[5058, 1]",2,0,0,0
13108,"[5058, 2]",32,41,18,0
13109,"[5059, 0]",1,2,1,0
13110,"[5060, 0]",1,0,0,0
13111,"[5060, 1]",2,158,64,0
13112,"[5061, 0]",1,0,0,0
13113,"[5061, 1]",2,0,0,0
13114,"[5061, 2]",76,158,64,0
13115,"[5062, 0]",1,0,0,0
13116,"[5062, 1]",2,2,1,0
13117,"[5063, 0]",1,0,0,0
13118,"[5063, 1]",2,53,24,3
13119,"[5064, 0]",1,57,26,0
13120,"[5065, 0]",1,57,26,1
13121,"[5066, 0]",1,158,64,0
13122,"[5067, 0]",1,0,0,0
13123,"[5067, 1]",2,41,18,0
13124,"[5068, 0]",1,41,18,0
13125,"[5069, 0]",1,158,64,0
13126,"[5070, 0]",1,0,0,0
13127,"[5070, 1]",6,0,0,0
13128,"[5070, 2]",5,158,64,0
13129,"[5070, 3]",2,0,0,0
13130,"[5070, 4]",46,57,26,0
13131,"[5070, 5]",45,57,26,0
13132,"[5070, 6]",27,2,1,0
13133,"[5071, 0]",1,158,64,0
13134,"[5072, 0]",1,41,18,0
13135,"[5073, 0]",1,156,64,0
13136,"[5074, 0]",1,0,0,0
13137,"[5074, 1]",2,0,0,0
13138,"[5074, 2]",16,0,0,0
13139,"[5074, 3]",26,41,18,0
13140,"[5075, 0]",1,158,64,0
13141,"[5076, 0]",1,0,0,0
13142,"[5076, 1]",2,57,26,0
13143,"[5077, 0]",1,0,0,0
13144,"[5077, 1]",2,158,64,0
13145,"[5078, 0]",1,41,18,0
13146,"[5079, 0]",1,0,0,0
13147,"[5079, 1]",2,158,64,-1
13148,"[5080, 0]",1,0,0,0
13149,"[5080, 1]",2,158,64,1
13150,"[5081, 0]",1,41,18,0
13151,"[5082, 0]",1,41,18,0
13152,"[5083, 0]",1,0,0,0
13153,"[5083, 1]",2,158,64,0
13154,"[5084, 0]",1,158,64,0
13155,"[5085, 0]",1,0,0,0
13156,"[5085, 1]",3,156,64,0
13157,"[5085, 2]",2,0,0,0
13158,"[5085, 3]",10,158,64,0
13159,"[5086, 0]",1,0,0,0
13160,"[5086, 1]",2,2,1,1
13161,"[5087, 0]",1,57,26,0
13162,"[5088, 0]",1,57,26,0
13163,"[5089, 0]",1,41,18,0
13164,"[5090, 0]",1,0,0,0
13165,"[5090, 1]",2,158,64,0
13166,"[5091, 0]",1,0,0,0
13167,"[5091, 1]",2,0,0,0
13168,"[5091, 2]",62,158,64,0
13169,"[5092, 0]",1,0,0,0
13170,"[5092, 1]",2,0,0,0
13171,"[5092, 2]",52,2,1,0
13172,"[5093, 0]",1,158,64,0
13173,"[5094, 0]",1,156,64,0
13174,"[5095, 0]",1,41,18,0
13175,"[5096, 0]",1,158,64,0
13176,"[5097, 0]",1,57,26,0
13177,"[5098, 0]",1,41,18,0
13178,"[5099, 0]",1,158,64,0
13179,"[5100, 0]",1,0,0,0
13180,"[5100, 1]",2,0,0,0
13181,"[5100, 2]",68,57,26,0
13182,"[5101, 0]",1,158,64,0
13183,"[5102, 0]",1,57,26,0
13184,"[5103, 0]",1,0,0,0
13185,"[5103, 1]",5,0,0,0
13186,"[5103, 2]",4,0,0,0
13187,"[5103, 3]",3,0,0,0
13188,"[5103, 4]",38,158,64,0
13189,"[5103, 5]",35,0,0,0
13190,"[5103, 6]",32,0,0,-1
13191,"[5103, 7]",103,158,64,2
13192,"[5103, 8]",88,57,26,0
13193,"[5104, 0]",1,158,64,0
13194,"[5105, 0]",1,0,0,0
13195,"[5105, 1]",2,0,0,0
13196,"[5105, 2]",12,41,18,0
13197,"[5106, 0]",1,158,64,0
13198,"[5107, 0]",1,156,64,0
13199,"[5108, 0]",1,0,0,0
13200,"[5108, 1]",2,0,0,0
13201,"[5108, 2]",21,158,64,10
13202,"[5109, 0]",1,57,26,1
13203,"[5110, 0]",1,41,18,0
13204,"[5111, 0]",1,158,64,0
13205,"[5112, 0]",1,158,64,0
13206,"[5113, 0]",1,41,18,0
13207,"[5114, 0]",1,158,64,0
13208,"[5115, 0]",1,0,0,0
13209,"[5115, 1]",2,2,1,0
13210,"[5116, 0]",1,158,64,0
13211,"[5117, 0]",1,0,0,0
13212,"[5117, 1]",2,0,0,0
13213,"[5117, 2]",15,41,18,0
13214,"[5118, 0]",1,41,18,0
13215,"[5119, 0]",1,0,0,0
13216,"[5119, 1]",2,0,0,1
13217,"[5119, 2]",61,158,64,-1
13218,"[5120, 0]",1,158,64,0
13219,"[5121, 0]",1,0,0,0
13220,"[5121, 1]",2,156,64,0
13221,"[5122, 0]",1,2,1,0
13222,"[5123, 0]",1,158,64,0
13223,"[5124, 0]",1,2,1,0
13224,"[5125, 0]",1,0,0,0
13225,"[5125, 1]",2,0,0,0
13226,"[5125, 2]",42,158,64,1
13227,"[5126, 0]",1,41,18,0
13228,"[5127, 0]",1,2,1,0
13229,"[5128, 0]",1,158,64,0
13230,"[5129, 0]",1,0,0,0
13231,"[5129, 1]",2,158,64,0
13232,"[5130, 0]",1,51,24,1
13233,"[5131, 0]",1,51,24,0
13234,"[5132, 0]",1,54,24,0
13235,"[5133, 0]",1,57,26,0
13236,"[5134, 0]",1,0,0,0
13237,"[5134, 1]",7,158,64,0
13238,"[5134, 2]",5,0,0,0
13239,"[5134, 3]",3,0,0,0
13240,"[5134, 4]",2,0,0,0
13241,"[5134, 5]",55,57,26,-1
13242,"[5134, 6]",52,158,64,-1
13243,"[5134, 7]",50,158,64,0
13244,"[5134, 8]",49,0,0,0
13245,"[5134, 9]",38,158,64,0
13246,"[5134, 10]",123,57,26,-1
13247,"[5135, 0]",1,158,64,0
13248,"[5136, 0]",1,158,64,0
13249,"[5137, 0]",1,158,64,0
13250,"[5138, 0]",1,0,0,0
13251,"[5138, 1]",2,158,64,0
13252,"[5139, 0]",1,0,0,0
13253,"[5139, 1]",2,2,1,0
13254,"[5140, 0]",1,158,64,1
13255,"[5141, 0]",1,0,0,0
13256,"[5141, 1]",2,156,64,0
13257,"[5142, 0]",1,0,0,0
13258,"[5142, 1]",2,158,64,0
13259,"[5143, 0]",1,158,64,0
13260,"[5144, 0]",1,54,24,0
13261,"[5145, 0]",1,0,0,0
13262,"[5145, 1]",2,41,18,0
13263,"[5146, 0]",1,0,0,0
13264,"[5146, 1]",2,57,26,6
13265,"[5147, 0]",1,0,0,0
13266,"[5147, 1]",2,158,64,0
13267,"[5148, 0]",1,0,0,0
13268,"[5148, 1]",2,156,64,0
13269,"[5149, 0]",1,158,64,0
13270,"[5150, 0]",1,0,0,0
13271,"[5150, 1]",3,158,64,0
13272,"[5150, 2]",2,0,0,0
13273,"[5150, 3]",10,57,26,0
13274,"[5151, 0]",1,158,64,0
13275,"[5152, 0]",1,158,64,0
13276,"[5153, 0]",1,0,0,0
13277,"[5153, 1]",2,158,64,22
13278,"[5154, 0]",1,0,0,0
13279,"[5154, 1]",2,158,64,0
13280,"[5155, 0]",1,0,0,0
13281,"[5155, 1]",5,0,0,0
13282,"[5155, 2]",4,0,0,0
13283,"[5155, 3]",3,0,0,0
13284,"[5155, 4]",44,0,0,0
13285,"[5155, 5]",41,0,0,0
13286,"[5155, 6]",38,57,26,0
13287,"[5155, 7]",104,0,0,-1
13288,"[5155, 8]",99,61,28,2
13289,"[5155, 9]",152,158,64,1
13290,"[5156, 0]",1,2,1,0
13291,"[5157, 0]",1,41,18,0
13292,"[5158, 0]",1,0,0,0
13293,"[5158, 1]",6,57,26,0
13294,"[5158, 2]",5,57,26,0
13295,"[5158, 3]",2,0,0,0
13296,"[5158, 4]",32,156,64,0
13297,"[5158, 5]",30,0,0,0
13298,"[5158, 6]",29,0,0,0
13299,"[5158, 7]",56,0,0,0
13300,"[5158, 8]",49,0,0,0
13301,"[5158, 9]",153,41,18,0
13302,"[5158, 10]",122,41,18,0
13303,"[5159, 0]",1,0,0,0
13304,"[5159, 1]",6,158,64,0
13305,"[5159, 2]",4,0,0,0
13306,"[5159, 3]",3,0,0,0
13307,"[5159, 4]",23,158,64,0
13308,"[5159, 5]",20,0,0,0
13309,"[5159, 6]",52,54,24,0
13310,"[5160, 0]",1,0,0,0
13311,"[5160, 1]",2,158,64,0
13312,"[5161, 0]",1,158,64,0
13313,"[5162, 0]",1,0,0,0
13314,"[5162, 1]",2,2,1,0
13315,"[5163, 0]",1,158,64,0
13316,"[5164, 0]",1,57,26,0
13317,"[5165, 0]",1,0,0,0
13318,"[5165, 1]",5,156,64,0
13319,"[5165, 2]",3,0,0,0
13320,"[5165, 3]",2,0,0,0
13321,"[5165, 4]",37,0,0,0
13322,"[5165, 5]",33,0,0,0
13323,"[5165, 6]",32,158,64,0
13324,"[5165, 7]",86,59,28,0
13325,"[5165, 8]",55,0,0,0
13326,"[5165, 9]",54,2,1,0
13327,"[5165, 10]",400,53,24,-1
13328,"[5166, 0]",1,41,18,0
13329,"[5167, 0]",1,0,0,0
13330,"[5167, 1]",2,0,0,0
13331,"[5167, 2]",22,158,64,0
13332,"[5168, 0]",1,0,0,0
13333,"[5168, 1]",3,158,64,68
13334,"[5168, 2]",2,158,64,-1
13335,"[5169, 0]",1,156,64,0
13336,"[5170, 0]",1,0,0,0
13337,"[5170, 1]",2,41,18,0
13338,"[5171, 0]",1,158,64,0
13339,"[5172, 0]",1,57,26,0
13340,"[5173, 0]",1,0,0,0
13341,"[5173, 1]",2,41,18,0
13342,"[5174, 0]",1,0,0,0
13343,"[5174, 1]",4,0,0,0
13344,"[5174, 2]",3,0,0,0
13345,"[5174, 3]",2,0,0,0
13346,"[5174, 4]",44,158,64,6
13347,"[5174, 5]",42,156,64,4
13348,"[5174, 6]",36,158,64,0
13349,"[5174, 7]",33,158,64,0
13350,"[5175, 0]",1,41,18,0
13351,"[5176, 0]",1,0,0,0
13352,"[5176, 1]",2,158,64,0
13353,"[5177, 0]",1,0,0,0
13354,"[5177, 1]",8,0,0,-1
13355,"[5177, 2]",7,156,64,3
13356,"[5177, 3]",5,158,64,-1
13357,"[5177, 4]",21,158,64,-1
13358,"[5178, 0]",1,0,0,0
13359,"[5178, 1]",8,156,64,0
13360,"[5178, 2]",5,0,0,0
13361,"[5178, 3]",3,0,0,0
13362,"[5178, 4]",2,0,0,0
13363,"[5178, 5]",71,0,0,0
13364,"[5178, 6]",70,0,0,0
13365,"[5178, 7]",69,0,0,0
13366,"[5178, 8]",66,0,0,0
13367,"[5178, 9]",64,0,0,0
13368,"[5178, 10]",63,0,0,0
13369,"[5178, 11]",62,0,0,0
13370,"[5178, 12]",53,0,0,0
13371,"[5178, 13]",48,158,64,-1
13372,"[5178, 14]",182,57,26,1
13373,"[5178, 15]",122,0,0,0
13374,"[5178, 16]",120,0,0,0
13375,"[5178, 17]",119,0,0,0
13376,"[5178, 18]",115,0,0,0
13377,"[5178, 19]",114,0,0,0
13378,"[5178, 20]",112,158,64,0
13379,"[5178, 21]",110,0,0,0
13380,"[5178, 22]",106,41,18,0
13381,"[5178, 23]",105,2,1,0
13382,"[5178, 24]",101,55,26,0
13383,"[5178, 25]",98,0,0,0
13384,"[5178, 26]",95,158,64,0
13385,"[5178, 27]",496,158,64,0
13386,"[5178, 28]",435,0,0,0
13387,"[5178, 29]",410,0,0,0
13388,"[5178, 30]",407,2,1,0
13389,"[5178, 31]",383,0,0,0
13390,"[5178, 32]",379,158,64,0
13391,"[5178, 33]",376,158,64,0
13392,"[5178, 34]",894,41,18,0
13393,"[5178, 35]",846,64,29,0
13394,"[5178, 36]",704,59,28,0
13395,"[5179, 0]",1,0,0,0
13396,"[5179, 1]",4,0,0,0
13397,"[5179, 2]",2,0,0,0
13398,"[5179, 3]",51,0,0,0
13399,"[5179, 4]",40,57,26,0
13400,"[5179, 5]",65,158,64,0
13401,"[5180, 0]",1,0,0,0
13402,"[5180, 1]",2,57,26,0
13403,"[5181, 0]",1,0,0,0
13404,"[5181, 1]",3,57,26,0
13405,"[5181, 2]",2,158,64,0
13406,"[5182, 0]",1,51,24,0
13407,"[5183, 0]",1,0,0,0
13408,"[5183, 1]",3,158,64,0
13409,"[5183, 2]",2,0,0,0
13410,"[5183, 3]",11,158,64,0
13411,"[5184, 0]",1,158,64,0
13412,"[5185, 0]",1,158,64,0
13413,"[5186, 0]",1,0,0,0
13414,"[5186, 1]",2,57,26,0
13415,"[5187, 0]",1,0,0,0
13416,"[5187, 1]",2,0,0,0
13417,"[5187, 2]",17,0,0,0
13418,"[5187, 3]",48,158,64,0
13419,"[5188, 0]",1,158,64,0
13420,"[5189, 0]",1,2,1,0
13421,"[5190, 0]",1,0,0,0
13422,"[5190, 1]",3,51,24,0
13423,"[5190, 2]",2,156,64,0
13424,"[5191, 0]",1,156,64,0
13425,"[5192, 0]",1,158,64,0
13426,"[5193, 0]",1,0,0,0
13427,"[5194, 0]",1,158,64,0
13428,"[5195, 0]",1,41,18,0
13429,"[5196, 0]",1,0,0,0
13430,"[5196, 1]",2,0,0,-1
13431,"[5196, 2]",42,0,0,-1
13432,"[5196, 4]",107,158,64,-1
13433,"[5197, 0]",1,0,0,0
13434,"[5197, 1]",2,0,0,0
13435,"[5197, 2]",80,158,64,0
13436,"[5198, 0]",1,0,0,0
13437,"[5198, 1]",2,51,24,0
13438,"[5199, 0]",1,0,0,0
13439,"[5199, 1]",2,2,1,0
13440,"[5200, 0]",1,0,0,0
13441,"[5200, 1]",2,158,64,11
13442,"[5201, 0]",1,41,18,0
13443,"[5202, 0]",1,158,64,0
13444,"[5203, 0]",1,0,0,0
13445,"[5203, 1]",3,2,1,0
13446,"[5203, 2]",2,57,26,0
13447,"[5204, 0]",1,158,64,0
13448,"[5205, 0]",1,0,0,0
13449,"[5205, 1]",2,158,64,0
13450,"[5206, 0]",1,0,0,0
13451,"[5206, 1]",2,0,0,0
13452,"[5206, 2]",25,0,0,0
13453,"[5206, 3]",51,158,64,0
13454,"[5207, 0]",1,158,64,0
13455,"[5208, 0]",1,41,18,0
13456,"[5209, 0]",1,41,18,0
13457,"[5210, 0]",1,0,0,0
13458,"[5210, 1]",2,0,0,0
13459,"[5210, 2]",26,0,0,0
13460,"[5210, 3]",40,41,18,0
13461,"[5211, 0]",1,0,0,0
13462,"[5211, 1]",2,41,18,0
13463,"[5212, 0]",1,57,26,0
13464,"[5213, 0]",1,41,18,0
13465,"[5214, 0]",1,0,0,0
13466,"[5214, 1]",2,158,64,0
13467,"[5215, 0]",1,158,64,0
13468,"[5216, 0]",1,158,64,0
13469,"[5217, 0]",1,0,0,0
13470,"[5217, 1]",2,0,0,0
13471,"[5217, 2]",13,156,64,0
13472,"[5218, 0]",1,41,18,0
13473,"[5219, 0]",1,41,18,0
13474,"[5220, 0]",1,0,0,0
13475,"[5220, 1]",2,57,26,0
13476,"[5221, 0]",1,0,0,0
13477,"[5221, 1]",2,158,64,0
13478,"[5222, 0]",1,158,64,0
13479,"[5223, 0]",1,41,18,0
13480,"[5224, 0]",1,41,18,0
13481,"[5225, 0]",1,158,64,0
13482,"[5226, 0]",1,0,0,0
13483,"[5226, 1]",2,54,24,0
13484,"[5227, 0]",1,41,18,0
13485,"[5228, 0]",1,156,64,0
13486,"[5229, 0]",1,158,64,0
13487,"[5230, 0]",1,41,18,0
13488,"[5231, 0]",1,0,0,0
13489,"[5231, 1]",3,0,0,0
13490,"[5231, 2]",26,158,64,-1
13491,"[5232, 0]",1,158,64,0
13492,"[5233, 0]",1,158,64,0
13493,"[5234, 0]",1,0,0,0
13494,"[5234, 1]",2,54,24,0
13495,"[5235, 0]",1,2,1,0
13496,"[5236, 0]",1,0,0,0
13497,"[5236, 1]",2,41,18,0
13498,"[5237, 0]",1,158,64,0
13499,"[5238, 0]",1,0,0,0
13500,"[5238, 1]",2,158,64,0
13501,"[5239, 0]",1,0,0,0
13502,"[5239, 1]",2,0,0,0
13503,"[5239, 2]",38,0,0,0
13504,"[5239, 3]",62,41,18,0
13505,"[5239, 4]",61,158,64,0
13506,"[5240, 0]",1,0,0,0
13507,"[5240, 1]",2,0,0,0
13508,"[5240, 2]",15,158,64,0
13509,"[5241, 0]",1,158,64,0
13510,"[5242, 0]",1,0,0,0
13511,"[5242, 1]",2,0,0,0
13512,"[5242, 2]",70,158,64,-1
13513,"[5243, 0]",1,0,0,0
13514,"[5243, 1]",8,158,64,0
13515,"[5243, 2]",7,0,0,0
13516,"[5243, 3]",6,0,0,0
13517,"[5243, 4]",3,0,0,0
13518,"[5243, 5]",2,0,0,0
13519,"[5243, 6]",63,0,0,0
13520,"[5243, 7]",58,158,64,0
13521,"[5243, 8]",33,158,64,0
13522,"[5243, 9]",26,158,64,0
13523,"[5243, 10]",102,158,64,0
13524,"[5244, 0]",1,0,0,0
13525,"[5244, 1]",2,0,0,0
13526,"[5244, 2]",16,158,64,-1
13527,"[5245, 0]",1,158,64,0
13528,"[5246, 0]",1,0,0,0
13529,"[5246, 1]",2,0,0,0
13530,"[5246, 2]",41,2,1,-1
13531,"[5247, 0]",1,41,18,0
13532,"[5248, 0]",1,0,0,0
13533,"[5248, 1]",2,0,0,0
13534,"[5248, 2]",23,57,26,5
13535,"[5249, 0]",1,0,0,0
13536,"[5249, 1]",2,0,0,0
13537,"[5249, 2]",16,0,0,0
13538,"[5249, 3]",47,158,64,0
13539,"[5250, 0]",1,0,0,0
13540,"[5250, 1]",2,0,0,0
13541,"[5250, 2]",19,158,64,0
13542,"[5251, 0]",1,156,64,0
13543,"[5252, 0]",1,158,64,0
13544,"[5253, 0]",1,41,18,0
13545,"[5254, 0]",1,158,64,0
13546,"[5255, 0]",1,158,64,0
13547,"[5256, 0]",1,158,64,0
13548,"[5257, 0]",1,0,0,0
13549,"[5257, 1]",6,158,64,0
13550,"[5257, 2]",5,57,26,0
13551,"[5257, 3]",3,0,0,0
13552,"[5257, 4]",34,55,26,0
13553,"[5258, 0]",1,158,64,0
13554,"[5259, 0]",1,2,1,0
13555,"[5260, 0]",1,0,0,0
13556,"[5260, 1]",2,158,64,1
13557,"[5261, 0]",1,0,0,0
13558,"[5261, 1]",2,0,0,0
13559,"[5261, 2]",19,41,18,0
13560,"[5262, 0]",1,0,0,0
13561,"[5262, 1]",2,57,26,0
13562,"[5263, 0]",1,0,0,0
13563,"[5263, 1]",2,158,64,0
13564,"[5264, 0]",1,41,18,0
13565,"[5265, 0]",1,158,64,0
13566,"[5266, 0]",1,2,1,0
13567,"[5267, 0]",1,0,0,0
13568,"[5267, 1]",2,2,1,0
13569,"[5268, 0]",1,156,64,0
13570,"[5269, 0]",1,57,26,0
13571,"[5270, 0]",1,0,0,0
13572,"[5270, 1]",2,158,64,0
13573,"[5271, 0]",1,158,64,0
13574,"[5272, 0]",1,0,0,0
13575,"[5272, 1]",2,158,64,0
13576,"[5273, 0]",1,0,0,0
13577,"[5273, 1]",2,156,64,0
13578,"[5274, 0]",1,0,0,0
13579,"[5274, 1]",2,156,64,-1
13580,"[5275, 0]",1,0,0,0
13581,"[5275, 1]",2,0,0,0
13582,"[5275, 2]",23,0,0,0
13583,"[5275, 3]",35,158,64,0
13584,"[5276, 0]",1,0,0,0
13585,"[5276, 1]",2,0,0,-1
13586,"[5277, 0]",1,156,64,0
13587,"[5278, 0]",1,0,0,0
13588,"[5278, 1]",5,0,0,0
13589,"[5278, 2]",4,0,0,0
13590,"[5278, 3]",2,0,0,0
13591,"[5278, 4]",41,41,18,0
13592,"[5278, 5]",38,0,0,0
13593,"[5278, 6]",33,158,64,0
13594,"[5278, 7]",30,0,0,0
13595,"[5278, 8]",119,2,1,0
13596,"[5278, 9]",80,2,1,0
13597,"[5278, 10]",78,158,64,0
13598,"[5278, 11]",77,41,18,0
13599,"[5279, 0]",1,0,0,0
13600,"[5279, 1]",2,58,26,0
13601,"[5280, 0]",1,0,0,0
13602,"[5280, 1]",2,158,64,0
13603,"[5281, 0]",1,41,18,0
13604,"[5282, 0]",1,0,0,0
13605,"[5282, 1]",2,41,18,0
13606,"[5283, 0]",1,158,64,0
13607,"[5284, 0]",1,158,64,0
13608,"[5285, 0]",1,0,0,0
13609,"[5285, 1]",2,0,0,0
13610,"[5285, 2]",38,0,0,0
13611,"[5285, 3]",37,0,0,0
13612,"[5285, 4]",83,0,0,0
13613,"[5285, 5]",79,156,64,0
13614,"[5285, 6]",120,156,64,5
13615,"[5286, 0]",1,158,64,0
13616,"[5287, 0]",1,55,26,0
13617,"[5288, 0]",1,0,0,0
13618,"[5288, 1]",2,59,28,0
13619,"[5289, 0]",1,0,0,0
13620,"[5289, 1]",2,156,64,0
13621,"[5290, 0]",1,156,64,0
13622,"[5291, 0]",1,0,0,0
13623,"[5291, 1]",2,158,64,0
13624,"[5292, 0]",1,41,18,0
13625,"[5293, 0]",1,0,0,0
13626,"[5293, 1]",2,158,64,0
13627,"[5294, 0]",1,41,18,0
13628,"[5295, 0]",1,0,0,0
13629,"[5295, 1]",2,158,64,0
13630,"[5296, 0]",1,0,0,0
13631,"[5296, 1]",2,54,24,0
13632,"[5297, 0]",1,0,0,0
13633,"[5297, 1]",5,0,0,0
13634,"[5297, 2]",3,0,0,0
13635,"[5297, 3]",2,0,0,0
13636,"[5297, 4]",35,0,0,0
13637,"[5297, 5]",22,2,1,0
13638,"[5297, 6]",91,156,64,0
13639,"[5298, 0]",1,0,0,0
13640,"[5298, 1]",2,158,64,0
13641,"[5299, 0]",1,0,0,0
13642,"[5299, 1]",2,0,0,0
13643,"[5299, 2]",30,158,64,-1
13644,"[5300, 0]",1,2,1,0
13645,"[5301, 0]",1,0,0,0
13646,"[5301, 1]",5,158,64,0
13647,"[5301, 2]",3,0,0,0
13648,"[5301, 3]",2,0,0,0
13649,"[5301, 4]",61,2,1,-1
13650,"[5301, 5]",60,158,64,-1
13651,"[5301, 6]",58,158,64,-1
13652,"[5301, 7]",53,158,64,0
13653,"[5302, 0]",1,41,18,0
13654,"[5303, 0]",1,0,0,0
13655,"[5303, 1]",2,0,0,0
13656,"[5303, 2]",15,0,0,0
13657,"[5303, 3]",25,2,1,6
13658,"[5304, 0]",1,0,0,0
13659,"[5304, 1]",3,0,0,-1
13660,"[5304, 2]",2,2,1,-1
13661,"[5304, 3]",42,2,1,-1
13662,"[5304, 4]",40,0,0,-1
13663,"[5304, 5]",82,158,64,-1
13664,"[5305, 0]",1,0,0,0
13665,"[5305, 1]",2,158,64,0
13666,"[5306, 0]",1,158,64,0
13667,"[5307, 0]",1,0,0,0
13668,"[5307, 1]",2,55,26,0
13669,"[5308, 0]",1,0,0,0
13670,"[5308, 1]",2,158,64,0
13671,"[5309, 0]",1,41,18,0
13672,"[5310, 0]",1,0,0,0
13673,"[5310, 1]",2,0,0,0
13674,"[5310, 2]",18,66,29,0
13675,"[5311, 0]",1,57,26,1
13676,"[5312, 0]",1,158,64,0
13677,"[5313, 0]",1,0,0,0
13678,"[5313, 1]",6,158,64,0
13679,"[5313, 2]",5,0,0,0
13680,"[5313, 3]",4,0,0,0
13681,"[5313, 4]",2,0,0,0
13682,"[5313, 5]",32,158,64,0
13683,"[5313, 6]",31,156,64,0
13684,"[5313, 7]",28,0,0,0
13685,"[5313, 8]",23,57,26,0
13686,"[5313, 9]",20,0,0,-1
13687,"[5313, 10]",92,156,64,6
13688,"[5313, 11]",59,2,1,0
13689,"[5314, 0]",1,41,18,0
13690,"[5315, 0]",1,158,64,0
13691,"[5316, 0]",1,41,18,0
13692,"[5317, 0]",1,158,64,0
13693,"[5318, 0]",1,0,0,0
13694,"[5318, 1]",2,2,1,0
13695,"[5319, 0]",1,158,64,0
13696,"[5320, 0]",1,158,64,0
13697,"[5321, 0]",1,57,26,0
13698,"[5322, 0]",1,158,64,0
13699,"[5323, 0]",1,158,64,0
13700,"[5324, 0]",1,158,64,0
13701,"[5325, 0]",1,0,0,0
13702,"[5325, 1]",2,0,0,0
13703,"[5325, 2]",17,41,18,0
13704,"[5326, 0]",1,158,64,0
13705,"[5327, 0]",1,158,64,0
13706,"[5328, 0]",1,158,64,0
13707,"[5329, 0]",1,156,64,0
13708,"[5330, 0]",1,0,0,0
13709,"[5330, 1]",2,158,64,0
13710,"[5331, 0]",1,158,64,0
13711,"[5332, 0]",1,156,64,0
13712,"[5333, 0]",1,158,64,0
13713,"[5334, 0]",1,0,0,0
13714,"[5334, 1]",2,0,0,-1
13715,"[5335, 0]",1,158,64,0
13716,"[5336, 0]",1,37,18,0
13717,"[5337, 0]",1,156,64,0
13718,"[5338, 0]",1,158,64,0
13719,"[5339, 0]",1,0,0,0
13720,"[5339, 1]",6,0,0,0
13721,"[5339, 2]",3,0,0,0
13722,"[5339, 3]",2,0,0,0
13723,"[5339, 4]",44,0,0,0
13724,"[5339, 5]",37,41,18,0
13725,"[5339, 6]",8,156,64,0
13726,"[5339, 7]",67,158,64,0
13727,"[5340, 0]",1,0,0,0
13728,"[5340, 1]",2,57,26,28
13729,"[5341, 0]",1,158,64,1
13730,"[5342, 0]",1,158,64,0
13731,"[5343, 0]",1,2,1,1
13732,"[5344, 0]",1,0,0,0
13733,"[5344, 1]",2,156,64,21
13734,"[5345, 0]",1,0,0,0
13735,"[5345, 1]",2,158,64,0
13736,"[5346, 0]",1,158,64,0
13737,"[5347, 0]",1,158,64,0
13738,"[5348, 0]",1,0,0,0
13739,"[5349, 0]",1,0,0,0
13740,"[5349, 1]",2,41,18,0
13741,"[5350, 0]",1,158,64,0
13742,"[5351, 0]",1,0,0,0
13743,"[5351, 1]",7,54,24,0
13744,"[5351, 2]",6,0,0,0
13745,"[5351, 3]",4,0,0,0
13746,"[5351, 4]",3,0,0,0
13747,"[5351, 5]",2,0,0,0
13748,"[5351, 6]",36,53,24,0
13749,"[5351, 7]",35,0,0,0
13750,"[5351, 8]",34,0,0,0
13751,"[5351, 9]",33,0,0,0
13752,"[5351, 10]",29,0,0,0
13753,"[5351, 11]",24,158,64,0
13754,"[5351, 12]",20,158,64,1
13755,"[5351, 13]",99,158,64,0
13756,"[5351, 14]",71,57,26,8
13757,"[5351, 15]",68,0,0,-1
13758,"[5351, 16]",67,0,0,8
13759,"[5351, 17]",64,158,64,0
13760,"[5351, 18]",63,0,0,0
13761,"[5351, 19]",61,0,0,0
13762,"[5351, 20]",60,0,0,0
13763,"[5351, 21]",57,158,64,2
13764,"[5351, 22]",358,2,1,0
13765,"[5351, 23]",357,57,26,0
13766,"[5351, 24]",355,0,0,0
13767,"[5351, 25]",351,156,64,0
13768,"[5351, 26]",338,158,64,-1
13769,"[5351, 27]",319,158,64,0
13770,"[5351, 28]",317,0,0,0
13771,"[5351, 29]",316,0,0,0
13772,"[5351, 30]",315,0,0,0
13773,"[5351, 31]",311,41,18,15
13774,"[5351, 32]",310,158,64,-1
13775,"[5351, 33]",666,0,0,0
13776,"[5351, 34]",657,41,18,0
13777,"[5351, 35]",653,0,0,0
13778,"[5351, 36]",525,156,64,-1
13779,"[5351, 37]",946,41,18,0
13780,"[5351, 38]",857,158,64,0
13781,"[5352, 0]",1,0,0,0
13782,"[5352, 1]",2,158,64,0
13783,"[5353, 0]",1,57,26,0
13784,"[5354, 0]",1,0,0,0
13785,"[5354, 1]",2,41,18,0
13786,"[5355, 0]",1,0,0,0
13787,"[5355, 1]",2,158,64,0
13788,"[5356, 0]",1,158,64,0
13789,"[5357, 0]",1,158,64,0
13790,"[5358, 0]",1,57,26,0
13791,"[5359, 0]",1,158,64,0
13792,"[5360, 0]",1,158,64,0
13793,"[5361, 0]",1,0,0,0
13794,"[5361, 1]",2,158,64,0
13795,"[5362, 0]",1,158,64,0
13796,"[5363, 0]",1,158,64,0
13797,"[5364, 0]",1,0,0,0
13798,"[5364, 1]",2,156,64,0
13799,"[5365, 0]",1,41,18,0
13800,"[5366, 0]",1,0,0,0
13801,"[5366, 1]",2,0,0,0
13802,"[5366, 2]",19,37,18,0
13803,"[5367, 0]",1,0,0,0
13804,"[5367, 1]",2,0,0,0
13805,"[5367, 2]",33,41,18,0
13806,"[5368, 0]",1,0,0,0
13807,"[5368, 1]",4,41,18,0
13808,"[5368, 2]",3,0,0,0
13809,"[5368, 3]",2,0,0,0
13810,"[5368, 4]",19,156,64,0
13811,"[5368, 5]",16,158,64,0
13812,"[5369, 0]",1,0,0,0
13813,"[5369, 1]",2,158,64,0
13814,"[5370, 0]",1,2,1,0
13815,"[5371, 0]",1,158,64,0
13816,"[5372, 0]",1,158,64,0
13817,"[5373, 0]",1,158,64,0
13818,"[5374, 0]",1,0,0,0
13819,"[5374, 1]",2,158,64,1
13820,"[5375, 0]",1,2,1,0
13821,"[5376, 0]",1,0,0,0
13822,"[5376, 1]",2,77,32,0
13823,"[5377, 0]",1,2,1,1
13824,"[5378, 0]",1,0,0,0
13825,"[5378, 1]",7,158,64,0
13826,"[5378, 2]",6,158,64,0
13827,"[5378, 3]",5,0,0,0
13828,"[5378, 4]",4,0,0,0
13829,"[5378, 5]",2,0,0,0
13830,"[5378, 6]",38,0,0,0
13831,"[5378, 7]",34,0,0,0
13832,"[5378, 8]",30,41,18,0
13833,"[5378, 9]",132,158,64,10
13834,"[5378, 10]",106,156,64,1
13835,"[5379, 0]",1,0,0,0
13836,"[5379, 1]",2,2,1,0
13837,"[5380, 0]",1,158,64,0
13838,"[5381, 0]",1,158,64,0
13839,"[5382, 0]",1,0,0,0
13840,"[5382, 1]",2,0,0,-1
13841,"[5382, 2]",20,156,64,1
13842,"[5383, 0]",1,0,0,0
13843,"[5383, 1]",2,2,1,0
13844,"[5384, 0]",1,158,64,0
13845,"[5385, 0]",1,57,26,0
13846,"[5386, 0]",1,0,0,0
13847,"[5386, 1]",2,158,64,2
13848,"[5387, 0]",1,0,0,0
13849,"[5387, 1]",2,41,18,0
13850,"[5388, 0]",1,0,0,0
13851,"[5388, 1]",2,158,64,0
13852,"[5389, 0]",1,0,0,0
13853,"[5389, 1]",2,0,0,0
13854,"[5389, 2]",27,158,64,0
13855,"[5390, 0]",1,41,18,0
13856,"[5391, 0]",1,41,18,0
13857,"[5392, 0]",1,59,28,0
13858,"[5393, 0]",1,0,0,0
13859,"[5393, 1]",6,0,0,0
13860,"[5393, 2]",5,0,0,0
13861,"[5393, 3]",4,0,0,0
13862,"[5393, 4]",2,0,0,0
13863,"[5393, 5]",81,158,64,0
13864,"[5393, 6]",78,0,0,0
13865,"[5393, 7]",77,0,0,0
13866,"[5393, 8]",55,156,64,0
13867,"[5393, 9]",48,158,64,0
13868,"[5393, 10]",45,158,64,9
13869,"[5393, 11]",102,0,0,0
13870,"[5393, 12]",101,158,64,0
13871,"[5393, 13]",98,59,28,0
13872,"[5393, 14]",362,57,26,0
13873,"[5394, 0]",1,0,0,0
13874,"[5394, 1]",2,2,1,-1
13875,"[5395, 0]",1,0,0,0
13876,"[5395, 1]",2,51,24,0
13877,"[5396, 0]",1,158,64,0
13878,"[5397, 0]",1,2,1,0
13879,"[5398, 0]",1,57,26,0
13880,"[5399, 0]",1,158,64,0
13881,"[5400, 0]",1,0,0,0
13882,"[5400, 1]",2,0,0,0
13883,"[5400, 2]",18,57,26,0
13884,"[5401, 0]",1,0,0,0
13885,"[5401, 1]",2,0,0,-1
13886,"[5401, 2]",16,158,64,4
13887,"[5402, 0]",1,158,64,1
13888,"[5403, 0]",1,0,0,0
13889,"[5403, 1]",2,158,64,3
13890,"[5404, 0]",1,41,18,0
13891,"[5405, 0]",1,0,0,0
13892,"[5405, 1]",4,0,0,-1
13893,"[5405, 2]",2,0,0,-1
13894,"[5405, 3]",35,156,64,19
13895,"[5405, 4]",31,158,64,6
13896,"[5406, 0]",1,0,0,0
13897,"[5406, 1]",2,0,0,-1
13898,"[5406, 2]",58,158,64,-1
13899,"[5406, 3]",57,0,0,-1
13900,"[5406, 4]",93,158,64,-1
13901,"[5407, 0]",1,41,18,0
13902,"[5408, 0]",1,0,0,0
13903,"[5408, 1]",2,0,0,0
13904,"[5408, 2]",49,158,64,0
13905,"[5409, 0]",1,158,64,0
13906,"[5410, 0]",1,0,0,0
13907,"[5410, 1]",4,2,1,0
13908,"[5411, 0]",1,158,64,0
13909,"[5412, 0]",1,0,0,0
13910,"[5412, 1]",2,57,26,-1
13911,"[5413, 0]",1,158,64,0
13912,"[5414, 0]",1,0,0,0
13913,"[5414, 1]",2,158,64,0
13914,"[5415, 0]",1,57,26,0
13915,"[5416, 0]",1,0,0,0
13916,"[5416, 1]",2,158,64,0
13917,"[5417, 0]",1,158,64,0
13918,"[5418, 0]",1,158,64,0
13919,"[5419, 0]",1,0,0,0
13920,"[5419, 1]",3,0,0,0
13921,"[5419, 2]",2,0,0,0
13922,"[5419, 3]",42,0,0,0
13923,"[5419, 4]",37,158,64,0
13924,"[5419, 5]",51,0,0,0
13925,"[5419, 6]",174,158,64,0
13926,"[5420, 0]",1,158,64,0
13927,"[5421, 0]",1,156,64,0
13928,"[5422, 0]",1,0,0,0
13929,"[5422, 1]",4,57,26,0
13930,"[5423, 0]",1,156,64,0
13931,"[5424, 0]",1,0,0,0
13932,"[5424, 1]",2,158,64,0
13933,"[5425, 0]",1,158,64,0
13934,"[5426, 0]",1,55,26,0
13935,"[5427, 0]",1,0,0,0
13936,"[5427, 1]",4,0,0,0
13937,"[5427, 2]",2,0,0,0
13938,"[5427, 3]",66,0,0,0
13939,"[5427, 4]",43,158,64,2
13940,"[5427, 5]",99,156,64,24
13941,"[5428, 0]",1,158,64,0
13942,"[5429, 0]",1,0,0,0
13943,"[5429, 1]",2,0,0,0
13944,"[5429, 2]",14,51,24,0
13945,"[5430, 0]",1,0,0,0
13946,"[5430, 1]",2,0,0,0
13947,"[5430, 2]",30,41,18,0
13948,"[5431, 0]",1,0,0,0
13949,"[5431, 1]",4,0,0,0
13950,"[5431, 2]",2,0,0,0
13951,"[5431, 3]",15,0,0,0
13952,"[5431, 4]",10,0,0,0
13953,"[5431, 5]",68,57,26,0
13954,"[5431, 6]",43,41,18,0
13955,"[5431, 7]",41,0,0,0
13956,"[5431, 8]",40,0,0,0
13957,"[5431, 9]",142,0,0,0
13958,"[5431, 10]",136,41,18,0
13959,"[5431, 11]",194,0,0,0
13960,"[5431, 12]",395,41,18,0
13961,"[5432, 0]",1,0,0,0
13962,"[5432, 1]",2,158,64,0
13963,"[5433, 0]",1,0,0,0
13964,"[5433, 1]",2,41,18,0
13965,"[5434, 0]",1,0,0,0
13966,"[5434, 1]",2,2,1,0
13967,"[5435, 0]",1,158,64,0
13968,"[5436, 0]",1,158,64,0
13969,"[5437, 0]",1,41,18,0
13970,"[5438, 0]",1,0,0,0
13971,"[5438, 1]",2,158,64,0
13972,"[5439, 0]",1,41,18,0
13973,"[5440, 0]",1,158,64,0
13974,"[5441, 0]",1,158,64,0
13975,"[5442, 0]",1,0,0,0
13976,"[5442, 1]",2,158,64,0
13977,"[5443, 0]",1,0,0,0
13978,"[5443, 1]",2,41,18,0
13979,"[5444, 0]",1,0,0,0
13980,"[5444, 1]",2,0,0,0
13981,"[5444, 2]",60,0,0,0
13982,"[5444, 3]",122,158,64,0
13983,"[5445, 0]",1,0,0,0
13984,"[5445, 1]",2,158,64,0
13985,"[5446, 0]",1,0,0,0
13986,"[5446, 1]",2,0,0,0
13987,"[5446, 2]",20,158,64,5
13988,"[5447, 0]",1,0,0,0
13989,"[5447, 1]",3,0,0,2
13990,"[5447, 2]",2,0,0,1
13991,"[5447, 3]",37,0,0,0
13992,"[5447, 4]",34,53,24,0
13993,"[5447, 5]",65,156,64,0
13994,"[5447, 6]",62,0,0,0
13995,"[5447, 7]",143,156,64,1
13996,"[5448, 0]",1,2,1,0
13997,"[5449, 0]",1,158,64,0
13998,"[5450, 0]",1,158,64,0
13999,"[5451, 0]",1,0,0,0
14000,"[5451, 1]",2,41,18,0
14001,"[5452, 0]",1,41,18,0
14002,"[5453, 0]",1,0,0,0
14003,"[5453, 1]",2,57,26,0
14004,"[5454, 0]",1,0,0,0
14005,"[5454, 1]",2,41,18,0
14006,"[5455, 0]",1,0,0,0
14007,"[5455, 1]",2,57,26,0
14008,"[5456, 0]",1,158,64,0
14009,"[5457, 0]",1,41,18,0
14010,"[5458, 0]",1,0,0,0
14011,"[5458, 1]",2,158,64,0
14012,"[5459, 0]",1,41,18,0
14013,"[5460, 0]",1,158,64,0
14014,"[5461, 0]",1,156,64,0
14015,"[5462, 0]",1,0,0,0
14016,"[5462, 1]",2,158,64,0
14017,"[5463, 0]",1,53,24,0
14018,"[5464, 0]",1,41,18,0
14019,"[5465, 0]",1,0,0,0
14020,"[5465, 1]",6,41,18,0
14021,"[5465, 2]",3,0,0,0
14022,"[5465, 3]",80,0,0,0
14023,"[5465, 4]",79,0,0,0
14024,"[5465, 5]",75,0,0,0
14025,"[5465, 6]",73,41,18,0
14026,"[5465, 7]",71,0,0,0
14027,"[5465, 8]",69,0,0,0
14028,"[5465, 9]",68,0,0,0
14029,"[5465, 10]",67,0,0,0
14030,"[5465, 11]",66,0,0,0
14031,"[5465, 12]",65,0,0,0
14032,"[5465, 13]",61,156,64,0
14033,"[5465, 14]",59,0,0,0
14034,"[5465, 15]",57,0,0,0
14035,"[5465, 16]",55,0,0,0
14036,"[5465, 17]",205,158,64,0
14037,"[5465, 18]",198,158,64,0
14038,"[5465, 19]",193,0,0,0
14039,"[5465, 20]",158,0,0,0
14040,"[5465, 21]",157,0,0,0
14041,"[5465, 22]",156,0,0,0
14042,"[5465, 23]",151,61,28,-1
14043,"[5465, 24]",148,0,0,0
14044,"[5465, 25]",147,0,0,0
14045,"[5465, 26]",145,2,1,0
14046,"[5465, 27]",144,41,18,0
14047,"[5465, 28]",134,158,64,0
14048,"[5465, 29]",130,158,64,0
14049,"[5465, 30]",117,41,18,0
14050,"[5465, 31]",100,158,64,-1
14051,"[5465, 32]",98,0,0,-1
14052,"[5465, 33]",97,0,0,-1
14053,"[5465, 34]",95,156,64,0
14054,"[5465, 35]",93,0,0,0
14055,"[5465, 36]",779,0,0,0
14056,"[5465, 37]",758,41,18,1
14057,"[5465, 38]",757,0,0,1
14058,"[5465, 39]",754,0,0,1
14059,"[5465, 40]",748,0,0,-1
14060,"[5465, 41]",746,0,0,-1
14061,"[5465, 42]",578,158,64,0
14062,"[5465, 43]",575,41,18,0
14063,"[5465, 44]",532,37,18,0
14064,"[5465, 45]",529,2,1,40
14065,"[5465, 46]",525,41,18,0
14066,"[5465, 47]",394,2,1,0
14067,"[5465, 48]",963,158,64,-1
14068,"[5465, 49]",961,0,0,1
14069,"[5465, 50]",942,57,26,-1
14070,"[5465, 51]",899,0,0,0
14071,"[5465, 52]",898,158,64,0
14072,"[5465, 53]",887,158,64,-1
14073,"[5465, 54]",804,158,64,0
14074,"[5465, 55]",1771,158,64,0
14075,"[5465, 56]",1745,158,64,0
14076,"[5466, 0]",1,0,0,0
14077,"[5466, 1]",2,158,64,0
14078,"[5467, 0]",1,0,0,0
14079,"[5467, 1]",7,41,18,0
14080,"[5467, 2]",5,158,64,0
14081,"[5467, 3]",3,0,0,0
14082,"[5467, 4]",2,0,0,0
14083,"[5467, 5]",55,0,0,0
14084,"[5467, 6]",51,0,0,0
14085,"[5467, 7]",94,156,64,0
14086,"[5467, 8]",73,158,64,0
14087,"[5468, 0]",1,41,18,0
14088,"[5469, 0]",1,156,64,0
14089,"[5470, 0]",1,158,64,0
14090,"[5471, 0]",1,158,64,0
14091,"[5472, 0]",1,158,64,0
14092,"[5473, 0]",1,57,26,0
14093,"[5474, 0]",1,54,24,0
14094,"[5475, 0]",1,0,0,0
14095,"[5475, 1]",2,0,0,-1
14096,"[5475, 2]",14,2,1,4
14097,"[5476, 0]",1,0,0,0
14098,"[5476, 1]",2,158,64,2
14099,"[5477, 0]",1,0,0,0
14100,"[5477, 1]",6,156,64,0
14101,"[5477, 2]",4,0,0,0
14102,"[5477, 3]",3,0,0,0
14103,"[5477, 4]",2,0,0,0
14104,"[5477, 5]",44,158,64,0
14105,"[5477, 6]",39,158,64,0
14106,"[5477, 7]",36,41,18,0
14107,"[5478, 0]",1,0,0,0
14108,"[5478, 1]",2,41,18,0
14109,"[5479, 0]",1,0,0,0
14110,"[5479, 1]",2,158,64,0
14111,"[5480, 0]",1,0,0,0
14112,"[5480, 1]",6,0,0,2
14113,"[5480, 2]",5,0,0,-1
14114,"[5480, 3]",2,0,0,-1
14115,"[5480, 4]",37,0,0,-1
14116,"[5480, 5]",35,0,0,4
14117,"[5480, 6]",34,158,64,-1
14118,"[5480, 7]",31,41,18,1
14119,"[5480, 8]",28,2,1,0
14120,"[5480, 9]",86,0,0,0
14121,"[5480, 10]",83,0,0,-1
14122,"[5480, 11]",276,158,64,-1
14123,"[5480, 12]",265,53,24,-1
14124,"[5481, 0]",1,158,64,0
14125,"[5482, 0]",1,0,0,0
14126,"[5482, 1]",2,0,0,0
14127,"[5482, 2]",83,158,64,0
14128,"[5483, 0]",1,41,18,0
14129,"[5484, 0]",1,0,0,0
14130,"[5484, 1]",6,156,64,0
14131,"[5484, 2]",3,0,0,0
14132,"[5484, 3]",2,0,0,0
14133,"[5484, 4]",46,158,64,0
14134,"[5484, 5]",39,156,64,0
14135,"[5485, 0]",1,158,64,0
14136,"[5486, 0]",1,0,0,0
14137,"[5486, 1]",6,2,1,0
14138,"[5486, 2]",5,158,64,0
14139,"[5486, 3]",4,0,0,0
14140,"[5486, 4]",24,158,64,2
14141,"[5487, 0]",1,158,64,0
14142,"[5488, 0]",1,0,0,-1
14143,"[5488, 1]",4,158,64,3
14144,"[5488, 2]",2,0,0,-1
14145,"[5488, 3]",40,158,64,2
14146,"[5488, 4]",38,0,0,6
14147,"[5488, 5]",63,0,0,0
14148,"[5488, 6]",112,41,18,0
14149,"[5489, 0]",1,158,64,0
14150,"[5490, 0]",1,0,0,0
14151,"[5490, 1]",2,158,64,0
14152,"[5491, 0]",1,41,18,0
14153,"[5492, 0]",1,158,64,0
14154,"[5493, 0]",1,0,0,0
14155,"[5493, 1]",2,156,64,0
14156,"[5494, 0]",1,0,0,0
14157,"[5494, 1]",2,0,0,0
14158,"[5494, 2]",17,2,1,0
14159,"[5495, 0]",1,0,0,0
14160,"[5495, 1]",2,158,64,0
14161,"[5496, 0]",1,0,0,0
14162,"[5496, 1]",3,158,64,0
14163,"[5496, 2]",2,41,18,0
14164,"[5497, 0]",1,0,0,0
14165,"[5497, 1]",2,57,26,0
14166,"[5498, 0]",1,158,64,0
14167,"[5499, 0]",1,0,0,0
14168,"[5499, 1]",5,158,64,0
14169,"[5499, 2]",4,0,0,0
14170,"[5499, 3]",2,0,0,0
14171,"[5499, 4]",24,41,18,0
14172,"[5499, 5]",23,156,64,0
14173,"[5499, 6]",20,0,0,0
14174,"[5499, 7]",67,158,64,0
14175,"[5500, 0]",1,0,0,0
14176,"[5500, 1]",2,41,18,0
14177,"[5501, 0]",1,0,0,0
14178,"[5501, 1]",8,57,26,0
14179,"[5501, 2]",7,158,64,0
14180,"[5501, 3]",4,0,0,0
14181,"[5501, 4]",3,0,0,0
14182,"[5501, 5]",52,0,0,0
14183,"[5501, 6]",47,0,0,0
14184,"[5501, 7]",152,158,64,0
14185,"[5501, 8]",134,0,0,0
14186,"[5501, 9]",265,63,28,1
14187,"[5502, 0]",1,0,0,0
14188,"[5502, 1]",2,158,64,-1
14189,"[5503, 0]",1,0,0,0
14190,"[5503, 1]",3,54,24,0
14191,"[5503, 2]",2,41,18,0
14192,"[5504, 0]",1,0,0,0
14193,"[5504, 1]",2,158,64,0
14194,"[5505, 0]",1,0,0,0
14195,"[5505, 1]",2,0,0,0
14196,"[5505, 2]",24,158,64,1
14197,"[5506, 0]",1,0,0,0
14198,"[5506, 1]",2,158,64,0
14199,"[5507, 0]",1,0,0,0
14200,"[5507, 1]",2,2,1,2
14201,"[5508, 0]",1,57,26,0
14202,"[5509, 0]",1,0,0,0
14203,"[5509, 1]",2,158,64,0
14204,"[5510, 0]",1,156,64,0
14205,"[5511, 0]",1,0,0,0
14206,"[5511, 1]",2,2,1,0
14207,"[5512, 0]",1,0,0,0
14208,"[5512, 1]",2,158,64,1
14209,"[5513, 0]",1,158,64,0
14210,"[5514, 0]",1,0,0,0
14211,"[5514, 1]",2,156,64,0
14212,"[5515, 0]",1,41,18,0
14213,"[5516, 0]",1,0,0,0
14214,"[5516, 1]",3,158,64,0
14215,"[5516, 2]",2,158,64,0
14216,"[5517, 0]",1,41,18,0
14217,"[5518, 0]",1,57,26,0
14218,"[5519, 0]",1,0,0,0
14219,"[5519, 1]",2,57,26,1
14220,"[5520, 0]",1,41,18,0
14221,"[5521, 0]",1,0,0,0
14222,"[5521, 1]",2,2,1,0
14223,"[5522, 0]",1,0,0,0
14224,"[5522, 1]",2,158,64,0
14225,"[5523, 0]",1,0,0,0
14226,"[5523, 1]",2,158,64,0
14227,"[5524, 0]",1,0,0,0
14228,"[5524, 1]",2,156,64,0
14229,"[5525, 0]",1,158,64,0
14230,"[5526, 0]",1,0,0,0
14231,"[5526, 1]",2,54,24,0
14232,"[5527, 0]",1,0,0,0
14233,"[5527, 1]",2,0,0,-1
14234,"[5527, 2]",52,0,0,-1
14235,"[5527, 3]",73,156,64,1
14236,"[5528, 0]",1,0,0,0
14237,"[5528, 1]",2,41,18,0
14238,"[5529, 0]",1,41,18,0
14239,"[5530, 0]",1,0,0,0
14240,"[5530, 1]",2,0,0,0
14241,"[5530, 2]",36,158,64,8
14242,"[5531, 0]",1,41,18,0
14243,"[5532, 0]",1,0,0,0
14244,"[5532, 1]",2,158,64,3
14245,"[5533, 0]",1,158,64,0
14246,"[5534, 0]",1,57,26,0
14247,"[5535, 0]",1,158,64,0
14248,"[5536, 0]",1,51,24,0
14249,"[5537, 0]",1,0,0,0
14250,"[5537, 1]",2,158,64,1
14251,"[5538, 0]",1,0,0,0
14252,"[5538, 1]",2,0,0,0
14253,"[5538, 2]",26,41,18,0
14254,"[5539, 0]",1,41,18,0
14255,"[5540, 0]",1,158,64,0
14256,"[5541, 0]",1,158,64,0
14257,"[5542, 0]",1,0,0,0
14258,"[5542, 1]",5,158,64,0
14259,"[5542, 2]",4,41,18,0
14260,"[5543, 0]",1,2,1,0
14261,"[5544, 0]",1,0,0,0
14262,"[5544, 1]",2,158,64,0
14263,"[5545, 0]",1,59,28,0
14264,"[5546, 0]",1,158,64,1
14265,"[5547, 0]",1,41,18,0
14266,"[5548, 0]",1,156,64,0
14267,"[5549, 0]",1,0,0,0
14268,"[5549, 1]",2,41,18,0
14269,"[5550, 0]",1,0,0,0
14270,"[5550, 1]",3,0,0,0
14271,"[5550, 2]",2,0,0,0
14272,"[5550, 3]",40,0,0,-1
14273,"[5550, 4]",39,0,0,-1
14274,"[5550, 5]",36,41,18,0
14275,"[5550, 6]",34,0,0,0
14276,"[5550, 7]",118,158,64,1
14277,"[5550, 8]",115,0,0,5
14278,"[5550, 9]",90,0,0,-1
14279,"[5550, 10]",87,0,0,-1
14280,"[5550, 11]",243,156,64,-1
14281,"[5550, 12]",233,0,0,-1
14282,"[5550, 13]",232,0,0,-1
14283,"[5550, 14]",230,158,64,-1
14284,"[5550, 15]",165,2,1,0
14285,"[5550, 16]",164,156,64,0
14286,"[5550, 17]",163,57,26,0
14287,"[5550, 18]",334,158,64,-1
14288,"[5551, 0]",1,0,0,0
14289,"[5551, 1]",2,41,18,0
14290,"[5552, 0]",1,0,0,0
14291,"[5552, 1]",2,41,18,0
14292,"[5553, 0]",1,41,18,0
14293,"[5554, 0]",1,41,18,0
14294,"[5555, 0]",1,0,0,0
14295,"[5555, 1]",2,158,64,0
14296,"[5556, 0]",1,158,64,0
14297,"[5557, 0]",1,0,0,0
14298,"[5557, 1]",7,0,0,0
14299,"[5557, 2]",5,0,0,0
14300,"[5557, 3]",2,0,0,0
14301,"[5557, 4]",34,41,18,0
14302,"[5557, 5]",33,0,0,0
14303,"[5557, 6]",32,0,0,0
14304,"[5557, 7]",31,0,0,0
14305,"[5557, 8]",12,57,26,0
14306,"[5557, 9]",9,158,64,8
14307,"[5557, 10]",72,0,0,0
14308,"[5557, 11]",71,0,0,0
14309,"[5557, 12]",70,0,0,0
14310,"[5557, 13]",69,0,0,0
14311,"[5557, 14]",65,41,18,0
14312,"[5557, 15]",62,0,0,0
14313,"[5557, 16]",58,64,29,0
14314,"[5557, 17]",316,41,18,0
14315,"[5557, 18]",315,158,64,0
14316,"[5557, 19]",278,0,0,0
14317,"[5557, 20]",276,0,0,0
14318,"[5557, 21]",275,0,0,0
14319,"[5557, 22]",266,54,24,0
14320,"[5557, 23]",263,54,24,0
14321,"[5557, 24]",482,158,64,0
14322,"[5557, 25]",479,0,0,0
14323,"[5557, 26]",467,0,0,0
14324,"[5557, 27]",714,0,0,0
14325,"[5557, 28]",642,158,64,-1
14326,"[5557, 29]",935,57,26,0
14327,"[5558, 0]",1,41,18,0
14328,"[5559, 0]",1,156,64,0
14329,"[5560, 0]",1,158,64,0
14330,"[5561, 0]",1,0,0,0
14331,"[5561, 1]",7,156,64,0
14332,"[5561, 2]",5,0,0,0
14333,"[5561, 3]",4,0,0,0
14334,"[5561, 4]",3,0,0,0
14335,"[5561, 5]",45,57,26,0
14336,"[5561, 6]",42,156,64,0
14337,"[5561, 7]",39,156,64,0
14338,"[5562, 0]",1,41,18,0
14339,"[5563, 0]",1,156,64,1
14340,"[5564, 0]",1,158,64,0
14341,"[5565, 0]",1,158,64,0
14342,"[5566, 0]",1,156,64,0
14343,"[5567, 0]",1,0,0,0
14344,"[5567, 1]",2,158,64,0
14345,"[5568, 0]",1,0,0,0
14346,"[5568, 1]",2,156,64,0
14347,"[5569, 0]",1,0,0,0
14348,"[5569, 1]",2,41,18,0
14349,"[5570, 0]",1,0,0,0
14350,"[5570, 1]",3,0,0,0
14351,"[5570, 2]",2,0,0,0
14352,"[5570, 3]",30,0,0,0
14353,"[5570, 4]",27,41,18,5
14354,"[5570, 5]",45,2,1,0
14355,"[5571, 0]",1,0,0,0
14356,"[5571, 1]",2,57,26,0
14357,"[5572, 0]",1,0,0,0
14358,"[5572, 1]",6,2,1,0
14359,"[5572, 2]",5,0,0,0
14360,"[5572, 3]",4,0,0,0
14361,"[5572, 4]",2,0,0,0
14362,"[5572, 5]",43,158,64,-1
14363,"[5572, 6]",39,0,0,-1
14364,"[5572, 7]",35,156,64,1
14365,"[5572, 8]",102,57,26,6
14366,"[5573, 0]",1,0,0,0
14367,"[5573, 1]",2,0,0,0
14368,"[5573, 2]",12,41,18,0
14369,"[5574, 0]",1,0,0,0
14370,"[5574, 1]",4,156,64,0
14371,"[5574, 2]",2,0,0,0
14372,"[5574, 3]",45,41,18,0
14373,"[5574, 4]",43,0,0,0
14374,"[5574, 5]",42,0,0,0
14375,"[5574, 6]",79,156,64,0
14376,"[5574, 7]",75,41,18,0
14377,"[5575, 0]",1,41,18,0
14378,"[5576, 0]",1,54,24,0
14379,"[5577, 0]",1,0,0,0
14380,"[5577, 1]",2,54,24,0
14381,"[5578, 0]",1,158,64,0
14382,"[5579, 0]",1,0,0,0
14383,"[5579, 1]",2,158,64,0
14384,"[5580, 0]",1,41,18,1
14385,"[5581, 0]",1,0,0,0
14386,"[5581, 1]",2,158,64,0
14387,"[5582, 0]",1,0,0,0
14388,"[5582, 1]",2,158,64,0
14389,"[5583, 0]",1,158,64,0
14390,"[5584, 0]",1,0,0,0
14391,"[5584, 1]",2,59,28,-1
14392,"[5585, 0]",1,57,26,0
14393,"[5586, 0]",1,0,0,0
14394,"[5586, 1]",2,156,64,0
14395,"[5587, 0]",1,41,18,0
14396,"[5588, 0]",1,57,26,0
14397,"[5589, 0]",1,57,26,0
14398,"[5590, 0]",1,0,0,0
14399,"[5590, 1]",2,0,0,0
14400,"[5590, 2]",14,158,64,0
14401,"[5591, 0]",1,0,0,0
14402,"[5591, 1]",5,158,64,0
14403,"[5591, 2]",3,158,64,0
14404,"[5592, 0]",1,158,64,0
14405,"[5593, 0]",1,0,0,0
14406,"[5593, 1]",2,156,64,0
14407,"[5594, 0]",1,0,0,0
14408,"[5594, 1]",5,0,0,0
14409,"[5594, 2]",4,0,0,0
14410,"[5594, 3]",3,0,0,0
14411,"[5594, 4]",2,0,0,0
14412,"[5594, 5]",56,158,64,0
14413,"[5594, 6]",54,0,0,0
14414,"[5594, 7]",51,0,0,0
14415,"[5594, 8]",43,158,64,0
14416,"[5594, 9]",39,0,0,0
14417,"[5594, 10]",36,158,64,0
14418,"[5594, 11]",189,158,64,0
14419,"[5594, 12]",111,57,26,0
14420,"[5594, 13]",110,0,0,0
14421,"[5594, 14]",109,0,0,0
14422,"[5594, 15]",86,57,26,0
14423,"[5594, 16]",335,0,0,0
14424,"[5594, 17]",334,41,18,0
14425,"[5594, 18]",330,156,64,0
14426,"[5594, 19]",428,57,26,13
14427,"[5595, 0]",1,41,18,0
14428,"[5596, 0]",1,0,0,0
14429,"[5596, 1]",2,0,0,0
14430,"[5596, 2]",76,158,64,0
14431,"[5597, 0]",1,57,26,0
14432,"[5598, 0]",1,156,64,1
14433,"[5599, 0]",1,41,18,0
14434,"[5600, 0]",1,0,0,0
14435,"[5600, 1]",3,0,0,0
14436,"[5600, 2]",2,0,0,0
14437,"[5600, 3]",21,158,64,0
14438,"[5600, 4]",17,0,0,0
14439,"[5600, 5]",71,158,64,0
14440,"[5601, 0]",1,0,0,0
14441,"[5601, 1]",3,158,64,0
14442,"[5601, 2]",2,0,0,0
14443,"[5601, 3]",33,2,1,0
14444,"[5602, 0]",1,158,64,0
14445,"[5603, 0]",1,0,0,1
14446,"[5603, 1]",2,158,64,7
14447,"[5604, 0]",1,0,0,0
14448,"[5604, 1]",2,158,64,0
14449,"[5605, 0]",1,0,0,0
14450,"[5605, 1]",2,158,64,0
14451,"[5606, 0]",1,0,0,0
14452,"[5606, 1]",2,0,0,0
14453,"[5606, 2]",25,158,64,1
14454,"[5607, 0]",1,59,28,0
14455,"[5608, 0]",1,156,64,0
14456,"[5609, 0]",1,0,0,0
14457,"[5609, 1]",2,0,0,0
14458,"[5609, 2]",30,2,1,0
14459,"[5610, 0]",1,0,0,0
14460,"[5610, 1]",2,158,64,0
14461,"[5611, 0]",1,0,0,0
14462,"[5611, 1]",2,37,18,0
14463,"[5612, 0]",1,156,64,0
14464,"[5613, 0]",1,2,1,0
14465,"[5614, 0]",1,41,18,0
14466,"[5615, 0]",1,0,0,0
14467,"[5615, 1]",2,0,0,0
14468,"[5615, 2]",71,0,0,0
14469,"[5615, 3]",90,158,64,0
14470,"[5616, 0]",1,2,1,1
14471,"[5617, 0]",1,0,0,0
14472,"[5617, 1]",2,41,18,0
14473,"[5618, 0]",1,0,0,0
14474,"[5618, 1]",2,156,64,0
14475,"[5619, 0]",1,0,0,0
14476,"[5619, 1]",2,158,64,0
14477,"[5620, 0]",1,158,64,0
14478,"[5621, 0]",1,0,0,0
14479,"[5621, 1]",2,0,0,0
14480,"[5621, 2]",16,2,1,0
14481,"[5622, 0]",1,158,64,0
14482,"[5623, 0]",1,0,0,0
14483,"[5623, 1]",2,158,64,0
14484,"[5624, 0]",1,0,0,0
14485,"[5624, 1]",2,0,0,0
14486,"[5624, 2]",14,57,26,0
14487,"[5625, 0]",1,0,0,0
14488,"[5625, 1]",2,158,64,0
14489,"[5626, 0]",1,158,64,0
14490,"[5627, 0]",1,57,26,0
14491,"[5628, 0]",1,158,64,1
14492,"[5629, 0]",1,57,26,0
14493,"[5630, 0]",1,57,26,0
14494,"[5631, 0]",1,158,64,0
14495,"[5632, 0]",1,0,0,0
14496,"[5632, 1]",2,158,64,0
14497,"[5633, 0]",1,0,0,0
14498,"[5633, 1]",2,158,64,0
14499,"[5634, 0]",1,0,0,0
14500,"[5634, 1]",2,158,64,0
14501,"[5635, 0]",1,41,18,0
14502,"[5636, 0]",1,158,64,0
14503,"[5637, 0]",1,41,18,0
14504,"[5638, 0]",1,0,0,0
14505,"[5638, 1]",2,2,1,0
14506,"[5639, 0]",1,0,0,0
14507,"[5639, 1]",5,0,0,0
14508,"[5639, 2]",4,0,0,0
14509,"[5639, 3]",3,0,0,0
14510,"[5639, 4]",21,156,64,0
14511,"[5639, 5]",17,2,1,0
14512,"[5639, 6]",13,41,18,0
14513,"[5640, 0]",1,0,0,0
14514,"[5640, 1]",2,158,64,0
14515,"[5641, 0]",1,0,0,0
14516,"[5641, 1]",2,156,64,0
14517,"[5642, 0]",1,158,64,0
14518,"[5643, 0]",1,0,0,0
14519,"[5643, 1]",2,57,26,-1
14520,"[5644, 0]",1,0,0,0
14521,"[5644, 1]",2,0,0,0
14522,"[5644, 2]",17,57,26,0
14523,"[5645, 0]",1,0,0,1
14524,"[5645, 1]",2,158,64,1
14525,"[5646, 0]",1,41,18,0
14526,"[5647, 0]",1,0,0,0
14527,"[5647, 1]",5,158,64,0
14528,"[5647, 2]",2,0,0,0
14529,"[5647, 3]",38,156,64,-1
14530,"[5648, 0]",1,0,0,0
14531,"[5648, 1]",4,2,1,0
14532,"[5648, 2]",2,0,0,0
14533,"[5648, 3]",38,0,0,-1
14534,"[5649, 0]",1,41,18,0
14535,"[5650, 0]",1,0,0,0
14536,"[5650, 1]",2,0,0,0
14537,"[5650, 2]",20,59,28,0
14538,"[5651, 0]",1,0,0,0
14539,"[5651, 1]",2,0,0,0
14540,"[5651, 2]",22,0,0,-1
14541,"[5651, 3]",35,158,64,-1
14542,"[5652, 0]",1,77,32,0
14543,"[5653, 0]",1,0,0,0
14544,"[5653, 1]",2,0,0,0
14545,"[5653, 2]",12,53,24,0
14546,"[5654, 0]",1,158,64,0
14547,"[5655, 0]",1,156,64,0
14548,"[5656, 0]",1,158,64,0
14549,"[5657, 0]",1,158,64,0
14550,"[5658, 0]",1,0,0,0
14551,"[5658, 1]",4,0,0,0
14552,"[5658, 2]",2,0,0,0
14553,"[5658, 3]",42,0,0,0
14554,"[5658, 4]",39,0,0,0
14555,"[5658, 5]",19,158,64,0
14556,"[5658, 6]",73,0,0,0
14557,"[5658, 7]",52,158,64,0
14558,"[5658, 8]",159,2,1,5
14559,"[5659, 0]",1,57,26,0
14560,"[5660, 0]",1,54,24,0
14561,"[5661, 0]",1,0,0,0
14562,"[5661, 1]",2,0,0,0
14563,"[5661, 2]",31,156,64,0
14564,"[5662, 0]",1,158,64,0
14565,"[5663, 0]",1,0,0,0
14566,"[5663, 1]",2,0,0,0
14567,"[5663, 2]",62,41,18,0
14568,"[5664, 0]",1,158,64,1
14569,"[5665, 0]",1,158,64,0
14570,"[5666, 0]",1,0,0,0
14571,"[5666, 1]",2,41,18,0
14572,"[5667, 0]",1,0,0,0
14573,"[5667, 1]",2,156,64,0
14574,"[5668, 0]",1,0,0,0
14575,"[5668, 1]",2,54,24,0
14576,"[5669, 0]",1,41,18,0
14577,"[5670, 0]",1,0,0,0
14578,"[5670, 1]",2,57,26,6
14579,"[5671, 0]",1,0,0,0
14580,"[5671, 1]",7,158,64,-1
14581,"[5671, 2]",2,0,0,-1
14582,"[5671, 3]",50,158,64,-1
14583,"[5671, 4]",49,158,64,-1
14584,"[5671, 5]",48,0,0,-1
14585,"[5671, 6]",82,158,64,-1
14586,"[5671, 7]",75,0,0,-1
14587,"[5671, 8]",74,0,0,-1
14588,"[5671, 9]",73,158,64,-1
14589,"[5671, 10]",280,2,1,-1
14590,"[5671, 11]",279,2,1,-1
14591,"[5671, 12]",275,158,64,-1
14592,"[5672, 0]",1,57,26,0
14593,"[5673, 0]",1,41,18,0
14594,"[5674, 0]",1,57,26,0
14595,"[5675, 0]",1,156,64,0
14596,"[5676, 0]",1,57,26,0
14597,"[5677, 0]",1,158,64,0
14598,"[5678, 0]",1,0,0,0
14599,"[5678, 1]",2,0,0,0
14600,"[5678, 2]",32,58,26,0
14601,"[5679, 0]",1,156,64,1
14602,"[5680, 0]",1,158,64,0
14603,"[5681, 0]",1,57,26,0
14604,"[5682, 0]",1,0,0,0
14605,"[5682, 1]",3,158,64,3
14606,"[5682, 2]",2,0,0,-1
14607,"[5682, 3]",35,158,64,-1
14608,"[5682, 4]",34,0,0,-1
14609,"[5682, 5]",32,0,0,-1
14610,"[5682, 6]",70,0,0,-1
14611,"[5682, 7]",66,0,0,3
14612,"[5682, 8]",222,41,18,0
14613,"[5682, 9]",199,158,64,2
14614,"[5683, 0]",1,158,64,0
14615,"[5684, 0]",1,41,18,1
14616,"[5685, 0]",1,158,64,0
14617,"[5686, 0]",1,57,26,0
14618,"[5687, 0]",1,0,0,0
14619,"[5687, 1]",2,156,64,0
14620,"[5688, 0]",1,0,0,0
14621,"[5688, 1]",2,156,64,0
14622,"[5689, 0]",1,158,64,0
14623,"[5690, 0]",1,158,64,0
14624,"[5691, 0]",1,158,64,0
14625,"[5692, 0]",1,54,24,0
14626,"[5693, 0]",1,53,24,0
14627,"[5694, 0]",1,0,0,0
14628,"[5694, 1]",2,0,0,0
14629,"[5694, 2]",14,158,64,0
14630,"[5695, 0]",1,0,0,0
14631,"[5695, 1]",2,158,64,0
14632,"[5696, 0]",1,0,0,0
14633,"[5696, 1]",2,156,64,0
14634,"[5697, 0]",1,0,0,0
14635,"[5697, 1]",2,0,0,1
14636,"[5697, 2]",19,158,64,0
14637,"[5698, 0]",1,0,0,1
14638,"[5698, 1]",2,0,0,0
14639,"[5698, 2]",20,2,1,13
14640,"[5699, 0]",1,41,18,0
14641,"[5700, 0]",1,41,18,0
14642,"[5701, 0]",1,0,0,0
14643,"[5701, 1]",2,41,18,0
14644,"[5702, 0]",1,57,26,0
14645,"[5703, 0]",1,156,64,0
14646,"[5704, 0]",1,0,0,0
14647,"[5704, 1]",2,57,26,0
14648,"[5705, 0]",1,0,0,0
14649,"[5705, 1]",3,0,0,0
14650,"[5705, 2]",2,41,18,0
14651,"[5705, 3]",18,57,26,0
14652,"[5706, 0]",1,0,0,0
14653,"[5706, 1]",2,0,0,-1
14654,"[5706, 2]",16,158,64,2
14655,"[5707, 0]",1,0,0,0
14656,"[5707, 1]",2,41,18,0
14657,"[5708, 0]",1,158,64,0
14658,"[5709, 0]",1,158,64,0
14659,"[5710, 0]",1,158,64,0
14660,"[5711, 0]",1,0,0,0
14661,"[5711, 1]",7,41,18,0
14662,"[5711, 2]",6,156,64,0
14663,"[5711, 3]",4,158,64,0
14664,"[5711, 4]",2,0,0,0
14665,"[5711, 5]",50,0,0,0
14666,"[5711, 6]",78,158,64,0
14667,"[5712, 0]",1,158,64,0
14668,"[5713, 0]",1,0,0,0
14669,"[5713, 1]",2,158,64,0
14670,"[5714, 0]",1,0,0,0
14671,"[5714, 1]",2,41,18,0
14672,"[5715, 0]",1,41,18,0
14673,"[5716, 0]",1,41,18,0
14674,"[5717, 0]",1,0,0,0
14675,"[5717, 1]",2,57,26,0
14676,"[5718, 0]",1,156,64,0
14677,"[5719, 0]",1,0,0,0
14678,"[5719, 1]",2,0,0,-1
14679,"[5719, 2]",23,2,1,4
14680,"[5720, 0]",1,0,0,0
14681,"[5720, 1]",2,158,64,0
14682,"[5721, 0]",1,156,64,0
14683,"[5722, 0]",1,0,0,0
14684,"[5722, 1]",3,41,18,0
14685,"[5722, 2]",2,158,64,0
14686,"[5723, 0]",1,0,0,0
14687,"[5723, 1]",2,0,0,0
14688,"[5723, 2]",20,57,26,6
14689,"[5724, 0]",1,0,0,0
14690,"[5724, 1]",5,54,24,0
14691,"[5725, 0]",1,0,0,0
14692,"[5725, 1]",2,0,0,0
14693,"[5725, 2]",25,158,64,0
14694,"[5726, 0]",1,158,64,0
14695,"[5727, 0]",1,0,0,0
14696,"[5727, 1]",2,0,0,0
14697,"[5727, 2]",16,0,0,0
14698,"[5727, 3]",31,0,0,0
14699,"[5727, 4]",29,0,0,0
14700,"[5727, 5]",85,0,0,0
14701,"[5727, 6]",73,57,26,0
14702,"[5727, 7]",126,0,0,0
14703,"[5727, 8]",202,41,18,0
14704,"[5728, 0]",1,2,1,0
14705,"[5729, 0]",1,158,64,0
14706,"[5730, 0]",1,0,0,0
14707,"[5730, 1]",3,0,0,-1
14708,"[5730, 2]",2,0,0,-1
14709,"[5730, 3]",47,0,0,-1
14710,"[5730, 4]",46,0,0,-1
14711,"[5730, 5]",41,156,64,-1
14712,"[5730, 6]",94,0,0,-1
14713,"[5730, 7]",90,158,64,-1
14714,"[5730, 8]",222,0,0,-1
14715,"[5730, 9]",221,0,0,-1
14716,"[5730, 10]",359,0,0,-1
14717,"[5730, 11]",354,156,64,-1
14718,"[5730, 12]",375,158,64,-1
14719,"[5731, 0]",1,158,64,0
14720,"[5732, 0]",1,0,0,0
14721,"[5732, 1]",2,158,64,0
14722,"[5733, 0]",1,158,64,0
14723,"[5734, 0]",1,0,0,0
14724,"[5734, 1]",2,0,0,0
14725,"[5734, 2]",24,158,64,0
14726,"[5735, 0]",1,53,24,0
14727,"[5736, 0]",1,158,64,0
14728,"[5737, 0]",1,156,64,0
14729,"[5738, 0]",1,0,0,0
14730,"[5738, 1]",5,2,1,0
14731,"[5738, 2]",4,0,0,0
14732,"[5738, 3]",2,0,0,0
14733,"[5738, 4]",58,0,0,0
14734,"[5738, 5]",56,0,0,0
14735,"[5738, 6]",55,0,0,0
14736,"[5738, 7]",31,158,64,0
14737,"[5738, 8]",107,0,0,0
14738,"[5738, 9]",105,0,0,0
14739,"[5738, 10]",99,158,64,0
14740,"[5738, 11]",88,41,18,0
14741,"[5738, 12]",181,0,0,0
14742,"[5738, 13]",169,156,64,0
14743,"[5738, 14]",386,158,64,0
14744,"[5739, 0]",1,158,64,0
14745,"[5740, 0]",1,0,0,0
14746,"[5740, 1]",2,0,0,0
14747,"[5740, 2]",18,0,0,0
14748,"[5740, 3]",42,158,64,0
14749,"[5741, 0]",1,0,0,0
14750,"[5741, 1]",2,158,64,0
14751,"[5742, 0]",1,0,0,0
14752,"[5742, 1]",2,156,64,0
14753,"[5743, 0]",1,41,18,0
14754,"[5744, 0]",1,158,64,0
14755,"[5745, 0]",1,57,26,0
14756,"[5746, 0]",1,158,64,0
14757,"[5747, 0]",1,158,64,0
14758,"[5748, 0]",1,0,0,0
14759,"[5748, 1]",2,158,64,0
14760,"[5749, 0]",1,57,26,0
14761,"[5750, 0]",1,0,0,0
14762,"[5750, 1]",2,0,0,0
14763,"[5750, 2]",21,0,0,0
14764,"[5750, 3]",20,0,0,0
14765,"[5750, 4]",29,158,64,2
14766,"[5750, 5]",26,41,18,0
14767,"[5751, 0]",1,158,64,0
14768,"[5752, 0]",1,158,64,0
14769,"[5753, 0]",1,0,0,1
14770,"[5753, 1]",2,158,64,0
14771,"[5754, 0]",1,0,0,0
14772,"[5754, 1]",2,57,26,0
14773,"[5755, 0]",1,158,64,0
14774,"[5756, 0]",1,0,0,0
14775,"[5756, 1]",2,0,0,0
14776,"[5756, 2]",13,41,18,0
14777,"[5757, 0]",1,0,0,0
14778,"[5757, 1]",2,158,64,0
14779,"[5758, 0]",1,0,0,0
14780,"[5758, 1]",2,158,64,0
14781,"[5759, 0]",1,158,64,0
14782,"[5760, 0]",1,0,0,0
14783,"[5760, 1]",2,0,0,0
14784,"[5760, 2]",62,158,64,-1
14785,"[5761, 0]",1,0,0,0
14786,"[5761, 1]",2,158,64,0
14787,"[5762, 0]",1,156,64,0
14788,"[5763, 0]",1,0,0,0
14789,"[5763, 1]",2,2,1,0
14790,"[5764, 0]",1,158,64,0
14791,"[5765, 0]",1,57,26,0
14792,"[5766, 0]",1,0,0,0
14793,"[5766, 1]",3,0,0,-1
14794,"[5766, 2]",2,0,0,-1
14795,"[5766, 3]",48,0,0,1
14796,"[5766, 4]",43,0,0,1
14797,"[5766, 5]",123,0,0,0
14798,"[5766, 6]",90,0,0,0
14799,"[5766, 7]",88,0,0,0
14800,"[5766, 8]",191,0,0,0
14801,"[5766, 9]",182,54,24,0
14802,"[5766, 10]",151,158,64,2
14803,"[5766, 11]",230,57,26,5
14804,"[5767, 0]",1,0,0,0
14805,"[5767, 1]",2,158,64,0
14806,"[5768, 0]",1,41,18,0
14807,"[5769, 0]",1,2,1,0
14808,"[5770, 0]",1,64,29,0
14809,"[5771, 0]",1,0,0,0
14810,"[5771, 1]",2,158,64,0
14811,"[5772, 0]",1,0,0,0
14812,"[5772, 1]",5,57,26,0
14813,"[5772, 2]",4,158,64,0
14814,"[5772, 3]",2,0,0,0
14815,"[5772, 4]",34,41,18,0
14816,"[5773, 0]",1,0,0,0
14817,"[5773, 1]",5,156,64,0
14818,"[5773, 2]",4,158,64,0
14819,"[5773, 3]",3,158,64,0
14820,"[5774, 0]",1,59,28,0
14821,"[5775, 0]",1,158,64,0
14822,"[5776, 0]",1,156,64,0
14823,"[5777, 0]",1,2,1,0
14824,"[5778, 0]",1,0,0,0
14825,"[5778, 1]",2,2,1,0
14826,"[5779, 0]",1,0,0,0
14827,"[5779, 1]",2,158,64,0
14828,"[5780, 0]",1,0,0,0
14829,"[5780, 1]",2,0,0,-1
14830,"[5780, 2]",32,158,64,3
14831,"[5781, 0]",1,0,0,0
14832,"[5781, 1]",5,0,0,0
14833,"[5781, 2]",4,158,64,0
14834,"[5781, 3]",2,0,0,0
14835,"[5781, 4]",33,156,64,0
14836,"[5781, 5]",14,158,64,0
14837,"[5782, 0]",1,41,18,0
14838,"[5783, 0]",1,41,18,0
14839,"[5784, 0]",1,0,0,0
14840,"[5784, 1]",2,41,18,0
14841,"[5785, 0]",1,41,18,1
14842,"[5786, 0]",1,0,0,0
14843,"[5786, 1]",3,0,0,0
14844,"[5786, 2]",2,0,0,0
14845,"[5786, 3]",29,0,0,0
14846,"[5786, 4]",28,158,64,0
14847,"[5786, 5]",21,158,64,0
14848,"[5786, 6]",45,156,64,3
14849,"[5787, 0]",1,0,0,0
14850,"[5787, 1]",2,158,64,0
14851,"[5788, 0]",1,41,18,0
14852,"[5789, 0]",1,41,18,0
14853,"[5790, 0]",1,0,0,0
14854,"[5790, 1]",2,158,64,1
14855,"[5791, 0]",1,0,0,0
14856,"[5791, 1]",3,158,64,0
14857,"[5791, 2]",2,0,0,0
14858,"[5791, 3]",21,0,0,0
14859,"[5791, 4]",28,0,0,0
14860,"[5791, 5]",26,0,0,0
14861,"[5791, 6]",25,0,0,0
14862,"[5791, 7]",96,0,0,0
14863,"[5791, 8]",93,158,64,0
14864,"[5791, 9]",92,54,24,0
14865,"[5791, 10]",91,0,0,0
14866,"[5791, 11]",84,57,26,0
14867,"[5791, 12]",149,158,64,0
14868,"[5791, 13]",122,156,64,0
14869,"[5791, 14]",121,0,0,0
14870,"[5791, 15]",119,0,0,0
14871,"[5791, 16]",393,41,18,0
14872,"[5791, 17]",379,158,64,17
14873,"[5792, 0]",1,57,26,0
14874,"[5793, 0]",1,158,64,0
14875,"[5794, 0]",1,57,26,0
14876,"[5795, 0]",1,0,0,0
14877,"[5795, 1]",2,0,0,0
14878,"[5795, 2]",17,41,18,0
14879,"[5796, 0]",1,0,0,0
14880,"[5796, 1]",2,158,64,0
14881,"[5797, 0]",1,57,26,0
14882,"[5798, 0]",1,158,64,0
14883,"[5799, 0]",1,158,64,0
14884,"[5800, 0]",1,0,0,0
14885,"[5800, 1]",3,156,64,-1
14886,"[5800, 2]",2,158,64,-1
14887,"[5801, 0]",1,0,0,0
14888,"[5801, 1]",3,158,64,0
14889,"[5801, 2]",2,41,18,0
14890,"[5802, 0]",1,156,64,0
14891,"[5803, 0]",1,41,18,0
14892,"[5804, 0]",1,158,64,0
14893,"[5805, 0]",1,57,26,0
14894,"[5806, 0]",1,57,26,0
14895,"[5807, 0]",1,0,0,0
14896,"[5807, 1]",2,0,0,0
14897,"[5807, 2]",81,0,0,0
14898,"[5807, 3]",95,158,64,0
14899,"[5808, 0]",1,0,0,0
14900,"[5808, 1]",2,158,64,0
14901,"[5809, 0]",1,0,0,0
14902,"[5809, 1]",2,2,1,0
14903,"[5810, 0]",1,158,64,0
14904,"[5811, 0]",1,158,64,0
14905,"[5812, 0]",1,57,26,0
14906,"[5813, 0]",1,0,0,0
14907,"[5813, 1]",2,158,64,0
14908,"[5814, 0]",1,0,0,0
14909,"[5814, 1]",5,158,64,1
14910,"[5814, 2]",3,0,0,-1
14911,"[5814, 3]",2,0,0,-1
14912,"[5814, 4]",37,57,26,-1
14913,"[5814, 5]",30,158,64,1
14914,"[5815, 0]",1,156,64,0
14915,"[5816, 0]",1,0,0,0
14916,"[5816, 1]",2,158,64,0
14917,"[5817, 0]",1,2,1,1
14918,"[5818, 0]",1,0,0,0
14919,"[5818, 1]",2,158,64,0
14920,"[5819, 0]",1,41,18,0
14921,"[5820, 0]",1,0,0,0
14922,"[5820, 1]",2,0,0,0
14923,"[5820, 2]",28,2,1,0
14924,"[5821, 0]",1,158,64,0
14925,"[5822, 0]",1,158,64,0
14926,"[5823, 0]",1,0,0,0
14927,"[5823, 1]",9,77,32,0
14928,"[5823, 2]",6,41,18,0
14929,"[5823, 3]",2,0,0,0
14930,"[5823, 4]",73,57,26,0
14931,"[5823, 5]",71,156,64,0
14932,"[5823, 6]",69,0,0,0
14933,"[5823, 7]",108,0,0,0
14934,"[5823, 8]",234,156,64,2
14935,"[5824, 0]",1,41,18,0
14936,"[5825, 0]",1,0,0,0
14937,"[5825, 1]",2,158,64,0
14938,"[5826, 0]",1,41,18,0
14939,"[5827, 0]",1,37,18,0
14940,"[5828, 0]",1,156,64,0
14941,"[5829, 0]",1,0,0,0
14942,"[5829, 1]",2,0,0,0
14943,"[5829, 2]",22,41,18,0
14944,"[5830, 0]",1,158,64,0
14945,"[5831, 0]",1,156,64,1
14946,"[5832, 0]",1,0,0,0
14947,"[5832, 1]",3,0,0,0
14948,"[5832, 2]",2,0,0,0
14949,"[5832, 3]",35,0,0,0
14950,"[5832, 4]",31,0,0,0
14951,"[5832, 5]",60,156,64,-1
14952,"[5832, 6]",40,158,64,0
14953,"[5833, 0]",1,0,0,0
14954,"[5833, 1]",2,0,0,0
14955,"[5833, 2]",16,156,64,1
14956,"[5834, 0]",1,0,0,0
14957,"[5834, 1]",2,0,0,0
14958,"[5834, 2]",59,41,18,0
14959,"[5834, 3]",57,0,0,0
14960,"[5834, 4]",56,0,0,0
14961,"[5834, 5]",79,158,64,0
14962,"[5834, 6]",76,158,64,0
14963,"[5835, 0]",1,0,0,0
14964,"[5835, 1]",6,158,64,0
14965,"[5835, 2]",4,0,0,0
14966,"[5835, 3]",2,0,0,0
14967,"[5835, 4]",42,2,1,0
14968,"[5835, 5]",28,41,18,4
14969,"[5836, 0]",1,158,64,0
14970,"[5837, 0]",1,0,0,0
14971,"[5837, 1]",2,156,64,0
14972,"[5838, 0]",1,158,64,0
14973,"[5839, 0]",1,158,64,1
14974,"[5840, 0]",1,0,0,0
14975,"[5840, 1]",2,57,26,0
14976,"[5841, 0]",1,37,18,0
14977,"[5842, 0]",1,0,0,0
14978,"[5842, 1]",3,0,0,-1
14979,"[5842, 2]",50,2,1,-1
14980,"[5843, 0]",1,2,1,0
14981,"[5844, 0]",1,0,0,0
14982,"[5844, 1]",2,158,64,0
14983,"[5845, 0]",1,0,0,0
14984,"[5845, 1]",2,156,64,0
14985,"[5846, 0]",1,2,1,0
14986,"[5847, 0]",1,64,29,0
14987,"[5848, 0]",1,0,0,0
14988,"[5848, 1]",8,53,24,0
14989,"[5848, 2]",7,0,0,0
14990,"[5848, 3]",6,0,0,0
14991,"[5848, 4]",3,0,0,0
14992,"[5848, 5]",2,0,0,0
14993,"[5848, 6]",59,0,0,0
14994,"[5848, 7]",58,41,18,0
14995,"[5848, 8]",54,158,64,0
14996,"[5848, 9]",53,0,0,0
14997,"[5848, 10]",34,2,1,0
14998,"[5848, 11]",31,158,64,23
14999,"[5848, 12]",114,41,18,0
15000,"[5848, 13]",90,57,26,0
15001,"[5849, 0]",1,0,0,0
15002,"[5849, 1]",2,59,28,0
15003,"[5850, 0]",1,0,0,0
15004,"[5850, 1]",5,57,26,0
15005,"[5850, 2]",4,53,24,0
15006,"[5851, 0]",1,158,64,0
15007,"[5852, 0]",1,0,0,0
15008,"[5852, 1]",3,156,64,-1
15009,"[5853, 0]",1,158,64,0
15010,"[5854, 0]",1,158,64,0
15011,"[5855, 0]",1,158,64,1
15012,"[5856, 0]",1,0,0,0
15013,"[5856, 1]",2,2,1,0
15014,"[5857, 0]",1,41,18,0
15015,"[5858, 0]",1,0,0,0
15016,"[5858, 1]",2,158,64,5
15017,"[5859, 0]",1,61,28,0
15018,"[5860, 0]",1,57,26,0
15019,"[5861, 0]",1,0,0,0
15020,"[5861, 1]",2,158,64,0
15021,"[5862, 0]",1,0,0,1
15022,"[5862, 1]",2,156,64,0
15023,"[5863, 0]",1,158,64,0
15024,"[5864, 0]",1,0,0,0
15025,"[5864, 1]",2,156,64,0
15026,"[5865, 0]",1,158,64,0
15027,"[5866, 0]",1,0,0,0
15028,"[5866, 1]",2,156,64,0
15029,"[5867, 0]",1,0,0,0
15030,"[5867, 1]",2,41,18,0
15031,"[5868, 0]",1,158,64,0
15032,"[5869, 0]",1,2,1,0
15033,"[5870, 0]",1,0,0,0
15034,"[5870, 1]",3,2,1,0
15035,"[5870, 2]",2,156,64,0
15036,"[5871, 0]",1,41,18,0
15037,"[5872, 0]",1,0,0,0
15038,"[5872, 1]",2,0,0,0
15039,"[5872, 2]",19,156,64,3
15040,"[5873, 0]",1,0,0,0
15041,"[5873, 1]",2,57,26,0
15042,"[5874, 0]",1,0,0,0
15043,"[5874, 1]",2,158,64,0
15044,"[5875, 0]",1,54,24,0
15045,"[5876, 0]",1,53,24,0
15046,"[5877, 0]",1,0,0,0
15047,"[5877, 1]",2,2,1,0
15048,"[5878, 0]",1,0,0,0
15049,"[5878, 1]",2,41,18,0
15050,"[5879, 0]",1,158,64,0
15051,"[5880, 0]",1,0,0,0
15052,"[5880, 1]",2,63,28,0
15053,"[5881, 0]",1,0,0,0
15054,"[5881, 1]",2,158,64,0
15055,"[5882, 0]",1,0,0,0
15056,"[5882, 1]",2,158,64,0
15057,"[5883, 0]",1,156,64,0
15058,"[5884, 0]",1,41,18,0
15059,"[5885, 0]",1,158,64,0
15060,"[5886, 0]",1,41,18,0
15061,"[5887, 0]",1,0,0,0
15062,"[5887, 1]",2,41,18,42
15063,"[5888, 0]",1,0,0,0
15064,"[5888, 1]",2,41,18,0
15065,"[5889, 0]",1,158,64,0
15066,"[5890, 0]",1,0,0,0
15067,"[5890, 1]",2,2,1,4
15068,"[5891, 0]",1,51,24,0
15069,"[5892, 0]",1,0,0,0
15070,"[5892, 1]",2,156,64,-1
15071,"[5893, 0]",1,41,18,0
15072,"[5894, 0]",1,158,64,0
15073,"[5895, 0]",1,0,0,0
15074,"[5895, 1]",2,2,1,0
15075,"[5896, 0]",1,0,0,0
15076,"[5896, 1]",6,158,64,0
15077,"[5896, 2]",5,57,26,0
15078,"[5896, 3]",4,158,64,0
15079,"[5897, 0]",1,0,0,0
15080,"[5897, 1]",4,41,18,0
15081,"[5898, 0]",1,0,0,0
15082,"[5898, 1]",3,0,0,0
15083,"[5898, 2]",2,0,0,0
15084,"[5898, 3]",52,57,26,0
15085,"[5898, 4]",50,0,0,0
15086,"[5898, 5]",49,0,0,0
15087,"[5898, 6]",48,0,0,0
15088,"[5898, 7]",44,0,0,0
15089,"[5898, 8]",115,57,26,8
15090,"[5898, 9]",88,0,0,0
15091,"[5898, 10]",81,0,0,0
15092,"[5898, 11]",74,158,64,0
15093,"[5898, 12]",228,158,64,1
15094,"[5898, 13]",193,0,0,-1
15095,"[5898, 14]",389,0,0,1
15096,"[5898, 15]",446,158,64,0
15097,"[5899, 0]",1,0,0,0
15098,"[5899, 1]",2,54,24,3
15099,"[5900, 0]",1,2,1,0
15100,"[5901, 0]",1,0,0,0
15101,"[5901, 1]",2,158,64,0
15102,"[5902, 0]",1,0,0,0
15103,"[5902, 1]",3,0,0,0
15104,"[5902, 2]",2,0,0,0
15105,"[5902, 3]",39,158,64,0
15106,"[5902, 4]",36,41,18,0
15107,"[5903, 0]",1,158,64,0
15108,"[5904, 0]",1,0,0,0
15109,"[5904, 1]",2,158,64,0
15110,"[5905, 0]",1,41,18,0
15111,"[5906, 0]",1,0,0,0
15112,"[5906, 1]",3,0,0,0
15113,"[5906, 2]",2,41,18,0
15114,"[5906, 3]",27,158,64,-1
15115,"[5907, 0]",1,0,0,0
15116,"[5907, 1]",4,158,64,0
15117,"[5907, 2]",3,0,0,0
15118,"[5907, 3]",2,0,0,0
15119,"[5907, 4]",17,41,18,0
15120,"[5907, 5]",15,0,0,0
15121,"[5907, 6]",14,0,0,0
15122,"[5907, 7]",10,158,64,0
15123,"[5907, 8]",41,156,64,0
15124,"[5907, 9]",40,59,28,0
15125,"[5907, 10]",33,57,26,0
15126,"[5908, 0]",1,0,0,0
15127,"[5908, 1]",6,2,1,0
15128,"[5908, 2]",4,158,64,0
15129,"[5908, 3]",2,0,0,0
15130,"[5909, 0]",1,0,0,0
15131,"[5909, 1]",2,158,64,0
15132,"[5910, 0]",1,0,0,0
15133,"[5910, 1]",2,0,0,0
15134,"[5910, 2]",17,2,1,0
15135,"[5911, 0]",1,0,0,0
15136,"[5911, 1]",2,156,64,-1
15137,"[5912, 0]",1,0,0,0
15138,"[5912, 1]",2,41,18,0
15139,"[5913, 0]",1,0,0,0
15140,"[5913, 1]",2,158,64,0
15141,"[5914, 0]",1,0,0,0
15142,"[5914, 1]",2,0,0,0
15143,"[5914, 2]",22,57,26,4
15144,"[5915, 0]",1,158,64,0
15145,"[5916, 0]",1,0,0,0
15146,"[5916, 1]",4,0,0,0
15147,"[5916, 2]",3,0,0,0
15148,"[5916, 3]",29,158,64,0
15149,"[5916, 4]",25,41,18,0
15150,"[5917, 0]",1,0,0,0
15151,"[5917, 1]",4,0,0,0
15152,"[5917, 2]",3,0,0,0
15153,"[5917, 3]",2,0,0,0
15154,"[5917, 4]",48,156,64,0
15155,"[5917, 5]",47,0,0,0
15156,"[5917, 6]",40,2,1,0
15157,"[5917, 7]",35,41,18,0
15158,"[5917, 8]",78,156,64,-1
15159,"[5918, 0]",1,0,0,0
15160,"[5918, 1]",2,158,64,0
15161,"[5919, 0]",1,158,64,0
15162,"[5920, 0]",1,158,64,0
15163,"[5921, 0]",1,0,0,0
15164,"[5921, 1]",2,158,64,3
15165,"[5922, 0]",1,57,26,0
15166,"[5923, 0]",1,0,0,0
15167,"[5923, 1]",2,158,64,0
15168,"[5924, 0]",1,158,64,0
15169,"[5925, 0]",1,41,18,0
15170,"[5926, 0]",1,0,0,0
15171,"[5926, 1]",2,0,0,0
15172,"[5926, 2]",28,158,64,0
15173,"[5927, 0]",1,0,0,0
15174,"[5927, 1]",2,0,0,0
15175,"[5927, 2]",39,158,64,6
15176,"[5928, 0]",1,0,0,0
15177,"[5928, 1]",2,54,24,0
15178,"[5929, 0]",1,41,18,0
15179,"[5930, 0]",1,0,0,0
15180,"[5930, 1]",2,0,0,0
15181,"[5930, 2]",39,0,0,0
15182,"[5930, 3]",37,0,0,0
15183,"[5930, 4]",67,0,0,0
15184,"[5930, 5]",44,41,18,0
15185,"[5930, 6]",140,158,64,0
15186,"[5931, 0]",1,0,0,0
15187,"[5931, 1]",2,57,26,0
15188,"[5932, 0]",1,0,0,0
15189,"[5932, 1]",2,158,64,0
15190,"[5933, 0]",1,0,0,0
15191,"[5933, 1]",5,156,64,0
15192,"[5933, 2]",4,0,0,0
15193,"[5933, 3]",13,41,18,0
15194,"[5934, 0]",1,0,0,0
15195,"[5934, 1]",2,57,26,0
15196,"[5935, 0]",1,0,0,0
15197,"[5935, 1]",2,158,64,0
15198,"[5936, 0]",1,41,18,0
15199,"[5937, 0]",1,158,64,0
15200,"[5938, 0]",1,0,0,0
15201,"[5938, 1]",2,158,64,0
15202,"[5939, 0]",1,158,64,0
15203,"[5940, 0]",1,0,0,0
15204,"[5940, 1]",2,59,28,3
15205,"[5941, 0]",1,0,0,0
15206,"[5941, 1]",2,0,0,0
15207,"[5941, 2]",15,63,28,0
15208,"[5942, 0]",1,57,26,1
15209,"[5943, 0]",1,57,26,0
15210,"[5944, 0]",1,57,26,0
15211,"[5945, 0]",1,0,0,0
15212,"[5945, 1]",2,2,1,-1
15213,"[5946, 0]",1,158,64,0
15214,"[5947, 0]",1,0,0,0
15215,"[5947, 1]",2,0,0,0
15216,"[5947, 2]",47,0,0,0
15217,"[5947, 3]",60,57,26,0
15218,"[5948, 0]",1,41,18,0
15219,"[5949, 0]",1,158,64,0
15220,"[5950, 0]",1,0,0,0
15221,"[5950, 1]",2,0,0,0
15222,"[5950, 2]",21,158,64,0
15223,"[5951, 0]",1,51,24,0
15224,"[5952, 0]",1,0,0,0
15225,"[5952, 1]",5,2,1,0
15226,"[5952, 2]",3,0,0,0
15227,"[5952, 3]",2,0,0,0
15228,"[5952, 4]",42,57,26,0
15229,"[5952, 5]",40,0,0,0
15230,"[5952, 6]",32,54,24,0
15231,"[5952, 7]",81,0,0,0
15232,"[5952, 8]",238,57,26,0
15233,"[5953, 0]",1,2,1,0
15234,"[5954, 0]",1,0,0,0
15235,"[5954, 1]",2,158,64,0
15236,"[5955, 0]",1,0,0,1
15237,"[5955, 1]",2,158,64,1
15238,"[5956, 0]",1,0,0,0
15239,"[5956, 1]",2,158,64,0
15240,"[5957, 0]",1,2,1,0
15241,"[5958, 0]",1,0,0,0
15242,"[5958, 1]",2,158,64,0
15243,"[5959, 0]",1,0,0,0
15244,"[5959, 1]",2,2,1,1
15245,"[5960, 0]",1,2,1,0
15246,"[5961, 0]",1,156,64,0
15247,"[5962, 0]",1,0,0,0
15248,"[5962, 1]",4,41,18,0
15249,"[5962, 2]",2,0,0,0
15250,"[5962, 3]",32,41,18,0
15251,"[5962, 4]",31,158,64,0
15252,"[5963, 0]",1,158,64,0
15253,"[5964, 0]",1,41,18,0
15254,"[5965, 0]",1,0,0,0
15255,"[5965, 1]",2,158,64,0
15256,"[5966, 0]",1,158,64,0
15257,"[5967, 0]",1,0,0,0
15258,"[5967, 1]",7,0,0,0
15259,"[5967, 2]",5,0,0,0
15260,"[5967, 3]",2,0,0,0
15261,"[5967, 4]",48,158,64,3
15262,"[5967, 5]",47,2,1,-1
15263,"[5967, 6]",23,158,64,1
15264,"[5967, 7]",9,41,18,22
15265,"[5968, 0]",1,0,0,0
15266,"[5968, 1]",2,2,1,0
15267,"[5969, 0]",1,0,0,0
15268,"[5969, 1]",6,158,64,0
15269,"[5969, 2]",3,158,64,0
15270,"[5970, 0]",1,2,1,0
15271,"[5971, 0]",1,0,0,0
15272,"[5971, 1]",2,0,0,0
15273,"[5971, 2]",63,158,64,0
15274,"[5972, 0]",1,156,64,0
15275,"[5973, 0]",1,158,64,0
15276,"[5974, 0]",1,0,0,0
15277,"[5974, 1]",2,41,18,0
15278,"[5975, 0]",1,41,18,0
15279,"[5976, 0]",1,41,18,0
15280,"[5977, 0]",1,57,26,0
15281,"[5978, 0]",1,41,18,0
15282,"[5979, 0]",1,0,0,0
15283,"[5979, 1]",2,158,64,0
15284,"[5980, 0]",1,57,26,0
15285,"[5981, 0]",1,0,0,0
15286,"[5981, 1]",2,57,26,0
15287,"[5982, 0]",1,0,0,0
15288,"[5982, 1]",2,158,64,0
15289,"[5983, 0]",1,156,64,0
15290,"[5984, 0]",1,0,0,0
15291,"[5984, 1]",2,59,28,0
15292,"[5985, 0]",1,59,28,0
15293,"[5986, 0]",1,0,0,0
15294,"[5986, 1]",2,59,28,0
15295,"[5987, 0]",1,0,0,0
15296,"[5987, 1]",2,0,0,-1
15297,"[5987, 2]",16,158,64,7
15298,"[5988, 0]",1,0,0,0
15299,"[5988, 1]",2,0,0,0
15300,"[5988, 2]",21,57,26,0
15301,"[5989, 0]",1,41,18,0
15302,"[5990, 0]",1,41,18,0
15303,"[5991, 0]",1,0,0,0
15304,"[5991, 1]",2,158,64,4
15305,"[5992, 0]",1,156,64,0
15306,"[5993, 0]",1,0,0,0
15307,"[5993, 1]",2,158,64,0
15308,"[5994, 0]",1,41,18,0
15309,"[5995, 0]",1,156,64,0
15310,"[5996, 0]",1,158,64,0
15311,"[5997, 0]",1,0,0,0
15312,"[5997, 1]",2,158,64,0
15313,"[5998, 0]",1,41,18,0
15314,"[5999, 0]",1,0,0,0
15315,"[5999, 1]",2,0,0,0
15316,"[5999, 2]",45,158,64,0
15317,"[6000, 0]",1,57,26,0
15318,"[6001, 0]",1,41,18,0
15319,"[6002, 0]",1,41,18,0
15320,"[6003, 0]",1,0,0,0
15321,"[6003, 1]",2,57,26,4
15322,"[6004, 0]",1,41,18,0
15323,"[6005, 0]",1,158,64,0
15324,"[6006, 0]",1,0,0,0
15325,"[6006, 1]",2,0,0,0
15326,"[6006, 2]",27,0,0,0
15327,"[6006, 3]",65,53,24,0
15328,"[6007, 0]",1,0,0,0
15329,"[6007, 1]",2,158,64,0
15330,"[6008, 0]",1,0,0,0
15331,"[6008, 1]",2,156,64,0
15332,"[6009, 0]",1,0,0,0
15333,"[6009, 1]",5,158,64,-1
15334,"[6009, 2]",2,156,64,-1
15335,"[6010, 0]",1,53,24,0
15336,"[6011, 0]",1,0,0,0
15337,"[6011, 1]",2,158,64,0
15338,"[6012, 0]",1,41,18,0
15339,"[6013, 0]",1,0,0,0
15340,"[6013, 1]",7,0,0,-1
15341,"[6013, 2]",6,158,64,-1
15342,"[6013, 3]",3,0,0,-1
15343,"[6013, 4]",55,0,0,-1
15344,"[6013, 5]",46,158,64,-1
15345,"[6013, 6]",142,158,64,-1
15346,"[6014, 0]",1,158,64,0
15347,"[6015, 0]",1,0,0,0
15348,"[6015, 1]",2,158,64,0
15349,"[6016, 0]",1,0,0,0
15350,"[6016, 1]",2,158,64,0
15351,"[6017, 0]",1,0,0,0
15352,"[6017, 1]",2,0,0,0
15353,"[6017, 2]",20,2,1,0
15354,"[6018, 0]",1,0,0,0
15355,"[6018, 1]",3,57,26,0
15356,"[6018, 2]",2,41,18,0
15357,"[6019, 0]",1,0,0,0
15358,"[6019, 1]",2,158,64,0
15359,"[6020, 0]",1,0,0,0
15360,"[6020, 1]",2,158,64,0
15361,"[6021, 0]",1,0,0,0
15362,"[6021, 1]",2,156,64,0
15363,"[6022, 0]",1,2,1,0
15364,"[6023, 0]",1,2,1,0
15365,"[6024, 0]",1,0,0,0
15366,"[6024, 1]",2,158,64,0
15367,"[6025, 0]",1,158,64,0
15368,"[6026, 0]",1,158,64,0
15369,"[6027, 0]",1,0,0,0
15370,"[6027, 1]",2,0,0,0
15371,"[6027, 2]",14,158,64,0
15372,"[6027, 3]",13,57,26,0
15373,"[6028, 0]",1,0,0,0
15374,"[6028, 1]",2,158,64,0
15375,"[6029, 0]",1,0,0,0
15376,"[6029, 1]",2,0,0,0
15377,"[6029, 2]",69,57,26,0
15378,"[6030, 0]",1,41,18,0
15379,"[6031, 0]",1,55,26,0
15380,"[6032, 0]",1,0,0,0
15381,"[6032, 1]",2,57,26,0
15382,"[6033, 0]",1,41,18,0
15383,"[6034, 0]",1,0,0,0
15384,"[6034, 1]",2,0,0,0
15385,"[6034, 2]",15,0,0,0
15386,"[6034, 3]",21,54,24,0
15387,"[6035, 0]",1,63,28,0
15388,"[6036, 0]",1,158,64,0
15389,"[6037, 0]",1,0,0,0
15390,"[6037, 1]",2,0,0,0
15391,"[6037, 2]",21,158,64,0
15392,"[6038, 0]",1,0,0,0
15393,"[6038, 1]",6,0,0,0
15394,"[6038, 2]",4,0,0,0
15395,"[6038, 3]",2,0,0,0
15396,"[6038, 4]",49,41,18,0
15397,"[6038, 5]",47,0,0,0
15398,"[6038, 6]",32,57,26,0
15399,"[6038, 7]",17,158,64,-1
15400,"[6038, 8]",87,158,64,-1
15401,"[6038, 9]",85,0,0,-1
15402,"[6038, 10]",256,0,0,3
15403,"[6038, 11]",321,54,24,0
15404,"[6039, 0]",1,0,0,0
15405,"[6039, 1]",2,158,64,0
15406,"[6040, 0]",1,57,26,0
15407,"[6041, 0]",1,41,18,0
15408,"[6042, 0]",1,158,64,0
15409,"[6043, 0]",1,0,0,0
15410,"[6043, 1]",6,158,64,0
15411,"[6043, 2]",4,0,0,0
15412,"[6043, 3]",2,0,0,0
15413,"[6043, 4]",45,57,26,0
15414,"[6043, 5]",43,0,0,0
15415,"[6043, 6]",40,0,0,0
15416,"[6043, 7]",39,0,0,0
15417,"[6043, 8]",33,0,0,0
15418,"[6043, 9]",99,156,64,0
15419,"[6043, 10]",74,0,0,0
15420,"[6043, 11]",67,156,64,0
15421,"[6043, 12]",62,0,0,0
15422,"[6043, 13]",283,156,64,0
15423,"[6043, 14]",219,57,26,0
15424,"[6044, 0]",1,41,18,0
15425,"[6045, 0]",1,41,18,0
15426,"[6046, 0]",1,158,64,0
15427,"[6047, 0]",1,0,0,0
15428,"[6047, 1]",2,158,64,0
15429,"[6048, 0]",1,158,64,0
15430,"[6049, 0]",1,0,0,0
15431,"[6049, 1]",2,0,0,0
15432,"[6049, 2]",10,57,26,0
15433,"[6050, 0]",1,158,64,0
15434,"[6051, 0]",1,158,64,0
15435,"[6052, 0]",1,158,64,0
15436,"[6053, 0]",1,0,0,0
15437,"[6053, 1]",2,156,64,0
15438,"[6054, 0]",1,158,64,0
15439,"[6055, 0]",1,0,0,0
15440,"[6055, 1]",2,2,1,0
15441,"[6056, 0]",1,0,0,0
15442,"[6056, 1]",2,156,64,0
15443,"[6057, 0]",1,2,1,1
15444,"[6058, 0]",1,0,0,0
15445,"[6058, 1]",2,158,64,0
15446,"[6059, 0]",1,0,0,0
15447,"[6059, 1]",2,158,64,0
15448,"[6060, 0]",1,57,26,0
15449,"[6061, 0]",1,0,0,0
15450,"[6061, 1]",2,41,18,0
15451,"[6062, 0]",1,158,64,0
15452,"[6063, 0]",1,156,64,0
15453,"[6064, 0]",1,158,64,1
15454,"[6065, 0]",1,156,64,0
15455,"[6066, 0]",1,0,0,0
15456,"[6066, 1]",2,158,64,0
15457,"[6067, 0]",1,57,26,0
15458,"[6068, 0]",1,2,1,0
15459,"[6069, 0]",1,0,0,0
15460,"[6069, 1]",2,57,26,0
15461,"[6070, 0]",1,41,18,0
15462,"[6071, 0]",1,158,64,0
15463,"[6072, 0]",1,2,1,0
15464,"[6073, 0]",1,158,64,0
15465,"[6074, 0]",1,0,0,0
15466,"[6074, 1]",2,2,1,0
15467,"[6075, 0]",1,0,0,0
15468,"[6075, 1]",2,0,0,0
15469,"[6075, 2]",13,41,18,27
15470,"[6076, 0]",1,0,0,0
15471,"[6076, 1]",2,2,1,0
15472,"[6077, 0]",1,0,0,1
15473,"[6077, 1]",2,0,0,0
15474,"[6077, 2]",16,158,64,8
15475,"[6078, 0]",1,0,0,0
15476,"[6078, 1]",2,158,64,0
15477,"[6079, 0]",1,0,0,0
15478,"[6079, 1]",2,0,0,0
15479,"[6079, 2]",43,0,0,0
15480,"[6079, 3]",42,156,64,0
15481,"[6079, 4]",63,41,18,0
15482,"[6080, 0]",1,158,64,0
15483,"[6081, 0]",1,0,0,0
15484,"[6081, 1]",6,158,64,0
15485,"[6081, 2]",4,0,0,0
15486,"[6081, 3]",3,0,0,0
15487,"[6081, 4]",39,158,64,0
15488,"[6081, 5]",36,0,0,0
15489,"[6081, 6]",79,156,64,0
15490,"[6082, 0]",1,0,0,0
15491,"[6082, 1]",2,0,0,0
15492,"[6082, 2]",40,158,64,5
15493,"[6083, 0]",1,158,64,0
15494,"[6084, 0]",1,59,28,1
15495,"[6085, 0]",1,0,0,0
15496,"[6085, 1]",2,59,28,4
15497,"[6086, 0]",1,0,0,0
15498,"[6086, 1]",2,158,64,0
15499,"[6087, 0]",1,41,18,0
15500,"[6088, 0]",1,0,0,0
15501,"[6088, 1]",2,158,64,0
15502,"[6089, 0]",1,158,64,0
15503,"[6090, 0]",1,57,26,0
15504,"[6091, 0]",1,2,1,0
15505,"[6092, 0]",1,0,0,1
15506,"[6092, 1]",2,0,0,-1
15507,"[6092, 2]",14,158,64,1
15508,"[6093, 0]",1,0,0,0
15509,"[6093, 1]",7,0,0,0
15510,"[6093, 2]",6,0,0,0
15511,"[6093, 3]",5,0,0,0
15512,"[6093, 4]",4,0,0,0
15513,"[6093, 5]",2,0,0,0
15514,"[6093, 6]",42,158,64,0
15515,"[6093, 7]",39,0,0,0
15516,"[6093, 8]",31,0,0,0
15517,"[6093, 9]",28,0,0,0
15518,"[6093, 10]",25,0,0,0
15519,"[6093, 11]",22,41,18,1
15520,"[6093, 12]",140,158,64,-1
15521,"[6093, 13]",122,0,0,-1
15522,"[6093, 14]",113,158,64,0
15523,"[6093, 15]",84,57,26,0
15524,"[6093, 16]",230,158,64,-1
15525,"[6094, 0]",1,0,0,0
15526,"[6094, 1]",7,0,0,0
15527,"[6094, 2]",4,0,0,0
15528,"[6094, 3]",3,0,0,0
15529,"[6094, 4]",2,0,0,0
15530,"[6094, 5]",51,0,0,0
15531,"[6094, 6]",47,158,64,0
15532,"[6094, 7]",46,41,18,0
15533,"[6094, 8]",37,0,0,0
15534,"[6094, 9]",30,57,26,0
15535,"[6094, 10]",186,158,64,0
15536,"[6094, 11]",72,0,0,0
15537,"[6094, 12]",423,0,0,0
15538,"[6094, 13]",422,57,26,0
15539,"[6094, 14]",458,156,64,0
15540,"[6095, 0]",1,158,64,0
15541,"[6096, 0]",1,0,0,0
15542,"[6096, 1]",2,0,0,0
15543,"[6096, 2]",23,156,64,0
15544,"[6097, 0]",1,158,64,0
15545,"[6098, 0]",1,0,0,0
15546,"[6098, 1]",2,0,0,0
15547,"[6098, 2]",17,158,64,1
15548,"[6099, 0]",1,0,0,0
15549,"[6099, 1]",2,57,26,0
15550,"[6100, 0]",1,0,0,0
15551,"[6100, 1]",2,41,18,0
15552,"[6101, 0]",1,0,0,0
15553,"[6101, 1]",2,156,64,0
15554,"[6102, 0]",1,0,0,0
15555,"[6102, 1]",5,41,18,0
15556,"[6102, 2]",3,0,0,0
15557,"[6102, 3]",2,0,0,0
15558,"[6102, 4]",31,0,0,-1
15559,"[6102, 5]",28,0,0,-1
15560,"[6102, 6]",27,0,0,-1
15561,"[6102, 7]",88,41,18,8
15562,"[6102, 8]",85,0,0,-1
15563,"[6102, 9]",67,158,64,-1
15564,"[6102, 10]",66,158,64,-1
15565,"[6102, 11]",167,158,64,-1
15566,"[6103, 0]",1,156,64,0
15567,"[6104, 0]",1,0,0,0
15568,"[6104, 1]",2,59,28,0
15569,"[6105, 0]",1,41,18,0
15570,"[6106, 0]",1,0,0,0
15571,"[6106, 1]",6,41,18,0
15572,"[6106, 2]",4,0,0,0
15573,"[6106, 3]",3,0,0,0
15574,"[6106, 4]",24,158,64,0
15575,"[6106, 5]",21,156,64,0
15576,"[6107, 0]",1,0,0,0
15577,"[6107, 1]",2,158,64,0
15578,"[6108, 0]",1,41,18,0
15579,"[6109, 0]",1,0,0,0
15580,"[6109, 1]",2,0,0,-1
15581,"[6109, 2]",14,158,64,-1
15582,"[6110, 0]",1,57,26,0
15583,"[6111, 0]",1,0,0,0
15584,"[6111, 1]",2,158,64,0
15585,"[6112, 0]",1,59,28,0
15586,"[6113, 0]",1,0,0,0
15587,"[6113, 1]",2,0,0,0
15588,"[6113, 2]",7,0,0,0
15589,"[6113, 3]",16,57,26,-1
15590,"[6114, 0]",1,57,26,0
15591,"[6115, 0]",1,41,18,1
15592,"[6116, 0]",1,0,0,0
15593,"[6116, 1]",2,158,64,0
15594,"[6117, 0]",1,57,26,0
15595,"[6118, 0]",1,0,0,0
15596,"[6118, 1]",6,156,64,1
15597,"[6118, 2]",5,0,0,-1
15598,"[6118, 3]",2,0,0,-1
15599,"[6118, 4]",49,158,64,-1
15600,"[6118, 5]",33,158,64,2
15601,"[6119, 0]",1,0,0,0
15602,"[6119, 1]",6,158,64,18
15603,"[6119, 2]",5,156,64,-1
15604,"[6119, 3]",4,54,24,11
15605,"[6120, 0]",1,41,18,0
15606,"[6121, 0]",1,0,0,0
15607,"[6121, 1]",2,2,1,0
15608,"[6122, 0]",1,158,64,0
15609,"[6123, 0]",1,156,64,0
15610,"[6124, 0]",1,57,26,1
15611,"[6125, 0]",1,158,64,0
15612,"[6126, 0]",1,158,64,1
15613,"[6127, 0]",1,0,0,0
15614,"[6127, 1]",6,0,0,0
15615,"[6127, 2]",3,0,0,0
15616,"[6127, 3]",2,0,0,0
15617,"[6127, 4]",44,158,64,0
15618,"[6127, 5]",20,158,64,7
15619,"[6128, 0]",1,57,26,0
15620,"[6129, 0]",1,156,64,0
15621,"[6130, 0]",1,59,26,0
15622,"[6131, 0]",1,0,0,0
15623,"[6131, 1]",2,0,0,-1
15624,"[6131, 2]",16,156,64,2
15625,"[6132, 0]",1,0,0,0
15626,"[6132, 1]",2,2,1,0
15627,"[6133, 0]",1,0,0,0
15628,"[6133, 1]",2,158,64,0
15629,"[6134, 0]",1,0,0,0
15630,"[6134, 1]",30,41,18,0
15631,"[6134, 2]",28,0,0,0
15632,"[6134, 3]",26,0,0,0
15633,"[6134, 4]",24,0,0,0
15634,"[6134, 5]",23,0,0,0
15635,"[6134, 6]",22,0,0,0
15636,"[6134, 7]",14,0,0,0
15637,"[6134, 8]",13,0,0,0
15638,"[6134, 9]",9,0,0,0
15639,"[6134, 10]",8,0,0,0
15640,"[6134, 11]",7,0,0,0
15641,"[6134, 12]",6,0,0,0
15642,"[6134, 13]",4,0,0,0
15643,"[6134, 14]",172,41,18,0
15644,"[6134, 15]",171,57,26,0
15645,"[6134, 16]",170,41,18,0
15646,"[6134, 17]",168,0,0,0
15647,"[6134, 18]",162,158,64,0
15648,"[6134, 19]",159,41,18,0
15649,"[6134, 20]",151,2,1,0
15650,"[6134, 21]",150,0,0,0
15651,"[6134, 22]",147,0,0,0
15652,"[6134, 23]",144,158,64,0
15653,"[6134, 24]",143,41,18,0
15654,"[6134, 25]",142,57,26,0
15655,"[6134, 26]",139,0,0,0
15656,"[6134, 27]",137,0,0,0
15657,"[6134, 28]",136,0,0,0
15658,"[6134, 29]",135,0,0,0
15659,"[6134, 30]",131,158,64,0
15660,"[6134, 31]",130,158,64,0
15661,"[6134, 32]",128,0,0,0
15662,"[6134, 33]",124,158,64,0
15663,"[6134, 34]",122,0,0,0
15664,"[6134, 35]",114,0,0,0
15665,"[6134, 36]",113,0,0,0
15666,"[6134, 37]",112,0,0,0
15667,"[6134, 38]",111,0,0,0
15668,"[6134, 39]",109,0,0,0
15669,"[6134, 40]",108,0,0,0
15670,"[6134, 41]",99,0,0,0
15671,"[6134, 42]",94,158,64,0
15672,"[6134, 43]",91,0,0,0
15673,"[6134, 44]",89,0,0,0
15674,"[6134, 45]",88,0,0,0
15675,"[6134, 46]",87,0,0,0
15676,"[6134, 47]",86,0,0,0
15677,"[6134, 48]",83,41,18,0
15678,"[6134, 49]",82,53,24,0
15679,"[6134, 50]",81,158,64,0
15680,"[6134, 51]",80,0,0,0
15681,"[6134, 52]",79,0,0,0
15682,"[6134, 53]",70,0,0,0
15683,"[6134, 54]",69,0,0,0
15684,"[6134, 55]",68,0,0,0
15685,"[6134, 56]",60,0,0,0
15686,"[6134, 57]",58,53,24,0
15687,"[6134, 58]",56,41,18,0
15688,"[6134, 59]",55,0,0,0
15689,"[6134, 60]",51,57,26,0
15690,"[6134, 61]",50,41,18,0
15691,"[6134, 62]",41,53,24,0
15692,"[6134, 63]",38,0,0,0
15693,"[6134, 64]",859,41,18,0
15694,"[6134, 65]",741,41,18,0
15695,"[6134, 66]",721,57,26,0
15696,"[6134, 67]",656,158,64,0
15697,"[6134, 68]",654,0,0,0
15698,"[6134, 69]",653,0,0,0
15699,"[6134, 70]",648,0,0,0
15700,"[6134, 71]",643,41,18,0
15701,"[6134, 72]",617,158,64,0
15702,"[6134, 73]",614,59,28,0
15703,"[6134, 74]",601,2,1,0
15704,"[6134, 75]",599,0,0,0
15705,"[6134, 76]",596,158,64,0
15706,"[6134, 77]",595,0,0,0
15707,"[6134, 78]",594,0,0,0
15708,"[6134, 79]",592,0,0,0
15709,"[6134, 80]",591,0,0,0
15710,"[6134, 81]",587,158,64,0
15711,"[6134, 82]",586,53,24,0
15712,"[6134, 83]",583,0,0,0
15713,"[6134, 84]",549,158,64,0
15714,"[6134, 85]",548,41,18,0
15715,"[6134, 86]",546,0,0,0
15716,"[6134, 87]",545,0,0,0
15717,"[6134, 88]",540,0,0,0
15718,"[6134, 89]",539,0,0,0
15719,"[6134, 90]",538,0,0,0
15720,"[6134, 91]",535,0,0,0
15721,"[6134, 92]",534,0,0,0
15722,"[6134, 93]",504,0,0,0
15723,"[6134, 94]",502,0,0,0
15724,"[6134, 95]",501,0,0,0
15725,"[6134, 96]",499,0,0,0
15726,"[6134, 97]",498,0,0,0
15727,"[6134, 98]",491,2,1,0
15728,"[6134, 99]",490,2,1,0
15729,"[6134, 100]",488,0,0,0
15730,"[6134, 101]",485,158,64,0
15731,"[6134, 102]",484,41,18,0
15732,"[6134, 103]",483,2,1,0
15733,"[6134, 104]",475,158,64,0
15734,"[6134, 105]",470,0,0,0
15735,"[6134, 106]",463,158,64,0
15736,"[6134, 107]",459,158,64,0
15737,"[6134, 108]",455,0,0,0
15738,"[6134, 109]",454,0,0,0
15739,"[6134, 110]",452,0,0,0
15740,"[6134, 111]",420,0,0,0
15741,"[6134, 112]",378,0,0,0
15742,"[6134, 113]",377,158,64,0
15743,"[6134, 114]",373,158,64,0
15744,"[6134, 115]",372,0,0,0
15745,"[6134, 116]",366,0,0,0
15746,"[6134, 117]",361,158,64,0
15747,"[6134, 118]",320,41,18,0
15748,"[6134, 119]",318,0,0,0
15749,"[6134, 120]",289,41,18,0
15750,"[6134, 121]",266,41,18,0
15751,"[6134, 122]",265,0,0,0
15752,"[6134, 123]",264,0,0,0
15753,"[6134, 124]",261,0,0,0
15754,"[6134, 125]",256,0,0,0
15755,"[6134, 126]",254,0,0,0
15756,"[6134, 127]",203,41,18,0
15757,"[6134, 128]",2518,0,0,0
15758,"[6134, 129]",2513,57,26,0
15759,"[6134, 130]",2498,0,0,0
15760,"[6134, 131]",2480,156,64,0
15761,"[6134, 132]",2477,158,64,0
15762,"[6134, 133]",2439,0,0,0
15763,"[6134, 134]",2257,158,64,0
15764,"[6134, 135]",2210,41,18,0
15765,"[6134, 136]",2175,2,1,0
15766,"[6134, 137]",1947,0,0,0
15767,"[6134, 138]",1878,156,64,-1
15768,"[6134, 139]",1869,158,64,0
15769,"[6134, 140]",1863,158,64,0
15770,"[6134, 141]",1788,158,64,-1
15771,"[6134, 142]",1663,0,0,0
15772,"[6134, 143]",1662,0,0,0
15773,"[6134, 144]",1660,0,0,0
15774,"[6134, 145]",1623,158,64,0
15775,"[6134, 146]",1622,0,0,0
15776,"[6134, 147]",1617,0,0,0
15777,"[6134, 148]",1613,0,0,0
15778,"[6134, 149]",1609,0,0,0
15779,"[6134, 150]",1594,158,64,0
15780,"[6134, 151]",1524,0,0,0
15781,"[6134, 152]",1522,0,0,0
15782,"[6134, 153]",1521,0,0,0
15783,"[6134, 154]",1517,57,26,-1
15784,"[6134, 155]",1516,0,0,-1
15785,"[6134, 156]",1504,158,64,0
15786,"[6134, 157]",1500,156,64,0
15787,"[6134, 158]",1496,158,64,0
15788,"[6134, 159]",1472,41,18,0
15789,"[6134, 160]",1470,59,28,0
15790,"[6134, 161]",1469,0,0,0
15791,"[6134, 162]",1463,158,64,0
15792,"[6134, 163]",1461,0,0,0
15793,"[6134, 164]",1456,0,0,0
15794,"[6134, 165]",1455,0,0,0
15795,"[6134, 166]",1454,0,0,0
15796,"[6134, 167]",1380,156,64,0
15797,"[6134, 168]",1327,41,18,0
15798,"[6134, 169]",1323,0,0,0
15799,"[6134, 170]",1317,158,64,-1
15800,"[6134, 171]",1313,41,18,0
15801,"[6134, 172]",1301,0,0,0
15802,"[6134, 173]",1125,0,0,0
15803,"[6134, 174]",1090,57,26,0
15804,"[6134, 175]",1085,158,64,0
15805,"[6134, 176]",4653,158,64,0
15806,"[6134, 177]",4483,53,24,0
15807,"[6134, 178]",4359,158,64,0
15808,"[6134, 179]",4024,156,64,0
15809,"[6134, 180]",4020,41,18,0
15810,"[6134, 181]",3995,158,64,0
15811,"[6134, 182]",3973,0,0,0
15812,"[6134, 183]",3972,0,0,0
15813,"[6134, 184]",3971,0,0,0
15814,"[6134, 185]",3967,156,64,0
15815,"[6134, 186]",3966,0,0,0
15816,"[6134, 187]",3965,0,0,0
15817,"[6134, 188]",3961,0,0,0
15818,"[6134, 189]",3960,0,0,0
15819,"[6134, 190]",3955,0,0,0
15820,"[6134, 191]",3950,158,64,0
15821,"[6134, 192]",3874,0,0,-1
15822,"[6134, 193]",3836,158,64,0
15823,"[6134, 194]",3833,0,0,0
15824,"[6134, 195]",3819,158,64,5
15825,"[6134, 196]",3775,0,0,0
15826,"[6134, 197]",3750,0,0,3
15827,"[6134, 198]",3717,158,64,0
15828,"[6134, 199]",3702,158,64,0
15829,"[6134, 200]",3611,0,0,0
15830,"[6134, 201]",3600,158,64,0
15831,"[6134, 202]",3597,156,64,0
15832,"[6134, 203]",3295,158,64,0
15833,"[6134, 204]",2969,158,64,0
15834,"[6134, 205]",2861,156,64,1
15835,"[6134, 206]",2821,158,64,0
15836,"[6134, 207]",6130,158,64,0
15837,"[6134, 208]",5966,158,64,0
15838,"[6134, 209]",5944,158,64,0
15839,"[6134, 210]",5897,41,18,3
15840,"[6134, 211]",5846,158,64,3
15841,"[6134, 212]",5633,0,0,0
15842,"[6134, 213]",5631,0,0,0
15843,"[6134, 214]",5628,0,0,0
15844,"[6134, 215]",5611,158,64,0
15845,"[6134, 216]",5588,0,0,0
15846,"[6134, 217]",5577,158,64,0
15847,"[6134, 218]",5576,158,64,0
15848,"[6134, 219]",5574,0,0,0
15849,"[6134, 220]",5565,0,0,0
15850,"[6134, 221]",5562,0,0,0
15851,"[6134, 222]",5558,158,64,0
15852,"[6134, 223]",5541,0,0,0
15853,"[6134, 224]",5540,63,28,0
15854,"[6134, 225]",5531,158,64,-1
15855,"[6134, 226]",5530,2,1,-1
15856,"[6134, 227]",5528,0,0,0
15857,"[6134, 228]",5526,156,64,0
15858,"[6134, 229]",5524,158,64,0
15859,"[6134, 230]",5523,0,0,0
15860,"[6134, 231]",5521,0,0,0
15861,"[6134, 232]",5517,158,64,0
15862,"[6134, 233]",8366,0,0,0
15863,"[6134, 234]",8349,0,0,0
15864,"[6134, 235]",8322,41,18,19
15865,"[6134, 236]",8267,54,24,0
15866,"[6134, 237]",8265,0,0,0
15867,"[6134, 238]",8247,54,24,1
15868,"[6134, 239]",8186,2,1,4
15869,"[6134, 240]",8173,158,64,0
15870,"[6134, 241]",8109,158,64,0
15871,"[6134, 242]",8053,54,24,0
15872,"[6134, 243]",8048,158,64,0
15873,"[6134, 244]",8044,0,0,0
15874,"[6134, 245]",8043,0,0,0
15875,"[6134, 246]",7987,156,64,0
15876,"[6134, 247]",7986,0,0,0
15877,"[6134, 248]",7985,0,0,0
15878,"[6134, 249]",7979,0,0,0
15879,"[6134, 250]",7970,0,0,0
15880,"[6134, 251]",9777,156,64,-1
15881,"[6134, 252]",9762,0,0,-1
15882,"[6134, 253]",9725,0,0,0
15883,"[6134, 254]",9722,158,64,0
15884,"[6134, 255]",9687,57,26,0
15885,"[6134, 256]",9683,0,0,0
15886,"[6134, 257]",9313,158,64,0
15887,"[6134, 258]",9108,158,64,0
15888,"[6134, 259]",9088,158,64,0
15889,"[6134, 260]",10622,57,26,0
15890,"[6134, 261]",10485,2,1,0
15891,"[6134, 262]",10461,158,64,1
15892,"[6135, 0]",1,0,0,0
15893,"[6135, 1]",2,57,26,0
15894,"[6136, 0]",1,0,0,0
15895,"[6136, 1]",3,0,0,0
15896,"[6136, 2]",2,0,0,0
15897,"[6136, 3]",26,156,64,0
15898,"[6136, 4]",23,158,64,0
15899,"[6137, 0]",1,158,64,0
15900,"[6138, 0]",1,0,0,0
15901,"[6138, 1]",3,59,28,0
15902,"[6138, 2]",2,158,64,0
15903,"[6139, 0]",1,0,0,0
15904,"[6139, 1]",4,53,24,0
15905,"[6139, 2]",2,0,0,0
15906,"[6139, 3]",38,158,64,0
15907,"[6139, 4]",37,0,0,0
15908,"[6139, 5]",36,0,0,0
15909,"[6139, 6]",63,0,0,0
15910,"[6139, 7]",60,158,64,3
15911,"[6139, 8]",124,158,64,10
15912,"[6140, 0]",1,0,0,0
15913,"[6140, 1]",2,0,0,0
15914,"[6140, 2]",31,0,0,0
15915,"[6140, 3]",68,41,18,0
15916,"[6141, 0]",1,0,0,0
15917,"[6141, 1]",2,59,28,0
15918,"[6142, 0]",1,41,18,0
15919,"[6143, 0]",1,158,64,0
15920,"[6144, 0]",1,0,0,0
15921,"[6144, 1]",4,158,64,0
15922,"[6145, 0]",1,0,0,0
15923,"[6145, 1]",2,53,24,0
15924,"[6146, 0]",1,158,64,0
15925,"[6147, 0]",1,0,0,0
15926,"[6147, 1]",2,158,64,0
15927,"[6148, 0]",1,0,0,0
15928,"[6148, 1]",2,0,0,0
15929,"[6148, 2]",32,0,0,0
15930,"[6148, 3]",69,0,0,0
15931,"[6148, 4]",133,0,0,-1
15932,"[6148, 5]",146,156,64,-1
15933,"[6149, 0]",1,41,18,0
15934,"[6150, 0]",1,156,64,0
15935,"[6151, 0]",1,41,18,0
15936,"[6152, 0]",1,0,0,0
15937,"[6152, 1]",2,41,18,0
15938,"[6153, 0]",1,0,0,0
15939,"[6153, 1]",2,158,64,0
15940,"[6154, 0]",1,59,28,0
15941,"[6155, 0]",1,158,64,2
15942,"[6156, 0]",1,0,0,0
15943,"[6156, 1]",2,2,1,0
15944,"[6157, 0]",1,158,64,1
15945,"[6158, 0]",1,0,0,0
15946,"[6158, 1]",2,54,24,0
15947,"[6159, 0]",1,0,0,0
15948,"[6159, 1]",2,0,0,0
15949,"[6159, 2]",29,2,1,0
15950,"[6160, 0]",1,2,1,0
15951,"[6161, 0]",1,0,0,0
15952,"[6162, 0]",1,41,18,0
15953,"[6163, 0]",1,57,26,0
15954,"[6164, 0]",1,0,0,0
15955,"[6164, 1]",2,0,0,0
15956,"[6164, 2]",14,53,24,-1
15957,"[6165, 0]",1,0,0,0
15958,"[6165, 1]",3,0,0,0
15959,"[6165, 2]",2,0,0,0
15960,"[6165, 3]",29,0,0,0
15961,"[6165, 4]",26,158,64,0
15962,"[6165, 5]",45,2,1,1
15963,"[6166, 0]",1,0,0,0
15964,"[6166, 1]",2,158,64,0
15965,"[6167, 0]",1,0,0,0
15966,"[6167, 1]",5,0,0,0
15967,"[6167, 2]",3,0,0,0
15968,"[6167, 3]",20,0,0,0
15969,"[6167, 4]",17,158,64,0
15970,"[6167, 5]",56,0,0,0
15971,"[6167, 6]",108,41,18,0
15972,"[6168, 0]",1,0,0,0
15973,"[6168, 1]",2,41,18,0
15974,"[6169, 0]",1,0,0,0
15975,"[6169, 1]",2,158,64,0
15976,"[6170, 0]",1,158,64,0
15977,"[6171, 0]",1,0,0,0
15978,"[6171, 1]",2,64,29,0
15979,"[6172, 0]",1,158,64,0
15980,"[6173, 0]",1,158,64,0
15981,"[6174, 0]",1,158,64,0
15982,"[6175, 0]",1,158,64,0
15983,"[6176, 0]",1,0,0,0
15984,"[6176, 1]",2,158,64,0
15985,"[6177, 0]",1,156,64,0
15986,"[6178, 0]",1,158,64,0
15987,"[6179, 0]",1,0,0,0
15988,"[6179, 1]",2,158,64,0
15989,"[6180, 0]",1,0,0,0
15990,"[6181, 0]",1,0,0,0
15991,"[6181, 1]",2,156,64,0
15992,"[6182, 0]",1,2,1,0
15993,"[6183, 0]",1,0,0,0
15994,"[6183, 1]",2,41,18,0
15995,"[6184, 0]",1,0,0,0
15996,"[6184, 1]",2,41,18,0
15997,"[6185, 0]",1,57,26,0
15998,"[6186, 0]",1,156,64,0
15999,"[6187, 0]",1,158,64,0
16000,"[6188, 0]",1,0,0,0
16001,"[6188, 1]",2,158,64,0
16002,"[6189, 0]",1,158,64,0
16003,"[6190, 0]",1,41,18,0
16004,"[6191, 0]",1,57,26,0
16005,"[6192, 0]",1,156,64,0
16006,"[6193, 0]",1,158,64,0
16007,"[6194, 0]",1,158,64,0
16008,"[6195, 0]",1,0,0,0
16009,"[6195, 1]",2,41,18,0
16010,"[6196, 0]",1,158,64,0
16011,"[6197, 0]",1,0,0,0
16012,"[6197, 1]",2,158,64,0
16013,"[6198, 0]",1,41,18,0
16014,"[6199, 0]",1,158,64,0
16015,"[6200, 0]",1,158,64,0
16016,"[6201, 0]",1,158,64,0
16017,"[6202, 0]",1,41,18,0
16018,"[6203, 0]",1,158,64,0
16019,"[6204, 0]",1,57,26,0
16020,"[6205, 0]",1,0,0,0
16021,"[6205, 1]",2,2,1,0
16022,"[6206, 0]",1,0,0,0
16023,"[6206, 1]",9,53,24,0
16024,"[6206, 2]",8,158,64,0
16025,"[6206, 3]",4,0,0,0
16026,"[6206, 4]",3,0,0,0
16027,"[6206, 5]",2,0,0,0
16028,"[6206, 6]",52,57,26,6
16029,"[6206, 7]",50,158,64,-1
16030,"[6206, 8]",47,41,18,0
16031,"[6206, 9]",46,0,0,0
16032,"[6206, 10]",45,0,0,0
16033,"[6206, 11]",42,158,64,1
16034,"[6206, 12]",101,0,0,0
16035,"[6206, 13]",93,0,0,0
16036,"[6206, 14]",253,55,26,0
16037,"[6206, 15]",204,0,0,0
16038,"[6206, 16]",337,156,64,0
16039,"[6207, 0]",1,0,0,0
16040,"[6207, 1]",3,0,0,0
16041,"[6207, 2]",2,0,0,0
16042,"[6207, 3]",39,158,64,0
16043,"[6207, 4]",37,54,24,0
16044,"[6207, 5]",36,0,0,0
16045,"[6207, 6]",32,158,64,0
16046,"[6207, 7]",31,156,64,0
16047,"[6207, 8]",61,158,64,0
16048,"[6208, 0]",1,0,0,0
16049,"[6208, 1]",2,0,0,0
16050,"[6208, 2]",24,0,0,0
16051,"[6208, 3]",49,158,64,8
16052,"[6209, 0]",1,0,0,0
16053,"[6209, 1]",2,158,64,0
16054,"[6210, 0]",1,0,0,0
16055,"[6210, 1]",2,41,18,0
16056,"[6211, 0]",1,158,64,0
16057,"[6212, 0]",1,158,64,0
16058,"[6213, 0]",1,0,0,0
16059,"[6213, 1]",2,156,64,0
16060,"[6214, 0]",1,158,64,0
16061,"[6215, 0]",1,0,0,0
16062,"[6215, 1]",2,158,64,0
16063,"[6216, 0]",1,156,64,0
16064,"[6217, 0]",1,0,0,0
16065,"[6217, 1]",2,0,0,0
16066,"[6217, 2]",19,158,64,-1
16067,"[6218, 0]",1,2,1,0
16068,"[6219, 0]",1,0,0,0
16069,"[6219, 1]",2,0,0,0
16070,"[6219, 2]",60,158,64,0
16071,"[6220, 0]",1,0,0,0
16072,"[6220, 1]",3,41,18,0
16073,"[6220, 2]",2,0,0,0
16074,"[6220, 3]",27,0,0,0
16075,"[6220, 4]",26,158,64,0
16076,"[6220, 5]",54,158,64,0
16077,"[6221, 0]",1,0,0,0
16078,"[6221, 1]",2,158,64,0
16079,"[6222, 0]",1,158,64,0
16080,"[6223, 0]",1,158,64,0
16081,"[6224, 0]",1,41,18,0
16082,"[6225, 0]",1,156,64,0
16083,"[6226, 0]",1,41,18,0
16084,"[6227, 0]",1,0,0,0
16085,"[6227, 1]",2,41,18,0
16086,"[6228, 0]",1,158,64,0
16087,"[6229, 0]",1,0,0,0
16088,"[6229, 1]",2,2,1,0
16089,"[6230, 0]",1,0,0,0
16090,"[6230, 1]",2,63,28,0
16091,"[6231, 0]",1,57,26,0
16092,"[6232, 0]",1,158,64,0
16093,"[6233, 0]",1,0,0,0
16094,"[6233, 1]",2,57,26,0
16095,"[6234, 0]",1,158,64,0
16096,"[6235, 0]",1,0,0,0
16097,"[6235, 1]",4,158,64,-1
16098,"[6235, 2]",3,0,0,-1
16099,"[6235, 3]",50,158,64,-1
16100,"[6236, 0]",1,158,64,0
16101,"[6237, 0]",1,57,26,0
16102,"[6238, 0]",1,0,0,0
16103,"[6238, 1]",2,41,18,0
16104,"[6239, 0]",1,158,64,0
16105,"[6240, 0]",1,158,64,0
16106,"[6241, 0]",1,0,0,0
16107,"[6241, 1]",2,0,0,0
16108,"[6241, 2]",48,0,0,0
16109,"[6241, 3]",47,0,0,0
16110,"[6241, 4]",46,0,0,0
16111,"[6241, 5]",45,0,0,0
16112,"[6241, 6]",85,61,28,0
16113,"[6241, 7]",79,0,0,0
16114,"[6241, 8]",78,0,0,0
16115,"[6241, 9]",75,0,0,0
16116,"[6241, 10]",71,158,64,0
16117,"[6241, 11]",67,41,18,0
16118,"[6241, 12]",146,0,0,0
16119,"[6241, 13]",128,0,0,0
16120,"[6241, 14]",124,158,64,0
16121,"[6241, 15]",305,2,1,0
16122,"[6242, 0]",1,41,18,0
16123,"[6243, 0]",1,158,64,0
16124,"[6244, 0]",1,156,64,0
16125,"[6245, 0]",1,158,64,0
16126,"[6246, 0]",1,2,1,0
16127,"[6247, 0]",1,0,0,0
16128,"[6247, 1]",2,0,0,0
16129,"[6247, 2]",17,156,64,0
16130,"[6248, 0]",1,158,64,0
16131,"[6249, 0]",1,53,24,0
16132,"[6250, 0]",1,0,0,0
16133,"[6250, 1]",2,158,64,1
16134,"[6251, 0]",1,158,64,0
16135,"[6252, 0]",1,0,0,0
16136,"[6252, 1]",2,156,64,0
16137,"[6253, 0]",1,156,64,0
16138,"[6254, 0]",1,156,64,0
16139,"[6255, 0]",1,41,18,0
16140,"[6256, 0]",1,0,0,0
16141,"[6256, 1]",4,0,0,0
16142,"[6256, 2]",2,0,0,0
16143,"[6256, 3]",35,0,0,0
16144,"[6256, 4]",21,158,64,0
16145,"[6256, 5]",99,57,26,0
16146,"[6257, 0]",1,158,64,0
16147,"[6258, 0]",1,0,0,0
16148,"[6258, 1]",2,156,64,0
16149,"[6259, 0]",1,158,64,0
16150,"[6260, 0]",1,158,64,0
16151,"[6261, 0]",1,41,18,1
16152,"[6262, 0]",1,158,64,0
16153,"[6263, 0]",1,0,0,0
16154,"[6263, 1]",2,57,26,0
16155,"[6264, 0]",1,0,0,0
16156,"[6264, 1]",6,57,26,0
16157,"[6264, 2]",4,0,0,0
16158,"[6264, 3]",2,0,0,0
16159,"[6264, 4]",39,0,0,0
16160,"[6264, 5]",32,158,64,0
16161,"[6264, 6]",54,158,64,0
16162,"[6265, 0]",1,158,64,0
16163,"[6266, 0]",1,0,0,0
16164,"[6266, 1]",2,0,0,0
16165,"[6266, 2]",25,0,0,0
16166,"[6266, 3]",46,0,0,-1
16167,"[6266, 4]",55,55,26,4
16168,"[6267, 0]",1,158,64,0
16169,"[6268, 0]",1,57,26,0
16170,"[6269, 0]",1,158,64,0
16171,"[6270, 0]",1,0,0,0
16172,"[6270, 1]",2,41,18,0
16173,"[6271, 0]",1,41,18,0
16174,"[6272, 0]",1,57,26,0
16175,"[6273, 0]",1,0,0,0
16176,"[6273, 1]",2,41,18,0
16177,"[6274, 0]",1,0,0,0
16178,"[6274, 1]",2,158,64,-1
16179,"[6275, 0]",1,2,1,0
16180,"[6276, 0]",1,2,1,0
16181,"[6277, 0]",1,0,0,0
16182,"[6277, 1]",2,158,64,0
16183,"[6278, 0]",1,158,64,0
16184,"[6279, 0]",1,0,0,0
16185,"[6279, 1]",2,158,64,1
16186,"[6280, 0]",1,2,1,0
16187,"[6281, 0]",1,0,0,0
16188,"[6281, 1]",2,0,0,0
16189,"[6281, 2]",33,41,18,0
16190,"[6282, 0]",1,0,0,0
16191,"[6282, 1]",2,0,0,0
16192,"[6282, 2]",39,158,64,0
16193,"[6283, 0]",1,57,26,0
16194,"[6284, 0]",1,41,18,0
16195,"[6285, 0]",1,0,0,0
16196,"[6285, 1]",2,41,18,0
16197,"[6286, 0]",1,158,64,0
16198,"[6287, 0]",1,158,64,0
16199,"[6288, 0]",1,0,0,0
16200,"[6288, 1]",2,158,64,3
16201,"[6289, 0]",1,0,0,0
16202,"[6289, 1]",2,158,64,0
16203,"[6290, 0]",1,158,64,0
16204,"[6291, 0]",1,158,64,0
16205,"[6292, 0]",1,0,0,0
16206,"[6292, 1]",2,2,1,0
16207,"[6293, 0]",1,0,0,0
16208,"[6293, 1]",4,0,0,0
16209,"[6293, 2]",3,0,0,0
16210,"[6293, 3]",2,0,0,0
16211,"[6293, 4]",34,158,64,0
16212,"[6293, 5]",31,0,0,0
16213,"[6293, 6]",28,53,24,0
16214,"[6293, 7]",63,158,64,4
16215,"[6294, 0]",1,57,26,0
16216,"[6295, 0]",1,0,0,0
16217,"[6295, 1]",3,158,64,14
16218,"[6295, 2]",2,158,64,1
16219,"[6296, 0]",1,57,26,0
16220,"[6297, 0]",1,158,64,1
16221,"[6298, 0]",1,0,0,0
16222,"[6298, 1]",2,57,26,3
16223,"[6299, 0]",1,158,64,0
16224,"[6300, 0]",1,41,18,0
16225,"[6301, 0]",1,0,0,0
16226,"[6301, 1]",2,158,64,0
16227,"[6302, 0]",1,0,0,0
16228,"[6302, 1]",2,158,64,0
16229,"[6303, 0]",1,0,0,0
16230,"[6303, 1]",5,156,64,0
16231,"[6303, 2]",4,0,0,0
16232,"[6303, 3]",3,0,0,0
16233,"[6303, 4]",13,0,0,0
16234,"[6303, 5]",10,158,64,0
16235,"[6303, 6]",45,54,24,-1
16236,"[6304, 0]",1,57,26,0
16237,"[6305, 0]",1,0,0,0
16238,"[6305, 1]",2,158,64,0
16239,"[6306, 0]",1,158,64,0
16240,"[6307, 0]",1,0,0,0
16241,"[6307, 1]",8,158,64,0
16242,"[6307, 2]",6,0,0,0
16243,"[6307, 3]",4,0,0,0
16244,"[6307, 4]",3,0,0,0
16245,"[6307, 5]",2,0,0,0
16246,"[6307, 6]",40,158,64,0
16247,"[6307, 7]",39,158,64,0
16248,"[6307, 8]",34,0,0,0
16249,"[6307, 9]",28,0,0,0
16250,"[6307, 10]",23,156,64,0
16251,"[6307, 11]",105,156,64,0
16252,"[6307, 12]",80,0,0,0
16253,"[6307, 13]",306,2,1,0
16254,"[6308, 0]",1,158,64,0
16255,"[6309, 0]",1,41,18,0
16256,"[6310, 0]",1,0,0,0
16257,"[6310, 1]",2,41,18,0
16258,"[6311, 0]",1,158,64,0
16259,"[6312, 0]",1,41,18,0
16260,"[6313, 0]",1,156,64,0
16261,"[6314, 0]",1,158,64,0
16262,"[6315, 0]",1,0,0,0
16263,"[6315, 1]",4,0,0,1
16264,"[6315, 2]",2,0,0,-1
16265,"[6315, 3]",48,0,0,-1
16266,"[6315, 4]",36,156,64,0
16267,"[6315, 5]",88,158,64,5
16268,"[6316, 0]",1,41,18,0
16269,"[6317, 0]",1,158,64,0
16270,"[6318, 0]",1,41,18,14
16271,"[6319, 0]",1,0,0,0
16272,"[6319, 1]",2,57,26,7
16273,"[6320, 0]",1,158,64,0
16274,"[6321, 0]",1,41,18,0
16275,"[6322, 0]",1,156,64,0
16276,"[6323, 0]",1,156,64,0
16277,"[6324, 0]",1,57,26,0
16278,"[6325, 0]",1,0,0,0
16279,"[6325, 1]",2,158,64,0
16280,"[6326, 0]",1,158,64,1
16281,"[6327, 0]",1,156,64,0
16282,"[6328, 0]",1,0,0,0
16283,"[6328, 1]",2,158,64,0
16284,"[6329, 0]",1,158,64,0
16285,"[6330, 0]",1,2,1,0
16286,"[6331, 0]",1,0,0,0
16287,"[6331, 1]",2,0,0,4
16288,"[6331, 2]",62,158,64,-1
16289,"[6332, 0]",1,158,64,0
16290,"[6333, 0]",1,0,0,0
16291,"[6333, 1]",2,59,28,6
16292,"[6334, 0]",1,57,26,0
16293,"[6335, 0]",1,0,0,0
16294,"[6335, 1]",2,158,64,5
16295,"[6336, 0]",1,158,64,0
16296,"[6337, 0]",1,158,64,0
16297,"[6338, 0]",1,0,0,0
16298,"[6338, 1]",2,0,0,0
16299,"[6338, 2]",18,158,64,0
16300,"[6339, 0]",1,0,0,0
16301,"[6339, 1]",2,156,64,0
16302,"[6340, 0]",1,158,64,0
16303,"[6341, 0]",1,158,64,0
16304,"[6342, 0]",1,57,26,0
16305,"[6343, 0]",1,0,0,0
16306,"[6343, 1]",2,57,26,0
16307,"[6344, 0]",1,41,18,0
16308,"[6345, 0]",1,158,64,0
16309,"[6346, 0]",1,158,64,0
16310,"[6347, 0]",1,0,0,0
16311,"[6347, 1]",5,0,0,0
16312,"[6347, 2]",3,0,0,0
16313,"[6347, 3]",38,2,1,0
16314,"[6347, 4]",25,61,28,0
16315,"[6348, 0]",1,158,64,0
16316,"[6349, 0]",1,0,0,0
16317,"[6349, 1]",2,41,18,0
16318,"[6350, 0]",1,41,18,0
16319,"[6351, 0]",1,0,0,0
16320,"[6351, 1]",2,158,64,0
16321,"[6352, 0]",1,158,64,0
16322,"[6353, 0]",1,0,0,0
16323,"[6353, 1]",2,57,26,0
16324,"[6354, 0]",1,156,64,0
16325,"[6355, 0]",1,0,0,0
16326,"[6355, 1]",3,0,0,0
16327,"[6355, 2]",2,0,0,0
16328,"[6355, 3]",34,0,0,0
16329,"[6355, 4]",27,158,64,0
16330,"[6355, 5]",51,158,64,0
16331,"[6356, 0]",1,0,0,0
16332,"[6356, 1]",2,0,0,0
16333,"[6356, 2]",36,2,1,0
16334,"[6357, 0]",1,0,0,0
16335,"[6357, 1]",2,158,64,-1
16336,"[6358, 0]",1,0,0,0
16337,"[6358, 1]",2,0,0,0
16338,"[6358, 2]",74,41,18,0
16339,"[6359, 0]",1,0,0,0
16340,"[6359, 1]",2,37,18,0
16341,"[6360, 0]",1,51,24,0
16342,"[6361, 0]",1,158,64,0
16343,"[6362, 0]",1,0,0,0
16344,"[6362, 1]",2,57,26,3
16345,"[6363, 0]",1,0,0,0
16346,"[6363, 1]",2,0,0,-1
16347,"[6363, 2]",24,158,64,-1
16348,"[6364, 0]",1,0,0,0
16349,"[6364, 1]",2,158,64,-1
16350,"[6365, 0]",1,0,0,0
16351,"[6365, 1]",2,41,18,0
16352,"[6366, 0]",1,0,0,0
16353,"[6366, 1]",2,41,18,2
16354,"[6367, 0]",1,59,28,0
16355,"[6368, 0]",1,41,18,0
16356,"[6369, 0]",1,0,0,0
16357,"[6369, 1]",2,158,64,0
16358,"[6370, 0]",1,41,18,0
16359,"[6371, 0]",1,57,26,0
16360,"[6372, 0]",1,41,18,0
16361,"[6373, 0]",1,0,0,0
16362,"[6373, 1]",2,41,18,0
16363,"[6374, 0]",1,158,64,0
16364,"[6375, 0]",1,0,0,0
16365,"[6375, 1]",2,0,0,0
16366,"[6375, 2]",17,51,24,0
16367,"[6376, 0]",1,156,64,0
16368,"[6377, 0]",1,41,18,0
16369,"[6378, 0]",1,0,0,0
16370,"[6378, 1]",2,0,0,0
16371,"[6378, 2]",44,158,64,0
16372,"[6379, 0]",1,41,18,0
16373,"[6380, 0]",1,0,0,0
16374,"[6380, 1]",5,158,64,0
16375,"[6380, 2]",2,0,0,0
16376,"[6380, 3]",71,2,1,-1
16377,"[6381, 0]",1,0,0,0
16378,"[6381, 1]",2,41,18,0
16379,"[6382, 0]",1,41,18,0
16380,"[6383, 0]",1,0,0,0
16381,"[6383, 1]",2,158,64,0
16382,"[6384, 0]",1,2,1,0
16383,"[6385, 0]",1,0,0,0
16384,"[6385, 1]",2,158,64,0
16385,"[6386, 0]",1,0,0,0
16386,"[6386, 1]",2,158,64,0
16387,"[6387, 0]",1,41,18,0
16388,"[6388, 0]",1,0,0,0
16389,"[6388, 1]",6,2,1,-1
16390,"[6388, 2]",4,158,64,-1
16391,"[6388, 3]",3,0,0,-1
16392,"[6388, 4]",35,2,1,-1
16393,"[6389, 0]",1,0,0,0
16394,"[6389, 1]",2,61,28,0
16395,"[6390, 0]",1,0,0,1
16396,"[6390, 1]",2,0,0,0
16397,"[6390, 2]",30,0,0,0
16398,"[6390, 3]",29,0,0,0
16399,"[6390, 4]",28,0,0,0
16400,"[6390, 5]",57,41,18,0
16401,"[6390, 6]",53,41,18,0
16402,"[6390, 7]",50,57,26,0
16403,"[6391, 0]",1,41,18,0
16404,"[6392, 0]",1,0,0,0
16405,"[6392, 1]",2,158,64,-1
16406,"[6393, 0]",1,0,0,0
16407,"[6393, 1]",2,0,0,0
16408,"[6393, 2]",25,158,64,0
16409,"[6394, 0]",1,0,0,0
16410,"[6394, 1]",2,54,24,0
16411,"[6395, 0]",1,158,64,0
16412,"[6396, 0]",1,54,24,0
16413,"[6397, 0]",1,158,64,0
16414,"[6398, 0]",1,0,0,0
16415,"[6398, 1]",5,41,18,0
16416,"[6398, 2]",4,57,26,0
16417,"[6398, 3]",3,0,0,0
16418,"[6398, 4]",2,0,0,0
16419,"[6398, 5]",27,0,0,0
16420,"[6398, 6]",21,61,28,0
16421,"[6398, 7]",43,0,0,0
16422,"[6398, 8]",152,0,0,0
16423,"[6398, 9]",174,41,18,0
16424,"[6399, 0]",1,57,26,0
16425,"[6400, 0]",1,41,18,0
16426,"[6401, 0]",1,0,0,0
16427,"[6401, 1]",2,55,26,0
16428,"[6402, 0]",1,158,64,0
16429,"[6403, 0]",1,41,18,0
16430,"[6404, 0]",1,57,26,0
16431,"[6405, 0]",1,0,0,0
16432,"[6405, 1]",2,0,0,0
16433,"[6405, 2]",18,57,26,0
16434,"[6406, 0]",1,156,64,0
16435,"[6407, 0]",1,0,0,0
16436,"[6407, 1]",2,0,0,0
16437,"[6407, 2]",85,158,64,0
16438,"[6407, 3]",84,55,26,0
16439,"[6408, 0]",1,0,0,1
16440,"[6408, 1]",5,158,64,0
16441,"[6408, 2]",4,0,0,0
16442,"[6408, 3]",3,0,0,0
16443,"[6408, 4]",32,156,64,0
16444,"[6408, 5]",31,0,0,0
16445,"[6408, 6]",29,41,18,0
16446,"[6408, 7]",28,158,64,0
16447,"[6408, 8]",26,0,0,0
16448,"[6408, 9]",79,158,64,0
16449,"[6408, 10]",59,2,1,0
16450,"[6408, 11]",58,158,64,0
16451,"[6408, 12]",57,158,64,0
16452,"[6408, 13]",55,0,0,0
16453,"[6408, 14]",238,53,24,0
16454,"[6409, 0]",1,0,0,0
16455,"[6409, 1]",4,0,0,-1
16456,"[6409, 2]",3,158,64,-1
16457,"[6409, 3]",2,0,0,-1
16458,"[6409, 4]",68,0,0,-1
16459,"[6409, 5]",67,0,0,-1
16460,"[6409, 6]",56,158,64,-1
16461,"[6409, 7]",109,57,26,-1
16462,"[6409, 8]",106,57,26,-1
16463,"[6410, 0]",1,41,18,0
16464,"[6411, 0]",1,0,0,1
16465,"[6411, 1]",5,158,64,0
16466,"[6411, 2]",3,0,0,0
16467,"[6411, 3]",2,0,0,0
16468,"[6411, 4]",48,2,1,0
16469,"[6411, 5]",47,0,0,0
16470,"[6411, 6]",46,0,0,0
16471,"[6411, 7]",45,0,0,0
16472,"[6411, 8]",44,0,0,0
16473,"[6411, 9]",39,158,64,1
16474,"[6411, 10]",74,0,0,-1
16475,"[6411, 11]",73,0,0,-1
16476,"[6411, 12]",68,0,0,0
16477,"[6411, 13]",65,57,26,0
16478,"[6411, 14]",62,158,64,0
16479,"[6411, 15]",276,158,64,0
16480,"[6411, 16]",246,0,0,4
16481,"[6411, 17]",243,0,0,-1
16482,"[6411, 18]",488,158,64,-1
16483,"[6411, 19]",464,158,64,7
16484,"[6412, 0]",1,158,64,0
16485,"[6413, 0]",1,158,64,0
16486,"[6414, 0]",1,2,1,0
16487,"[6415, 0]",1,0,0,0
16488,"[6415, 1]",2,0,0,0
16489,"[6415, 2]",40,0,0,0
16490,"[6415, 3]",38,0,0,0
16491,"[6415, 4]",37,0,0,0
16492,"[6415, 5]",36,0,0,0
16493,"[6415, 6]",99,158,64,-1
16494,"[6415, 7]",96,0,0,-1
16495,"[6415, 8]",93,0,0,0
16496,"[6415, 9]",91,0,0,0
16497,"[6415, 10]",84,0,0,0
16498,"[6415, 11]",70,0,0,0
16499,"[6415, 12]",255,41,18,0
16500,"[6415, 13]",242,158,64,-1
16501,"[6415, 14]",209,0,0,0
16502,"[6415, 15]",196,41,18,0
16503,"[6415, 16]",186,158,64,-1
16504,"[6415, 17]",184,0,0,-1
16505,"[6415, 18]",343,2,1,-1
16506,"[6415, 19]",307,156,64,0
16507,"[6416, 0]",1,0,0,0
16508,"[6416, 1]",6,61,28,0
16509,"[6416, 2]",4,0,0,0
16510,"[6416, 3]",3,0,0,0
16511,"[6416, 4]",35,0,0,0
16512,"[6416, 5]",32,2,1,0
16513,"[6416, 6]",49,0,0,0
16514,"[6416, 7]",48,158,64,0
16515,"[6416, 8]",115,2,1,-1
16516,"[6417, 0]",1,57,26,1
16517,"[6418, 0]",1,158,64,0
16518,"[6419, 0]",1,0,0,0
16519,"[6419, 1]",2,158,64,0
16520,"[6420, 0]",1,2,1,0
16521,"[6421, 0]",1,158,64,0
16522,"[6422, 0]",1,0,0,0
16523,"[6422, 1]",2,0,0,0
16524,"[6422, 2]",55,57,26,-1
16525,"[6422, 3]",54,2,1,-1
16526,"[6423, 0]",1,158,64,0
16527,"[6424, 0]",1,57,26,0
16528,"[6425, 0]",1,158,64,0
16529,"[6426, 0]",1,0,0,0
16530,"[6426, 1]",6,156,64,0
16531,"[6426, 2]",5,158,64,0
16532,"[6426, 3]",3,0,0,0
16533,"[6426, 4]",2,0,0,0
16534,"[6426, 5]",59,156,64,0
16535,"[6426, 6]",58,41,18,0
16536,"[6426, 7]",57,0,0,0
16537,"[6426, 8]",52,41,18,0
16538,"[6426, 9]",95,158,64,0
16539,"[6426, 10]",94,0,0,0
16540,"[6426, 11]",93,0,0,0
16541,"[6426, 12]",280,158,64,0
16542,"[6426, 13]",278,0,0,0
16543,"[6426, 14]",277,0,0,0
16544,"[6426, 15]",275,2,1,0
16545,"[6426, 16]",274,0,0,0
16546,"[6426, 17]",402,158,64,0
16547,"[6426, 18]",389,158,64,0
16548,"[6426, 19]",385,158,64,0
16549,"[6427, 0]",1,158,64,0
16550,"[6428, 0]",1,0,0,0
16551,"[6428, 1]",2,51,24,0
16552,"[6429, 0]",1,41,18,0
16553,"[6430, 0]",1,57,26,0
16554,"[6431, 0]",1,0,0,0
16555,"[6431, 1]",2,156,64,0
16556,"[6432, 0]",1,0,0,0
16557,"[6432, 1]",12,0,0,0
16558,"[6432, 2]",9,158,64,0
16559,"[6432, 3]",8,0,0,0
16560,"[6432, 4]",7,0,0,0
16561,"[6432, 5]",6,0,0,0
16562,"[6432, 6]",2,0,0,0
16563,"[6432, 7]",71,0,0,0
16564,"[6432, 8]",70,0,0,0
16565,"[6432, 9]",68,0,0,0
16566,"[6432, 10]",66,0,0,0
16567,"[6432, 11]",55,2,1,0
16568,"[6432, 12]",50,0,0,0
16569,"[6432, 13]",47,158,64,0
16570,"[6432, 14]",16,158,64,41
16571,"[6432, 15]",222,0,0,0
16572,"[6432, 16]",128,0,0,0
16573,"[6432, 17]",121,0,0,0
16574,"[6432, 18]",107,41,18,0
16575,"[6432, 19]",103,156,64,0
16576,"[6432, 20]",571,156,64,0
16577,"[6432, 21]",529,0,0,0
16578,"[6432, 22]",464,2,1,0
16579,"[6432, 23]",725,158,64,0
16580,"[6433, 0]",1,0,0,0
16581,"[6433, 1]",2,0,0,0
16582,"[6433, 2]",18,41,18,0
16583,"[6434, 0]",1,57,26,0
16584,"[6435, 0]",1,0,0,0
16585,"[6435, 1]",2,0,0,1
16586,"[6435, 2]",29,158,64,-1
16587,"[6436, 0]",1,156,64,0
16588,"[6437, 0]",1,0,0,0
16589,"[6437, 1]",2,0,0,0
16590,"[6437, 2]",43,0,0,0
16591,"[6437, 3]",66,0,0,0
16592,"[6437, 4]",91,158,64,0
16593,"[6438, 0]",1,0,0,0
16594,"[6438, 1]",2,156,64,0
16595,"[6439, 0]",1,0,0,0
16596,"[6439, 1]",2,0,0,0
16597,"[6439, 2]",38,0,0,0
16598,"[6439, 3]",75,158,64,0
16599,"[6440, 0]",1,0,0,0
16600,"[6440, 1]",2,41,18,0
16601,"[6441, 0]",1,2,1,0
16602,"[6442, 0]",1,158,64,0
16603,"[6443, 0]",1,158,64,0
16604,"[6444, 0]",1,41,18,1
16605,"[6445, 0]",1,0,0,0
16606,"[6445, 1]",4,156,64,-1
16607,"[6445, 2]",2,0,0,1
16608,"[6445, 3]",28,0,0,0
16609,"[6445, 4]",100,0,0,0
16610,"[6445, 5]",140,158,64,0
16611,"[6446, 0]",1,58,26,0
16612,"[6447, 0]",1,0,0,0
16613,"[6447, 1]",2,57,26,-1
16614,"[6448, 0]",1,57,26,0
16615,"[6449, 0]",1,158,64,0
16616,"[6450, 0]",1,59,28,0
16617,"[6451, 0]",1,158,64,0
16618,"[6452, 0]",1,158,64,0
16619,"[6453, 0]",1,0,0,0
16620,"[6453, 1]",7,0,0,0
16621,"[6453, 2]",5,158,64,0
16622,"[6453, 3]",3,158,64,0
16623,"[6453, 4]",33,156,64,5
16624,"[6454, 0]",1,156,64,0
16625,"[6455, 0]",1,0,0,0
16626,"[6455, 1]",2,158,64,0
16627,"[6456, 0]",1,0,0,0
16628,"[6456, 1]",2,0,0,0
16629,"[6456, 2]",45,158,64,0
16630,"[6456, 3]",44,0,0,0
16631,"[6456, 4]",73,57,26,0
16632,"[6457, 0]",1,158,64,0
16633,"[6458, 0]",1,0,0,0
16634,"[6458, 1]",2,156,64,0
16635,"[6459, 0]",1,0,0,0
16636,"[6459, 1]",2,158,64,0
16637,"[6460, 0]",1,0,0,0
16638,"[6460, 1]",2,158,64,0
16639,"[6461, 0]",1,0,0,0
16640,"[6461, 1]",2,158,64,0
16641,"[6462, 0]",1,0,0,0
16642,"[6462, 1]",2,2,1,0
16643,"[6463, 0]",1,41,18,0
16644,"[6464, 0]",1,158,64,0
16645,"[6465, 0]",1,0,0,0
16646,"[6465, 1]",6,158,64,0
16647,"[6465, 2]",4,0,0,0
16648,"[6465, 3]",2,0,0,0
16649,"[6465, 4]",32,0,0,0
16650,"[6465, 5]",57,158,64,1
16651,"[6466, 0]",1,0,0,0
16652,"[6466, 1]",2,0,0,0
16653,"[6466, 2]",18,158,64,0
16654,"[6467, 0]",1,2,1,0
16655,"[6468, 0]",1,0,0,0
16656,"[6468, 1]",10,41,18,0
16657,"[6468, 2]",9,41,18,0
16658,"[6468, 3]",8,0,0,0
16659,"[6468, 4]",6,0,0,0
16660,"[6468, 5]",3,0,0,0
16661,"[6468, 6]",2,0,0,0
16662,"[6468, 7]",37,53,24,0
16663,"[6468, 8]",36,0,0,0
16664,"[6468, 9]",34,57,26,0
16665,"[6468, 10]",32,0,0,0
16666,"[6468, 11]",30,0,0,0
16667,"[6468, 12]",23,41,18,0
16668,"[6468, 13]",20,41,18,0
16669,"[6468, 14]",91,57,26,0
16670,"[6468, 15]",79,158,64,0
16671,"[6468, 16]",61,57,26,0
16672,"[6468, 17]",59,0,0,0
16673,"[6468, 18]",58,0,0,0
16674,"[6468, 19]",393,158,64,0
16675,"[6468, 20]",387,158,64,0
16676,"[6469, 0]",1,158,64,0
16677,"[6470, 0]",1,158,64,0
16678,"[6471, 0]",1,0,0,0
16679,"[6471, 1]",4,41,18,0
16680,"[6471, 2]",3,0,0,0
16681,"[6471, 3]",25,2,1,0
16682,"[6472, 0]",1,158,64,0
16683,"[6473, 0]",1,158,64,0
16684,"[6474, 0]",1,41,18,0
16685,"[6475, 0]",1,156,64,0
16686,"[6476, 0]",1,0,0,0
16687,"[6476, 1]",2,158,64,0
16688,"[6477, 0]",1,41,18,0
16689,"[6478, 0]",1,0,0,0
16690,"[6478, 1]",2,156,64,0
16691,"[6479, 0]",1,0,0,0
16692,"[6479, 1]",5,158,64,0
16693,"[6479, 2]",4,2,1,0
16694,"[6479, 3]",2,0,0,0
16695,"[6479, 4]",24,2,1,0
16696,"[6480, 0]",1,0,0,0
16697,"[6481, 0]",1,57,26,0
16698,"[6482, 0]",1,0,0,0
16699,"[6482, 1]",2,2,1,2
16700,"[6483, 0]",1,0,0,0
16701,"[6483, 1]",2,0,0,0
16702,"[6483, 2]",17,158,64,0
16703,"[6484, 0]",1,57,26,0
16704,"[6485, 0]",1,0,0,0
16705,"[6485, 1]",2,57,26,0
16706,"[6486, 0]",1,158,64,0
16707,"[6487, 0]",1,0,0,0
16708,"[6487, 1]",5,0,0,0
16709,"[6487, 2]",3,0,0,0
16710,"[6487, 3]",2,0,0,0
16711,"[6487, 4]",42,158,64,0
16712,"[6487, 5]",41,0,0,0
16713,"[6487, 6]",33,0,0,0
16714,"[6487, 7]",26,41,18,0
16715,"[6487, 8]",110,158,64,-1
16716,"[6487, 9]",54,41,18,0
16717,"[6488, 0]",1,0,0,0
16718,"[6488, 1]",2,158,64,0
16719,"[6489, 0]",1,158,64,0
16720,"[6490, 0]",1,0,0,0
16721,"[6490, 1]",2,0,0,0
16722,"[6490, 2]",63,57,26,8
16723,"[6491, 0]",1,0,0,0
16724,"[6491, 1]",8,41,18,0
16725,"[6491, 2]",6,0,0,0
16726,"[6491, 3]",5,0,0,0
16727,"[6491, 4]",2,0,0,0
16728,"[6491, 5]",35,0,0,0
16729,"[6491, 6]",33,0,0,0
16730,"[6491, 7]",32,0,0,0
16731,"[6491, 8]",31,0,0,0
16732,"[6491, 9]",27,41,18,0
16733,"[6491, 10]",23,57,26,0
16734,"[6491, 11]",66,158,64,0
16735,"[6491, 12]",63,156,64,0
16736,"[6491, 13]",52,158,64,0
16737,"[6492, 0]",1,57,26,0
16738,"[6493, 0]",1,158,64,0
16739,"[6494, 0]",1,0,0,0
16740,"[6494, 1]",2,158,64,0
16741,"[6495, 0]",1,0,0,0
16742,"[6495, 1]",2,158,64,0
16743,"[6496, 0]",1,158,64,0
16744,"[6497, 0]",1,0,0,0
16745,"[6497, 1]",2,0,0,0
16746,"[6497, 2]",37,0,0,0
16747,"[6497, 3]",36,0,0,0
16748,"[6497, 4]",70,0,0,0
16749,"[6497, 5]",66,2,1,0
16750,"[6497, 6]",105,158,64,0
16751,"[6498, 0]",1,0,0,0
16752,"[6498, 1]",2,158,64,0
16753,"[6499, 0]",1,158,64,0
16754,"[6500, 0]",1,0,0,0
16755,"[6500, 1]",2,55,26,0
16756,"[6501, 0]",1,0,0,0
16757,"[6501, 1]",2,0,0,-1
16758,"[6501, 2]",18,0,0,1
16759,"[6501, 3]",53,158,64,-1
16760,"[6502, 0]",1,156,64,1
16761,"[6503, 0]",1,58,26,0
16762,"[6504, 0]",1,2,1,0
16763,"[6505, 0]",1,0,0,0
16764,"[6505, 1]",4,2,1,0
16765,"[6505, 2]",2,0,0,0
16766,"[6505, 3]",28,0,0,0
16767,"[6505, 4]",48,156,64,0
16768,"[6505, 5]",47,0,0,0
16769,"[6505, 6]",46,0,0,0
16770,"[6505, 7]",95,156,64,0
16771,"[6505, 8]",90,0,0,0
16772,"[6505, 9]",217,158,64,8
16773,"[6506, 0]",1,0,0,0
16774,"[6506, 1]",2,158,64,0
16775,"[6507, 0]",1,158,64,0
16776,"[6508, 0]",1,54,24,0
16777,"[6509, 0]",1,0,0,0
16778,"[6509, 1]",2,158,64,1
16779,"[6510, 0]",1,41,18,0
16780,"[6511, 0]",1,0,0,0
16781,"[6511, 1]",2,158,64,0
16782,"[6512, 0]",1,158,64,0
16783,"[6513, 0]",1,158,64,0
16784,"[6514, 0]",1,158,64,0
16785,"[6515, 0]",1,0,0,0
16786,"[6515, 1]",2,41,18,8
16787,"[6516, 0]",1,158,64,0
16788,"[6517, 0]",1,0,0,0
16789,"[6517, 1]",2,156,64,-1
16790,"[6518, 0]",1,0,0,0
16791,"[6518, 1]",2,0,0,0
16792,"[6518, 2]",29,158,64,-1
16793,"[6519, 0]",1,0,0,0
16794,"[6519, 1]",2,158,64,-1
16795,"[6520, 0]",1,53,24,0
16796,"[6521, 0]",1,41,18,0
16797,"[6522, 0]",1,0,0,0
16798,"[6522, 1]",3,0,0,0
16799,"[6522, 2]",2,41,18,0
16800,"[6522, 3]",32,0,0,0
16801,"[6522, 4]",75,158,64,4
16802,"[6523, 0]",1,158,64,0
16803,"[6524, 0]",1,0,0,0
16804,"[6524, 1]",2,0,0,0
16805,"[6524, 2]",17,158,64,1
16806,"[6525, 0]",1,0,0,0
16807,"[6525, 1]",2,2,1,7
16808,"[6526, 0]",1,0,0,0
16809,"[6526, 1]",2,57,26,0
16810,"[6527, 0]",1,0,0,0
16811,"[6527, 1]",2,0,0,0
16812,"[6527, 2]",17,0,0,0
16813,"[6527, 3]",39,61,28,0
16814,"[6528, 0]",1,57,26,0
16815,"[6529, 0]",1,0,0,0
16816,"[6529, 1]",3,0,0,0
16817,"[6529, 2]",2,0,0,0
16818,"[6529, 3]",44,0,0,0
16819,"[6529, 4]",37,0,0,0
16820,"[6529, 5]",94,0,0,0
16821,"[6529, 6]",62,41,18,0
16822,"[6529, 7]",132,41,18,0
16823,"[6530, 0]",1,0,0,0
16824,"[6530, 1]",2,41,18,0
16825,"[6531, 0]",1,158,64,0
16826,"[6532, 0]",1,158,64,0
16827,"[6533, 0]",1,0,0,0
16828,"[6533, 1]",2,158,64,0
16829,"[6534, 0]",1,158,64,0
16830,"[6535, 0]",1,0,0,0
16831,"[6535, 1]",3,0,0,0
16832,"[6535, 2]",2,0,0,0
16833,"[6535, 3]",39,57,26,0
16834,"[6535, 4]",35,41,18,0
16835,"[6536, 0]",1,0,0,0
16836,"[6536, 1]",2,0,0,0
16837,"[6536, 2]",21,156,64,-1
16838,"[6537, 0]",1,158,64,0
16839,"[6538, 0]",1,57,26,0
16840,"[6539, 0]",1,158,64,0
16841,"[6540, 0]",1,0,0,0
16842,"[6540, 1]",5,0,0,0
16843,"[6540, 2]",4,0,0,0
16844,"[6540, 3]",33,41,18,0
16845,"[6540, 4]",29,158,64,0
16846,"[6541, 0]",1,0,0,1
16847,"[6541, 1]",2,0,0,-1
16848,"[6541, 2]",16,156,64,-1
16849,"[6542, 0]",1,41,18,0
16850,"[6543, 0]",1,156,64,0
16851,"[6544, 0]",1,2,1,0
16852,"[6545, 0]",1,0,0,0
16853,"[6545, 1]",2,0,0,0
16854,"[6545, 2]",17,158,64,0
16855,"[6546, 0]",1,0,0,0
16856,"[6546, 1]",2,0,0,0
16857,"[6546, 2]",90,158,64,0
16858,"[6547, 0]",1,2,1,0
16859,"[6548, 0]",1,0,0,0
16860,"[6548, 1]",2,156,64,0
16861,"[6549, 0]",1,59,28,0
16862,"[6550, 0]",1,0,0,0
16863,"[6550, 1]",2,158,64,0
16864,"[6551, 0]",1,64,29,0
16865,"[6552, 0]",1,59,28,1
16866,"[6553, 0]",1,0,0,0
16867,"[6553, 1]",2,41,18,7
16868,"[6554, 0]",1,0,0,0
16869,"[6554, 1]",5,0,0,0
16870,"[6554, 2]",4,0,0,0
16871,"[6554, 3]",2,0,0,0
16872,"[6554, 4]",69,0,0,3
16873,"[6554, 5]",68,0,0,6
16874,"[6554, 6]",66,0,0,-1
16875,"[6554, 7]",49,158,64,0
16876,"[6554, 8]",46,158,64,5
16877,"[6554, 9]",101,158,64,5
16878,"[6554, 10]",97,158,64,0
16879,"[6554, 11]",93,158,64,0
16880,"[6555, 0]",1,0,0,0
16881,"[6555, 1]",4,57,26,0
16882,"[6555, 2]",3,41,18,0
16883,"[6555, 3]",2,0,0,0
16884,"[6555, 4]",23,0,0,0
16885,"[6555, 5]",84,41,18,0
16886,"[6556, 0]",1,0,0,0
16887,"[6556, 1]",2,41,18,0
16888,"[6557, 0]",1,158,64,0
16889,"[6558, 0]",1,0,0,0
16890,"[6558, 1]",2,158,64,0
16891,"[6559, 0]",1,41,18,0
16892,"[6560, 0]",1,0,0,0
16893,"[6560, 1]",2,0,0,0
16894,"[6560, 2]",48,158,64,0
16895,"[6561, 0]",1,0,0,0
16896,"[6561, 1]",2,57,26,0
16897,"[6562, 0]",1,0,0,0
16898,"[6562, 1]",2,0,0,0
16899,"[6562, 2]",14,0,0,0
16900,"[6562, 3]",29,156,64,-1
16901,"[6563, 0]",1,53,24,0
16902,"[6564, 0]",1,0,0,0
16903,"[6564, 1]",2,0,0,0
16904,"[6564, 2]",16,57,26,0
16905,"[6565, 0]",1,0,0,0
16906,"[6565, 1]",2,2,1,-1
16907,"[6566, 0]",1,0,0,0
16908,"[6566, 1]",2,158,64,-1
16909,"[6567, 0]",1,0,0,0
16910,"[6567, 1]",2,0,0,0
16911,"[6567, 2]",23,158,64,0
16912,"[6567, 3]",22,57,26,0
16913,"[6568, 0]",1,41,18,0
16914,"[6569, 0]",1,0,0,0
16915,"[6569, 1]",2,2,1,0
16916,"[6570, 0]",1,2,1,0
16917,"[6571, 0]",1,158,64,0
16918,"[6572, 0]",1,0,0,0
16919,"[6572, 1]",4,158,64,0
16920,"[6572, 2]",3,0,0,0
16921,"[6572, 3]",2,0,0,0
16922,"[6572, 4]",23,0,0,-1
16923,"[6572, 5]",20,41,18,0
16924,"[6572, 6]",69,0,0,-1
16925,"[6572, 7]",195,158,64,5
16926,"[6573, 0]",1,41,18,0
16927,"[6574, 0]",1,41,18,0
16928,"[6575, 0]",1,0,0,0
16929,"[6575, 1]",3,0,0,0
16930,"[6575, 2]",2,0,0,0
16931,"[6575, 3]",36,2,1,0
16932,"[6575, 4]",33,0,0,1
16933,"[6575, 5]",65,57,26,4
16934,"[6576, 0]",1,158,64,0
16935,"[6577, 0]",1,0,0,0
16936,"[6577, 1]",2,57,26,0
16937,"[6578, 0]",1,57,26,0
16938,"[6579, 0]",1,158,64,0
16939,"[6580, 0]",1,0,0,0
16940,"[6580, 1]",2,156,64,0
16941,"[6581, 0]",1,156,64,0
16942,"[6582, 0]",1,0,0,0
16943,"[6582, 1]",2,0,0,0
16944,"[6582, 2]",56,158,64,2
16945,"[6583, 0]",1,0,0,0
16946,"[6583, 1]",2,0,0,0
16947,"[6583, 2]",23,54,24,0
16948,"[6583, 3]",22,0,0,0
16949,"[6583, 4]",42,41,18,0
16950,"[6584, 0]",1,158,64,0
16951,"[6585, 0]",1,41,18,0
16952,"[6586, 0]",1,156,64,1
16953,"[6587, 0]",1,0,0,0
16954,"[6587, 1]",2,158,64,0
16955,"[6588, 0]",1,41,18,0
16956,"[6589, 0]",1,0,0,0
16957,"[6589, 1]",2,0,0,0
16958,"[6589, 2]",17,57,26,0
16959,"[6590, 0]",1,57,26,0
16960,"[6591, 0]",1,158,64,1
16961,"[6592, 0]",1,0,0,0
16962,"[6592, 1]",5,0,0,0
16963,"[6592, 2]",3,0,0,0
16964,"[6592, 3]",2,0,0,0
16965,"[6592, 4]",37,0,0,0
16966,"[6592, 5]",36,0,0,0
16967,"[6592, 6]",34,0,0,0
16968,"[6592, 7]",30,158,64,0
16969,"[6592, 8]",29,158,64,0
16970,"[6592, 9]",27,0,0,0
16971,"[6592, 10]",7,158,64,0
16972,"[6592, 11]",119,0,0,0
16973,"[6592, 12]",70,41,18,0
16974,"[6592, 13]",68,0,0,0
16975,"[6592, 14]",67,0,0,0
16976,"[6592, 15]",66,0,0,0
16977,"[6592, 16]",49,0,0,0
16978,"[6592, 17]",46,158,64,-1
16979,"[6592, 18]",467,57,26,0
16980,"[6592, 19]",448,158,64,0
16981,"[6592, 20]",445,158,64,0
16982,"[6592, 21]",441,57,26,0
16983,"[6592, 22]",236,158,64,0
16984,"[6593, 0]",1,0,0,0
16985,"[6593, 1]",2,0,0,0
16986,"[6593, 2]",70,158,64,0
16987,"[6594, 0]",1,54,24,0
16988,"[6595, 0]",1,158,64,0
16989,"[6596, 0]",1,54,24,0
16990,"[6597, 0]",1,41,18,0
16991,"[6598, 0]",1,158,64,0
16992,"[6599, 0]",1,0,0,0
16993,"[6599, 1]",3,57,26,0
16994,"[6599, 2]",2,0,0,0
16995,"[6599, 3]",24,158,64,0
16996,"[6599, 4]",21,0,0,0
16997,"[6599, 5]",73,41,18,0
16998,"[6599, 6]",72,0,0,0
16999,"[6599, 7]",71,0,0,0
17000,"[6599, 8]",94,0,0,0
17001,"[6599, 9]",91,156,64,0
17002,"[6599, 10]",220,2,1,0
17003,"[6600, 0]",1,0,0,0
17004,"[6600, 1]",2,0,0,0
17005,"[6600, 2]",18,158,64,0
17006,"[6601, 0]",1,0,0,0
17007,"[6601, 1]",2,41,18,0
17008,"[6602, 0]",1,0,0,0
17009,"[6602, 1]",2,156,64,0
17010,"[6603, 0]",1,57,26,0
17011,"[6604, 0]",1,158,64,0
17012,"[6605, 0]",1,41,18,0
17013,"[6606, 0]",1,0,0,1
17014,"[6606, 1]",2,41,18,0
17015,"[6607, 0]",1,41,18,0
17016,"[6608, 0]",1,158,64,0
17017,"[6609, 0]",1,158,64,0
17018,"[6610, 0]",1,0,0,0
17019,"[6610, 1]",2,41,18,0
17020,"[6611, 0]",1,0,0,0
17021,"[6611, 1]",2,0,0,0
17022,"[6611, 2]",26,41,18,0
17023,"[6612, 0]",1,0,0,0
17024,"[6612, 1]",2,57,26,0
17025,"[6613, 0]",1,0,0,0
17026,"[6613, 1]",2,0,0,0
17027,"[6613, 2]",16,0,0,0
17028,"[6613, 3]",86,158,64,1
17029,"[6614, 0]",1,0,0,0
17030,"[6614, 1]",2,0,0,0
17031,"[6614, 2]",86,158,64,0
17032,"[6615, 0]",1,2,1,0
17033,"[6616, 0]",1,0,0,0
17034,"[6616, 1]",2,156,64,-1
17035,"[6617, 0]",1,0,0,0
17036,"[6617, 1]",2,158,64,0
17037,"[6618, 0]",1,41,18,0
17038,"[6619, 0]",1,0,0,0
17039,"[6619, 1]",2,41,18,0
17040,"[6620, 0]",1,158,64,0
17041,"[6621, 0]",1,158,64,0
17042,"[6622, 0]",1,0,0,0
17043,"[6622, 1]",2,0,0,0
17044,"[6622, 2]",27,0,0,0
17045,"[6622, 3]",38,41,18,0
17046,"[6623, 0]",1,158,64,1
17047,"[6624, 0]",1,158,64,0
17048,"[6625, 0]",1,0,0,0
17049,"[6625, 1]",2,0,0,0
17050,"[6625, 2]",31,41,18,0
17051,"[6626, 0]",1,0,0,0
17052,"[6626, 1]",2,0,0,0
17053,"[6626, 2]",11,41,18,0
17054,"[6627, 0]",1,0,0,0
17055,"[6627, 1]",2,0,0,0
17056,"[6627, 2]",24,158,64,0
17057,"[6628, 0]",1,158,64,1
17058,"[6629, 0]",1,0,0,0
17059,"[6629, 1]",2,158,64,0
17060,"[6630, 0]",1,57,26,0
17061,"[6631, 0]",1,0,0,0
17062,"[6631, 1]",2,158,64,3
17063,"[6632, 0]",1,0,0,0
17064,"[6632, 1]",2,57,26,0
17065,"[6633, 0]",1,0,0,0
17066,"[6633, 1]",2,0,0,0
17067,"[6633, 2]",85,158,64,-1
17068,"[6634, 0]",1,0,0,0
17069,"[6634, 1]",2,2,1,0
17070,"[6635, 0]",1,0,0,0
17071,"[6635, 1]",2,158,64,0
17072,"[6636, 0]",1,2,1,0
17073,"[6637, 0]",1,57,26,0
17074,"[6638, 0]",1,0,0,0
17075,"[6638, 1]",2,41,18,0
17076,"[6639, 0]",1,0,0,0
17077,"[6639, 1]",2,158,64,0
17078,"[6640, 0]",1,55,26,0
17079,"[6641, 0]",1,2,1,0
17080,"[6642, 0]",1,61,28,0
17081,"[6643, 0]",1,41,18,0
17082,"[6644, 0]",1,158,64,0
17083,"[6645, 0]",1,158,64,0
17084,"[6646, 0]",1,0,0,0
17085,"[6646, 1]",7,37,18,4
17086,"[6646, 2]",5,158,64,-1
17087,"[6646, 3]",4,156,64,-1
17088,"[6646, 4]",3,0,0,-1
17089,"[6646, 5]",55,0,0,-1
17090,"[6646, 6]",101,158,64,-1
17091,"[6647, 0]",1,0,0,0
17092,"[6647, 1]",2,51,24,0
17093,"[6648, 0]",1,0,0,0
17094,"[6648, 1]",2,0,0,0
17095,"[6648, 2]",33,0,0,-1
17096,"[6648, 3]",69,158,64,-1
17097,"[6649, 0]",1,41,18,0
17098,"[6650, 0]",1,0,0,0
17099,"[6650, 1]",2,77,32,0
17100,"[6651, 0]",1,0,0,0
17101,"[6651, 1]",3,0,0,0
17102,"[6651, 2]",2,0,0,0
17103,"[6651, 3]",34,158,64,0
17104,"[6651, 4]",27,158,64,0
17105,"[6652, 0]",1,0,0,0
17106,"[6652, 1]",2,158,64,0
17107,"[6653, 0]",1,2,1,0
17108,"[6654, 0]",1,0,0,0
17109,"[6654, 1]",3,0,0,0
17110,"[6654, 2]",2,0,0,0
17111,"[6654, 3]",34,63,28,0
17112,"[6654, 4]",31,158,64,0
17113,"[6655, 0]",1,0,0,0
17114,"[6655, 1]",5,158,64,0
17115,"[6655, 2]",2,0,0,0
17116,"[6655, 3]",26,0,0,0
17117,"[6655, 4]",41,158,64,2
17118,"[6656, 0]",1,0,0,0
17119,"[6656, 1]",2,158,64,0
17120,"[6657, 0]",1,0,0,0
17121,"[6657, 1]",2,0,0,0
17122,"[6657, 2]",25,41,18,0
17123,"[6658, 0]",1,0,0,0
17124,"[6658, 1]",2,0,0,0
17125,"[6658, 2]",35,158,64,0
17126,"[6659, 0]",1,0,0,0
17127,"[6659, 1]",3,0,0,0
17128,"[6659, 2]",2,0,0,0
17129,"[6659, 3]",42,0,0,0
17130,"[6659, 4]",39,41,18,2
17131,"[6659, 5]",74,156,64,0
17132,"[6660, 0]",1,57,26,0
17133,"[6661, 0]",1,0,0,0
17134,"[6661, 1]",2,158,64,0
17135,"[6662, 0]",1,0,0,0
17136,"[6662, 1]",2,51,24,0
17137,"[6663, 0]",1,158,64,0
17138,"[6664, 0]",1,0,0,0
17139,"[6664, 1]",6,2,1,0
17140,"[6664, 2]",3,54,24,0
17141,"[6664, 3]",2,158,64,0
17142,"[6665, 0]",1,0,0,0
17143,"[6665, 1]",2,41,18,0
17144,"[6666, 0]",1,0,0,0
17145,"[6666, 1]",2,0,0,0
17146,"[6666, 2]",18,156,64,0
17147,"[6667, 0]",1,0,0,0
17148,"[6667, 1]",2,41,18,0
17149,"[6668, 0]",1,0,0,0
17150,"[6668, 1]",2,156,64,0
17151,"[6669, 0]",1,0,0,0
17152,"[6669, 1]",2,0,0,0
17153,"[6669, 2]",79,41,18,0
17154,"[6670, 0]",1,158,64,0
17155,"[6671, 0]",1,41,18,0
17156,"[6672, 0]",1,2,1,0
17157,"[6673, 0]",1,0,0,0
17158,"[6673, 1]",3,0,0,-1
17159,"[6673, 2]",2,0,0,1
17160,"[6673, 3]",38,158,64,0
17161,"[6673, 4]",37,0,0,0
17162,"[6673, 5]",36,0,0,0
17163,"[6673, 6]",31,158,64,3
17164,"[6673, 7]",68,158,64,-1
17165,"[6673, 8]",65,0,0,-1
17166,"[6673, 9]",181,158,64,4
17167,"[6674, 0]",1,0,0,0
17168,"[6674, 1]",2,51,24,-1
17169,"[6675, 0]",1,66,29,0
17170,"[6676, 0]",1,0,0,0
17171,"[6676, 1]",2,158,64,28
17172,"[6677, 0]",1,0,0,0
17173,"[6677, 1]",2,0,0,0
17174,"[6678, 0]",1,0,0,0
17175,"[6678, 1]",2,57,26,0
17176,"[6679, 0]",1,57,26,0
17177,"[6680, 0]",1,2,1,0
17178,"[6681, 0]",1,41,18,0
17179,"[6682, 0]",1,0,0,0
17180,"[6682, 1]",2,158,64,0
17181,"[6683, 0]",1,158,64,0
17182,"[6684, 0]",1,0,0,0
17183,"[6684, 1]",2,158,64,0
17184,"[6685, 0]",1,0,0,0
17185,"[6685, 1]",2,61,28,0
17186,"[6686, 0]",1,0,0,0
17187,"[6686, 1]",5,41,18,0
17188,"[6686, 2]",4,0,0,0
17189,"[6686, 3]",3,0,0,0
17190,"[6686, 4]",2,0,0,0
17191,"[6686, 5]",41,0,0,0
17192,"[6686, 6]",40,0,0,0
17193,"[6686, 7]",35,158,64,0
17194,"[6686, 8]",28,158,64,0
17195,"[6686, 9]",74,2,1,0
17196,"[6686, 10]",71,158,64,0
17197,"[6687, 0]",1,158,64,1
17198,"[6688, 0]",1,41,18,0
17199,"[6689, 0]",1,41,18,0
17200,"[6690, 0]",1,158,64,0
17201,"[6691, 0]",1,158,64,0
17202,"[6692, 0]",1,0,0,0
17203,"[6692, 1]",2,156,64,0
17204,"[6693, 0]",1,0,0,0
17205,"[6693, 1]",2,158,64,0
17206,"[6694, 0]",1,0,0,0
17207,"[6694, 1]",2,158,64,0
17208,"[6695, 0]",1,0,0,0
17209,"[6695, 1]",2,0,0,0
17210,"[6695, 2]",16,41,18,0
17211,"[6696, 0]",1,0,0,0
17212,"[6696, 1]",2,158,64,0
17213,"[6697, 0]",1,0,0,0
17214,"[6697, 1]",2,156,64,0
17215,"[6698, 0]",1,41,18,0
17216,"[6699, 0]",1,0,0,0
17217,"[6699, 1]",2,0,0,0
17218,"[6699, 2]",44,158,64,0
17219,"[6700, 0]",1,0,0,0
17220,"[6700, 1]",2,0,0,0
17221,"[6700, 2]",25,158,64,0
17222,"[6701, 0]",1,57,26,0
17223,"[6702, 0]",1,57,26,0
17224,"[6703, 0]",1,0,0,0
17225,"[6703, 1]",5,158,64,0
17226,"[6703, 2]",3,0,0,0
17227,"[6703, 3]",2,0,0,0
17228,"[6703, 4]",49,0,0,-1
17229,"[6703, 5]",46,158,64,0
17230,"[6703, 6]",64,2,1,3
17231,"[6703, 7]",63,2,1,7
17232,"[6704, 0]",1,41,18,0
17233,"[6705, 0]",1,0,0,0
17234,"[6705, 1]",3,0,0,0
17235,"[6705, 2]",2,0,0,0
17236,"[6705, 3]",48,57,26,0
17237,"[6705, 4]",46,0,0,0
17238,"[6705, 5]",45,0,0,0
17239,"[6705, 6]",44,0,0,0
17240,"[6705, 7]",42,158,64,0
17241,"[6705, 8]",41,158,64,0
17242,"[6705, 9]",40,156,64,0
17243,"[6705, 10]",94,0,0,0
17244,"[6705, 11]",92,0,0,0
17245,"[6705, 12]",88,0,0,0
17246,"[6705, 13]",87,41,18,0
17247,"[6705, 14]",84,57,26,0
17248,"[6705, 15]",262,0,0,0
17249,"[6705, 16]",241,156,64,0
17250,"[6705, 17]",235,156,64,0
17251,"[6705, 18]",368,158,64,0
17252,"[6706, 0]",1,0,0,0
17253,"[6706, 1]",4,158,64,0
17254,"[6706, 2]",3,158,64,0
17255,"[6707, 0]",1,0,0,0
17256,"[6707, 1]",2,0,0,0
17257,"[6708, 0]",1,158,64,0
17258,"[6709, 0]",1,0,0,0
17259,"[6709, 1]",2,156,64,4
17260,"[6710, 0]",1,0,0,0
17261,"[6710, 1]",2,57,26,0
17262,"[6711, 0]",1,0,0,0
17263,"[6711, 1]",8,158,64,0
17264,"[6711, 2]",7,0,0,0
17265,"[6711, 3]",6,0,0,0
17266,"[6711, 4]",3,0,0,0
17267,"[6711, 5]",2,0,0,0
17268,"[6711, 6]",49,158,64,0
17269,"[6711, 7]",48,0,0,0
17270,"[6711, 8]",41,0,0,0
17271,"[6711, 9]",31,158,64,0
17272,"[6711, 10]",28,158,64,0
17273,"[6711, 11]",115,57,26,0
17274,"[6711, 12]",75,0,0,0
17275,"[6711, 13]",359,41,18,0
17276,"[6712, 0]",1,0,0,0
17277,"[6712, 1]",2,57,26,0
17278,"[6713, 0]",1,57,26,0
17279,"[6714, 0]",1,0,0,0
17280,"[6714, 1]",3,2,1,0
17281,"[6714, 2]",2,57,26,0
17282,"[6715, 0]",1,158,64,0
17283,"[6716, 0]",1,41,18,0
17284,"[6717, 0]",1,0,0,0
17285,"[6717, 1]",2,0,0,0
17286,"[6717, 2]",17,158,64,0
17287,"[6718, 0]",1,158,64,0
17288,"[6719, 0]",1,158,64,0
17289,"[6720, 0]",1,156,64,0
17290,"[6721, 0]",1,0,0,0
17291,"[6721, 1]",2,0,0,0
17292,"[6721, 2]",73,0,0,0
17293,"[6721, 3]",87,0,0,0
17294,"[6721, 4]",109,158,64,0
17295,"[6722, 0]",1,2,1,0
17296,"[6723, 0]",1,158,64,0
17297,"[6724, 0]",1,156,64,0
17298,"[6725, 0]",1,2,1,0
17299,"[6726, 0]",1,0,0,0
17300,"[6726, 1]",2,158,64,0
17301,"[6727, 0]",1,158,64,0
17302,"[6728, 0]",1,0,0,0
17303,"[6728, 1]",4,0,0,0
17304,"[6728, 2]",2,0,0,0
17305,"[6728, 3]",40,158,64,3
17306,"[6728, 4]",38,0,0,3
17307,"[6728, 5]",20,156,64,-1
17308,"[6728, 6]",86,0,0,0
17309,"[6728, 7]",179,0,0,0
17310,"[6728, 8]",307,57,26,1
17311,"[6729, 0]",1,158,64,0
17312,"[6730, 0]",1,156,64,0
17313,"[6731, 0]",1,0,0,0
17314,"[6731, 1]",2,0,0,0
17315,"[6731, 2]",81,2,1,0
17316,"[6732, 0]",1,0,0,0
17317,"[6732, 1]",2,0,0,0
17318,"[6732, 2]",12,156,64,0
17319,"[6733, 0]",1,0,0,0
17320,"[6733, 1]",7,41,18,0
17321,"[6733, 2]",3,0,0,0
17322,"[6733, 3]",2,0,0,0
17323,"[6733, 4]",61,156,64,0
17324,"[6733, 5]",60,0,0,0
17325,"[6733, 6]",56,156,64,0
17326,"[6733, 7]",54,0,0,0
17327,"[6733, 8]",53,0,0,0
17328,"[6733, 9]",121,0,0,0
17329,"[6733, 10]",117,158,64,0
17330,"[6733, 11]",87,2,1,0
17331,"[6733, 12]",179,158,64,0
17332,"[6734, 0]",1,158,64,0
17333,"[6735, 0]",1,41,18,0
17334,"[6736, 0]",1,0,0,0
17335,"[6736, 1]",3,158,64,0
17336,"[6736, 2]",2,2,1,0
17337,"[6737, 0]",1,41,18,0
17338,"[6738, 0]",1,0,0,0
17339,"[6738, 1]",2,2,1,0
17340,"[6739, 0]",1,0,0,0
17341,"[6739, 1]",3,158,64,0
17342,"[6739, 2]",2,158,64,0
17343,"[6740, 0]",1,41,18,0
17344,"[6741, 0]",1,158,64,0
17345,"[6742, 0]",1,0,0,0
17346,"[6742, 1]",2,62,28,0
17347,"[6743, 0]",1,0,0,0
17348,"[6743, 1]",4,0,0,0
17349,"[6743, 2]",3,0,0,0
17350,"[6743, 3]",2,0,0,0
17351,"[6743, 4]",30,0,0,0
17352,"[6743, 5]",29,0,0,0
17353,"[6743, 6]",26,2,1,0
17354,"[6743, 7]",25,0,0,0
17355,"[6743, 8]",22,158,64,0
17356,"[6743, 9]",80,0,0,0
17357,"[6743, 10]",62,158,64,0
17358,"[6743, 11]",60,0,0,0
17359,"[6743, 12]",57,158,64,1
17360,"[6743, 13]",277,0,0,0
17361,"[6743, 14]",250,51,24,0
17362,"[6743, 15]",375,158,64,0
17363,"[6744, 0]",1,2,1,0
17364,"[6745, 0]",1,53,24,0
17365,"[6746, 0]",1,0,0,0
17366,"[6746, 1]",2,158,64,0
17367,"[6747, 0]",1,158,64,0
17368,"[6748, 0]",1,0,0,0
17369,"[6748, 1]",2,41,18,0
17370,"[6749, 0]",1,0,0,1
17371,"[6749, 1]",5,57,26,0
17372,"[6749, 2]",3,0,0,0
17373,"[6749, 3]",2,0,0,0
17374,"[6749, 4]",30,57,26,0
17375,"[6749, 5]",29,0,0,0
17376,"[6749, 6]",27,0,0,0
17377,"[6749, 7]",26,0,0,0
17378,"[6749, 8]",23,158,64,-1
17379,"[6749, 9]",88,0,0,-1
17380,"[6749, 10]",55,57,26,0
17381,"[6749, 11]",248,158,64,-1
17382,"[6749, 12]",246,158,64,-1
17383,"[6750, 0]",1,0,0,0
17384,"[6750, 1]",2,158,64,-1
17385,"[6751, 0]",1,158,64,0
17386,"[6752, 0]",1,0,0,0
17387,"[6752, 1]",2,0,0,0
17388,"[6752, 2]",16,41,18,0
17389,"[6753, 0]",1,158,64,0
17390,"[6754, 0]",1,55,26,0
17391,"[6755, 0]",1,156,64,0
17392,"[6756, 0]",1,158,64,0
17393,"[6757, 0]",1,0,0,1
17394,"[6757, 1]",6,0,0,0
17395,"[6757, 2]",4,0,0,0
17396,"[6757, 3]",3,158,64,0
17397,"[6757, 4]",44,0,0,3
17398,"[6757, 5]",31,2,1,-1
17399,"[6757, 6]",96,59,28,0
17400,"[6758, 0]",1,158,64,0
17401,"[6759, 0]",1,0,0,0
17402,"[6759, 1]",2,156,64,0
17403,"[6760, 0]",1,0,0,0
17404,"[6760, 1]",2,41,18,0
17405,"[6761, 0]",1,158,64,0
17406,"[6762, 0]",1,0,0,0
17407,"[6762, 1]",3,0,0,0
17408,"[6762, 2]",2,0,0,0
17409,"[6762, 3]",29,158,64,0
17410,"[6762, 4]",24,0,0,0
17411,"[6762, 5]",55,0,0,0
17412,"[6762, 6]",53,0,0,0
17413,"[6762, 7]",84,41,18,0
17414,"[6762, 8]",71,0,0,3
17415,"[6762, 9]",171,41,18,1
17416,"[6763, 0]",1,0,0,0
17417,"[6763, 1]",2,41,18,0
17418,"[6764, 0]",1,57,26,0
17419,"[6765, 0]",1,0,0,1
17420,"[6765, 1]",2,158,64,0
17421,"[6766, 0]",1,41,18,0
17422,"[6767, 0]",1,0,0,0
17423,"[6767, 1]",2,158,64,-1
17424,"[6768, 0]",1,0,0,0
17425,"[6768, 1]",2,0,0,0
17426,"[6768, 2]",13,158,64,-1
17427,"[6769, 0]",1,0,0,0
17428,"[6769, 1]",6,0,0,0
17429,"[6769, 2]",3,0,0,0
17430,"[6769, 3]",2,0,0,0
17431,"[6769, 4]",38,158,64,0
17432,"[6769, 5]",37,0,0,0
17433,"[6769, 6]",29,41,18,0
17434,"[6769, 7]",24,57,26,0
17435,"[6769, 8]",73,156,64,2
17436,"[6770, 0]",1,158,64,0
17437,"[6771, 0]",1,0,0,0
17438,"[6771, 1]",2,158,64,0
17439,"[6772, 0]",1,158,64,0
17440,"[6773, 0]",1,158,64,0
17441,"[6774, 0]",1,158,64,0
17442,"[6775, 0]",1,57,26,0
17443,"[6776, 0]",1,156,64,0
17444,"[6777, 0]",1,0,0,0
17445,"[6777, 1]",2,156,64,-1
17446,"[6778, 0]",1,156,64,0
17447,"[6779, 0]",1,0,0,0
17448,"[6779, 1]",2,0,0,0
17449,"[6779, 2]",16,41,18,0
17450,"[6780, 0]",1,0,0,0
17451,"[6780, 1]",2,0,0,0
17452,"[6780, 2]",14,158,64,0
17453,"[6781, 0]",1,156,64,0
17454,"[6782, 0]",1,41,18,0
17455,"[6783, 0]",1,0,0,0
17456,"[6783, 1]",2,0,0,0
17457,"[6783, 2]",13,2,1,-1
17458,"[6784, 0]",1,41,18,0
17459,"[6785, 0]",1,158,64,0
17460,"[6786, 0]",1,0,0,0
17461,"[6786, 1]",2,158,64,0
17462,"[6787, 0]",1,57,26,0
17463,"[6788, 0]",1,0,0,0
17464,"[6788, 1]",2,41,18,5
17465,"[6789, 0]",1,158,64,0
17466,"[6790, 0]",1,41,18,0
17467,"[6791, 0]",1,0,0,0
17468,"[6791, 1]",2,158,64,0
17469,"[6792, 0]",1,57,26,0
17470,"[6793, 0]",1,57,26,0
17471,"[6794, 0]",1,2,1,0
17472,"[6795, 0]",1,41,18,0
17473,"[6796, 0]",1,0,0,0
17474,"[6796, 1]",2,156,64,0
17475,"[6797, 0]",1,53,24,0
17476,"[6798, 0]",1,158,64,0
17477,"[6799, 0]",1,158,64,0
17478,"[6800, 0]",1,0,0,1
17479,"[6800, 1]",2,158,64,0
17480,"[6801, 0]",1,0,0,0
17481,"[6801, 1]",2,0,0,0
17482,"[6801, 2]",34,0,0,0
17483,"[6801, 3]",61,0,0,0
17484,"[6801, 4]",98,0,0,0
17485,"[6801, 5]",117,158,64,0
17486,"[6802, 0]",1,156,64,0
17487,"[6803, 0]",1,0,0,0
17488,"[6804, 0]",1,0,0,0
17489,"[6805, 0]",1,41,18,0
17490,"[6806, 0]",1,0,0,0
17491,"[6806, 1]",2,57,26,0
17492,"[6807, 0]",1,0,0,0
17493,"[6807, 1]",2,158,64,0
17494,"[6808, 0]",1,0,0,0
17495,"[6808, 1]",6,0,0,0
17496,"[6808, 2]",5,0,0,0
17497,"[6808, 3]",4,0,0,0
17498,"[6808, 4]",3,0,0,0
17499,"[6808, 5]",2,0,0,0
17500,"[6808, 6]",70,2,1,0
17501,"[6808, 7]",69,158,64,0
17502,"[6808, 8]",65,0,0,0
17503,"[6808, 9]",62,158,64,1
17504,"[6808, 10]",58,0,0,0
17505,"[6808, 11]",54,0,0,0
17506,"[6808, 12]",193,158,64,3
17507,"[6808, 13]",165,57,26,5
17508,"[6808, 14]",115,2,1,0
17509,"[6809, 0]",1,0,0,0
17510,"[6809, 1]",2,158,64,0
17511,"[6810, 0]",1,0,0,0
17512,"[6810, 1]",2,41,18,0
17513,"[6811, 0]",1,158,64,0
17514,"[6812, 0]",1,0,0,0
17515,"[6812, 1]",2,57,26,0
17516,"[6813, 0]",1,0,0,0
17517,"[6813, 1]",2,158,64,0
17518,"[6814, 0]",1,0,0,0
17519,"[6814, 1]",2,158,64,-1
17520,"[6815, 0]",1,0,0,0
17521,"[6815, 1]",3,0,0,0
17522,"[6815, 2]",2,0,0,0
17523,"[6815, 3]",30,2,1,-1
17524,"[6815, 4]",24,0,0,-1
17525,"[6815, 5]",123,41,18,3
17526,"[6816, 0]",1,0,0,0
17527,"[6816, 1]",8,158,64,0
17528,"[6816, 2]",6,0,0,0
17529,"[6816, 3]",5,0,0,0
17530,"[6816, 4]",4,0,0,0
17531,"[6816, 5]",81,156,64,0
17532,"[6816, 6]",77,0,0,0
17533,"[6816, 7]",76,0,0,0
17534,"[6816, 8]",74,0,0,0
17535,"[6816, 9]",73,0,0,0
17536,"[6816, 10]",71,0,0,0
17537,"[6816, 11]",70,0,0,0
17538,"[6816, 12]",69,0,0,0
17539,"[6816, 13]",68,0,0,0
17540,"[6816, 14]",66,0,0,0
17541,"[6816, 15]",64,0,0,0
17542,"[6816, 16]",62,0,0,0
17543,"[6816, 17]",60,0,0,0
17544,"[6816, 18]",53,158,64,0
17545,"[6816, 19]",52,0,0,0
17546,"[6816, 20]",51,0,0,0
17547,"[6816, 21]",42,59,28,0
17548,"[6816, 22]",39,158,64,0
17549,"[6816, 23]",225,0,0,0
17550,"[6816, 24]",224,63,28,0
17551,"[6816, 25]",221,158,64,0
17552,"[6816, 26]",189,158,64,0
17553,"[6816, 27]",187,158,64,0
17554,"[6816, 28]",186,59,28,0
17555,"[6816, 29]",183,0,0,0
17556,"[6816, 30]",182,0,0,0
17557,"[6816, 31]",180,0,0,0
17558,"[6816, 32]",177,0,0,0
17559,"[6816, 33]",172,158,64,0
17560,"[6816, 34]",170,0,0,0
17561,"[6816, 35]",168,0,0,0
17562,"[6816, 36]",163,0,0,0
17563,"[6816, 37]",162,0,0,0
17564,"[6816, 38]",159,0,0,0
17565,"[6816, 39]",157,0,0,0
17566,"[6816, 40]",154,158,64,0
17567,"[6816, 41]",150,0,0,0
17568,"[6816, 42]",149,0,0,0
17569,"[6816, 43]",145,0,0,0
17570,"[6816, 44]",140,0,0,-1
17571,"[6816, 45]",136,0,0,0
17572,"[6816, 46]",134,158,64,0
17573,"[6816, 47]",132,156,64,0
17574,"[6816, 48]",131,158,64,0
17575,"[6816, 49]",127,57,26,0
17576,"[6816, 50]",126,156,64,0
17577,"[6816, 51]",124,0,0,0
17578,"[6816, 52]",115,0,0,0
17579,"[6816, 53]",113,0,0,0
17580,"[6816, 54]",112,0,0,0
17581,"[6816, 55]",103,41,18,0
17582,"[6816, 56]",100,0,0,0
17583,"[6816, 57]",974,59,28,0
17584,"[6816, 58]",900,158,64,9
17585,"[6816, 59]",897,158,64,0
17586,"[6816, 60]",889,156,64,0
17587,"[6816, 61]",814,2,1,0
17588,"[6816, 62]",753,55,26,0
17589,"[6816, 63]",752,158,64,0
17590,"[6816, 64]",751,0,0,0
17591,"[6816, 65]",729,0,0,-1
17592,"[6816, 66]",690,0,0,0
17593,"[6816, 67]",688,0,0,0
17594,"[6816, 68]",687,0,0,0
17595,"[6816, 69]",678,41,18,0
17596,"[6816, 70]",676,0,0,0
17597,"[6816, 71]",674,0,0,0
17598,"[6816, 72]",669,158,64,0
17599,"[6816, 73]",668,0,0,0
17600,"[6816, 74]",636,158,64,0
17601,"[6816, 75]",628,57,26,0
17602,"[6816, 76]",615,41,18,0
17603,"[6816, 77]",612,158,64,0
17604,"[6816, 78]",596,0,0,0
17605,"[6816, 79]",593,0,0,0
17606,"[6816, 80]",578,41,18,0
17607,"[6816, 81]",554,2,1,0
17608,"[6816, 82]",545,158,64,-1
17609,"[6816, 83]",535,158,64,0
17610,"[6816, 84]",528,0,0,0
17611,"[6816, 85]",438,158,64,0
17612,"[6816, 86]",1994,57,26,-1
17613,"[6816, 87]",1768,0,0,-1
17614,"[6816, 88]",1767,0,0,-1
17615,"[6816, 89]",1759,57,26,0
17616,"[6816, 90]",1534,158,64,0
17617,"[6816, 91]",1475,158,64,0
17618,"[6816, 92]",1457,158,64,0
17619,"[6816, 93]",1435,158,64,0
17620,"[6816, 94]",1434,158,64,0
17621,"[6816, 95]",1426,158,64,0
17622,"[6816, 96]",1421,0,0,0
17623,"[6816, 97]",1381,158,64,-1
17624,"[6816, 98]",1357,54,24,0
17625,"[6816, 99]",3137,57,26,2
17626,"[6816, 100]",2657,0,0,11
17627,"[6816, 101]",2654,2,1,-1
17628,"[6816, 102]",4116,2,1,7
17629,"[6817, 0]",1,0,0,0
17630,"[6817, 1]",2,158,64,0
17631,"[6818, 0]",1,0,0,0
17632,"[6818, 1]",2,0,0,0
17633,"[6818, 2]",35,158,64,0
17634,"[6818, 3]",34,41,18,0
17635,"[6818, 4]",33,0,0,0
17636,"[6818, 5]",31,0,0,0
17637,"[6818, 6]",29,0,0,0
17638,"[6818, 7]",77,0,0,0
17639,"[6818, 8]",72,158,64,0
17640,"[6818, 9]",60,158,64,0
17641,"[6818, 10]",98,41,18,0
17642,"[6819, 0]",1,0,0,0
17643,"[6819, 1]",2,54,24,1
17644,"[6820, 0]",1,158,64,0
17645,"[6821, 0]",1,0,0,0
17646,"[6821, 1]",2,0,0,0
17647,"[6821, 2]",43,158,64,0
17648,"[6822, 0]",1,158,64,0
17649,"[6823, 0]",1,0,0,0
17650,"[6823, 1]",4,0,0,0
17651,"[6823, 2]",3,0,0,0
17652,"[6823, 3]",2,0,0,0
17653,"[6823, 4]",26,0,0,0
17654,"[6823, 5]",20,57,26,0
17655,"[6823, 6]",17,158,64,0
17656,"[6823, 7]",101,54,24,0
17657,"[6824, 0]",1,156,64,0
17658,"[6825, 0]",1,57,26,0
17659,"[6826, 0]",1,0,0,0
17660,"[6826, 1]",2,158,64,0
17661,"[6827, 0]",1,0,0,0
17662,"[6827, 1]",2,57,26,0
17663,"[6828, 0]",1,2,1,0
17664,"[6829, 0]",1,57,26,0
17665,"[6830, 0]",1,0,0,0
17666,"[6830, 1]",2,158,64,-1
17667,"[6831, 0]",1,158,64,0
17668,"[6832, 0]",1,0,0,0
17669,"[6832, 1]",2,57,26,0
17670,"[6833, 0]",1,2,1,0
17671,"[6834, 0]",1,158,64,1
17672,"[6835, 0]",1,0,0,0
17673,"[6835, 1]",2,158,64,0
17674,"[6836, 0]",1,41,18,0
17675,"[6837, 0]",1,158,64,0
17676,"[6838, 0]",1,158,64,0
17677,"[6839, 0]",1,158,64,0
17678,"[6840, 0]",1,0,0,0
17679,"[6840, 1]",2,158,64,0
17680,"[6841, 0]",1,57,26,0
17681,"[6842, 0]",1,41,18,0
17682,"[6843, 0]",1,0,0,0
17683,"[6843, 1]",2,41,18,0
17684,"[6844, 0]",1,57,26,0
17685,"[6845, 0]",1,61,28,0
17686,"[6846, 0]",1,158,64,0
17687,"[6847, 0]",1,158,64,0
17688,"[6848, 0]",1,41,18,0
17689,"[6849, 0]",1,0,0,0
17690,"[6849, 1]",2,41,18,0
17691,"[6850, 0]",1,0,0,0
17692,"[6850, 1]",2,158,64,0
17693,"[6851, 0]",1,41,18,0
17694,"[6852, 0]",1,41,18,0
17695,"[6853, 0]",1,158,64,0
17696,"[6854, 0]",1,0,0,0
17697,"[6854, 1]",2,41,18,0
17698,"[6855, 0]",1,57,26,0
17699,"[6856, 0]",1,0,0,0
17700,"[6856, 1]",2,2,1,-1
17701,"[6857, 0]",1,0,0,0
17702,"[6857, 1]",2,158,64,0
17703,"[6858, 0]",1,0,0,0
17704,"[6858, 1]",2,2,1,0
17705,"[6859, 0]",1,0,0,0
17706,"[6859, 1]",3,41,18,0
17707,"[6859, 2]",2,158,64,0
17708,"[6860, 0]",1,158,64,0
17709,"[6861, 0]",1,158,64,1
17710,"[6862, 0]",1,0,0,0
17711,"[6862, 1]",2,37,18,0
17712,"[6863, 0]",1,0,0,0
17713,"[6863, 1]",2,41,18,0
17714,"[6864, 0]",1,0,0,0
17715,"[6864, 1]",2,158,64,4
17716,"[6865, 0]",1,0,0,0
17717,"[6865, 1]",2,158,64,0
17718,"[6866, 0]",1,41,18,0
17719,"[6867, 0]",1,0,0,0
17720,"[6867, 1]",2,0,0,0
17721,"[6867, 2]",63,158,64,0
17722,"[6868, 0]",1,0,0,0
17723,"[6868, 1]",3,156,64,0
17724,"[6868, 2]",2,158,64,0
17725,"[6869, 0]",1,0,0,0
17726,"[6869, 1]",2,57,26,0
17727,"[6870, 0]",1,0,0,0
17728,"[6870, 1]",2,156,64,0
17729,"[6871, 0]",1,158,64,0
17730,"[6872, 0]",1,41,18,0
17731,"[6873, 0]",1,158,64,0
17732,"[6874, 0]",1,158,64,0
17733,"[6875, 0]",1,41,18,0
17734,"[6876, 0]",1,41,18,0
17735,"[6877, 0]",1,0,0,0
17736,"[6877, 1]",2,158,64,0
17737,"[6878, 0]",1,0,0,0
17738,"[6878, 1]",3,158,64,0
17739,"[6878, 2]",2,0,0,0
17740,"[6878, 3]",12,0,0,0
17741,"[6878, 4]",11,156,64,0
17742,"[6878, 5]",35,156,64,-1
17743,"[6879, 0]",1,0,0,1
17744,"[6879, 1]",2,158,64,0
17745,"[6880, 0]",1,55,26,0
17746,"[6881, 0]",1,0,0,0
17747,"[6881, 1]",2,156,64,0
17748,"[6882, 0]",1,158,64,0
17749,"[6883, 0]",1,41,18,0
17750,"[6884, 0]",1,158,64,0
17751,"[6885, 0]",1,0,0,0
17752,"[6885, 1]",2,41,18,0
17753,"[6886, 0]",1,0,0,0
17754,"[6886, 1]",3,0,0,-1
17755,"[6886, 2]",2,0,0,-1
17756,"[6886, 3]",39,158,64,7
17757,"[6886, 4]",35,158,64,-1
17758,"[6886, 5]",32,51,24,2
17759,"[6887, 0]",1,0,0,0
17760,"[6887, 1]",2,0,0,0
17761,"[6887, 2]",18,41,18,0
17762,"[6888, 0]",1,41,18,0
17763,"[6889, 0]",1,57,26,0
17764,"[6890, 0]",1,0,0,0
17765,"[6890, 1]",2,158,64,0
17766,"[6891, 0]",1,0,0,0
17767,"[6891, 1]",6,156,64,0
17768,"[6891, 2]",3,0,0,0
17769,"[6891, 3]",2,0,0,0
17770,"[6891, 4]",54,0,0,0
17771,"[6891, 5]",52,0,0,0
17772,"[6891, 6]",51,0,0,0
17773,"[6891, 7]",47,59,28,0
17774,"[6891, 8]",95,0,0,2
17775,"[6891, 9]",87,0,0,0
17776,"[6891, 10]",72,158,64,0
17777,"[6891, 11]",246,158,64,0
17778,"[6892, 0]",1,158,64,0
17779,"[6893, 0]",1,0,0,0
17780,"[6893, 1]",2,0,0,0
17781,"[6893, 2]",24,158,64,1
17782,"[6894, 0]",1,0,0,0
17783,"[6894, 1]",2,57,26,0
17784,"[6895, 0]",1,0,0,0
17785,"[6895, 1]",2,158,64,0
17786,"[6896, 0]",1,158,64,0
17787,"[6897, 0]",1,0,0,0
17788,"[6897, 1]",2,57,26,0
17789,"[6898, 0]",1,41,18,0
17790,"[6899, 0]",1,0,0,0
17791,"[6899, 1]",2,158,64,0
17792,"[6900, 0]",1,0,0,0
17793,"[6900, 1]",2,158,64,0
17794,"[6901, 0]",1,37,18,0
17795,"[6902, 0]",1,0,0,0
17796,"[6902, 1]",2,0,0,0
17797,"[6902, 2]",15,158,64,0
17798,"[6903, 0]",1,0,0,0
17799,"[6903, 1]",2,41,18,0
17800,"[6904, 0]",1,158,64,0
17801,"[6905, 0]",1,57,26,0
17802,"[6906, 0]",1,158,64,0
17803,"[6907, 0]",1,0,0,0
17804,"[6907, 1]",3,156,64,0
17805,"[6907, 2]",2,0,0,0
17806,"[6907, 3]",61,2,1,0
17807,"[6907, 4]",60,158,64,0
17808,"[6907, 5]",58,156,64,0
17809,"[6908, 0]",1,0,0,0
17810,"[6908, 1]",2,156,64,0
17811,"[6909, 0]",1,0,0,0
17812,"[6909, 1]",2,158,64,0
17813,"[6910, 0]",1,0,0,0
17814,"[6910, 1]",2,57,26,0
17815,"[6911, 0]",1,158,64,1
17816,"[6912, 0]",1,158,64,0
17817,"[6913, 0]",1,0,0,0
17818,"[6913, 1]",2,57,26,7
17819,"[6914, 0]",1,0,0,0
17820,"[6914, 1]",2,0,0,0
17821,"[6914, 2]",17,41,18,0
17822,"[6915, 0]",1,0,0,0
17823,"[6915, 1]",2,158,64,12
17824,"[6916, 0]",1,156,64,0
17825,"[6917, 0]",1,0,0,0
17826,"[6917, 1]",2,41,18,0
17827,"[6918, 0]",1,158,64,0
17828,"[6919, 0]",1,0,0,0
17829,"[6919, 1]",2,158,64,0
17830,"[6920, 0]",1,41,18,0
17831,"[6921, 0]",1,57,26,0
17832,"[6922, 0]",1,0,0,0
17833,"[6922, 1]",2,0,0,1
17834,"[6922, 2]",16,59,28,0
17835,"[6923, 0]",1,158,64,0
17836,"[6924, 0]",1,0,0,0
17837,"[6924, 1]",8,0,0,0
17838,"[6924, 2]",6,0,0,0
17839,"[6924, 3]",5,0,0,0
17840,"[6924, 4]",3,0,0,0
17841,"[6924, 5]",2,0,0,0
17842,"[6924, 6]",53,57,26,0
17843,"[6924, 7]",51,158,64,0
17844,"[6924, 8]",44,158,64,-1
17845,"[6924, 9]",40,158,64,0
17846,"[6924, 10]",37,158,64,0
17847,"[6924, 11]",26,158,64,3
17848,"[6925, 0]",1,158,64,0
17849,"[6926, 0]",1,0,0,0
17850,"[6926, 1]",2,57,26,0
17851,"[6927, 0]",1,158,64,0
17852,"[6928, 0]",1,0,0,0
17853,"[6928, 1]",6,158,64,-1
17854,"[6928, 2]",3,0,0,2
17855,"[6928, 3]",2,0,0,-1
17856,"[6928, 4]",51,158,64,-1
17857,"[6928, 5]",42,158,64,0
17858,"[6928, 6]",41,158,64,0
17859,"[6929, 0]",1,0,0,0
17860,"[6929, 1]",2,158,64,0
17861,"[6930, 0]",1,0,0,0
17862,"[6930, 1]",2,57,26,0
17863,"[6931, 0]",1,158,64,0
17864,"[6932, 0]",1,0,0,0
17865,"[6932, 1]",2,0,0,3
17866,"[6932, 2]",48,158,64,0
17867,"[6933, 0]",1,0,0,0
17868,"[6933, 1]",2,0,0,0
17869,"[6933, 2]",38,156,64,0
17870,"[6934, 0]",1,0,0,0
17871,"[6934, 1]",2,57,26,-1
17872,"[6935, 0]",1,0,0,0
17873,"[6935, 1]",3,0,0,0
17874,"[6935, 2]",14,41,18,0
17875,"[6936, 0]",1,0,0,0
17876,"[6936, 1]",2,57,26,0
17877,"[6937, 0]",1,2,1,0
17878,"[6938, 0]",1,41,18,0
17879,"[6939, 0]",1,41,18,1
17880,"[6940, 0]",1,0,0,0
17881,"[6940, 1]",2,0,0,0
17882,"[6940, 2]",33,57,26,0
17883,"[6941, 0]",1,0,0,0
17884,"[6941, 1]",2,158,64,0
17885,"[6942, 0]",1,0,0,0
17886,"[6942, 1]",2,158,64,0
17887,"[6943, 0]",1,158,64,0
17888,"[6944, 0]",1,41,18,0
17889,"[6945, 0]",1,0,0,0
17890,"[6945, 1]",7,41,18,0
17891,"[6945, 2]",5,0,0,0
17892,"[6945, 3]",4,0,0,0
17893,"[6945, 4]",3,0,0,0
17894,"[6945, 5]",2,0,0,0
17895,"[6945, 6]",50,0,0,0
17896,"[6945, 7]",42,0,0,0
17897,"[6945, 8]",38,0,0,0
17898,"[6945, 9]",31,0,0,0
17899,"[6945, 10]",235,54,24,0
17900,"[6945, 11]",209,0,0,0
17901,"[6945, 12]",183,156,64,0
17902,"[6945, 13]",129,158,64,0
17903,"[6945, 14]",299,41,18,0
17904,"[6946, 0]",1,41,18,0
17905,"[6947, 0]",1,156,64,0
17906,"[6948, 0]",1,61,28,0
17907,"[6949, 0]",1,158,64,0
17908,"[6950, 0]",1,41,18,0
17909,"[6951, 0]",1,0,0,0
17910,"[6951, 1]",2,156,64,0
17911,"[6952, 0]",1,0,0,0
17912,"[6952, 1]",4,158,64,0
17913,"[6952, 2]",2,0,0,0
17914,"[6952, 3]",42,41,18,0
17915,"[6953, 0]",1,41,18,0
17916,"[6954, 0]",1,0,0,0
17917,"[6954, 1]",6,158,64,0
17918,"[6954, 2]",3,0,0,0
17919,"[6954, 3]",2,0,0,0
17920,"[6954, 4]",42,54,24,5
17921,"[6954, 5]",40,158,64,-1
17922,"[6954, 6]",39,0,0,-1
17923,"[6954, 7]",35,0,0,0
17924,"[6954, 8]",90,2,1,0
17925,"[6954, 9]",74,0,0,-1
17926,"[6954, 10]",73,156,64,-1
17927,"[6954, 11]",212,0,0,-1
17928,"[6954, 12]",417,0,0,-1
17929,"[6954, 13]",511,158,64,-1
17930,"[6955, 0]",1,41,18,0
17931,"[6956, 0]",1,156,64,0
17932,"[6957, 0]",1,156,64,0
17933,"[6958, 0]",1,51,24,0
17934,"[6959, 0]",1,0,0,0
17935,"[6959, 1]",2,0,0,0
17936,"[6959, 2]",24,41,18,0
17937,"[6960, 0]",1,0,0,0
17938,"[6960, 1]",2,156,64,0
17939,"[6961, 0]",1,54,24,0
17940,"[6962, 0]",1,41,18,0
17941,"[6963, 0]",1,41,18,0
17942,"[6964, 0]",1,158,64,0
17943,"[6965, 0]",1,158,64,0
17944,"[6966, 0]",1,0,0,0
17945,"[6966, 1]",2,158,64,0
17946,"[6967, 0]",1,0,0,0
17947,"[6967, 1]",2,0,0,0
17948,"[6967, 2]",23,0,0,0
17949,"[6967, 3]",49,2,1,0
17950,"[6968, 0]",1,53,24,0
17951,"[6969, 0]",1,0,0,0
17952,"[6969, 1]",2,57,26,0
17953,"[6970, 0]",1,41,18,0
17954,"[6971, 0]",1,0,0,0
17955,"[6971, 1]",4,0,0,1
17956,"[6971, 2]",3,0,0,-1
17957,"[6971, 3]",2,0,0,-1
17958,"[6971, 4]",61,156,64,77
17959,"[6971, 5]",60,0,0,5
17960,"[6971, 6]",59,0,0,-1
17961,"[6971, 7]",52,158,64,-1
17962,"[6971, 8]",50,158,64,0
17963,"[6971, 9]",48,0,0,0
17964,"[6971, 10]",47,0,0,0
17965,"[6971, 11]",172,156,64,0
17966,"[6971, 12]",169,158,64,0
17967,"[6971, 13]",98,2,1,-1
17968,"[6971, 14]",95,158,64,-1
17969,"[6972, 0]",1,0,0,0
17970,"[6972, 1]",2,2,1,0
17971,"[6973, 0]",1,2,1,0
17972,"[6974, 0]",1,0,0,0
17973,"[6974, 1]",2,41,18,0
17974,"[6975, 0]",1,0,0,0
17975,"[6975, 1]",2,2,1,0
17976,"[6976, 0]",1,57,26,0
17977,"[6977, 0]",1,41,18,0
17978,"[6978, 0]",1,158,64,0
17979,"[6979, 0]",1,0,0,0
17980,"[6979, 1]",2,0,0,0
17981,"[6979, 2]",78,158,64,0
17982,"[6980, 0]",1,41,18,0
17983,"[6981, 0]",1,0,0,0
17984,"[6981, 1]",2,158,64,0
17985,"[6982, 0]",1,0,0,1
17986,"[6982, 1]",2,0,0,0
17987,"[6982, 2]",42,158,64,-1
17988,"[6982, 3]",39,0,0,-1
17989,"[6982, 4]",38,158,64,-1
17990,"[6982, 5]",63,156,64,-1
17991,"[6983, 0]",1,158,64,0
17992,"[6984, 0]",1,0,0,0
17993,"[6984, 1]",2,158,64,0
17994,"[6985, 0]",1,0,0,0
17995,"[6985, 1]",2,64,29,0
17996,"[6986, 0]",1,0,0,0
17997,"[6987, 0]",1,0,0,0
17998,"[6987, 1]",5,2,1,0
17999,"[6987, 2]",3,0,0,0
18000,"[6987, 3]",2,0,0,0
18001,"[6987, 4]",27,0,0,0
18002,"[6987, 5]",23,156,64,0
18003,"[6987, 6]",51,158,64,0
18004,"[6988, 0]",1,0,0,0
18005,"[6988, 1]",2,0,0,0
18006,"[6988, 2]",63,2,1,0
18007,"[6989, 0]",1,41,18,0
18008,"[6990, 0]",1,156,64,0
18009,"[6991, 0]",1,0,0,0
18010,"[6991, 1]",2,156,64,0
18011,"[6992, 0]",1,0,0,0
18012,"[6992, 1]",2,57,26,0
18013,"[6993, 0]",1,0,0,0
18014,"[6993, 1]",4,0,0,0
18015,"[6993, 2]",2,0,0,0
18016,"[6993, 3]",37,41,18,0
18017,"[6993, 4]",35,0,0,0
18018,"[6993, 5]",20,41,18,0
18019,"[6993, 6]",65,41,18,0
18020,"[6994, 0]",1,158,64,0
18021,"[6995, 0]",1,61,28,0
18022,"[6996, 0]",1,57,26,0
18023,"[6997, 0]",1,158,64,0
18024,"[6998, 0]",1,0,0,0
18025,"[6998, 1]",3,0,0,0
18026,"[6998, 2]",2,0,0,0
18027,"[6998, 3]",38,41,18,0
18028,"[6998, 4]",36,0,0,0
18029,"[6998, 5]",33,57,26,0
18030,"[6998, 6]",32,2,1,0
18031,"[6998, 7]",29,0,0,0
18032,"[6998, 8]",28,0,0,0
18033,"[6998, 9]",96,158,64,0
18034,"[6998, 10]",92,158,64,0
18035,"[6998, 11]",60,158,64,0
18036,"[6999, 0]",1,0,0,0
18037,"[6999, 1]",2,57,26,0
18038,"[7000, 0]",1,158,64,0
18039,"[7001, 0]",1,158,64,0
18040,"[7002, 0]",1,0,0,0
18041,"[7002, 1]",2,158,64,0
18042,"[7003, 0]",1,0,0,0
18043,"[7003, 1]",2,54,24,0
18044,"[7004, 0]",1,41,18,0
18045,"[7005, 0]",1,0,0,0
18046,"[7005, 1]",2,0,0,0
18047,"[7005, 2]",19,158,64,3
18048,"[7006, 0]",1,0,0,0
18049,"[7006, 1]",2,0,0,0
18050,"[7006, 2]",30,41,18,0
18051,"[7007, 0]",1,158,64,0
18052,"[7008, 0]",1,0,0,0
18053,"[7008, 1]",9,158,64,0
18054,"[7008, 2]",7,158,64,0
18055,"[7008, 3]",5,0,0,0
18056,"[7008, 4]",4,0,0,0
18057,"[7008, 5]",2,0,0,0
18058,"[7008, 6]",25,0,0,-1
18059,"[7008, 7]",22,0,0,0
18060,"[7008, 8]",19,0,0,0
18061,"[7008, 9]",76,0,0,0
18062,"[7008, 10]",64,158,64,-1
18063,"[7008, 11]",45,0,0,-1
18064,"[7008, 12]",43,0,0,-1
18065,"[7008, 13]",41,0,0,-1
18066,"[7008, 14]",236,158,64,11
18067,"[7008, 15]",235,158,64,-1
18068,"[7008, 16]",233,0,0,-1
18069,"[7008, 17]",214,2,1,-1
18070,"[7008, 18]",194,156,64,3
18071,"[7008, 19]",139,53,24,-1
18072,"[7008, 20]",305,0,0,-1
18073,"[7008, 21]",522,158,64,-1
18074,"[7009, 0]",1,0,0,0
18075,"[7009, 1]",2,156,64,0
18076,"[7010, 0]",1,0,0,0
18077,"[7010, 1]",2,158,64,0
18078,"[7011, 0]",1,0,0,0
18079,"[7011, 1]",2,51,24,0
18080,"[7012, 0]",1,158,64,0
18081,"[7013, 0]",1,0,0,0
18082,"[7013, 1]",3,0,0,0
18083,"[7013, 2]",2,0,0,0
18084,"[7013, 3]",26,0,0,0
18085,"[7013, 4]",24,0,0,0
18086,"[7013, 5]",19,0,0,0
18087,"[7013, 6]",87,2,1,0
18088,"[7013, 7]",86,158,64,0
18089,"[7013, 8]",57,0,0,0
18090,"[7013, 9]",45,2,1,0
18091,"[7013, 10]",188,41,18,0
18092,"[7013, 11]",187,158,64,0
18093,"[7014, 0]",1,158,64,0
18094,"[7015, 0]",1,158,64,0
18095,"[7016, 0]",1,0,0,0
18096,"[7016, 1]",2,41,18,0
18097,"[7017, 0]",1,158,64,0
18098,"[7018, 0]",1,0,0,0
18099,"[7018, 1]",2,156,64,0
18100,"[7019, 0]",1,0,0,0
18101,"[7019, 1]",2,158,64,0
18102,"[7020, 0]",1,0,0,0
18103,"[7020, 1]",2,0,0,0
18104,"[7020, 2]",37,0,0,0
18105,"[7020, 3]",49,41,18,1
18106,"[7021, 0]",1,0,0,0
18107,"[7021, 1]",2,0,0,0
18108,"[7021, 2]",16,158,64,0
18109,"[7022, 0]",1,158,64,0
18110,"[7023, 0]",1,0,0,0
18111,"[7023, 1]",2,0,0,0
18112,"[7023, 2]",68,158,64,0
18113,"[7024, 0]",1,158,64,0
18114,"[7025, 0]",1,156,64,1
18115,"[7026, 0]",1,158,64,0
18116,"[7027, 0]",1,0,0,0
18117,"[7027, 1]",2,2,1,0
18118,"[7028, 0]",1,158,64,0
18119,"[7029, 0]",1,0,0,0
18120,"[7029, 1]",3,0,0,0
18121,"[7029, 2]",2,0,0,0
18122,"[7029, 3]",34,0,0,0
18123,"[7029, 4]",31,158,64,0
18124,"[7029, 5]",30,0,0,0
18125,"[7029, 6]",100,158,64,-1
18126,"[7029, 7]",84,57,26,0
18127,"[7029, 8]",82,0,0,0
18128,"[7029, 9]",80,0,0,0
18129,"[7029, 10]",187,158,64,0
18130,"[7029, 11]",178,158,64,0
18131,"[7030, 0]",1,0,0,0
18132,"[7030, 1]",6,0,0,0
18133,"[7030, 2]",11,2,1,4
18134,"[7031, 0]",1,0,0,0
18135,"[7031, 1]",2,0,0,0
18136,"[7031, 2]",14,156,64,0
18137,"[7032, 0]",1,0,0,0
18138,"[7032, 1]",5,0,0,0
18139,"[7032, 2]",4,0,0,0
18140,"[7032, 3]",2,0,0,0
18141,"[7032, 4]",24,0,0,0
18142,"[7032, 5]",10,0,0,0
18143,"[7032, 6]",7,156,64,0
18144,"[7032, 7]",128,156,64,0
18145,"[7032, 8]",104,41,18,0
18146,"[7033, 0]",1,0,0,0
18147,"[7033, 1]",2,0,0,0
18148,"[7033, 2]",33,0,0,0
18149,"[7033, 3]",61,0,0,0
18150,"[7033, 4]",157,158,64,0
18151,"[7034, 0]",1,54,24,0
18152,"[7035, 0]",1,0,0,0
18153,"[7035, 1]",2,156,64,0
18154,"[7036, 0]",1,0,0,0
18155,"[7036, 1]",2,158,64,2
18156,"[7037, 0]",1,0,0,0
18157,"[7037, 1]",2,2,1,0
18158,"[7038, 0]",1,158,64,0
18159,"[7039, 0]",1,156,64,0
18160,"[7040, 0]",1,59,28,0
18161,"[7041, 0]",1,0,0,0
18162,"[7041, 1]",2,158,64,0
18163,"[7042, 0]",1,2,1,0
18164,"[7043, 0]",1,158,64,0
18165,"[7044, 0]",1,57,26,0
18166,"[7045, 0]",1,41,18,0
18167,"[7046, 0]",1,0,0,0
18168,"[7046, 1]",2,0,0,-1
18169,"[7046, 2]",29,158,64,-1
18170,"[7047, 0]",1,158,64,0
18171,"[7048, 0]",1,51,24,0
18172,"[7049, 0]",1,0,0,0
18173,"[7049, 1]",2,41,18,0
18174,"[7050, 0]",1,57,26,0
18175,"[7051, 0]",1,158,64,0
18176,"[7052, 0]",1,59,28,0
18177,"[7053, 0]",1,158,64,0
18178,"[7054, 0]",1,158,64,0
18179,"[7055, 0]",1,0,0,0
18180,"[7055, 1]",3,0,0,0
18181,"[7055, 2]",11,57,26,0
18182,"[7056, 0]",1,156,64,0
18183,"[7057, 0]",1,0,0,0
18184,"[7057, 1]",2,158,64,0
18185,"[7058, 0]",1,0,0,0
18186,"[7058, 1]",2,2,1,0
18187,"[7059, 0]",1,0,0,0
18188,"[7059, 1]",2,0,0,0
18189,"[7059, 2]",77,158,64,0
18190,"[7060, 0]",1,0,0,0
18191,"[7060, 1]",9,57,26,0
18192,"[7060, 2]",8,0,0,0
18193,"[7060, 3]",6,0,0,0
18194,"[7060, 4]",5,0,0,0
18195,"[7060, 5]",4,0,0,0
18196,"[7060, 6]",2,0,0,0
18197,"[7060, 7]",45,158,64,-1
18198,"[7060, 8]",36,0,0,0
18199,"[7060, 9]",28,158,64,0
18200,"[7060, 10]",23,57,26,0
18201,"[7060, 11]",125,2,1,6
18202,"[7061, 0]",1,41,18,0
18203,"[7062, 0]",1,158,64,0
18204,"[7063, 0]",1,0,0,0
18205,"[7063, 1]",2,0,0,0
18206,"[7063, 2]",32,2,1,-1
18207,"[7064, 0]",1,0,0,0
18208,"[7064, 1]",2,2,1,0
18209,"[7065, 0]",1,0,0,0
18210,"[7065, 1]",2,0,0,0
18211,"[7065, 2]",21,2,1,-1
18212,"[7066, 0]",1,0,0,0
18213,"[7066, 1]",2,158,64,0
18214,"[7067, 0]",1,158,64,0
18215,"[7068, 0]",1,0,0,0
18216,"[7068, 1]",2,0,0,0
18217,"[7068, 2]",21,57,26,0
18218,"[7069, 0]",1,51,24,0
18219,"[7070, 0]",1,0,0,0
18220,"[7070, 1]",2,0,0,0
18221,"[7070, 2]",20,158,64,-1
18222,"[7071, 0]",1,0,0,0
18223,"[7071, 1]",2,0,0,0
18224,"[7071, 2]",42,0,0,0
18225,"[7071, 3]",68,158,64,0
18226,"[7072, 0]",1,158,64,0
18227,"[7073, 0]",1,41,18,0
18228,"[7074, 0]",1,158,64,0
18229,"[7075, 0]",1,0,0,0
18230,"[7075, 1]",2,0,0,-1
18231,"[7075, 2]",11,158,64,-1
18232,"[7076, 0]",1,156,64,0
18233,"[7077, 0]",1,0,0,0
18234,"[7077, 1]",2,41,18,5
18235,"[7078, 0]",1,0,0,0
18236,"[7078, 1]",2,156,64,0
18237,"[7079, 0]",1,41,18,0
18238,"[7080, 0]",1,41,18,0
18239,"[7081, 0]",1,0,0,0
18240,"[7081, 1]",6,156,64,0
18241,"[7081, 2]",5,156,64,0
18242,"[7081, 3]",3,0,0,0
18243,"[7081, 4]",43,0,0,0
18244,"[7081, 5]",70,57,26,0
18245,"[7082, 0]",1,41,18,0
18246,"[7083, 0]",1,0,0,0
18247,"[7083, 1]",2,2,1,0
18248,"[7084, 0]",1,0,0,0
18249,"[7084, 1]",2,54,24,0
18250,"[7085, 0]",1,158,64,0
18251,"[7086, 0]",1,53,24,0
18252,"[7087, 0]",1,158,64,0
18253,"[7088, 0]",1,2,1,0
18254,"[7089, 0]",1,54,24,1
18255,"[7090, 0]",1,0,0,0
18256,"[7090, 1]",2,158,64,0
18257,"[7091, 0]",1,57,26,0
18258,"[7092, 0]",1,0,0,0
18259,"[7092, 1]",2,0,0,0
18260,"[7092, 2]",73,156,64,0
18261,"[7093, 0]",1,41,18,0
18262,"[7094, 0]",1,2,1,0
18263,"[7095, 0]",1,0,0,0
18264,"[7095, 1]",2,158,64,0
18265,"[7096, 0]",1,158,64,0
18266,"[7097, 0]",1,0,0,0
18267,"[7097, 1]",2,41,18,0
18268,"[7098, 0]",1,0,0,0
18269,"[7098, 1]",2,158,64,0
18270,"[7099, 0]",1,0,0,1
18271,"[7099, 1]",6,41,18,0
18272,"[7099, 2]",5,158,64,0
18273,"[7099, 3]",3,0,0,0
18274,"[7099, 4]",51,57,26,0
18275,"[7100, 0]",1,2,1,0
18276,"[7101, 0]",1,0,0,0
18277,"[7101, 1]",2,57,26,20
18278,"[7102, 0]",1,0,0,0
18279,"[7102, 1]",2,158,64,0
18280,"[7103, 0]",1,158,64,0
18281,"[7104, 0]",1,0,0,0
18282,"[7104, 1]",2,2,1,0
18283,"[7105, 0]",1,63,28,0
18284,"[7106, 0]",1,0,0,0
18285,"[7106, 1]",2,57,26,0
18286,"[7107, 0]",1,0,0,0
18287,"[7107, 1]",2,0,0,0
18288,"[7107, 2]",28,0,0,0
18289,"[7107, 3]",45,158,64,0
18290,"[7108, 0]",1,0,0,0
18291,"[7108, 1]",2,57,26,0
18292,"[7109, 0]",1,158,64,0
18293,"[7110, 0]",1,51,24,0
18294,"[7111, 0]",1,0,0,0
18295,"[7111, 1]",2,0,0,0
18296,"[7111, 2]",22,156,64,3
18297,"[7112, 0]",1,55,26,0
18298,"[7113, 0]",1,57,26,1
18299,"[7114, 0]",1,158,64,0
18300,"[7115, 0]",1,0,0,1
18301,"[7115, 1]",9,158,64,0
18302,"[7115, 2]",8,57,26,0
18303,"[7115, 3]",5,0,0,0
18304,"[7115, 4]",56,0,0,0
18305,"[7115, 5]",130,0,0,1
18306,"[7115, 6]",321,54,24,36
18307,"[7116, 0]",1,0,0,0
18308,"[7116, 1]",5,0,0,0
18309,"[7116, 2]",4,0,0,0
18310,"[7116, 3]",2,0,0,0
18311,"[7116, 4]",46,156,64,-1
18312,"[7116, 5]",43,158,64,0
18313,"[7116, 6]",40,158,64,0
18314,"[7117, 0]",1,0,0,0
18315,"[7117, 1]",2,158,64,0
18316,"[7118, 0]",1,2,1,0
18317,"[7119, 0]",1,0,0,0
18318,"[7119, 1]",3,0,0,0
18319,"[7119, 2]",2,59,28,0
18320,"[7119, 3]",30,2,1,0
18321,"[7120, 0]",1,41,18,0
18322,"[7121, 0]",1,158,64,0
18323,"[7122, 0]",1,0,0,0
18324,"[7122, 1]",2,0,0,0
18325,"[7122, 2]",55,158,64,0
18326,"[7123, 0]",1,158,64,0
18327,"[7124, 0]",1,0,0,0
18328,"[7124, 1]",2,158,64,0
18329,"[7125, 0]",1,57,26,0
18330,"[7126, 0]",1,0,0,0
18331,"[7126, 1]",7,158,64,0
18332,"[7126, 2]",6,0,0,0
18333,"[7126, 3]",5,0,0,0
18334,"[7126, 4]",54,158,64,0
18335,"[7126, 5]",50,158,64,0
18336,"[7127, 0]",1,2,1,0
18337,"[7128, 0]",1,55,26,0
18338,"[7129, 0]",1,0,0,0
18339,"[7129, 1]",2,158,64,0
18340,"[7130, 0]",1,58,26,0
18341,"[7131, 0]",1,53,24,0
18342,"[7132, 0]",1,0,0,0
18343,"[7132, 1]",2,158,64,0
18344,"[7133, 0]",1,0,0,0
18345,"[7133, 1]",2,158,64,0
18346,"[7134, 0]",1,0,0,0
18347,"[7134, 1]",6,158,64,0
18348,"[7134, 2]",4,41,18,0
18349,"[7134, 3]",3,0,0,0
18350,"[7134, 4]",2,0,0,0
18351,"[7134, 5]",40,0,0,0
18352,"[7134, 6]",39,0,0,0
18353,"[7134, 7]",36,0,0,0
18354,"[7134, 8]",78,158,64,0
18355,"[7134, 9]",68,0,0,0
18356,"[7134, 10]",64,156,64,0
18357,"[7134, 11]",152,158,64,0
18358,"[7134, 12]",151,41,18,0
18359,"[7135, 0]",1,158,64,0
18360,"[7136, 0]",1,0,0,0
18361,"[7136, 1]",5,0,0,0
18362,"[7136, 2]",3,0,0,0
18363,"[7136, 3]",2,0,0,0
18364,"[7136, 4]",46,0,0,0
18365,"[7136, 5]",39,0,0,0
18366,"[7136, 6]",28,158,64,0
18367,"[7136, 7]",132,41,18,0
18368,"[7136, 8]",79,0,0,0
18369,"[7136, 9]",272,41,18,0
18370,"[7137, 0]",1,0,0,0
18371,"[7137, 1]",2,41,18,0
18372,"[7138, 0]",1,158,64,0
18373,"[7139, 0]",1,0,0,0
18374,"[7139, 1]",2,158,64,0
18375,"[7140, 0]",1,158,64,0
18376,"[7141, 0]",1,2,1,0
18377,"[7142, 0]",1,0,0,0
18378,"[7142, 1]",5,54,24,0
18379,"[7142, 2]",3,0,0,0
18380,"[7142, 3]",2,0,0,0
18381,"[7142, 4]",26,158,64,1
18382,"[7142, 5]",23,158,64,0
18383,"[7143, 0]",1,0,0,0
18384,"[7143, 1]",2,158,64,0
18385,"[7144, 0]",1,0,0,0
18386,"[7144, 1]",2,41,18,0
18387,"[7145, 0]",1,41,18,0
18388,"[7146, 0]",1,0,0,0
18389,"[7146, 1]",2,158,64,0
18390,"[7147, 0]",1,0,0,0
18391,"[7147, 1]",2,156,64,0
18392,"[7148, 0]",1,158,64,0
18393,"[7149, 0]",1,0,0,0
18394,"[7149, 1]",2,156,64,0
18395,"[7150, 0]",1,158,64,0
18396,"[7151, 0]",1,158,64,0
18397,"[7152, 0]",1,41,18,0
18398,"[7153, 0]",1,156,64,0
18399,"[7154, 0]",1,0,0,1
18400,"[7154, 1]",11,41,18,0
18401,"[7154, 2]",6,0,0,0
18402,"[7154, 3]",5,0,0,0
18403,"[7154, 4]",3,0,0,0
18404,"[7154, 5]",2,158,64,0
18405,"[7154, 6]",54,0,0,0
18406,"[7154, 7]",49,59,28,0
18407,"[7154, 8]",43,51,24,0
18408,"[7154, 9]",114,0,0,-1
18409,"[7154, 10]",335,57,26,1
18410,"[7155, 0]",1,0,0,0
18411,"[7155, 1]",5,156,64,0
18412,"[7155, 2]",3,0,0,0
18413,"[7155, 3]",2,0,0,0
18414,"[7155, 4]",47,158,64,0
18415,"[7155, 5]",43,0,0,0
18416,"[7155, 6]",152,41,18,0
18417,"[7156, 0]",1,158,64,0
18418,"[7157, 0]",1,0,0,0
18419,"[7157, 1]",3,57,26,0
18420,"[7157, 2]",2,158,64,0
18421,"[7158, 0]",1,41,18,0
18422,"[7159, 0]",1,0,0,0
18423,"[7159, 1]",2,0,0,0
18424,"[7159, 2]",14,158,64,0
18425,"[7160, 0]",1,0,0,0
18426,"[7160, 1]",2,0,0,0
18427,"[7160, 2]",24,158,64,0
18428,"[7161, 0]",1,0,0,0
18429,"[7161, 1]",2,158,64,0
18430,"[7162, 0]",1,0,0,0
18431,"[7162, 1]",3,0,0,0
18432,"[7162, 2]",2,158,64,0
18433,"[7162, 3]",18,41,18,0
18434,"[7163, 0]",1,0,0,0
18435,"[7163, 1]",2,0,0,0
18436,"[7163, 2]",20,158,64,-1
18437,"[7164, 0]",1,0,0,0
18438,"[7164, 1]",2,54,24,0
18439,"[7165, 0]",1,0,0,0
18440,"[7165, 1]",5,158,64,0
18441,"[7165, 2]",3,0,0,0
18442,"[7165, 3]",2,0,0,0
18443,"[7165, 4]",36,156,64,0
18444,"[7165, 5]",33,158,64,0
18445,"[7166, 0]",1,158,64,0
18446,"[7167, 0]",1,158,64,0
18447,"[7168, 0]",1,2,1,0
18448,"[7169, 0]",1,0,0,0
18449,"[7169, 1]",2,57,26,0
18450,"[7170, 0]",1,0,0,0
18451,"[7170, 1]",3,41,18,0
18452,"[7170, 2]",2,41,18,0
18453,"[7171, 0]",1,2,1,0
18454,"[7172, 0]",1,57,26,0
18455,"[7173, 0]",1,0,0,0
18456,"[7174, 0]",1,53,24,0
18457,"[7175, 0]",1,41,18,0
18458,"[7176, 0]",1,41,18,0
18459,"[7177, 0]",1,158,64,0
18460,"[7178, 0]",1,57,26,0
18461,"[7179, 0]",1,158,64,0
18462,"[7180, 0]",1,41,18,0
18463,"[7181, 0]",1,0,0,0
18464,"[7181, 1]",8,57,26,0
18465,"[7181, 2]",4,0,0,0
18466,"[7181, 3]",3,0,0,0
18467,"[7181, 4]",2,0,0,0
18468,"[7181, 5]",65,158,64,0
18469,"[7181, 6]",64,158,64,0
18470,"[7181, 7]",61,0,0,0
18471,"[7181, 8]",121,158,64,2
18472,"[7182, 0]",1,41,18,0
18473,"[7183, 0]",1,0,0,0
18474,"[7183, 1]",2,158,64,0
18475,"[7184, 0]",1,158,64,0
18476,"[7185, 0]",1,158,64,0
18477,"[7186, 0]",1,156,64,0
18478,"[7187, 0]",1,156,64,0
18479,"[7188, 0]",1,2,1,0
18480,"[7189, 0]",1,158,64,0
18481,"[7190, 0]",1,0,0,0
18482,"[7190, 1]",2,64,29,0
18483,"[7191, 0]",1,0,0,0
18484,"[7191, 1]",2,158,64,0
18485,"[7192, 0]",1,158,64,0
18486,"[7193, 0]",1,0,0,0
18487,"[7193, 1]",2,158,64,0
18488,"[7194, 0]",1,158,64,0
18489,"[7195, 0]",1,158,64,0
18490,"[7196, 0]",1,0,0,0
18491,"[7196, 1]",2,41,18,0
18492,"[7197, 0]",1,158,64,0
18493,"[7198, 0]",1,0,0,0
18494,"[7198, 1]",2,158,64,-1
18495,"[7199, 0]",1,0,0,0
18496,"[7199, 1]",4,0,0,0
18497,"[7199, 2]",3,0,0,0
18498,"[7199, 3]",2,0,0,0
18499,"[7199, 4]",32,54,24,0
18500,"[7199, 5]",29,158,64,-1
18501,"[7199, 6]",25,41,18,0
18502,"[7200, 0]",1,0,0,0
18503,"[7200, 1]",2,41,18,0
18504,"[7201, 0]",1,0,0,0
18505,"[7201, 1]",2,0,0,0
18506,"[7201, 2]",37,41,18,0
18507,"[7202, 0]",1,0,0,0
18508,"[7202, 1]",2,158,64,0
18509,"[7203, 0]",1,53,24,0
18510,"[7204, 0]",1,57,26,0
18511,"[7205, 0]",1,158,64,0
18512,"[7206, 0]",1,156,64,0
18513,"[7207, 0]",1,0,0,0
18514,"[7207, 1]",5,156,64,0
18515,"[7207, 2]",3,0,0,0
18516,"[7207, 3]",36,2,1,0
18517,"[7208, 0]",1,158,64,0
18518,"[7209, 0]",1,158,64,0
18519,"[7210, 0]",1,0,0,0
18520,"[7210, 1]",2,41,18,0
18521,"[7211, 0]",1,158,64,0
18522,"[7212, 0]",1,156,64,0
18523,"[7213, 0]",1,41,18,0
18524,"[7214, 0]",1,158,64,0
18525,"[7215, 0]",1,0,0,0
18526,"[7215, 1]",5,57,26,0
18527,"[7215, 2]",2,0,0,0
18528,"[7215, 3]",39,41,18,0
18529,"[7215, 4]",37,0,0,0
18530,"[7215, 5]",36,0,0,0
18531,"[7215, 6]",70,0,0,0
18532,"[7215, 7]",67,0,0,0
18533,"[7215, 8]",125,0,0,2
18534,"[7215, 9]",103,57,26,0
18535,"[7215, 10]",168,41,18,2
18536,"[7216, 0]",1,0,0,0
18537,"[7216, 1]",5,156,64,-1
18538,"[7216, 2]",4,156,64,-1
18539,"[7216, 3]",2,0,0,-1
18540,"[7217, 0]",1,0,0,0
18541,"[7217, 1]",2,2,1,0
18542,"[7218, 0]",1,57,26,0
18543,"[7219, 0]",1,0,0,0
18544,"[7219, 1]",2,0,0,0
18545,"[7219, 2]",45,158,64,0
18546,"[7220, 0]",1,0,0,0
18547,"[7220, 1]",2,158,64,0
18548,"[7221, 0]",1,0,0,0
18549,"[7221, 1]",2,158,64,0
18550,"[7222, 0]",1,0,0,0
18551,"[7222, 1]",3,0,0,0
18552,"[7222, 2]",2,158,64,0
18553,"[7222, 3]",30,0,0,0
18554,"[7222, 4]",72,158,64,0
18555,"[7223, 0]",1,41,18,1
18556,"[7224, 0]",1,158,64,0
18557,"[7225, 0]",1,158,64,0
18558,"[7226, 0]",1,156,64,0
18559,"[7227, 0]",1,41,18,0
18560,"[7228, 0]",1,2,1,0
18561,"[7229, 0]",1,41,18,0
18562,"[7230, 0]",1,0,0,0
18563,"[7230, 1]",2,156,64,0
18564,"[7231, 0]",1,158,64,0
18565,"[7232, 0]",1,0,0,0
18566,"[7232, 1]",2,158,64,0
18567,"[7233, 0]",1,158,64,0
18568,"[7234, 0]",1,158,64,0
18569,"[7235, 0]",1,0,0,0
18570,"[7235, 1]",2,0,0,0
18571,"[7235, 2]",30,0,0,0
18572,"[7235, 3]",112,41,18,0
18573,"[7236, 0]",1,41,18,0
18574,"[7237, 0]",1,0,0,0
18575,"[7237, 1]",2,158,64,0
18576,"[7238, 0]",1,0,0,0
18577,"[7238, 1]",2,57,26,0
18578,"[7239, 0]",1,2,1,0
18579,"[7240, 0]",1,0,0,0
18580,"[7240, 1]",4,158,64,0
18581,"[7240, 2]",2,0,0,0
18582,"[7240, 3]",39,0,0,0
18583,"[7240, 4]",76,2,1,0
18584,"[7241, 0]",1,158,64,0
18585,"[7242, 0]",1,0,0,0
18586,"[7242, 1]",2,158,64,0
18587,"[7243, 0]",1,158,64,0
18588,"[7244, 0]",1,0,0,0
18589,"[7244, 1]",8,158,64,0
18590,"[7244, 2]",5,0,0,0
18591,"[7244, 3]",4,0,0,0
18592,"[7244, 4]",3,0,0,0
18593,"[7244, 5]",2,0,0,0
18594,"[7244, 6]",69,0,0,0
18595,"[7244, 7]",65,158,64,0
18596,"[7244, 8]",64,156,64,0
18597,"[7244, 9]",56,0,0,0
18598,"[7244, 10]",52,0,0,0
18599,"[7244, 11]",224,57,26,0
18600,"[7244, 12]",202,41,18,0
18601,"[7244, 13]",111,55,26,0
18602,"[7244, 14]",110,2,1,0
18603,"[7245, 0]",1,158,64,0
18604,"[7246, 0]",1,0,0,0
18605,"[7246, 1]",2,2,1,0
18606,"[7247, 0]",1,0,0,0
18607,"[7247, 1]",2,158,64,14
18608,"[7248, 0]",1,0,0,0
18609,"[7248, 1]",3,57,26,0
18610,"[7248, 2]",2,0,0,0
18611,"[7248, 3]",34,0,0,0
18612,"[7248, 4]",56,0,0,1
18613,"[7248, 5]",105,2,1,1
18614,"[7249, 0]",1,158,64,0
18615,"[7250, 0]",1,156,64,0
18616,"[7251, 0]",1,57,26,0
18617,"[7252, 0]",1,0,0,0
18618,"[7252, 1]",2,158,64,0
18619,"[7253, 0]",1,0,0,0
18620,"[7253, 1]",6,158,64,-1
18621,"[7253, 2]",3,158,64,-1
18622,"[7254, 0]",1,0,0,0
18623,"[7254, 1]",2,158,64,0
18624,"[7255, 0]",1,63,28,0
18625,"[7256, 0]",1,0,0,0
18626,"[7256, 1]",2,0,0,0
18627,"[7256, 2]",11,158,64,2
18628,"[7257, 0]",1,2,1,0
18629,"[7258, 0]",1,41,18,0
18630,"[7259, 0]",1,41,18,0
18631,"[7260, 0]",1,0,0,0
18632,"[7260, 1]",2,57,26,0
18633,"[7261, 0]",1,41,18,0
18634,"[7262, 0]",1,158,64,0
18635,"[7263, 0]",1,41,18,0
18636,"[7264, 0]",1,0,0,0
18637,"[7264, 1]",2,41,18,0
18638,"[7265, 0]",1,156,64,0
18639,"[7266, 0]",1,0,0,0
18640,"[7266, 1]",2,158,64,0
18641,"[7267, 0]",1,41,18,0
18642,"[7268, 0]",1,0,0,0
18643,"[7268, 1]",2,156,64,1
18644,"[7269, 0]",1,0,0,0
18645,"[7269, 1]",2,158,64,0
18646,"[7270, 0]",1,0,0,1
18647,"[7270, 1]",2,0,0,0
18648,"[7270, 2]",13,158,64,0
18649,"[7271, 0]",1,0,0,0
18650,"[7271, 1]",2,0,0,0
18651,"[7271, 2]",41,158,64,0
18652,"[7271, 3]",39,41,18,0
18653,"[7271, 4]",37,0,0,0
18654,"[7271, 5]",76,158,64,10
18655,"[7272, 0]",1,2,1,0
18656,"[7273, 0]",1,0,0,0
18657,"[7273, 1]",2,41,18,0
18658,"[7274, 0]",1,0,0,0
18659,"[7274, 1]",2,158,64,0
18660,"[7275, 0]",1,0,0,0
18661,"[7275, 1]",2,41,18,0
18662,"[7276, 0]",1,0,0,0
18663,"[7276, 1]",2,0,0,0
18664,"[7276, 2]",21,158,64,0
18665,"[7277, 0]",1,0,0,0
18666,"[7277, 1]",2,0,0,0
18667,"[7277, 2]",82,57,26,0
18668,"[7278, 0]",1,0,0,0
18669,"[7278, 1]",2,156,64,-1
18670,"[7279, 0]",1,0,0,0
18671,"[7279, 1]",4,156,64,-1
18672,"[7279, 2]",3,0,0,1
18673,"[7279, 3]",2,0,0,-1
18674,"[7279, 4]",75,2,1,-1
18675,"[7279, 5]",67,0,0,3
18676,"[7279, 6]",189,57,26,0
18677,"[7279, 7]",188,0,0,0
18678,"[7279, 8]",187,0,0,0
18679,"[7279, 9]",322,41,18,0
18680,"[7279, 10]",319,0,0,0
18681,"[7279, 11]",413,158,64,4
18682,"[7280, 0]",1,57,26,1
18683,"[7281, 0]",1,158,64,0
18684,"[7282, 0]",1,41,18,0
18685,"[7283, 0]",1,0,0,0
18686,"[7283, 1]",2,41,18,0
18687,"[7284, 0]",1,0,0,0
18688,"[7284, 1]",2,41,18,0
18689,"[7285, 0]",1,158,64,0
18690,"[7286, 0]",1,0,0,0
18691,"[7286, 1]",2,158,64,4
18692,"[7287, 0]",1,0,0,0
18693,"[7287, 1]",2,57,26,0
18694,"[7288, 0]",1,41,18,0
18695,"[7289, 0]",1,41,18,0
18696,"[7290, 0]",1,0,0,0
18697,"[7290, 1]",2,57,26,0
18698,"[7291, 0]",1,0,0,0
18699,"[7291, 1]",2,158,64,0
18700,"[7292, 0]",1,0,0,0
18701,"[7292, 1]",2,0,0,0
18702,"[7292, 2]",20,158,64,0
18703,"[7293, 0]",1,0,0,0
18704,"[7293, 1]",2,158,64,0
18705,"[7294, 0]",1,0,0,0
18706,"[7294, 1]",2,57,26,0
18707,"[7295, 0]",1,57,26,0
18708,"[7296, 0]",1,158,64,0
18709,"[7297, 0]",1,0,0,0
18710,"[7297, 1]",2,54,24,26
18711,"[7298, 0]",1,41,18,0
18712,"[7299, 0]",1,0,0,0
18713,"[7300, 0]",1,0,0,0
18714,"[7300, 1]",2,158,64,21
18715,"[7301, 0]",1,41,18,1
18716,"[7302, 0]",1,0,0,0
18717,"[7302, 1]",2,57,26,0
18718,"[7303, 0]",1,0,0,0
18719,"[7303, 1]",5,0,0,0
18720,"[7303, 2]",3,0,0,0
18721,"[7303, 3]",2,0,0,0
18722,"[7303, 4]",75,156,64,-1
18723,"[7303, 5]",74,0,0,-1
18724,"[7303, 6]",72,156,64,-1
18725,"[7303, 7]",66,0,0,0
18726,"[7303, 8]",50,57,26,0
18727,"[7303, 9]",167,0,0,0
18728,"[7303, 10]",166,41,18,0
18729,"[7303, 11]",97,156,64,1
18730,"[7303, 12]",188,156,64,1
18731,"[7304, 0]",1,41,18,0
18732,"[7305, 0]",1,0,0,0
18733,"[7305, 1]",2,41,18,0
18734,"[7306, 0]",1,158,64,0
18735,"[7307, 0]",1,2,1,0
18736,"[7308, 0]",1,0,0,0
18737,"[7308, 1]",2,57,26,0
18738,"[7309, 0]",1,0,0,0
18739,"[7309, 1]",2,158,64,2
18740,"[7310, 0]",1,158,64,0
18741,"[7311, 0]",1,57,26,0
18742,"[7312, 0]",1,158,64,0
18743,"[7313, 0]",1,156,64,0
18744,"[7314, 0]",1,2,1,0
18745,"[7315, 0]",1,0,0,0
18746,"[7315, 1]",10,59,28,0
18747,"[7315, 2]",9,0,0,0
18748,"[7315, 3]",5,0,0,0
18749,"[7315, 4]",4,0,0,0
18750,"[7315, 5]",2,0,0,0
18751,"[7315, 6]",46,0,0,0
18752,"[7315, 7]",43,0,0,0
18753,"[7315, 8]",38,0,0,0
18754,"[7315, 9]",24,158,64,0
18755,"[7315, 10]",117,158,64,0
18756,"[7315, 11]",89,158,64,0
18757,"[7315, 12]",77,41,18,0
18758,"[7315, 13]",76,0,0,0
18759,"[7315, 14]",74,0,0,0
18760,"[7315, 15]",262,54,24,0
18761,"[7315, 16]",247,41,18,0
18762,"[7316, 0]",1,0,0,0
18763,"[7316, 1]",5,41,18,0
18764,"[7316, 2]",3,0,0,0
18765,"[7316, 3]",2,0,0,0
18766,"[7316, 4]",47,41,18,0
18767,"[7316, 5]",40,158,64,0
18768,"[7317, 0]",1,0,0,0
18769,"[7317, 1]",2,54,24,0
18770,"[7318, 0]",1,0,0,1
18771,"[7318, 1]",2,156,64,1
18772,"[7319, 0]",1,0,0,0
18773,"[7319, 1]",6,158,64,0
18774,"[7319, 2]",4,158,64,0
18775,"[7319, 3]",2,0,0,0
18776,"[7319, 4]",52,0,0,0
18777,"[7319, 5]",51,0,0,0
18778,"[7319, 6]",50,0,0,0
18779,"[7319, 7]",107,158,64,0
18780,"[7319, 8]",102,41,18,0
18781,"[7319, 9]",99,158,64,0
18782,"[7320, 0]",1,158,64,0
18783,"[7321, 0]",1,158,64,0
18784,"[7322, 0]",1,0,0,0
18785,"[7322, 1]",2,0,0,0
18786,"[7322, 2]",45,158,64,0
18787,"[7322, 3]",43,0,0,0
18788,"[7322, 4]",42,0,0,0
18789,"[7322, 5]",75,0,0,0
18790,"[7322, 6]",72,57,26,0
18791,"[7322, 7]",87,0,0,0
18792,"[7322, 8]",165,158,64,4
18793,"[7323, 0]",1,0,0,0
18794,"[7323, 1]",2,0,0,0
18795,"[7323, 2]",17,57,26,0
18796,"[7324, 0]",1,158,64,0
18797,"[7325, 0]",1,158,64,0
18798,"[7326, 0]",1,41,18,0
18799,"[7327, 0]",1,0,0,0
18800,"[7327, 1]",2,158,64,0
18801,"[7328, 0]",1,0,0,0
18802,"[7329, 0]",1,0,0,0
18803,"[7329, 1]",2,2,1,0
18804,"[7330, 0]",1,0,0,0
18805,"[7330, 1]",3,41,18,0
18806,"[7330, 2]",2,158,64,0
18807,"[7331, 0]",1,57,26,1
18808,"[7332, 0]",1,0,0,0
18809,"[7332, 1]",2,158,64,0
18810,"[7333, 0]",1,0,0,0
18811,"[7333, 1]",2,158,64,-1
18812,"[7334, 0]",1,2,1,0
18813,"[7335, 0]",1,0,0,0
18814,"[7335, 1]",3,0,0,0
18815,"[7335, 2]",2,0,0,0
18816,"[7335, 3]",21,156,64,0
18817,"[7335, 4]",19,0,0,0
18818,"[7335, 5]",16,158,64,2
18819,"[7335, 6]",45,41,18,0
18820,"[7335, 7]",41,0,0,0
18821,"[7335, 8]",40,0,0,0
18822,"[7335, 9]",188,0,0,0
18823,"[7335, 10]",183,0,0,6
18824,"[7335, 11]",344,156,64,0
18825,"[7336, 0]",1,158,64,0
18826,"[7337, 0]",1,0,0,0
18827,"[7337, 1]",8,2,1,0
18828,"[7337, 2]",6,57,26,0
18829,"[7337, 3]",2,0,0,0
18830,"[7337, 4]",57,41,18,0
18831,"[7337, 5]",55,0,0,0
18832,"[7337, 6]",53,0,0,0
18833,"[7337, 7]",52,0,0,0
18834,"[7337, 8]",51,0,0,0
18835,"[7337, 9]",83,54,24,0
18836,"[7337, 10]",82,2,1,0
18837,"[7337, 11]",81,0,0,0
18838,"[7337, 12]",76,0,0,0
18839,"[7337, 13]",71,158,64,0
18840,"[7337, 14]",68,158,64,-1
18841,"[7337, 15]",168,0,0,0
18842,"[7337, 16]",146,59,28,0
18843,"[7337, 17]",330,0,0,0
18844,"[7337, 18]",500,156,64,0
18845,"[7338, 0]",1,0,0,0
18846,"[7338, 1]",2,0,0,0
18847,"[7338, 2]",20,41,18,0
18848,"[7339, 0]",1,41,18,0
18849,"[7340, 0]",1,156,64,0
18850,"[7341, 0]",1,41,18,0
18851,"[7342, 0]",1,158,64,0
18852,"[7343, 0]",1,2,1,0
18853,"[7344, 0]",1,158,64,0
18854,"[7345, 0]",1,158,64,0
18855,"[7346, 0]",1,158,64,0
18856,"[7347, 0]",1,0,0,0
18857,"[7347, 1]",2,156,64,0
18858,"[7348, 0]",1,59,28,0
18859,"[7349, 0]",1,0,0,0
18860,"[7349, 1]",2,41,18,0
18861,"[7350, 0]",1,0,0,0
18862,"[7350, 1]",2,2,1,0
18863,"[7351, 0]",1,156,64,0
18864,"[7352, 0]",1,0,0,0
18865,"[7352, 1]",2,158,64,0
18866,"[7353, 0]",1,2,1,0
18867,"[7354, 0]",1,0,0,0
18868,"[7354, 1]",2,158,64,-1
18869,"[7355, 0]",1,0,0,0
18870,"[7355, 1]",2,0,0,0
18871,"[7355, 2]",34,156,64,0
18872,"[7356, 0]",1,0,0,0
18873,"[7356, 1]",4,156,64,0
18874,"[7357, 0]",1,0,0,0
18875,"[7357, 1]",2,0,0,0
18876,"[7357, 2]",25,54,24,0
18877,"[7358, 0]",1,158,64,0
18878,"[7359, 0]",1,0,0,0
18879,"[7359, 1]",5,0,0,0
18880,"[7359, 2]",4,0,0,0
18881,"[7359, 3]",3,0,0,0
18882,"[7359, 4]",2,0,0,0
18883,"[7359, 5]",40,41,18,0
18884,"[7359, 6]",35,0,0,0
18885,"[7359, 7]",31,158,64,0
18886,"[7359, 8]",27,158,64,0
18887,"[7359, 9]",23,158,64,0
18888,"[7359, 10]",90,158,64,0
18889,"[7360, 0]",1,0,0,0
18890,"[7360, 1]",2,0,0,0
18891,"[7360, 2]",20,41,18,0
18892,"[7361, 0]",1,0,0,0
18893,"[7361, 1]",2,2,1,0
18894,"[7362, 0]",1,61,28,0
18895,"[7363, 0]",1,0,0,0
18896,"[7363, 1]",7,51,24,0
18897,"[7363, 2]",6,0,0,0
18898,"[7363, 3]",4,0,0,0
18899,"[7363, 4]",31,0,0,0
18900,"[7363, 5]",26,158,64,0
18901,"[7363, 6]",44,156,64,0
18902,"[7364, 0]",1,0,0,0
18903,"[7364, 1]",2,158,64,0
18904,"[7365, 0]",1,0,0,0
18905,"[7365, 1]",2,0,0,1
18906,"[7365, 2]",14,158,64,1
18907,"[7366, 0]",1,54,24,0
18908,"[7367, 0]",1,156,64,0
18909,"[7368, 0]",1,0,0,0
18910,"[7368, 1]",2,55,26,0
18911,"[7369, 0]",1,2,1,0
18912,"[7370, 0]",1,158,64,0
18913,"[7371, 0]",1,54,24,0
18914,"[7372, 0]",1,158,64,0
18915,"[7373, 0]",1,2,1,0
18916,"[7374, 0]",1,158,64,0
18917,"[7375, 0]",1,158,64,0
18918,"[7376, 0]",1,158,64,0
18919,"[7377, 0]",1,158,64,4
18920,"[7378, 0]",1,57,26,0
18921,"[7379, 0]",1,41,18,0
18922,"[7380, 0]",1,59,28,0
18923,"[7381, 0]",1,0,0,0
18924,"[7381, 1]",2,158,64,0
18925,"[7382, 0]",1,0,0,0
18926,"[7382, 1]",2,0,0,0
18927,"[7382, 2]",79,158,64,0
18928,"[7383, 0]",1,156,64,0
18929,"[7384, 0]",1,158,64,0
18930,"[7385, 0]",1,0,0,0
18931,"[7385, 1]",2,158,64,0
18932,"[7386, 0]",1,0,0,0
18933,"[7386, 1]",2,0,0,0
18934,"[7386, 2]",12,41,18,0
18935,"[7387, 0]",1,0,0,0
18936,"[7387, 1]",5,41,18,0
18937,"[7387, 2]",4,41,18,0
18938,"[7388, 0]",1,41,18,0
18939,"[7389, 0]",1,0,0,0
18940,"[7389, 1]",2,156,64,0
18941,"[7390, 0]",1,0,0,0
18942,"[7390, 1]",2,158,64,0
18943,"[7391, 0]",1,158,64,0
18944,"[7392, 0]",1,41,18,0
18945,"[7393, 0]",1,41,18,1
18946,"[7394, 0]",1,0,0,0
18947,"[7394, 1]",4,41,18,0
18948,"[7395, 0]",1,57,26,0
18949,"[7396, 0]",1,0,0,0
18950,"[7396, 1]",4,57,26,11
18951,"[7396, 2]",2,0,0,-1
18952,"[7396, 3]",56,158,64,-1
18953,"[7396, 4]",53,0,0,-1
18954,"[7396, 5]",52,0,0,6
18955,"[7396, 6]",104,158,64,0
18956,"[7396, 7]",97,158,64,-1
18957,"[7397, 0]",1,2,1,0
18958,"[7398, 0]",1,0,0,0
18959,"[7398, 1]",3,158,64,-1
18960,"[7398, 2]",2,156,64,-1
18961,"[7399, 0]",1,53,24,0
18962,"[7400, 0]",1,0,0,0
18963,"[7400, 1]",2,57,26,1
18964,"[7401, 0]",1,0,0,0
18965,"[7401, 1]",2,158,64,0
18966,"[7402, 0]",1,158,64,0
18967,"[7403, 0]",1,158,64,0
18968,"[7404, 0]",1,0,0,0
18969,"[7404, 1]",2,158,64,0
18970,"[7405, 0]",1,0,0,0
18971,"[7405, 1]",2,158,64,0
18972,"[7406, 0]",1,158,64,0
18973,"[7407, 0]",1,2,1,0
18974,"[7408, 0]",1,64,29,0
18975,"[7409, 0]",1,0,0,0
18976,"[7409, 1]",2,0,0,0
18977,"[7409, 2]",51,0,0,0
18978,"[7409, 3]",50,0,0,0
18979,"[7409, 4]",49,0,0,0
18980,"[7409, 5]",71,158,64,0
18981,"[7409, 6]",68,41,18,0
18982,"[7409, 7]",64,41,18,0
18983,"[7410, 0]",1,0,0,0
18984,"[7410, 1]",3,158,64,0
18985,"[7410, 2]",2,0,0,0
18986,"[7410, 3]",32,41,18,0
18987,"[7411, 0]",1,51,24,0
18988,"[7412, 0]",1,57,26,0
18989,"[7413, 0]",1,0,0,0
18990,"[7413, 1]",2,158,64,0
18991,"[7414, 0]",1,41,18,0
18992,"[7415, 0]",1,0,0,0
18993,"[7415, 1]",2,158,64,0
18994,"[7416, 0]",1,41,18,0
18995,"[7417, 0]",1,158,64,0
18996,"[7418, 0]",1,0,0,0
18997,"[7418, 1]",2,158,64,0
18998,"[7419, 0]",1,2,1,0
18999,"[7420, 0]",1,51,24,0
19000,"[7421, 0]",1,0,0,0
19001,"[7421, 1]",4,57,26,0
19002,"[7421, 2]",3,158,64,0
19003,"[7422, 0]",1,41,18,0
19004,"[7423, 0]",1,158,64,0
19005,"[7424, 0]",1,2,1,0
19006,"[7425, 0]",1,158,64,0
19007,"[7426, 0]",1,0,0,0
19008,"[7426, 1]",2,158,64,0
19009,"[7427, 0]",1,158,64,1
19010,"[7428, 0]",1,41,18,0
19011,"[7429, 0]",1,2,1,0
19012,"[7430, 0]",1,57,26,0
19013,"[7431, 0]",1,158,64,0
19014,"[7432, 0]",1,0,0,0
19015,"[7432, 1]",2,156,64,0
19016,"[7433, 0]",1,57,26,0
19017,"[7434, 0]",1,0,0,0
19018,"[7435, 0]",1,41,18,0
19019,"[7436, 0]",1,0,0,0
19020,"[7436, 1]",2,51,24,0
19021,"[7437, 0]",1,158,64,0
19022,"[7438, 0]",1,41,18,1
19023,"[7439, 0]",1,0,0,0
19024,"[7439, 1]",2,37,18,11
19025,"[7440, 0]",1,0,0,0
19026,"[7440, 1]",4,0,0,0
19027,"[7440, 2]",3,0,0,0
19028,"[7440, 3]",2,0,0,0
19029,"[7440, 4]",27,0,0,0
19030,"[7440, 5]",23,0,0,0
19031,"[7440, 6]",19,158,64,0
19032,"[7440, 7]",118,0,0,0
19033,"[7440, 8]",110,158,64,0
19034,"[7440, 9]",201,158,64,5
19035,"[7441, 0]",1,156,64,1
19036,"[7442, 0]",1,0,0,0
19037,"[7442, 1]",10,158,64,0
19038,"[7442, 2]",9,41,18,0
19039,"[7442, 3]",8,0,0,0
19040,"[7442, 4]",6,0,0,0
19041,"[7442, 5]",3,0,0,0
19042,"[7442, 6]",44,158,64,0
19043,"[7442, 7]",30,158,64,0
19044,"[7442, 8]",25,41,18,0
19045,"[7443, 0]",1,0,0,0
19046,"[7443, 1]",2,2,1,0
19047,"[7444, 0]",1,0,0,0
19048,"[7444, 1]",2,158,64,-1
19049,"[7445, 0]",1,156,64,0
19050,"[7446, 0]",1,158,64,0
19051,"[7447, 0]",1,0,0,0
19052,"[7447, 1]",2,158,64,-1
19053,"[7448, 0]",1,0,0,0
19054,"[7448, 1]",6,41,18,0
19055,"[7448, 2]",4,0,0,0
19056,"[7448, 3]",2,0,0,0
19057,"[7448, 4]",23,0,0,0
19058,"[7448, 5]",19,41,18,0
19059,"[7448, 6]",41,158,64,-1
19060,"[7449, 0]",1,0,0,0
19061,"[7449, 1]",2,0,0,0
19062,"[7449, 2]",15,156,64,0
19063,"[7450, 0]",1,158,64,0
19064,"[7451, 0]",1,0,0,0
19065,"[7451, 1]",2,41,18,0
19066,"[7452, 0]",1,0,0,0
19067,"[7452, 1]",2,0,0,0
19068,"[7452, 2]",18,156,64,0
19069,"[7453, 0]",1,0,0,0
19070,"[7453, 1]",2,0,0,0
19071,"[7453, 2]",14,41,18,13
19072,"[7454, 0]",1,0,0,0
19073,"[7454, 1]",3,0,0,-1
19074,"[7454, 2]",2,0,0,-1
19075,"[7454, 3]",42,158,64,-1
19076,"[7454, 4]",41,158,64,-1
19077,"[7454, 5]",39,158,64,-1
19078,"[7454, 6]",36,41,18,5
19079,"[7454, 7]",33,0,0,-1
19080,"[7454, 8]",115,158,64,1
19081,"[7454, 9]",111,0,0,-1
19082,"[7454, 10]",110,0,0,-1
19083,"[7454, 11]",76,0,0,-1
19084,"[7454, 12]",229,2,1,-1
19085,"[7454, 13]",191,158,64,-1
19086,"[7454, 14]",186,158,64,8
19087,"[7455, 0]",1,158,64,0
19088,"[7456, 0]",1,0,0,0
19089,"[7456, 1]",2,0,0,0
19090,"[7456, 2]",19,0,0,0
19091,"[7456, 3]",33,156,64,0
19092,"[7457, 0]",1,0,0,0
19093,"[7457, 1]",2,41,18,0
19094,"[7458, 0]",1,158,64,0
19095,"[7459, 0]",1,158,64,0
19096,"[7460, 0]",1,158,64,0
19097,"[7461, 0]",1,54,24,0
19098,"[7462, 0]",1,41,18,0
19099,"[7463, 0]",1,156,64,0
19100,"[7464, 0]",1,0,0,0
19101,"[7464, 1]",2,0,0,0
19102,"[7464, 2]",22,158,64,0
19103,"[7465, 0]",1,0,0,0
19104,"[7465, 1]",2,156,64,-1
19105,"[7466, 0]",1,63,28,0
19106,"[7467, 0]",1,158,64,0
19107,"[7468, 0]",1,158,64,0
19108,"[7469, 0]",1,158,64,0
19109,"[7470, 0]",1,158,64,0
19110,"[7471, 0]",1,158,64,0
19111,"[7472, 0]",1,0,0,0
19112,"[7472, 1]",4,57,26,0
19113,"[7472, 2]",2,0,0,0
19114,"[7472, 3]",23,158,64,0
19115,"[7472, 4]",22,2,1,0
19116,"[7473, 0]",1,158,64,0
19117,"[7474, 0]",1,156,64,0
19118,"[7475, 0]",1,0,0,0
19119,"[7475, 1]",5,158,64,0
19120,"[7475, 2]",3,0,0,0
19121,"[7475, 3]",2,0,0,0
19122,"[7475, 4]",39,0,0,0
19123,"[7475, 5]",34,158,64,0
19124,"[7475, 6]",58,158,64,0
19125,"[7476, 0]",1,41,18,0
19126,"[7477, 0]",1,156,64,0
19127,"[7478, 0]",1,0,0,0
19128,"[7478, 1]",7,156,64,0
19129,"[7478, 2]",5,0,0,0
19130,"[7478, 3]",2,0,0,0
19131,"[7478, 4]",38,57,26,0
19132,"[7478, 5]",36,0,0,0
19133,"[7478, 6]",30,2,1,0
19134,"[7478, 7]",50,0,0,0
19135,"[7478, 8]",185,0,0,0
19136,"[7478, 9]",184,0,0,0
19137,"[7478, 10]",229,2,1,0
19138,"[7478, 11]",226,158,64,0
19139,"[7479, 0]",1,158,64,0
19140,"[7480, 0]",1,0,0,0
19141,"[7480, 1]",2,57,26,0
19142,"[7481, 0]",1,41,18,0
19143,"[7482, 0]",1,0,0,0
19144,"[7482, 1]",2,41,18,0
19145,"[7483, 0]",1,0,0,0
19146,"[7483, 1]",2,158,64,0
19147,"[7484, 0]",1,2,1,0
19148,"[7485, 0]",1,0,0,0
19149,"[7485, 1]",2,54,24,0
19150,"[7486, 0]",1,156,64,0
19151,"[7487, 0]",1,158,64,0
19152,"[7488, 0]",1,0,0,0
19153,"[7488, 1]",4,0,0,0
19154,"[7488, 2]",33,41,18,0
19155,"[7489, 0]",1,0,0,0
19156,"[7489, 1]",5,0,0,0
19157,"[7489, 2]",4,0,0,0
19158,"[7489, 3]",3,0,0,0
19159,"[7489, 4]",29,0,0,0
19160,"[7489, 5]",26,2,1,0
19161,"[7489, 6]",23,2,1,0
19162,"[7489, 7]",55,156,64,0
19163,"[7490, 0]",1,0,0,0
19164,"[7490, 1]",2,0,0,0
19165,"[7490, 2]",70,158,64,0
19166,"[7491, 0]",1,0,0,0
19167,"[7491, 1]",5,41,18,0
19168,"[7491, 2]",4,57,26,0
19169,"[7491, 3]",2,0,0,0
19170,"[7491, 4]",27,158,64,0
19171,"[7492, 0]",1,158,64,0
19172,"[7493, 0]",1,0,0,0
19173,"[7493, 1]",2,0,0,0
19174,"[7493, 2]",61,41,18,0
19175,"[7494, 0]",1,0,0,0
19176,"[7494, 1]",2,0,0,0
19177,"[7494, 2]",26,57,26,0
19178,"[7495, 0]",1,156,64,0
19179,"[7496, 0]",1,158,64,0
19180,"[7497, 0]",1,158,64,0
19181,"[7498, 0]",1,158,64,0
19182,"[7499, 0]",1,0,0,0
19183,"[7499, 1]",2,158,64,0
19184,"[7500, 0]",1,156,64,0
19185,"[7501, 0]",1,0,0,0
19186,"[7501, 1]",2,0,0,0
19187,"[7501, 2]",16,0,0,2
19188,"[7501, 3]",34,158,64,2
19189,"[7502, 0]",1,54,24,0
19190,"[7503, 0]",1,41,18,0
19191,"[7504, 0]",1,0,0,0
19192,"[7504, 1]",4,158,64,0
19193,"[7504, 2]",3,0,0,0
19194,"[7504, 3]",2,0,0,0
19195,"[7504, 4]",15,158,64,0
19196,"[7504, 5]",14,41,18,0
19197,"[7504, 6]",13,41,18,0
19198,"[7504, 7]",8,0,0,0
19199,"[7504, 8]",48,57,26,0
19200,"[7505, 0]",1,59,28,0
19201,"[7506, 0]",1,0,0,0
19202,"[7506, 1]",2,158,64,2
19203,"[7507, 0]",1,0,0,0
19204,"[7507, 1]",2,0,0,0
19205,"[7507, 2]",18,158,64,24
19206,"[7508, 0]",1,0,0,0
19207,"[7508, 1]",8,57,26,-1
19208,"[7508, 2]",7,156,64,-1
19209,"[7508, 3]",5,0,0,-1
19210,"[7508, 4]",3,0,0,1
19211,"[7508, 5]",35,41,18,0
19212,"[7508, 6]",32,158,64,-1
19213,"[7509, 0]",1,0,0,0
19214,"[7509, 1]",2,0,0,0
19215,"[7509, 2]",22,41,18,0
19216,"[7509, 3]",21,0,0,0
19217,"[7509, 4]",19,0,0,0
19218,"[7509, 5]",18,0,0,0
19219,"[7509, 6]",68,41,18,0
19220,"[7509, 7]",65,57,26,0
19221,"[7509, 8]",62,0,0,0
19222,"[7509, 9]",60,0,0,0
19223,"[7509, 10]",56,0,0,0
19224,"[7509, 11]",55,158,64,0
19225,"[7509, 12]",39,41,18,0
19226,"[7509, 13]",173,0,0,0
19227,"[7509, 14]",144,0,0,0
19228,"[7509, 15]",143,0,0,0
19229,"[7509, 16]",140,0,0,0
19230,"[7509, 17]",139,0,0,0
19231,"[7509, 18]",138,0,0,0
19232,"[7509, 19]",130,54,24,0
19233,"[7509, 20]",416,59,28,-1
19234,"[7509, 21]",414,0,0,-1
19235,"[7509, 22]",405,0,0,0
19236,"[7509, 23]",401,0,0,0
19237,"[7509, 24]",391,54,24,0
19238,"[7509, 25]",388,41,18,0
19239,"[7509, 26]",357,158,64,1
19240,"[7509, 27]",639,0,0,0
19241,"[7509, 28]",612,156,64,0
19242,"[7509, 29]",532,158,64,5
19243,"[7509, 30]",856,41,18,3
19244,"[7510, 0]",1,2,1,0
19245,"[7511, 0]",1,57,26,0
19246,"[7512, 0]",1,54,24,1
19247,"[7513, 0]",1,0,0,0
19248,"[7513, 1]",2,158,64,0
19249,"[7514, 0]",1,0,0,0
19250,"[7514, 1]",2,2,1,0
19251,"[7515, 0]",1,0,0,0
19252,"[7515, 1]",2,158,64,0
19253,"[7516, 0]",1,0,0,0
19254,"[7516, 1]",2,158,64,7
19255,"[7517, 0]",1,0,0,0
19256,"[7517, 1]",2,158,64,0
19257,"[7518, 0]",1,51,24,0
19258,"[7519, 0]",1,0,0,0
19259,"[7519, 1]",3,0,0,0
19260,"[7519, 2]",2,0,0,0
19261,"[7519, 3]",40,156,64,0
19262,"[7519, 4]",38,0,0,0
19263,"[7519, 5]",36,0,0,0
19264,"[7519, 6]",35,0,0,0
19265,"[7519, 7]",34,0,0,0
19266,"[7519, 8]",30,0,0,0
19267,"[7519, 9]",29,0,0,0
19268,"[7519, 10]",27,0,0,0
19269,"[7519, 11]",113,0,0,0
19270,"[7519, 12]",110,0,0,0
19271,"[7519, 13]",106,41,18,0
19272,"[7519, 14]",79,0,0,0
19273,"[7519, 15]",76,41,18,0
19274,"[7519, 16]",74,156,64,0
19275,"[7519, 17]",73,0,0,0
19276,"[7519, 18]",72,0,0,0
19277,"[7519, 19]",64,158,64,0
19278,"[7519, 20]",61,0,0,0
19279,"[7519, 21]",317,158,64,2
19280,"[7519, 22]",246,158,64,0
19281,"[7519, 23]",242,57,26,0
19282,"[7519, 24]",213,156,64,0
19283,"[7519, 25]",210,0,0,0
19284,"[7519, 26]",209,0,0,0
19285,"[7519, 27]",153,158,64,0
19286,"[7519, 28]",129,53,24,0
19287,"[7519, 29]",643,57,26,0
19288,"[7519, 30]",642,41,18,0
19289,"[7519, 31]",641,0,0,0
19290,"[7519, 32]",634,41,18,0
19291,"[7519, 33]",792,57,26,0
19292,"[7520, 0]",1,158,64,0
19293,"[7521, 0]",1,57,26,0
19294,"[7522, 0]",1,158,64,0
19295,"[7523, 0]",1,0,0,0
19296,"[7523, 1]",2,0,0,0
19297,"[7523, 2]",26,158,64,0
19298,"[7524, 0]",1,41,18,0
19299,"[7525, 0]",1,158,64,0
19300,"[7526, 0]",1,2,1,0
19301,"[7527, 0]",1,0,0,0
19302,"[7527, 1]",2,59,28,-1
19303,"[7528, 0]",1,158,64,0
19304,"[7529, 0]",1,158,64,0
19305,"[7530, 0]",1,158,64,0
19306,"[7531, 0]",1,0,0,0
19307,"[7531, 1]",2,156,64,3
19308,"[7532, 0]",1,0,0,0
19309,"[7532, 1]",3,0,0,0
19310,"[7532, 2]",2,0,0,0
19311,"[7532, 3]",54,158,64,0
19312,"[7532, 4]",52,0,0,0
19313,"[7532, 5]",51,0,0,0
19314,"[7532, 6]",47,0,0,0
19315,"[7532, 7]",46,41,18,0
19316,"[7532, 8]",45,158,64,0
19317,"[7532, 9]",110,158,64,-1
19318,"[7532, 10]",82,0,0,0
19319,"[7532, 11]",76,41,18,0
19320,"[7532, 12]",304,158,64,0
19321,"[7533, 0]",1,57,26,0
19322,"[7534, 0]",1,41,18,0
19323,"[7535, 0]",1,0,0,0
19324,"[7535, 1]",2,158,64,-1
19325,"[7536, 0]",1,0,0,0
19326,"[7536, 1]",5,0,0,-1
19327,"[7536, 2]",2,0,0,3
19328,"[7536, 3]",46,0,0,0
19329,"[7536, 4]",44,0,0,0
19330,"[7536, 5]",30,158,64,1
19331,"[7536, 6]",106,158,64,0
19332,"[7536, 7]",81,158,64,5
19333,"[7537, 0]",1,0,0,0
19334,"[7537, 1]",2,41,18,0
19335,"[7538, 0]",1,0,0,0
19336,"[7538, 1]",3,0,0,0
19337,"[7538, 2]",2,0,0,0
19338,"[7538, 3]",38,0,0,0
19339,"[7538, 4]",37,0,0,0
19340,"[7538, 5]",36,0,0,0
19341,"[7538, 6]",35,0,0,0
19342,"[7538, 7]",32,158,64,0
19343,"[7538, 8]",63,41,18,0
19344,"[7538, 9]",60,0,0,0
19345,"[7538, 10]",56,0,0,0
19346,"[7538, 11]",52,41,18,0
19347,"[7538, 12]",179,41,18,0
19348,"[7538, 13]",162,57,26,0
19349,"[7539, 0]",1,158,64,0
19350,"[7540, 0]",1,0,0,0
19351,"[7540, 1]",2,0,0,0
19352,"[7540, 2]",34,54,24,0
19353,"[7541, 0]",1,158,64,0
19354,"[7542, 0]",1,158,64,0
19355,"[7543, 0]",1,0,0,0
19356,"[7543, 1]",2,0,0,0
19357,"[7543, 2]",14,57,26,0
19358,"[7544, 0]",1,41,18,0
19359,"[7545, 0]",1,0,0,0
19360,"[7545, 1]",2,158,64,0
19361,"[7546, 0]",1,0,0,0
19362,"[7546, 1]",2,0,0,0
19363,"[7546, 2]",30,59,28,0
19364,"[7547, 0]",1,0,0,0
19365,"[7547, 1]",2,57,26,0
19366,"[7548, 0]",1,0,0,0
19367,"[7548, 1]",2,0,0,0
19368,"[7548, 2]",33,2,1,0
19369,"[7549, 0]",1,0,0,0
19370,"[7549, 1]",3,41,18,0
19371,"[7549, 2]",2,2,1,0
19372,"[7550, 0]",1,41,18,0
19373,"[7551, 0]",1,0,0,0
19374,"[7551, 1]",2,158,64,0
19375,"[7552, 0]",1,0,0,0
19376,"[7552, 1]",2,156,64,0
19377,"[7553, 0]",1,0,0,0
19378,"[7553, 1]",2,158,64,0
19379,"[7554, 0]",1,41,18,0
19380,"[7555, 0]",1,158,64,0
19381,"[7556, 0]",1,41,18,1
19382,"[7557, 0]",1,0,0,0
19383,"[7557, 1]",2,0,0,0
19384,"[7557, 2]",25,158,64,-1
19385,"[7558, 0]",1,0,0,0
19386,"[7558, 1]",2,57,26,0
19387,"[7559, 0]",1,158,64,0
19388,"[7560, 0]",1,156,64,1
19389,"[7561, 0]",1,158,64,0
19390,"[7562, 0]",1,0,0,1
19391,"[7562, 1]",2,156,64,-1
19392,"[7563, 0]",1,59,28,0
19393,"[7564, 0]",1,0,0,0
19394,"[7564, 1]",2,41,18,0
19395,"[7565, 0]",1,2,1,0
19396,"[7566, 0]",1,158,64,0
19397,"[7567, 0]",1,158,64,0
19398,"[7568, 0]",1,57,26,0
19399,"[7569, 0]",1,158,64,0
19400,"[7570, 0]",1,0,0,0
19401,"[7570, 1]",2,57,26,0
19402,"[7571, 0]",1,0,0,0
19403,"[7571, 1]",2,41,18,0
19404,"[7572, 0]",1,41,18,0
19405,"[7573, 0]",1,0,0,0
19406,"[7573, 1]",2,2,1,0
19407,"[7574, 0]",1,57,26,0
19408,"[7575, 0]",1,0,0,0
19409,"[7575, 1]",2,0,0,-1
19410,"[7575, 2]",28,156,64,3
19411,"[7576, 0]",1,0,0,0
19412,"[7576, 1]",2,158,64,-1
19413,"[7577, 0]",1,51,24,0
19414,"[7578, 0]",1,0,0,0
19415,"[7578, 1]",2,41,18,0
19416,"[7579, 0]",1,158,64,0
19417,"[7580, 0]",1,0,0,0
19418,"[7580, 1]",3,2,1,0
19419,"[7580, 2]",2,2,1,0
19420,"[7581, 0]",1,41,18,0
19421,"[7582, 0]",1,0,0,0
19422,"[7582, 1]",2,0,0,0
19423,"[7582, 2]",18,0,0,0
19424,"[7582, 3]",96,158,64,2
19425,"[7583, 0]",1,0,0,0
19426,"[7583, 1]",2,0,0,0
19427,"[7583, 2]",13,0,0,-1
19428,"[7583, 3]",29,41,18,30
19429,"[7584, 0]",1,57,26,0
19430,"[7585, 0]",1,158,64,0
19431,"[7586, 0]",1,0,0,0
19432,"[7586, 1]",2,0,0,0
19433,"[7586, 2]",38,158,64,0
19434,"[7587, 0]",1,0,0,0
19435,"[7587, 1]",2,158,64,0
19436,"[7588, 0]",1,0,0,0
19437,"[7588, 1]",2,41,18,0
19438,"[7589, 0]",1,158,64,0
19439,"[7590, 0]",1,156,64,0
19440,"[7591, 0]",1,0,0,0
19441,"[7591, 1]",3,41,18,0
19442,"[7591, 2]",2,156,64,0
19443,"[7592, 0]",1,0,0,0
19444,"[7592, 1]",2,41,18,0
19445,"[7593, 0]",1,158,64,0
19446,"[7594, 0]",1,0,0,0
19447,"[7594, 1]",2,0,0,0
19448,"[7594, 2]",7,0,0,0
19449,"[7594, 3]",17,2,1,0
19450,"[7594, 4]",16,2,1,0
19451,"[7595, 0]",1,0,0,0
19452,"[7595, 1]",4,0,0,0
19453,"[7595, 2]",3,0,0,0
19454,"[7595, 3]",2,0,0,0
19455,"[7595, 4]",34,0,0,0
19456,"[7595, 5]",27,41,18,0
19457,"[7595, 6]",24,41,18,0
19458,"[7595, 7]",58,0,0,0
19459,"[7595, 8]",57,41,18,0
19460,"[7595, 9]",186,57,26,0
19461,"[7596, 0]",1,0,0,0
19462,"[7596, 1]",5,158,64,-1
19463,"[7596, 2]",4,158,64,14
19464,"[7596, 3]",2,0,0,8
19465,"[7596, 4]",30,0,0,0
19466,"[7596, 5]",95,0,0,1
19467,"[7596, 6]",250,41,18,3
19468,"[7597, 0]",1,0,0,0
19469,"[7597, 1]",2,41,18,0
19470,"[7598, 0]",1,0,0,0
19471,"[7598, 1]",2,2,1,0
19472,"[7599, 0]",1,0,0,0
19473,"[7599, 1]",2,156,64,3
19474,"[7600, 0]",1,0,0,0
19475,"[7600, 1]",2,0,0,1
19476,"[7600, 2]",26,156,64,0
19477,"[7600, 3]",25,57,26,0
19478,"[7601, 0]",1,0,0,0
19479,"[7601, 1]",2,158,64,1
19480,"[7602, 0]",1,0,0,0
19481,"[7602, 1]",2,0,0,-1
19482,"[7602, 2]",14,158,64,-1
19483,"[7603, 0]",1,41,18,0
19484,"[7604, 0]",1,41,18,0
19485,"[7605, 0]",1,2,1,0
19486,"[7606, 0]",1,0,0,0
19487,"[7606, 1]",2,2,1,5
19488,"[7607, 0]",1,0,0,0
19489,"[7607, 1]",5,41,18,0
19490,"[7607, 2]",4,158,64,0
19491,"[7607, 3]",2,0,0,0
19492,"[7607, 4]",33,0,0,0
19493,"[7607, 5]",54,0,0,0
19494,"[7607, 6]",145,158,64,0
19495,"[7608, 0]",1,41,18,0
19496,"[7609, 0]",1,0,0,0
19497,"[7609, 1]",6,41,18,0
19498,"[7609, 2]",3,0,0,0
19499,"[7609, 3]",2,0,0,0
19500,"[7609, 4]",38,0,0,0
19501,"[7609, 5]",34,0,0,0
19502,"[7609, 6]",82,41,18,0
19503,"[7609, 7]",61,57,26,0
19504,"[7610, 0]",1,0,0,0
19505,"[7610, 1]",2,41,18,0
19506,"[7611, 0]",1,158,64,0
19507,"[7612, 0]",1,156,64,0
19508,"[7613, 0]",1,0,0,0
19509,"[7613, 1]",5,0,0,0
19510,"[7613, 2]",3,0,0,0
19511,"[7613, 3]",2,0,0,0
19512,"[7613, 4]",61,0,0,0
19513,"[7613, 5]",58,57,26,10
19514,"[7613, 6]",44,0,0,-1
19515,"[7613, 7]",156,57,26,4
19516,"[7613, 8]",114,41,18,6
19517,"[7614, 0]",1,158,64,0
19518,"[7615, 0]",1,41,18,0
19519,"[7616, 0]",1,0,0,0
19520,"[7616, 1]",2,0,0,0
19521,"[7616, 2]",20,0,0,0
19522,"[7616, 3]",93,158,64,-1
19523,"[7617, 0]",1,158,64,0
19524,"[7618, 0]",1,0,0,0
19525,"[7618, 1]",2,0,0,0
19526,"[7618, 2]",24,158,64,0
19527,"[7618, 3]",22,0,0,0
19528,"[7618, 4]",18,0,0,0
19529,"[7618, 5]",17,0,0,0
19530,"[7618, 6]",16,0,0,0
19531,"[7618, 7]",15,0,0,0
19532,"[7618, 8]",65,0,0,0
19533,"[7618, 9]",64,0,0,0
19534,"[7618, 10]",59,0,0,0
19535,"[7618, 11]",58,41,18,0
19536,"[7618, 12]",49,158,64,0
19537,"[7618, 13]",46,0,0,0
19538,"[7618, 14]",34,55,26,0
19539,"[7618, 15]",258,0,0,0
19540,"[7618, 16]",148,41,18,0
19541,"[7618, 17]",111,41,18,0
19542,"[7618, 18]",108,158,64,0
19543,"[7618, 19]",376,158,64,0
19544,"[7619, 0]",1,41,18,0
19545,"[7620, 0]",1,158,64,0
19546,"[7621, 0]",1,61,28,0
19547,"[7622, 0]",1,158,64,0
19548,"[7623, 0]",1,0,0,1
19549,"[7623, 1]",2,158,64,0
19550,"[7624, 0]",1,158,64,0
19551,"[7625, 0]",1,0,0,0
19552,"[7625, 1]",2,41,18,0
19553,"[7626, 0]",1,156,64,0
19554,"[7627, 0]",1,0,0,0
19555,"[7627, 1]",6,0,0,-1
19556,"[7627, 2]",4,0,0,10
19557,"[7627, 3]",2,158,64,1
19558,"[7627, 4]",48,158,64,5
19559,"[7628, 0]",1,57,26,0
19560,"[7629, 0]",1,0,0,0
19561,"[7629, 1]",2,0,0,0
19562,"[7629, 2]",16,41,18,0
19563,"[7630, 0]",1,158,64,0
19564,"[7631, 0]",1,41,18,0
19565,"[7632, 0]",1,0,0,0
19566,"[7632, 1]",2,158,64,0
19567,"[7633, 0]",1,158,64,0
19568,"[7634, 0]",1,158,64,0
19569,"[7635, 0]",1,158,64,0
19570,"[7636, 0]",1,41,18,0
19571,"[7637, 0]",1,0,0,0
19572,"[7637, 1]",2,158,64,0
19573,"[7638, 0]",1,0,0,0
19574,"[7638, 1]",2,0,0,0
19575,"[7638, 2]",42,2,1,0
19576,"[7639, 0]",1,0,0,0
19577,"[7639, 1]",4,41,18,0
19578,"[7639, 2]",2,0,0,0
19579,"[7639, 3]",45,57,26,0
19580,"[7639, 4]",44,158,64,0
19581,"[7639, 5]",43,0,0,0
19582,"[7639, 6]",71,158,64,0
19583,"[7640, 0]",1,0,0,0
19584,"[7640, 1]",4,2,1,0
19585,"[7640, 2]",2,0,0,0
19586,"[7640, 3]",13,0,0,0
19587,"[7640, 4]",47,156,64,0
19588,"[7640, 5]",45,156,64,0
19589,"[7640, 6]",44,0,0,0
19590,"[7640, 7]",95,0,0,-1
19591,"[7640, 8]",138,59,28,1
19592,"[7641, 0]",1,0,0,0
19593,"[7641, 1]",2,57,26,0
19594,"[7642, 0]",1,158,64,0
19595,"[7643, 0]",1,0,0,0
19596,"[7643, 1]",3,158,64,0
19597,"[7643, 2]",2,2,1,0
19598,"[7644, 0]",1,0,0,0
19599,"[7644, 1]",2,0,0,0
19600,"[7644, 2]",17,158,64,0
19601,"[7645, 0]",1,158,64,0
19602,"[7646, 0]",1,158,64,0
19603,"[7647, 0]",1,0,0,0
19604,"[7647, 1]",3,0,0,4
19605,"[7647, 2]",2,0,0,4
19606,"[7647, 3]",45,0,0,0
19607,"[7647, 4]",41,57,26,0
19608,"[7647, 5]",59,61,28,2
19609,"[7648, 0]",1,0,0,0
19610,"[7648, 1]",4,0,0,1
19611,"[7648, 2]",3,158,64,1
19612,"[7648, 3]",11,158,64,2
19613,"[7649, 0]",1,0,0,0
19614,"[7649, 1]",2,41,18,0
19615,"[7650, 0]",1,0,0,0
19616,"[7650, 1]",2,158,64,0
19617,"[7651, 0]",1,0,0,0
19618,"[7651, 1]",2,0,0,0
19619,"[7651, 2]",17,158,64,41
19620,"[7652, 0]",1,0,0,0
19621,"[7652, 1]",2,0,0,0
19622,"[7652, 2]",26,0,0,0
19623,"[7652, 3]",33,41,18,0
19624,"[7653, 0]",1,0,0,0
19625,"[7653, 1]",2,158,64,0
19626,"[7654, 0]",1,77,32,0
19627,"[7655, 0]",1,57,26,0
19628,"[7656, 0]",1,0,0,1
19629,"[7656, 1]",6,41,18,0
19630,"[7656, 2]",4,0,0,0
19631,"[7656, 3]",3,0,0,0
19632,"[7656, 4]",2,0,0,0
19633,"[7656, 5]",38,158,64,0
19634,"[7656, 6]",35,0,0,0
19635,"[7656, 7]",34,0,0,0
19636,"[7656, 8]",30,158,64,0
19637,"[7656, 9]",27,0,0,0
19638,"[7656, 10]",23,0,0,0
19639,"[7656, 11]",162,41,18,0
19640,"[7656, 12]",138,41,18,0
19641,"[7656, 13]",135,0,0,0
19642,"[7656, 14]",78,0,0,-1
19643,"[7656, 15]",69,0,0,0
19644,"[7656, 16]",447,158,64,0
19645,"[7656, 17]",254,158,64,0
19646,"[7656, 18]",253,0,0,0
19647,"[7656, 19]",251,0,0,0
19648,"[7656, 20]",510,53,24,0
19649,"[7656, 21]",501,158,64,0
19650,"[7657, 0]",1,0,0,0
19651,"[7657, 1]",2,158,64,0
19652,"[7658, 0]",1,158,64,0
19653,"[7659, 0]",1,0,0,0
19654,"[7659, 1]",2,158,64,0
19655,"[7660, 0]",1,158,64,0
19656,"[7661, 0]",1,0,0,0
19657,"[7661, 1]",2,158,64,0
19658,"[7662, 0]",1,158,64,0
19659,"[7663, 0]",1,158,64,0
19660,"[7664, 0]",1,0,0,0
19661,"[7664, 1]",2,41,18,0
19662,"[7665, 0]",1,0,0,0
19663,"[7665, 1]",2,158,64,0
19664,"[7666, 0]",1,0,0,0
19665,"[7666, 1]",3,57,26,0
19666,"[7666, 2]",2,41,18,0
19667,"[7667, 0]",1,0,0,0
19668,"[7667, 1]",2,158,64,-1
19669,"[7668, 0]",1,0,0,0
19670,"[7668, 1]",2,0,0,0
19671,"[7668, 2]",37,0,0,0
19672,"[7668, 3]",36,158,64,0
19673,"[7668, 4]",53,2,1,3
19674,"[7669, 0]",1,158,64,0
19675,"[7670, 0]",1,0,0,0
19676,"[7670, 1]",2,0,0,0
19677,"[7670, 2]",17,57,26,0
19678,"[7671, 0]",1,158,64,0
19679,"[7672, 0]",1,59,28,1
19680,"[7673, 0]",1,0,0,0
19681,"[7673, 1]",3,41,18,0
19682,"[7673, 2]",2,41,18,0
19683,"[7674, 0]",1,0,0,0
19684,"[7674, 1]",7,41,18,0
19685,"[7674, 2]",6,0,0,0
19686,"[7674, 3]",5,0,0,0
19687,"[7674, 4]",3,0,0,0
19688,"[7674, 5]",2,0,0,0
19689,"[7674, 6]",50,0,0,0
19690,"[7674, 7]",45,0,0,0
19691,"[7674, 8]",43,0,0,0
19692,"[7674, 9]",42,0,0,0
19693,"[7674, 10]",21,54,24,0
19694,"[7674, 11]",17,0,0,0
19695,"[7674, 12]",242,57,26,-1
19696,"[7674, 13]",136,158,64,0
19697,"[7674, 14]",131,0,0,0
19698,"[7674, 15]",120,57,26,-1
19699,"[7674, 16]",88,0,0,0
19700,"[7674, 17]",84,0,0,0
19701,"[7674, 18]",80,158,64,-1
19702,"[7674, 19]",452,0,0,0
19703,"[7674, 20]",439,41,18,0
19704,"[7674, 21]",411,13,6,0
19705,"[7674, 22]",578,158,64,0
19706,"[7675, 0]",1,0,0,0
19707,"[7675, 1]",6,158,64,0
19708,"[7675, 2]",3,0,0,0
19709,"[7675, 3]",2,0,0,0
19710,"[7675, 4]",37,158,64,0
19711,"[7675, 5]",36,158,64,0
19712,"[7675, 6]",35,0,0,0
19713,"[7675, 7]",32,158,64,0
19714,"[7675, 8]",57,41,18,0
19715,"[7676, 0]",1,158,64,0
19716,"[7677, 0]",1,158,64,0
19717,"[7678, 0]",1,0,0,0
19718,"[7678, 1]",2,0,0,0
19719,"[7678, 2]",22,158,64,0
19720,"[7679, 0]",1,158,64,0
19721,"[7680, 0]",1,41,18,0
19722,"[7681, 0]",1,156,64,0
19723,"[7682, 0]",1,0,0,0
19724,"[7682, 1]",2,41,18,0
19725,"[7683, 0]",1,0,0,0
19726,"[7683, 1]",5,158,64,0
19727,"[7683, 2]",2,0,0,0
19728,"[7683, 3]",55,158,64,0
19729,"[7683, 4]",54,0,0,0
19730,"[7683, 5]",51,0,0,0
19731,"[7683, 6]",47,0,0,0
19732,"[7683, 7]",93,0,0,0
19733,"[7683, 8]",91,0,0,0
19734,"[7683, 9]",86,158,64,0
19735,"[7683, 10]",74,2,1,0
19736,"[7683, 11]",179,156,64,0
19737,"[7683, 12]",160,158,64,0
19738,"[7684, 0]",1,0,0,0
19739,"[7684, 1]",2,158,64,-1
19740,"[7685, 0]",1,0,0,0
19741,"[7685, 1]",2,158,64,3
19742,"[7686, 0]",1,0,0,0
19743,"[7686, 1]",5,59,28,0
19744,"[7686, 2]",4,0,0,0
19745,"[7686, 3]",2,158,64,0
19746,"[7686, 4]",18,158,64,4
19747,"[7687, 0]",1,0,0,0
19748,"[7687, 1]",2,158,64,0
19749,"[7688, 0]",1,158,64,0
19750,"[7689, 0]",1,0,0,1
19751,"[7689, 1]",2,2,1,0
19752,"[7690, 0]",1,0,0,0
19753,"[7690, 1]",2,0,0,0
19754,"[7690, 2]",22,41,18,0
19755,"[7691, 0]",1,0,0,0
19756,"[7691, 1]",2,156,64,0
19757,"[7692, 0]",1,158,64,0
19758,"[7693, 0]",1,0,0,0
19759,"[7693, 1]",2,158,64,0
19760,"[7694, 0]",1,0,0,0
19761,"[7694, 1]",2,156,64,-1
19762,"[7695, 0]",1,0,0,0
19763,"[7695, 1]",2,0,0,0
19764,"[7695, 2]",48,2,1,0
19765,"[7695, 3]",47,158,64,0
19766,"[7695, 4]",44,0,0,0
19767,"[7695, 5]",83,156,64,0
19768,"[7696, 0]",1,0,0,0
19769,"[7696, 1]",4,158,64,0
19770,"[7696, 2]",3,41,18,0
19771,"[7696, 3]",2,0,0,0
19772,"[7696, 4]",22,54,24,0
19773,"[7697, 0]",1,156,64,0
19774,"[7698, 0]",1,0,0,0
19775,"[7698, 1]",2,41,18,7
19776,"[7699, 0]",1,158,64,0
19777,"[7700, 0]",1,158,64,0
19778,"[7701, 0]",1,0,0,0
19779,"[7701, 1]",2,0,0,0
19780,"[7701, 2]",59,158,64,0
19781,"[7702, 0]",1,158,64,0
19782,"[7703, 0]",1,0,0,0
19783,"[7703, 1]",5,158,64,0
19784,"[7703, 2]",3,0,0,0
19785,"[7703, 3]",2,0,0,0
19786,"[7703, 4]",44,2,1,0
19787,"[7703, 5]",42,0,0,0
19788,"[7703, 6]",35,0,0,0
19789,"[7703, 7]",103,0,0,0
19790,"[7703, 8]",57,156,64,0
19791,"[7703, 9]",144,0,0,0
19792,"[7703, 10]",259,158,64,7
19793,"[7704, 0]",1,0,0,0
19794,"[7704, 1]",2,41,18,0
19795,"[7705, 0]",1,0,0,0
19796,"[7705, 1]",2,64,29,1
19797,"[7706, 0]",1,158,64,1
19798,"[7707, 0]",1,0,0,0
19799,"[7708, 0]",1,158,64,0
19800,"[7709, 0]",1,158,64,0
19801,"[7710, 0]",1,0,0,0
19802,"[7710, 1]",2,58,26,0
19803,"[7711, 0]",1,59,28,0
19804,"[7712, 0]",1,0,0,0
19805,"[7712, 1]",3,57,26,0
19806,"[7712, 2]",2,57,26,0
19807,"[7713, 0]",1,0,0,0
19808,"[7713, 1]",6,0,0,0
19809,"[7713, 2]",5,158,64,0
19810,"[7713, 3]",4,0,0,0
19811,"[7713, 4]",46,158,64,0
19812,"[7713, 5]",33,2,1,3
19813,"[7714, 0]",1,0,0,0
19814,"[7714, 1]",6,2,1,0
19815,"[7714, 2]",5,2,1,0
19816,"[7714, 3]",4,158,64,0
19817,"[7714, 4]",3,0,0,0
19818,"[7714, 5]",2,0,0,0
19819,"[7714, 6]",20,41,18,0
19820,"[7714, 7]",17,0,0,1
19821,"[7714, 8]",116,41,18,1
19822,"[7715, 0]",1,158,64,0
19823,"[7716, 0]",1,41,18,0
19824,"[7717, 0]",1,0,0,0
19825,"[7717, 1]",4,0,0,0
19826,"[7717, 2]",2,57,26,0
19827,"[7717, 3]",31,0,0,0
19828,"[7717, 4]",93,51,24,7
19829,"[7718, 0]",1,158,64,0
19830,"[7719, 0]",1,156,64,0
19831,"[7720, 0]",1,158,64,0
19832,"[7721, 0]",1,0,0,1
19833,"[7721, 1]",2,0,0,1
19834,"[7721, 2]",19,158,64,1
19835,"[7722, 0]",1,0,0,0
19836,"[7722, 1]",2,0,0,0
19837,"[7722, 2]",49,158,64,0
19838,"[7722, 3]",46,0,0,0
19839,"[7722, 4]",45,0,0,0
19840,"[7722, 5]",83,0,0,0
19841,"[7722, 6]",78,0,0,0
19842,"[7722, 7]",77,0,0,0
19843,"[7722, 8]",147,41,18,0
19844,"[7722, 9]",120,53,24,0
19845,"[7723, 0]",1,0,0,0
19846,"[7723, 1]",2,57,26,0
19847,"[7724, 0]",1,0,0,0
19848,"[7724, 1]",2,41,18,0
19849,"[7725, 0]",1,158,64,0
19850,"[7726, 0]",1,0,0,0
19851,"[7726, 1]",6,0,0,0
19852,"[7726, 2]",5,0,0,0
19853,"[7726, 3]",2,0,0,0
19854,"[7726, 4]",42,57,26,0
19855,"[7726, 5]",40,0,0,0
19856,"[7726, 6]",39,0,0,0
19857,"[7726, 7]",38,0,0,0
19858,"[7726, 8]",30,41,18,7
19859,"[7726, 9]",27,41,18,0
19860,"[7726, 10]",93,41,18,0
19861,"[7726, 11]",87,0,0,0
19862,"[7726, 12]",83,57,26,0
19863,"[7726, 13]",239,158,64,0
19864,"[7727, 0]",1,0,0,0
19865,"[7727, 1]",2,156,64,0
19866,"[7728, 0]",1,0,0,0
19867,"[7728, 1]",2,156,64,0
19868,"[7729, 0]",1,158,64,0
19869,"[7730, 0]",1,0,0,0
19870,"[7730, 1]",2,156,64,0
19871,"[7731, 0]",1,0,0,0
19872,"[7731, 1]",2,2,1,0
19873,"[7732, 0]",1,57,26,0
19874,"[7733, 0]",1,59,28,0
19875,"[7734, 0]",1,158,64,0
19876,"[7735, 0]",1,0,0,0
19877,"[7735, 1]",2,156,64,0
19878,"[7736, 0]",1,41,18,0
19879,"[7737, 0]",1,158,64,0
19880,"[7738, 0]",1,0,0,0
19881,"[7738, 1]",2,158,64,0
19882,"[7739, 0]",1,0,0,0
19883,"[7739, 1]",2,158,64,-1
19884,"[7740, 0]",1,54,24,0
19885,"[7741, 0]",1,158,64,0
19886,"[7742, 0]",1,0,0,0
19887,"[7742, 1]",2,41,18,0
19888,"[7743, 0]",1,2,1,0
19889,"[7744, 0]",1,158,64,0
19890,"[7745, 0]",1,0,0,0
19891,"[7745, 1]",2,0,0,0
19892,"[7745, 2]",71,0,0,0
19893,"[7745, 3]",119,57,26,0
19894,"[7746, 0]",1,57,26,0
19895,"[7747, 0]",1,57,26,0
19896,"[7748, 0]",1,158,64,0
19897,"[7749, 0]",1,0,0,0
19898,"[7749, 1]",2,158,64,0
19899,"[7750, 0]",1,158,64,0
19900,"[7751, 0]",1,41,18,0
19901,"[7752, 0]",1,158,64,0
19902,"[7753, 0]",1,0,0,0
19903,"[7753, 1]",2,57,26,3
19904,"[7754, 0]",1,0,0,0
19905,"[7754, 1]",2,158,64,0
19906,"[7755, 0]",1,41,18,0
19907,"[7756, 0]",1,0,0,0
19908,"[7756, 1]",2,57,26,0
19909,"[7757, 0]",1,0,0,0
19910,"[7757, 1]",2,2,1,0
19911,"[7758, 0]",1,158,64,1
19912,"[7759, 0]",1,0,0,0
19913,"[7759, 1]",2,156,64,0
19914,"[7760, 0]",1,0,0,0
19915,"[7760, 1]",6,41,18,0
19916,"[7760, 2]",3,0,0,0
19917,"[7760, 3]",2,0,0,0
19918,"[7760, 4]",33,0,0,0
19919,"[7760, 5]",65,158,64,0
19920,"[7761, 0]",1,0,0,0
19921,"[7761, 1]",2,158,64,0
19922,"[7762, 0]",1,158,64,0
19923,"[7763, 0]",1,57,26,0
19924,"[7764, 0]",1,0,0,0
19925,"[7764, 1]",2,57,26,0
19926,"[7765, 0]",1,0,0,0
19927,"[7765, 1]",2,158,64,0
19928,"[7766, 0]",1,41,18,0
19929,"[7767, 0]",1,0,0,0
19930,"[7767, 1]",2,0,0,0
19931,"[7767, 2]",17,158,64,0
19932,"[7768, 0]",1,0,0,0
19933,"[7768, 1]",2,41,18,0
19934,"[7769, 0]",1,0,0,0
19935,"[7769, 1]",4,156,64,0
19936,"[7770, 0]",1,158,64,0
19937,"[7771, 0]",1,0,0,1
19938,"[7771, 1]",2,0,0,0
19939,"[7771, 2]",18,156,64,-1
19940,"[7772, 0]",1,57,26,1
19941,"[7773, 0]",1,0,0,0
19942,"[7773, 1]",2,41,18,0
19943,"[7774, 0]",1,0,0,0
19944,"[7774, 1]",2,158,64,0
19945,"[7775, 0]",1,41,18,0
19946,"[7776, 0]",1,0,0,0
19947,"[7776, 1]",2,41,18,1
19948,"[7777, 0]",1,0,0,0
19949,"[7777, 1]",2,158,64,0
19950,"[7778, 0]",1,158,64,0
19951,"[7779, 0]",1,0,0,0
19952,"[7780, 0]",1,0,0,0
19953,"[7780, 1]",2,158,64,0
19954,"[7781, 0]",1,156,64,1
19955,"[7782, 0]",1,41,18,0
19956,"[7783, 0]",1,0,0,0
19957,"[7783, 1]",2,158,64,0
19958,"[7784, 0]",1,0,0,0
19959,"[7784, 1]",2,0,0,0
19960,"[7784, 2]",31,41,18,8
19961,"[7785, 0]",1,0,0,0
19962,"[7785, 1]",2,61,28,0
19963,"[7786, 0]",1,0,0,0
19964,"[7786, 1]",8,41,18,0
19965,"[7786, 2]",4,0,0,0
19966,"[7786, 3]",3,0,0,0
19967,"[7786, 4]",53,156,64,0
19968,"[7786, 5]",50,158,64,0
19969,"[7787, 0]",1,57,26,0
19970,"[7788, 0]",1,158,64,0
19971,"[7789, 0]",1,158,64,0
19972,"[7790, 0]",1,158,64,1
19973,"[7791, 0]",1,0,0,0
19974,"[7791, 1]",2,41,18,0
19975,"[7792, 0]",1,2,1,0
19976,"[7793, 0]",1,0,0,0
19977,"[7793, 1]",2,156,64,0
19978,"[7794, 0]",1,158,64,0
19979,"[7795, 0]",1,0,0,0
19980,"[7795, 1]",2,0,0,0
19981,"[7795, 2]",53,2,1,0
19982,"[7795, 3]",52,158,64,0
19983,"[7796, 0]",1,156,64,0
19984,"[7797, 0]",1,0,0,0
19985,"[7797, 1]",2,158,64,0
19986,"[7798, 0]",1,158,64,0
19987,"[7799, 0]",1,0,0,0
19988,"[7799, 1]",2,158,64,6
19989,"[7800, 0]",1,0,0,0
19990,"[7800, 1]",2,41,18,0
19991,"[7801, 0]",1,0,0,0
19992,"[7801, 1]",2,2,1,-1
19993,"[7802, 0]",1,57,26,0
19994,"[7803, 0]",1,158,64,0
19995,"[7804, 0]",1,0,0,0
19996,"[7804, 1]",3,57,26,0
19997,"[7804, 2]",2,41,18,0
19998,"[7805, 0]",1,41,18,0
19999,"[7806, 0]",1,0,0,0
20000,"[7806, 1]",2,158,64,0
20001,"[7807, 0]",1,41,18,0
20002,"[7808, 0]",1,2,1,0
20003,"[7809, 0]",1,0,0,0
20004,"[7809, 1]",3,0,0,0
20005,"[7809, 2]",2,156,64,0
20006,"[7809, 3]",19,37,18,0
20007,"[7810, 0]",1,156,64,0
20008,"[7811, 0]",1,158,64,0
20009,"[7812, 0]",1,59,28,0
20010,"[7813, 0]",1,0,0,0
20011,"[7813, 1]",5,0,0,0
20012,"[7813, 2]",4,0,0,0
20013,"[7813, 3]",2,0,0,0
20014,"[7813, 4]",52,57,26,0
20015,"[7813, 5]",36,0,0,0
20016,"[7813, 6]",32,2,1,0
20017,"[7813, 7]",104,41,18,0
20018,"[7814, 0]",1,0,0,0
20019,"[7814, 1]",2,0,0,0
20020,"[7814, 2]",45,55,26,4
20021,"[7815, 0]",1,0,0,0
20022,"[7815, 1]",5,158,64,0
20023,"[7815, 2]",3,0,0,0
20024,"[7815, 3]",2,0,0,0
20025,"[7815, 4]",36,0,0,0
20026,"[7815, 5]",34,0,0,0
20027,"[7815, 6]",33,0,0,0
20028,"[7815, 7]",30,41,18,0
20029,"[7815, 8]",62,0,0,0
20030,"[7815, 9]",58,0,0,0
20031,"[7815, 10]",53,0,0,0
20032,"[7815, 11]",311,51,24,0
20033,"[7815, 12]",277,0,0,0
20034,"[7815, 13]",258,158,64,0
20035,"[7815, 14]",405,41,18,3
20036,"[7816, 0]",1,0,0,0
20037,"[7816, 1]",2,2,1,0
20038,"[7817, 0]",1,41,18,0
20039,"[7818, 0]",1,0,0,0
20040,"[7818, 1]",2,158,64,0
20041,"[7819, 0]",1,158,64,0
20042,"[7820, 0]",1,41,18,0
20043,"[7821, 0]",1,0,0,0
20044,"[7821, 1]",2,0,0,1
20045,"[7821, 2]",23,0,0,0
20046,"[7821, 3]",22,0,0,0
20047,"[7821, 4]",55,2,1,-1
20048,"[7821, 5]",54,0,0,-1
20049,"[7821, 6]",51,156,64,2
20050,"[7821, 7]",49,0,0,6
20051,"[7821, 8]",48,2,1,-1
20052,"[7821, 9]",47,0,0,-1
20053,"[7821, 10]",46,0,0,-1
20054,"[7821, 11]",130,158,64,-1
20055,"[7821, 12]",127,158,64,-1
20056,"[7821, 13]",122,0,0,2
20057,"[7821, 14]",95,158,64,-1
20058,"[7821, 15]",221,2,1,0
20059,"[7822, 0]",1,0,0,0
20060,"[7822, 1]",4,37,18,0
20061,"[7822, 2]",2,0,0,0
20062,"[7822, 3]",35,0,0,0
20063,"[7822, 4]",34,0,0,0
20064,"[7822, 5]",63,0,0,0
20065,"[7822, 6]",61,0,0,0
20066,"[7822, 7]",60,0,0,0
20067,"[7822, 8]",59,0,0,0
20068,"[7822, 9]",54,0,0,0
20069,"[7822, 10]",53,0,0,0
20070,"[7822, 11]",187,54,24,0
20071,"[7822, 12]",184,158,64,0
20072,"[7822, 13]",163,2,1,0
20073,"[7822, 14]",161,0,0,0
20074,"[7822, 15]",157,0,0,0
20075,"[7822, 16]",151,0,0,0
20076,"[7822, 17]",133,41,18,0
20077,"[7822, 18]",360,156,64,-1
20078,"[7822, 19]",334,158,64,0
20079,"[7822, 20]",318,0,0,0
20080,"[7822, 21]",477,41,18,0
20081,"[7823, 0]",1,0,0,0
20082,"[7823, 1]",2,158,64,0
20083,"[7824, 0]",1,158,64,0
20084,"[7825, 0]",1,158,64,0
20085,"[7826, 0]",1,158,64,0
20086,"[7827, 0]",1,57,26,0
20087,"[7828, 0]",1,41,18,0
20088,"[7829, 0]",1,0,0,0
20089,"[7829, 1]",2,57,26,0
20090,"[7830, 0]",1,0,0,1
20091,"[7830, 1]",6,0,0,0
20092,"[7830, 2]",5,0,0,0
20093,"[7830, 3]",4,0,0,0
20094,"[7830, 4]",2,0,0,0
20095,"[7830, 5]",53,0,0,0
20096,"[7830, 6]",41,0,0,0
20097,"[7830, 7]",37,158,64,0
20098,"[7830, 8]",34,2,1,0
20099,"[7830, 9]",84,0,0,0
20100,"[7830, 10]",65,0,0,0
20101,"[7830, 11]",229,41,18,0
20102,"[7830, 12]",201,156,64,0
20103,"[7831, 0]",1,2,1,0
20104,"[7832, 0]",1,0,0,0
20105,"[7832, 1]",2,0,0,0
20106,"[7832, 2]",34,158,64,3
20107,"[7833, 0]",1,158,64,0
20108,"[7834, 0]",1,158,64,0
20109,"[7835, 0]",1,0,0,0
20110,"[7835, 1]",2,57,26,0
20111,"[7836, 0]",1,158,64,0
20112,"[7837, 0]",1,156,64,1
20113,"[7838, 0]",1,2,1,0
20114,"[7839, 0]",1,0,0,0
20115,"[7839, 1]",2,156,64,0
20116,"[7840, 0]",1,0,0,0
20117,"[7840, 1]",2,0,0,1
20118,"[7840, 2]",14,158,64,8
20119,"[7841, 0]",1,0,0,0
20120,"[7841, 1]",6,59,28,0
20121,"[7841, 2]",4,57,26,0
20122,"[7841, 3]",2,0,0,0
20123,"[7841, 4]",33,41,18,0
20124,"[7841, 5]",32,0,0,0
20125,"[7841, 6]",31,0,0,0
20126,"[7841, 7]",64,156,64,0
20127,"[7841, 8]",60,158,64,0
20128,"[7842, 0]",1,2,1,0
20129,"[7843, 0]",1,57,26,0
20130,"[7844, 0]",1,0,0,0
20131,"[7844, 1]",2,2,1,0
20132,"[7845, 0]",1,158,64,0
20133,"[7846, 0]",1,0,0,0
20134,"[7846, 1]",2,158,64,0
20135,"[7847, 0]",1,2,1,0
20136,"[7848, 0]",1,0,0,0
20137,"[7848, 1]",3,0,0,0
20138,"[7848, 2]",2,0,0,0
20139,"[7848, 3]",46,0,0,3
20140,"[7848, 4]",42,158,64,0
20141,"[7848, 5]",59,158,64,0
20142,"[7849, 0]",1,158,64,0
20143,"[7850, 0]",1,0,0,0
20144,"[7850, 1]",2,0,0,-1
20145,"[7850, 2]",43,158,64,3
20146,"[7851, 0]",1,156,64,0
20147,"[7852, 0]",1,158,64,0
20148,"[7853, 0]",1,0,0,0
20149,"[7853, 1]",2,0,0,0
20150,"[7853, 2]",7,0,0,0
20151,"[7853, 3]",35,158,64,0
20152,"[7854, 0]",1,0,0,0
20153,"[7854, 1]",2,59,28,0
20154,"[7855, 0]",1,158,64,0
20155,"[7856, 0]",1,0,0,0
20156,"[7856, 1]",2,156,64,0
20157,"[7857, 0]",1,0,0,0
20158,"[7857, 1]",2,0,0,0
20159,"[7857, 2]",33,41,18,0
20160,"[7858, 0]",1,0,0,0
20161,"[7858, 1]",5,0,0,0
20162,"[7858, 2]",3,0,0,0
20163,"[7858, 3]",2,0,0,0
20164,"[7858, 4]",46,0,0,0
20165,"[7858, 5]",39,41,18,0
20166,"[7858, 6]",18,158,64,0
20167,"[7858, 7]",68,0,0,0
20168,"[7858, 8]",263,41,18,0
20169,"[7859, 0]",1,0,0,0
20170,"[7859, 1]",2,2,1,0
20171,"[7860, 0]",1,0,0,0
20172,"[7860, 1]",2,0,0,-1
20173,"[7860, 2]",33,158,64,-1
20174,"[7861, 0]",1,0,0,0
20175,"[7861, 1]",2,0,0,0
20176,"[7861, 2]",31,158,64,0
20177,"[7862, 0]",1,0,0,0
20178,"[7862, 1]",2,156,64,0
20179,"[7863, 0]",1,158,64,0
20180,"[7864, 0]",1,158,64,0
20181,"[7865, 0]",1,37,18,0
20182,"[7866, 0]",1,0,0,0
20183,"[7866, 1]",2,0,0,0
20184,"[7866, 2]",11,61,28,0
20185,"[7867, 0]",1,55,26,0
20186,"[7868, 0]",1,156,64,0
20187,"[7869, 0]",1,0,0,0
20188,"[7869, 1]",2,158,64,0
20189,"[7870, 0]",1,0,0,0
20190,"[7870, 1]",3,158,64,0
20191,"[7870, 2]",2,0,0,0
20192,"[7870, 3]",31,156,64,0
20193,"[7870, 4]",30,57,26,0
20194,"[7871, 0]",1,0,0,0
20195,"[7871, 1]",2,0,0,0
20196,"[7871, 2]",31,41,18,0
20197,"[7872, 0]",1,0,0,0
20198,"[7872, 1]",2,57,26,3
20199,"[7873, 0]",1,0,0,0
20200,"[7873, 1]",2,41,18,0
20201,"[7874, 0]",1,158,64,0
20202,"[7875, 0]",1,158,64,0
20203,"[7876, 0]",1,64,29,0
20204,"[7877, 0]",1,0,0,0
20205,"[7877, 1]",4,0,0,0
20206,"[7877, 2]",2,0,0,0
20207,"[7877, 3]",35,0,0,0
20208,"[7877, 4]",28,57,26,0
20209,"[7877, 5]",38,57,26,0
20210,"[7878, 0]",1,158,64,0
20211,"[7879, 0]",1,0,0,0
20212,"[7879, 1]",2,0,0,0
20213,"[7879, 2]",11,156,64,0
20214,"[7880, 0]",1,158,64,0
20215,"[7881, 0]",1,0,0,0
20216,"[7881, 1]",2,2,1,0
20217,"[7882, 0]",1,0,0,0
20218,"[7882, 1]",2,54,24,0
20219,"[7883, 0]",1,41,18,0
20220,"[7884, 0]",1,37,18,0
20221,"[7885, 0]",1,158,64,0
20222,"[7886, 0]",1,0,0,0
20223,"[7886, 1]",2,158,64,0
20224,"[7887, 0]",1,0,0,0
20225,"[7887, 1]",6,0,0,0
20226,"[7887, 2]",3,0,0,0
20227,"[7887, 3]",2,0,0,0
20228,"[7887, 4]",50,0,0,0
20229,"[7887, 5]",47,0,0,0
20230,"[7887, 6]",20,156,64,0
20231,"[7887, 7]",72,0,0,0
20232,"[7887, 8]",61,158,64,0
20233,"[7887, 9]",165,158,64,-1
20234,"[7888, 0]",1,2,1,0
20235,"[7889, 0]",1,158,64,0
20236,"[7890, 0]",1,158,64,0
20237,"[7891, 0]",1,0,0,0
20238,"[7891, 1]",3,0,0,0
20239,"[7891, 2]",2,41,18,0
20240,"[7891, 3]",34,0,0,0
20241,"[7891, 4]",72,158,64,0
20242,"[7892, 0]",1,0,0,0
20243,"[7892, 1]",2,57,26,0
20244,"[7893, 0]",1,57,26,0
20245,"[7894, 0]",1,41,18,0
20246,"[7895, 0]",1,0,0,0
20247,"[7895, 1]",5,2,1,0
20248,"[7895, 2]",4,0,0,0
20249,"[7895, 3]",3,0,0,0
20250,"[7895, 4]",2,0,0,0
20251,"[7895, 5]",47,41,18,0
20252,"[7895, 6]",46,158,64,0
20253,"[7895, 7]",44,0,0,0
20254,"[7895, 8]",40,158,64,0
20255,"[7895, 9]",39,0,0,0
20256,"[7895, 10]",32,0,0,0
20257,"[7895, 11]",137,158,64,3
20258,"[7895, 12]",112,158,64,0
20259,"[7895, 13]",77,158,64,-1
20260,"[7896, 0]",1,0,0,0
20261,"[7896, 1]",2,2,1,0
20262,"[7897, 0]",1,156,64,0
20263,"[7898, 0]",1,156,64,0
20264,"[7899, 0]",1,0,0,0
20265,"[7899, 1]",2,41,18,0
20266,"[7900, 0]",1,158,64,0
20267,"[7901, 0]",1,0,0,0
20268,"[7901, 1]",2,57,26,0
20269,"[7902, 0]",1,41,18,1
20270,"[7903, 0]",1,0,0,0
20271,"[7903, 1]",2,158,64,0
20272,"[7904, 0]",1,0,0,0
20273,"[7904, 1]",2,0,0,0
20274,"[7904, 2]",17,41,18,0
20275,"[7905, 0]",1,158,64,0
20276,"[7906, 0]",1,158,64,0
20277,"[7907, 0]",1,158,64,0
20278,"[7908, 0]",1,158,64,0
20279,"[7909, 0]",1,41,18,0
20280,"[7910, 0]",1,158,64,0
20281,"[7911, 0]",1,57,26,0
20282,"[7912, 0]",1,158,64,0
20283,"[7913, 0]",1,0,0,0
20284,"[7913, 1]",2,156,64,0
20285,"[7914, 0]",1,41,18,0
20286,"[7915, 0]",1,0,0,0
20287,"[7915, 1]",2,41,18,0
20288,"[7916, 0]",1,0,0,0
20289,"[7916, 1]",2,0,0,0
20290,"[7916, 2]",24,57,26,0
20291,"[7917, 0]",1,2,1,0
20292,"[7918, 0]",1,2,1,0
20293,"[7919, 0]",1,0,0,0
20294,"[7919, 1]",2,0,0,0
20295,"[7919, 2]",14,61,28,0
20296,"[7920, 0]",1,0,0,0
20297,"[7920, 1]",2,158,64,0
20298,"[7921, 0]",1,0,0,0
20299,"[7921, 1]",2,0,0,0
20300,"[7921, 2]",14,41,18,6
20301,"[7922, 0]",1,0,0,0
20302,"[7922, 1]",2,2,1,0
20303,"[7923, 0]",1,57,26,1
20304,"[7924, 0]",1,0,0,0
20305,"[7924, 1]",2,158,64,0
20306,"[7925, 0]",1,0,0,0
20307,"[7925, 1]",5,59,28,0
20308,"[7925, 2]",4,0,0,0
20309,"[7925, 3]",2,0,0,0
20310,"[7925, 4]",38,0,0,0
20311,"[7925, 5]",37,0,0,0
20312,"[7925, 6]",22,158,64,0
20313,"[7925, 7]",72,0,0,0
20314,"[7925, 8]",68,51,24,0
20315,"[7925, 9]",148,158,64,0
20316,"[7926, 0]",1,0,0,0
20317,"[7926, 1]",2,158,64,0
20318,"[7927, 0]",1,41,18,0
20319,"[7928, 0]",1,2,1,1
20320,"[7929, 0]",1,57,26,1
20321,"[7930, 0]",1,158,64,0
20322,"[7931, 0]",1,0,0,0
20323,"[7931, 1]",2,41,18,0
20324,"[7932, 0]",1,158,64,0
20325,"[7933, 0]",1,156,64,0
20326,"[7934, 0]",1,158,64,0
20327,"[7935, 0]",1,57,26,0
20328,"[7936, 0]",1,57,26,0
20329,"[7937, 0]",1,2,1,0
20330,"[7938, 0]",1,0,0,0
20331,"[7938, 1]",2,158,64,0
20332,"[7939, 0]",1,0,0,0
20333,"[7939, 1]",2,158,64,-1
20334,"[7940, 0]",1,57,26,1
20335,"[7941, 0]",1,0,0,0
20336,"[7941, 1]",3,0,0,0
20337,"[7941, 2]",2,57,26,0
20338,"[7941, 3]",30,41,18,0
20339,"[7942, 0]",1,158,64,0
20340,"[7943, 0]",1,0,0,0
20341,"[7943, 1]",2,0,0,0
20342,"[7943, 2]",24,41,18,0
20343,"[7944, 0]",1,41,18,0
20344,"[7945, 0]",1,0,0,0
20345,"[7945, 1]",2,158,64,0
20346,"[7946, 0]",1,57,26,0
20347,"[7947, 0]",1,158,64,0
20348,"[7948, 0]",1,158,64,0
20349,"[7949, 0]",1,0,0,0
20350,"[7949, 1]",2,156,64,0
20351,"[7950, 0]",1,41,18,0
20352,"[7951, 0]",1,0,0,0
20353,"[7951, 1]",2,57,26,0
20354,"[7952, 0]",1,0,0,0
20355,"[7952, 1]",2,158,64,0
20356,"[7953, 0]",1,0,0,0
20357,"[7953, 1]",2,41,18,2
20358,"[7954, 0]",1,41,18,0
20359,"[7955, 0]",1,0,0,0
20360,"[7955, 1]",2,158,64,0
20361,"[7956, 0]",1,41,18,0
20362,"[7957, 0]",1,0,0,0
20363,"[7957, 1]",2,41,18,1
20364,"[7958, 0]",1,158,64,0
20365,"[7959, 0]",1,0,0,0
20366,"[7959, 1]",4,0,0,0
20367,"[7959, 2]",3,0,0,0
20368,"[7959, 3]",2,0,0,0
20369,"[7959, 4]",36,156,64,0
20370,"[7959, 5]",35,156,64,0
20371,"[7959, 6]",32,0,0,0
20372,"[7959, 7]",26,0,0,0
20373,"[7959, 8]",23,158,64,0
20374,"[7959, 9]",94,158,64,0
20375,"[7959, 10]",69,158,64,0
20376,"[7959, 11]",68,0,0,0
20377,"[7959, 12]",215,158,64,0
20378,"[7960, 0]",1,0,0,0
20379,"[7960, 1]",2,158,64,0
20380,"[7961, 0]",1,0,0,0
20381,"[7961, 1]",2,0,0,0
20382,"[7961, 2]",90,156,64,0
20383,"[7962, 0]",1,0,0,0
20384,"[7962, 1]",2,57,26,-1
20385,"[7963, 0]",1,41,18,0
20386,"[7964, 0]",1,0,0,0
20387,"[7964, 1]",2,0,0,0
20388,"[7964, 2]",15,57,26,0
20389,"[7965, 0]",1,0,0,0
20390,"[7965, 1]",2,0,0,-1
20391,"[7965, 2]",45,41,18,3
20392,"[7965, 3]",44,158,64,28
20393,"[7965, 4]",42,0,0,-1
20394,"[7965, 5]",41,158,64,-1
20395,"[7965, 6]",39,0,0,-1
20396,"[7965, 7]",37,0,0,-1
20397,"[7965, 8]",33,0,0,-1
20398,"[7965, 9]",97,0,0,-1
20399,"[7965, 10]",93,0,0,13
20400,"[7965, 11]",89,0,0,1
20401,"[7965, 12]",83,2,1,4
20402,"[7965, 13]",246,0,0,0
20403,"[7965, 14]",380,158,64,0
20404,"[7966, 0]",1,0,0,1
20405,"[7966, 1]",4,158,64,0
20406,"[7966, 2]",3,0,0,0
20407,"[7966, 3]",2,156,64,0
20408,"[7966, 4]",22,0,0,0
20409,"[7966, 5]",112,57,26,25
20410,"[7967, 0]",1,0,0,1
20411,"[7967, 1]",2,158,64,1
20412,"[7968, 0]",1,0,0,0
20413,"[7968, 1]",2,158,64,0
20414,"[7969, 0]",1,158,64,0
20415,"[7970, 0]",1,156,64,0
20416,"[7971, 0]",1,0,0,0
20417,"[7971, 1]",2,41,18,0
20418,"[7972, 0]",1,158,64,0
20419,"[7973, 0]",1,57,26,0
20420,"[7974, 0]",1,0,0,0
20421,"[7974, 1]",4,0,0,0
20422,"[7974, 2]",3,0,0,0
20423,"[7974, 3]",2,0,0,0
20424,"[7974, 4]",47,0,0,0
20425,"[7974, 5]",46,0,0,0
20426,"[7974, 6]",37,57,26,0
20427,"[7974, 7]",34,158,64,0
20428,"[7974, 8]",94,0,0,0
20429,"[7974, 9]",87,41,18,0
20430,"[7974, 10]",396,158,64,0
20431,"[7975, 0]",1,0,0,0
20432,"[7975, 1]",6,2,1,0
20433,"[7975, 2]",4,0,0,0
20434,"[7975, 3]",3,0,0,0
20435,"[7975, 4]",2,0,0,0
20436,"[7975, 5]",33,0,0,0
20437,"[7975, 6]",28,0,0,0
20438,"[7975, 7]",25,2,1,0
20439,"[7975, 8]",136,41,18,0
20440,"[7975, 9]",105,0,0,0
20441,"[7975, 10]",207,158,64,0
20442,"[7976, 0]",1,0,0,0
20443,"[7976, 1]",7,158,64,0
20444,"[7976, 2]",3,0,0,0
20445,"[7976, 3]",2,0,0,0
20446,"[7976, 4]",33,57,26,0
20447,"[7976, 5]",32,0,0,0
20448,"[7976, 6]",31,0,0,0
20449,"[7976, 7]",30,0,0,0
20450,"[7976, 8]",29,0,0,0
20451,"[7976, 9]",26,158,64,26
20452,"[7976, 10]",24,41,18,42
20453,"[7976, 11]",23,0,0,2
20454,"[7976, 12]",87,158,64,-1
20455,"[7976, 13]",59,158,64,0
20456,"[7976, 14]",53,41,18,0
20457,"[7976, 15]",49,41,18,0
20458,"[7976, 16]",46,158,64,0
20459,"[7977, 0]",1,0,0,0
20460,"[7977, 1]",2,59,28,0
20461,"[7978, 0]",1,0,0,0
20462,"[7978, 1]",2,41,18,2
20463,"[7979, 0]",1,0,0,0
20464,"[7979, 1]",2,158,64,0
20465,"[7980, 0]",1,158,64,0
20466,"[7981, 0]",1,41,18,0
20467,"[7982, 0]",1,0,0,0
20468,"[7982, 1]",2,158,64,0
20469,"[7983, 0]",1,2,1,0
20470,"[7984, 0]",1,0,0,0
20471,"[7984, 1]",2,156,64,0
20472,"[7985, 0]",1,57,26,0
20473,"[7986, 0]",1,0,0,0
20474,"[7986, 1]",2,57,26,0
20475,"[7987, 0]",1,0,0,0
20476,"[7987, 1]",2,158,64,0
20477,"[7988, 0]",1,59,28,0
20478,"[7989, 0]",1,0,0,0
20479,"[7989, 1]",4,0,0,-1
20480,"[7989, 2]",39,158,64,-1
20481,"[7990, 0]",1,0,0,0
20482,"[7990, 1]",2,158,64,0
20483,"[7991, 0]",1,0,0,1
20484,"[7991, 1]",4,156,64,0
20485,"[7991, 2]",3,0,0,0
20486,"[7991, 3]",2,0,0,0
20487,"[7991, 4]",14,0,0,0
20488,"[7991, 5]",11,158,64,0
20489,"[7991, 6]",37,158,64,9
20490,"[7992, 0]",1,0,0,0
20491,"[7992, 1]",2,41,18,0
20492,"[7993, 0]",1,0,0,0
20493,"[7993, 1]",2,0,0,0
20494,"[7993, 2]",14,158,64,-1
20495,"[7994, 0]",1,0,0,0
20496,"[7994, 1]",2,53,24,0
20497,"[7995, 0]",1,41,18,0
20498,"[7996, 0]",1,41,18,0
20499,"[7997, 0]",1,156,64,0
20500,"[7998, 0]",1,0,0,0
20501,"[7999, 0]",1,158,64,0
20502,"[8000, 0]",1,0,0,0
20503,"[8000, 1]",2,158,64,0
20504,"[8001, 0]",1,41,18,1
20505,"[8002, 0]",1,0,0,0
20506,"[8002, 1]",3,0,0,0
20507,"[8002, 2]",2,0,0,0
20508,"[8002, 3]",39,54,24,0
20509,"[8002, 4]",35,0,0,0
20510,"[8002, 5]",74,41,18,1
20511,"[8003, 0]",1,158,64,0
20512,"[8004, 0]",1,0,0,0
20513,"[8004, 1]",2,0,0,0
20514,"[8004, 2]",13,41,18,0
20515,"[8005, 0]",1,41,18,0
20516,"[8006, 0]",1,0,0,0
20517,"[8006, 1]",2,0,0,-1
20518,"[8006, 2]",16,0,0,-1
20519,"[8006, 3]",46,2,1,-1
20520,"[8007, 0]",1,158,64,0
20521,"[8008, 0]",1,156,64,0
20522,"[8009, 0]",1,158,64,0
20523,"[8010, 0]",1,0,0,0
20524,"[8010, 1]",2,158,64,0
20525,"[8011, 0]",1,0,0,0
20526,"[8011, 1]",2,2,1,0
20527,"[8012, 0]",1,0,0,0
20528,"[8012, 1]",2,156,64,0
20529,"[8013, 0]",1,0,0,0
20530,"[8013, 1]",3,0,0,0
20531,"[8013, 2]",2,0,0,0
20532,"[8013, 3]",32,41,18,0
20533,"[8013, 4]",29,158,64,13
20534,"[8014, 0]",1,54,24,0
20535,"[8015, 0]",1,0,0,0
20536,"[8015, 1]",2,57,26,0
20537,"[8016, 0]",1,158,64,0
20538,"[8017, 0]",1,0,0,0
20539,"[8017, 1]",7,158,64,0
20540,"[8017, 2]",6,158,64,0
20541,"[8017, 3]",3,0,0,0
20542,"[8017, 4]",42,158,64,0
20543,"[8018, 0]",1,156,64,0
20544,"[8019, 0]",1,0,0,0
20545,"[8019, 1]",5,158,64,0
20546,"[8019, 2]",3,158,64,0
20547,"[8019, 3]",2,0,0,0
20548,"[8019, 4]",32,41,18,0
20549,"[8019, 5]",30,0,0,0
20550,"[8019, 6]",59,0,0,0
20551,"[8019, 7]",58,0,0,0
20552,"[8019, 8]",57,0,0,0
20553,"[8019, 9]",56,0,0,0
20554,"[8019, 10]",259,0,0,0
20555,"[8019, 11]",255,158,64,0
20556,"[8019, 12]",252,156,64,0
20557,"[8019, 13]",249,54,24,1
20558,"[8019, 14]",378,0,0,0
20559,"[8019, 15]",573,158,64,0
20560,"[8020, 0]",1,0,0,0
20561,"[8020, 1]",2,0,0,-1
20562,"[8020, 2]",23,54,24,1
20563,"[8021, 0]",1,63,28,0
20564,"[8022, 0]",1,0,0,0
20565,"[8022, 1]",2,41,18,0
20566,"[8023, 0]",1,0,0,0
20567,"[8023, 1]",2,0,0,0
20568,"[8023, 2]",34,0,0,0
20569,"[8023, 3]",49,158,64,1
20570,"[8024, 0]",1,158,64,1
20571,"[8025, 0]",1,0,0,0
20572,"[8025, 1]",2,57,26,0
20573,"[8026, 0]",1,0,0,0
20574,"[8026, 1]",2,0,0,0
20575,"[8026, 2]",58,41,18,0
20576,"[8027, 0]",1,0,0,0
20577,"[8027, 1]",5,158,64,0
20578,"[8027, 2]",2,0,0,0
20579,"[8027, 3]",41,57,26,0
20580,"[8027, 4]",37,0,0,0
20581,"[8027, 5]",75,0,0,0
20582,"[8027, 6]",160,0,0,0
20583,"[8027, 7]",208,0,0,0
20584,"[8027, 8]",221,55,26,0
20585,"[8028, 0]",1,158,64,0
20586,"[8029, 0]",1,0,0,0
20587,"[8029, 1]",2,2,1,0
20588,"[8030, 0]",1,158,64,0
20589,"[8031, 0]",1,158,64,0
20590,"[8032, 0]",1,2,1,0
20591,"[8033, 0]",1,158,64,0
20592,"[8034, 0]",1,158,64,0
20593,"[8035, 0]",1,158,64,0
20594,"[8036, 0]",1,41,18,0
20595,"[8037, 0]",1,156,64,0
20596,"[8038, 0]",1,0,0,0
20597,"[8038, 1]",2,0,0,0
20598,"[8038, 2]",25,57,26,40
20599,"[8039, 0]",1,0,0,1
20600,"[8039, 1]",2,2,1,0
20601,"[8040, 0]",1,156,64,0
20602,"[8041, 0]",1,57,26,0
20603,"[8042, 0]",1,158,64,0
20604,"[8043, 0]",1,0,0,0
20605,"[8043, 1]",2,54,24,0
20606,"[8044, 0]",1,0,0,0
20607,"[8044, 1]",2,158,64,-1
20608,"[8045, 0]",1,158,64,0
20609,"[8046, 0]",1,158,64,0
20610,"[8047, 0]",1,158,64,0
20611,"[8048, 0]",1,0,0,0
20612,"[8048, 1]",2,158,64,0
20613,"[8049, 0]",1,0,0,0
20614,"[8049, 1]",2,41,18,0
20615,"[8050, 0]",1,158,64,0
20616,"[8051, 0]",1,0,0,0
20617,"[8051, 1]",2,158,64,14
20618,"[8052, 0]",1,0,0,0
20619,"[8052, 1]",4,158,64,-1
20620,"[8052, 2]",2,156,64,-1
20621,"[8053, 0]",1,0,0,0
20622,"[8053, 1]",3,0,0,0
20623,"[8053, 2]",2,158,64,0
20624,"[8053, 3]",31,158,64,0
20625,"[8054, 0]",1,156,64,1
20626,"[8055, 0]",1,0,0,0
20627,"[8055, 1]",3,158,64,0
20628,"[8055, 2]",2,0,0,0
20629,"[8055, 3]",36,64,29,0
20630,"[8056, 0]",1,0,0,0
20631,"[8056, 1]",2,156,64,0
20632,"[8057, 0]",1,0,0,0
20633,"[8057, 1]",2,2,1,0
20634,"[8058, 0]",1,0,0,0
20635,"[8059, 0]",1,0,0,0
20636,"[8059, 1]",2,156,64,-1
20637,"[8060, 0]",1,41,18,0
20638,"[8061, 0]",1,0,0,0
20639,"[8061, 1]",2,158,64,0
20640,"[8062, 0]",1,0,0,0
20641,"[8062, 1]",2,158,64,8
20642,"[8063, 0]",1,0,0,0
20643,"[8063, 1]",2,2,1,19
20644,"[8064, 0]",1,158,64,0
20645,"[8065, 0]",1,0,0,0
20646,"[8065, 1]",2,158,64,0
20647,"[8066, 0]",1,158,64,0
20648,"[8067, 0]",1,156,64,0
20649,"[8068, 0]",1,2,1,0
20650,"[8069, 0]",1,0,0,0
20651,"[8069, 1]",6,158,64,0
20652,"[8069, 2]",2,0,0,0
20653,"[8069, 3]",35,158,64,0
20654,"[8070, 0]",1,158,64,0
20655,"[8071, 0]",1,0,0,0
20656,"[8071, 1]",5,0,0,0
20657,"[8071, 2]",3,0,0,0
20658,"[8071, 3]",2,0,0,0
20659,"[8071, 4]",38,0,0,-1
20660,"[8071, 5]",36,0,0,-1
20661,"[8071, 6]",29,0,0,0
20662,"[8071, 7]",18,41,18,0
20663,"[8071, 8]",97,2,1,0
20664,"[8071, 9]",70,0,0,-1
20665,"[8071, 10]",53,158,64,-1
20666,"[8071, 11]",168,0,0,-1
20667,"[8071, 12]",228,0,0,-1
20668,"[8071, 13]",278,57,26,-1
20669,"[8072, 0]",1,0,0,0
20670,"[8072, 1]",7,41,18,0
20671,"[8072, 2]",3,0,0,0
20672,"[8072, 3]",2,0,0,0
20673,"[8072, 4]",50,57,26,0
20674,"[8072, 5]",49,158,64,0
20675,"[8072, 6]",44,0,0,0
20676,"[8072, 7]",117,57,26,0
20677,"[8073, 0]",1,158,64,0
20678,"[8074, 0]",1,2,1,0
20679,"[8075, 0]",1,0,0,0
20680,"[8075, 1]",2,158,64,0
20681,"[8076, 0]",1,0,0,0
20682,"[8076, 1]",2,57,26,2
20683,"[8077, 0]",1,158,64,0
20684,"[8078, 0]",1,54,24,0
20685,"[8079, 0]",1,0,0,0
20686,"[8079, 1]",2,2,1,0
20687,"[8080, 0]",1,2,1,0
20688,"[8081, 0]",1,0,0,0
20689,"[8081, 1]",3,0,0,-1
20690,"[8081, 2]",2,0,0,1
20691,"[8081, 3]",27,158,64,4
20692,"[8081, 4]",24,0,0,2
20693,"[8081, 5]",60,158,64,0
20694,"[8082, 0]",1,2,1,0
20695,"[8083, 0]",1,158,64,0
20696,"[8084, 0]",1,2,1,0
20697,"[8085, 0]",1,158,64,0
20698,"[8086, 0]",1,57,26,0
20699,"[8087, 0]",1,41,18,0
20700,"[8088, 0]",1,0,0,0
20701,"[8088, 1]",5,0,0,0
20702,"[8088, 2]",3,0,0,0
20703,"[8088, 3]",2,0,0,0
20704,"[8088, 4]",52,0,0,-1
20705,"[8088, 5]",46,0,0,0
20706,"[8088, 6]",28,2,1,0
20707,"[8088, 7]",106,55,26,0
20708,"[8088, 8]",59,0,0,-1
20709,"[8088, 9]",205,156,64,4
20710,"[8089, 0]",1,41,18,0
20711,"[8090, 0]",1,41,18,0
20712,"[8091, 0]",1,0,0,0
20713,"[8091, 1]",2,158,64,0
20714,"[8092, 0]",1,158,64,0
20715,"[8093, 0]",1,0,0,0
20716,"[8093, 1]",3,158,64,-1
20717,"[8094, 0]",1,0,0,0
20718,"[8094, 1]",3,41,18,0
20719,"[8094, 2]",2,0,0,0
20720,"[8094, 3]",40,41,18,0
20721,"[8095, 0]",1,158,64,0
20722,"[8096, 0]",1,158,64,0
20723,"[8097, 0]",1,0,0,0
20724,"[8097, 1]",15,2,1,0
20725,"[8097, 2]",14,57,26,0
20726,"[8097, 3]",12,0,0,0
20727,"[8097, 4]",11,0,0,0
20728,"[8097, 5]",10,0,0,0
20729,"[8097, 6]",9,0,0,0
20730,"[8097, 7]",7,0,0,0
20731,"[8097, 8]",6,0,0,0
20732,"[8097, 9]",4,0,0,0
20733,"[8097, 10]",85,41,18,0
20734,"[8097, 11]",83,158,64,0
20735,"[8097, 12]",82,158,64,0
20736,"[8097, 13]",78,0,0,0
20737,"[8097, 14]",77,0,0,0
20738,"[8097, 15]",72,0,0,0
20739,"[8097, 16]",65,158,64,0
20740,"[8097, 17]",61,0,0,0
20741,"[8097, 18]",57,41,18,0
20742,"[8097, 19]",54,158,64,0
20743,"[8097, 20]",214,57,26,0
20744,"[8097, 21]",162,158,64,0
20745,"[8097, 22]",139,158,64,0
20746,"[8097, 23]",136,158,64,27
20747,"[8098, 0]",1,0,0,0
20748,"[8098, 1]",13,158,64,0
20749,"[8098, 2]",11,0,0,0
20750,"[8098, 3]",10,0,0,0
20751,"[8098, 4]",9,0,0,0
20752,"[8098, 5]",8,0,0,0
20753,"[8098, 6]",7,0,0,0
20754,"[8098, 7]",6,0,0,0
20755,"[8098, 8]",2,0,0,0
20756,"[8098, 9]",57,41,18,0
20757,"[8098, 10]",54,0,0,0
20758,"[8098, 11]",53,0,0,0
20759,"[8098, 12]",51,0,0,0
20760,"[8098, 13]",45,0,0,0
20761,"[8098, 14]",39,0,0,-1
20762,"[8098, 15]",36,0,0,0
20763,"[8098, 16]",30,0,0,0
20764,"[8098, 17]",27,0,0,0
20765,"[8098, 18]",232,158,64,0
20766,"[8098, 19]",219,57,26,44
20767,"[8098, 20]",204,41,18,0
20768,"[8098, 21]",188,156,64,2
20769,"[8098, 22]",160,2,1,-1
20770,"[8098, 23]",137,156,64,0
20771,"[8098, 24]",135,0,0,0
20772,"[8098, 25]",133,0,0,0
20773,"[8098, 26]",132,0,0,0
20774,"[8098, 27]",131,0,0,0
20775,"[8098, 28]",120,0,0,0
20776,"[8098, 29]",115,156,64,0
20777,"[8098, 30]",114,158,64,0
20778,"[8098, 31]",111,0,0,0
20779,"[8098, 32]",103,41,18,0
20780,"[8098, 33]",94,158,64,0
20781,"[8098, 34]",574,57,26,0
20782,"[8098, 35]",518,158,64,0
20783,"[8098, 36]",466,158,64,0
20784,"[8098, 37]",464,0,0,0
20785,"[8098, 38]",462,0,0,0
20786,"[8098, 39]",454,158,64,0
20787,"[8098, 40]",451,0,0,0
20788,"[8098, 41]",436,158,64,0
20789,"[8098, 42]",1195,2,1,0
20790,"[8098, 43]",1131,0,0,0
20791,"[8098, 44]",1128,0,0,0
20792,"[8098, 45]",1113,41,18,0
20793,"[8098, 46]",1920,64,29,0
20794,"[8098, 47]",1895,158,64,0
20795,"[8099, 0]",1,0,0,0
20796,"[8099, 1]",2,0,0,0
20797,"[8099, 2]",17,2,1,0
20798,"[8100, 0]",1,0,0,0
20799,"[8100, 1]",2,2,1,0
20800,"[8101, 0]",1,156,64,0
20801,"[8102, 0]",1,0,0,0
20802,"[8102, 1]",2,156,64,7
20803,"[8103, 0]",1,0,0,0
20804,"[8103, 1]",2,158,64,0
20805,"[8104, 0]",1,57,26,0
20806,"[8105, 0]",1,57,26,0
20807,"[8106, 0]",1,2,1,0
20808,"[8107, 0]",1,0,0,0
20809,"[8107, 1]",2,156,64,0
20810,"[8108, 0]",1,59,28,0
20811,"[8109, 0]",1,54,24,0
20812,"[8110, 0]",1,0,0,0
20813,"[8110, 1]",2,156,64,0
20814,"[8111, 0]",1,158,64,0
20815,"[8112, 0]",1,2,1,0
20816,"[8113, 0]",1,57,26,0
20817,"[8114, 0]",1,0,0,0
20818,"[8114, 1]",2,0,0,0
20819,"[8114, 2]",41,0,0,0
20820,"[8114, 3]",75,156,64,0
20821,"[8115, 0]",1,0,0,0
20822,"[8115, 1]",2,57,26,0
20823,"[8116, 0]",1,57,26,0
20824,"[8117, 0]",1,156,64,0
20825,"[8118, 0]",1,0,0,0
20826,"[8118, 1]",5,57,26,0
20827,"[8118, 2]",3,0,0,0
20828,"[8118, 3]",2,0,0,0
20829,"[8118, 4]",19,0,0,0
20830,"[8118, 5]",16,0,0,0
20831,"[8118, 6]",50,158,64,0
20832,"[8118, 7]",37,156,64,12
20833,"[8119, 0]",1,0,0,0
20834,"[8119, 1]",3,41,18,0
20835,"[8119, 2]",2,0,0,0
20836,"[8119, 3]",35,41,18,0
20837,"[8120, 0]",1,158,64,1
20838,"[8121, 0]",1,0,0,0
20839,"[8121, 1]",2,158,64,0
20840,"[8122, 0]",1,0,0,0
20841,"[8122, 1]",2,41,18,0
20842,"[8123, 0]",1,158,64,0
20843,"[8124, 0]",1,0,0,0
20844,"[8124, 1]",2,158,64,0
20845,"[8125, 0]",1,0,0,0
20846,"[8125, 1]",2,41,18,0
20847,"[8126, 0]",1,158,64,0
20848,"[8127, 0]",1,59,28,0
20849,"[8128, 0]",1,158,64,0
20850,"[8129, 0]",1,0,0,0
20851,"[8129, 1]",2,158,64,0
20852,"[8130, 0]",1,0,0,0
20853,"[8130, 1]",2,158,64,0
20854,"[8131, 0]",1,57,26,0
20855,"[8132, 0]",1,0,0,0
20856,"[8132, 1]",2,158,64,0
20857,"[8133, 0]",1,158,64,0
20858,"[8134, 0]",1,0,0,0
20859,"[8134, 1]",2,158,64,0
20860,"[8135, 0]",1,41,18,0
20861,"[8136, 0]",1,0,0,0
20862,"[8136, 1]",2,0,0,0
20863,"[8136, 2]",20,0,0,0
20864,"[8136, 3]",38,0,0,3
20865,"[8136, 4]",47,158,64,0
20866,"[8137, 0]",1,0,0,0
20867,"[8137, 1]",5,0,0,0
20868,"[8137, 2]",4,0,0,0
20869,"[8137, 3]",3,0,0,0
20870,"[8137, 4]",29,0,0,0
20871,"[8137, 5]",26,156,64,-1
20872,"[8137, 6]",23,158,64,-1
20873,"[8137, 7]",48,0,0,0
20874,"[8137, 8]",183,57,26,0
20875,"[8138, 0]",1,158,64,1
20876,"[8139, 0]",1,41,18,0
20877,"[8140, 0]",1,0,0,0
20878,"[8140, 1]",3,41,18,0
20879,"[8140, 2]",2,0,0,0
20880,"[8140, 3]",36,57,26,6
20881,"[8140, 4]",34,0,0,-1
20882,"[8140, 5]",33,0,0,2
20883,"[8140, 6]",55,0,0,0
20884,"[8140, 7]",54,0,0,0
20885,"[8140, 8]",50,0,0,1
20886,"[8140, 9]",141,158,64,2
20887,"[8140, 10]",110,158,64,0
20888,"[8140, 11]",109,0,0,0
20889,"[8140, 12]",106,0,0,0
20890,"[8140, 13]",214,158,64,1
20891,"[8140, 14]",198,158,64,0
20892,"[8141, 0]",1,0,0,0
20893,"[8141, 1]",2,158,64,0
20894,"[8142, 0]",1,0,0,0
20895,"[8142, 1]",2,57,26,0
20896,"[8143, 0]",1,0,0,0
20897,"[8143, 1]",2,41,18,0
20898,"[8144, 0]",1,158,64,0
20899,"[8145, 0]",1,41,18,0
20900,"[8146, 0]",1,0,0,0
20901,"[8146, 1]",2,156,64,0
20902,"[8147, 0]",1,158,64,0
20903,"[8148, 0]",1,0,0,0
20904,"[8148, 1]",2,158,64,0
20905,"[8149, 0]",1,41,18,0
20906,"[8150, 0]",1,0,0,0
20907,"[8150, 1]",2,0,0,0
20908,"[8150, 2]",26,158,64,0
20909,"[8151, 0]",1,156,64,0
20910,"[8152, 0]",1,158,64,0
20911,"[8153, 0]",1,2,1,0
20912,"[8154, 0]",1,156,64,0
20913,"[8155, 0]",1,158,64,0
20914,"[8156, 0]",1,2,1,0
20915,"[8157, 0]",1,156,64,0
20916,"[8158, 0]",1,0,0,0
20917,"[8158, 1]",2,0,0,0
20918,"[8158, 2]",33,158,64,1
20919,"[8159, 0]",1,158,64,0
20920,"[8160, 0]",1,0,0,0
20921,"[8160, 1]",2,158,64,0
20922,"[8161, 0]",1,54,24,0
20923,"[8162, 0]",1,158,64,0
20924,"[8163, 0]",1,0,0,0
20925,"[8163, 1]",2,158,64,0
20926,"[8164, 0]",1,0,0,0
20927,"[8164, 1]",5,158,64,0
20928,"[8164, 2]",4,158,64,0
20929,"[8165, 0]",1,55,26,0
20930,"[8166, 0]",1,0,0,0
20931,"[8166, 1]",3,0,0,0
20932,"[8166, 2]",2,57,26,0
20933,"[8166, 3]",30,41,18,0
20934,"[8167, 0]",1,0,0,0
20935,"[8167, 1]",2,0,0,0
20936,"[8167, 2]",21,41,18,0
20937,"[8168, 0]",1,0,0,0
20938,"[8168, 1]",6,158,64,0
20939,"[8168, 2]",3,0,0,0
20940,"[8168, 3]",2,0,0,0
20941,"[8168, 4]",34,0,0,0
20942,"[8168, 5]",33,0,0,0
20943,"[8168, 6]",32,0,0,0
20944,"[8168, 7]",29,0,0,0
20945,"[8168, 8]",78,156,64,-1
20946,"[8168, 9]",62,0,0,5
20947,"[8168, 10]",56,156,64,5
20948,"[8168, 11]",52,2,1,0
20949,"[8168, 12]",269,0,0,0
20950,"[8168, 13]",381,156,64,0
20951,"[8169, 0]",1,0,0,0
20952,"[8169, 1]",2,57,26,0
20953,"[8170, 0]",1,0,0,0
20954,"[8170, 1]",2,59,28,2
20955,"[8171, 0]",1,158,64,0
20956,"[8172, 0]",1,156,64,0
20957,"[8173, 0]",1,156,64,0
20958,"[8174, 0]",1,0,0,0
20959,"[8174, 1]",2,41,18,0
20960,"[8175, 0]",1,158,64,0
20961,"[8176, 0]",1,57,26,0
20962,"[8177, 0]",1,156,64,0
20963,"[8178, 0]",1,0,0,0
20964,"[8178, 1]",2,158,64,0
20965,"[8179, 0]",1,0,0,0
20966,"[8179, 1]",2,57,26,0
20967,"[8180, 0]",1,61,28,0
20968,"[8181, 0]",1,41,18,0
20969,"[8182, 0]",1,41,18,0
20970,"[8183, 0]",1,0,0,0
20971,"[8183, 1]",6,2,1,0
20972,"[8183, 2]",5,61,28,0
20973,"[8183, 3]",4,0,0,0
20974,"[8183, 4]",2,0,0,0
20975,"[8183, 5]",43,0,0,0
20976,"[8183, 6]",37,158,64,0
20977,"[8183, 7]",88,0,0,0
20978,"[8183, 8]",191,57,26,0
20979,"[8184, 0]",1,0,0,0
20980,"[8184, 1]",4,158,64,0
20981,"[8184, 2]",2,0,0,0
20982,"[8184, 3]",23,2,1,-1
20983,"[8185, 0]",1,41,18,0
20984,"[8186, 0]",1,0,0,0
20985,"[8186, 1]",2,0,0,-1
20986,"[8186, 2]",16,0,0,-1
20987,"[8186, 3]",34,158,64,19
20988,"[8187, 0]",1,57,26,0
20989,"[8188, 0]",1,41,18,0
20990,"[8189, 0]",1,158,64,1
20991,"[8190, 0]",1,0,0,0
20992,"[8190, 1]",5,41,18,0
20993,"[8190, 2]",2,0,0,0
20994,"[8190, 3]",37,158,64,0
20995,"[8191, 0]",1,59,26,0
20996,"[8192, 0]",1,0,0,0
20997,"[8192, 1]",4,41,18,0
20998,"[8192, 2]",2,0,0,0
20999,"[8192, 3]",29,0,0,0
21000,"[8192, 4]",28,41,18,0
21001,"[8192, 5]",59,0,0,0
21002,"[8192, 6]",139,57,26,0
21003,"[8193, 0]",1,0,0,0
21004,"[8193, 1]",5,59,26,0
21005,"[8193, 2]",3,0,0,0
21006,"[8193, 3]",2,0,0,0
21007,"[8193, 4]",25,0,0,-1
21008,"[8193, 5]",22,0,0,1
21009,"[8193, 6]",63,2,1,21
21010,"[8193, 7]",48,0,0,4
21011,"[8193, 8]",125,0,0,0
21012,"[8193, 9]",164,0,0,0
21013,"[8193, 10]",210,158,64,0
21014,"[8194, 0]",1,0,0,1
21015,"[8194, 1]",5,0,0,0
21016,"[8194, 2]",3,0,0,0
21017,"[8194, 3]",2,0,0,0
21018,"[8194, 4]",54,2,1,0
21019,"[8194, 5]",52,0,0,0
21020,"[8194, 6]",50,0,0,0
21021,"[8194, 7]",49,0,0,0
21022,"[8194, 8]",48,0,0,0
21023,"[8194, 9]",41,57,26,0
21024,"[8194, 10]",26,158,64,0
21025,"[8194, 11]",99,156,64,0
21026,"[8194, 12]",97,0,0,0
21027,"[8194, 13]",88,2,1,0
21028,"[8194, 14]",80,2,1,0
21029,"[8194, 15]",77,158,64,0
21030,"[8194, 16]",279,41,18,0
21031,"[8195, 0]",1,0,0,0
21032,"[8195, 1]",2,156,64,0
21033,"[8196, 0]",1,0,0,0
21034,"[8196, 1]",3,0,0,0
21035,"[8196, 2]",2,0,0,0
21036,"[8196, 3]",37,0,0,0
21037,"[8196, 4]",33,158,64,0
21038,"[8196, 5]",32,0,0,0
21039,"[8196, 6]",136,0,0,0
21040,"[8196, 7]",110,158,64,0
21041,"[8196, 8]",148,2,1,0
21042,"[8197, 0]",1,0,0,0
21043,"[8197, 1]",2,0,0,0
21044,"[8197, 2]",47,156,64,-1
21045,"[8198, 0]",1,0,0,0
21046,"[8198, 1]",2,158,64,2
21047,"[8199, 0]",1,0,0,0
21048,"[8199, 1]",4,0,0,0
21049,"[8199, 2]",2,0,0,0
21050,"[8199, 3]",33,0,0,0
21051,"[8199, 4]",32,0,0,0
21052,"[8199, 5]",20,41,18,0
21053,"[8199, 6]",57,0,0,0
21054,"[8199, 7]",55,0,0,0
21055,"[8199, 8]",53,0,0,0
21056,"[8199, 9]",52,57,26,0
21057,"[8199, 10]",130,57,26,0
21058,"[8199, 11]",120,158,64,1
21059,"[8199, 12]",106,158,64,1
21060,"[8200, 0]",1,0,0,0
21061,"[8200, 1]",2,41,18,0
21062,"[8201, 0]",1,0,0,0
21063,"[8201, 1]",2,2,1,12
21064,"[8202, 0]",1,57,26,0
21065,"[8203, 0]",1,0,0,0
21066,"[8203, 1]",2,0,0,0
21067,"[8203, 2]",14,158,64,5
21068,"[8204, 0]",1,0,0,0
21069,"[8204, 1]",2,0,0,0
21070,"[8204, 2]",22,0,0,0
21071,"[8204, 3]",38,158,64,0
21072,"[8205, 0]",1,0,0,0
21073,"[8205, 1]",2,0,0,0
21074,"[8205, 2]",35,156,64,0
21075,"[8206, 0]",1,158,64,0
21076,"[8207, 0]",1,0,0,1
21077,"[8207, 1]",2,158,64,-1
21078,"[8208, 0]",1,158,64,0
21079,"[8209, 0]",1,0,0,0
21080,"[8209, 1]",2,41,18,73
21081,"[8210, 0]",1,57,26,0
21082,"[8211, 0]",1,0,0,0
21083,"[8211, 1]",2,41,18,0
21084,"[8212, 0]",1,158,64,1
21085,"[8213, 0]",1,41,18,0
21086,"[8214, 0]",1,158,64,0
21087,"[8215, 0]",1,158,64,0
21088,"[8216, 0]",1,0,0,0
21089,"[8216, 1]",2,158,64,-1
21090,"[8217, 0]",1,158,64,0
21091,"[8218, 0]",1,158,64,0
21092,"[8219, 0]",1,0,0,0
21093,"[8219, 1]",3,158,64,0
21094,"[8219, 2]",2,0,0,0
21095,"[8219, 3]",39,0,0,0
21096,"[8219, 4]",115,55,26,0
21097,"[8220, 0]",1,158,64,0
21098,"[8221, 0]",1,0,0,0
21099,"[8221, 1]",2,41,18,5
21100,"[8222, 0]",1,57,26,0
21101,"[8223, 0]",1,0,0,0
21102,"[8223, 1]",2,0,0,0
21103,"[8223, 2]",18,158,64,0
21104,"[8224, 0]",1,0,0,0
21105,"[8224, 1]",4,2,1,0
21106,"[8224, 2]",2,0,0,0
21107,"[8224, 3]",27,41,18,0
21108,"[8224, 4]",26,0,0,0
21109,"[8224, 5]",24,0,0,0
21110,"[8224, 6]",73,41,18,0
21111,"[8224, 7]",55,0,0,0
21112,"[8225, 0]",1,57,26,0
21113,"[8226, 0]",1,156,64,0
21114,"[8227, 0]",1,0,0,1
21115,"[8227, 1]",2,0,0,0
21116,"[8227, 2]",76,57,26,-1
21117,"[8228, 0]",1,0,0,0
21118,"[8228, 1]",2,158,64,0
21119,"[8229, 0]",1,0,0,0
21120,"[8229, 1]",2,41,18,0
21121,"[8230, 0]",1,0,0,0
21122,"[8230, 1]",2,156,64,49
21123,"[8231, 0]",1,158,64,0
21124,"[8232, 0]",1,0,0,0
21125,"[8232, 1]",6,41,18,11
21126,"[8232, 2]",5,0,0,1
21127,"[8232, 3]",3,158,64,3
21128,"[8232, 4]",12,57,26,0
21129,"[8233, 0]",1,57,26,0
21130,"[8234, 0]",1,0,0,0
21131,"[8234, 1]",2,41,18,0
21132,"[8235, 0]",1,158,64,0
21133,"[8236, 0]",1,0,0,0
21134,"[8236, 1]",2,0,0,0
21135,"[8236, 2]",17,158,64,0
21136,"[8237, 0]",1,41,18,0
21137,"[8238, 0]",1,158,64,0
21138,"[8239, 0]",1,0,0,0
21139,"[8239, 1]",2,158,64,0
21140,"[8240, 0]",1,158,64,0
21141,"[8241, 0]",1,158,64,0
21142,"[8242, 0]",1,0,0,0
21143,"[8242, 1]",2,158,64,0
21144,"[8243, 0]",1,158,64,0
21145,"[8244, 0]",1,0,0,0
21146,"[8244, 1]",2,2,1,1
21147,"[8245, 0]",1,54,24,0
21148,"[8246, 0]",1,0,0,0
21149,"[8246, 1]",2,158,64,0
21150,"[8247, 0]",1,0,0,0
21151,"[8247, 1]",5,57,26,0
21152,"[8247, 2]",4,0,0,0
21153,"[8247, 3]",2,0,0,0
21154,"[8247, 4]",54,0,0,-1
21155,"[8247, 5]",53,0,0,-1
21156,"[8247, 6]",43,156,64,0
21157,"[8247, 7]",95,0,0,-1
21158,"[8247, 8]",92,158,64,-1
21159,"[8247, 9]",90,158,64,-1
21160,"[8247, 10]",88,158,64,-1
21161,"[8247, 11]",249,156,64,-1
21162,"[8247, 12]",248,156,64,-1
21163,"[8248, 0]",1,0,0,0
21164,"[8248, 1]",5,0,0,-1
21165,"[8248, 2]",4,0,0,1
21166,"[8248, 3]",3,0,0,1
21167,"[8248, 4]",2,0,0,-1
21168,"[8248, 5]",55,0,0,-1
21169,"[8248, 6]",53,156,64,0
21170,"[8248, 7]",52,158,64,0
21171,"[8248, 8]",45,158,64,0
21172,"[8248, 9]",40,2,1,-1
21173,"[8248, 10]",66,158,64,-1
21174,"[8249, 0]",1,0,0,0
21175,"[8249, 1]",2,158,64,0
21176,"[8250, 0]",1,158,64,0
21177,"[8251, 0]",1,158,64,0
21178,"[8252, 0]",1,158,64,0
21179,"[8253, 0]",1,0,0,0
21180,"[8253, 1]",2,0,0,0
21181,"[8253, 2]",66,0,0,0
21182,"[8253, 3]",81,158,64,0
21183,"[8254, 0]",1,55,26,0
21184,"[8255, 0]",1,0,0,0
21185,"[8255, 1]",2,158,64,0
21186,"[8256, 0]",1,156,64,0
21187,"[8257, 0]",1,2,1,0
21188,"[8258, 0]",1,0,0,0
21189,"[8258, 1]",7,41,18,0
21190,"[8258, 2]",5,0,0,0
21191,"[8258, 3]",4,0,0,0
21192,"[8258, 4]",33,158,64,0
21193,"[8258, 5]",30,0,0,0
21194,"[8258, 6]",75,158,64,0
21195,"[8259, 0]",1,0,0,0
21196,"[8259, 1]",2,2,1,0
21197,"[8260, 0]",1,57,26,0
21198,"[8261, 0]",1,0,0,0
21199,"[8261, 1]",2,158,64,0
21200,"[8262, 0]",1,57,26,0
21201,"[8263, 0]",1,0,0,0
21202,"[8263, 1]",2,0,0,0
21203,"[8263, 2]",27,158,64,0
21204,"[8264, 0]",1,156,64,0
21205,"[8265, 0]",1,0,0,0
21206,"[8265, 1]",2,158,64,0
21207,"[8266, 0]",1,0,0,0
21208,"[8266, 1]",2,41,18,0
21209,"[8267, 0]",1,41,18,0
21210,"[8268, 0]",1,0,0,0
21211,"[8268, 1]",2,54,24,0
21212,"[8269, 0]",1,0,0,0
21213,"[8269, 1]",2,0,0,0
21214,"[8269, 2]",40,0,0,0
21215,"[8269, 3]",39,0,0,0
21216,"[8269, 4]",38,0,0,0
21217,"[8269, 5]",67,158,64,0
21218,"[8269, 6]",64,0,0,0
21219,"[8269, 7]",59,158,64,0
21220,"[8269, 8]",145,0,0,0
21221,"[8269, 9]",254,41,18,0
21222,"[8270, 0]",1,156,64,0
21223,"[8271, 0]",1,158,64,0
21224,"[8272, 0]",1,0,0,0
21225,"[8272, 1]",2,0,0,0
21226,"[8272, 2]",69,156,64,0
21227,"[8273, 0]",1,57,26,0
21228,"[8274, 0]",1,54,24,0
21229,"[8275, 0]",1,158,64,0
21230,"[8276, 0]",1,57,26,0
21231,"[8277, 0]",1,158,64,0
21232,"[8278, 0]",1,53,24,0
21233,"[8279, 0]",1,0,0,0
21234,"[8279, 1]",2,0,0,1
21235,"[8279, 2]",21,57,26,0
21236,"[8280, 0]",1,156,64,0
21237,"[8281, 0]",1,0,0,0
21238,"[8281, 1]",6,41,18,0
21239,"[8281, 2]",3,0,0,0
21240,"[8281, 3]",2,0,0,0
21241,"[8281, 4]",37,0,0,0
21242,"[8281, 5]",34,41,18,0
21243,"[8281, 6]",122,158,64,0
21244,"[8282, 0]",1,0,0,0
21245,"[8282, 1]",2,158,64,0
21246,"[8283, 0]",1,0,0,0
21247,"[8283, 1]",2,156,64,0
21248,"[8284, 0]",1,0,0,0
21249,"[8284, 1]",2,158,64,0
21250,"[8285, 0]",1,2,1,0
21251,"[8286, 0]",1,0,0,0
21252,"[8286, 1]",6,51,24,0
21253,"[8286, 2]",4,158,64,0
21254,"[8286, 3]",2,0,0,0
21255,"[8286, 4]",43,41,18,0
21256,"[8286, 5]",41,0,0,0
21257,"[8286, 6]",71,158,64,-1
21258,"[8287, 0]",1,0,0,0
21259,"[8287, 1]",2,57,26,0
21260,"[8288, 0]",1,0,0,0
21261,"[8288, 1]",2,158,64,0
21262,"[8289, 0]",1,0,0,0
21263,"[8289, 1]",2,158,64,0
21264,"[8290, 0]",1,0,0,0
21265,"[8290, 1]",2,41,18,0
21266,"[8291, 0]",1,156,64,0
21267,"[8292, 0]",1,0,0,0
21268,"[8292, 1]",2,41,18,0
21269,"[8293, 0]",1,0,0,0
21270,"[8293, 1]",2,0,0,0
21271,"[8293, 2]",18,158,64,0
21272,"[8294, 0]",1,0,0,0
21273,"[8294, 1]",2,41,18,0
21274,"[8295, 0]",1,158,64,1
21275,"[8296, 0]",1,158,64,0
21276,"[8297, 0]",1,61,28,0
21277,"[8298, 0]",1,0,0,0
21278,"[8298, 1]",2,57,26,0
21279,"[8299, 0]",1,0,0,0
21280,"[8299, 1]",2,0,0,0
21281,"[8299, 2]",14,158,64,0
21282,"[8300, 0]",1,61,28,0
21283,"[8301, 0]",1,57,26,1
21284,"[8302, 0]",1,158,64,0
21285,"[8303, 0]",1,0,0,0
21286,"[8303, 1]",2,158,64,0
21287,"[8304, 0]",1,0,0,0
21288,"[8304, 1]",2,0,0,0
21289,"[8304, 2]",18,158,64,0
21290,"[8305, 0]",1,0,0,0
21291,"[8305, 1]",2,0,0,0
21292,"[8305, 2]",27,57,26,0
21293,"[8306, 0]",1,0,0,0
21294,"[8306, 1]",2,0,0,0
21295,"[8306, 2]",24,2,1,0
21296,"[8307, 0]",1,0,0,0
21297,"[8307, 1]",2,158,64,0
21298,"[8308, 0]",1,0,0,0
21299,"[8308, 1]",2,156,64,0
21300,"[8309, 0]",1,2,1,1
21301,"[8310, 0]",1,158,64,1
21302,"[8311, 0]",1,0,0,0
21303,"[8311, 1]",5,0,0,0
21304,"[8311, 2]",4,158,64,0
21305,"[8311, 3]",3,0,0,0
21306,"[8311, 4]",39,41,18,0
21307,"[8311, 5]",31,54,24,0
21308,"[8312, 0]",1,41,18,0
21309,"[8313, 0]",1,2,1,0
21310,"[8314, 0]",1,0,0,0
21311,"[8314, 1]",2,158,64,-1
21312,"[8315, 0]",1,0,0,0
21313,"[8315, 1]",2,54,24,0
21314,"[8316, 0]",1,41,18,0
21315,"[8317, 0]",1,0,0,0
21316,"[8317, 1]",4,0,0,0
21317,"[8317, 2]",2,0,0,0
21318,"[8317, 3]",45,158,64,0
21319,"[8317, 4]",25,57,26,0
21320,"[8318, 0]",1,0,0,0
21321,"[8318, 1]",3,0,0,0
21322,"[8318, 2]",2,55,26,0
21323,"[8318, 3]",29,158,64,0
21324,"[8319, 0]",1,57,26,0
21325,"[8320, 0]",1,0,0,0
21326,"[8320, 1]",2,158,64,0
21327,"[8321, 0]",1,41,18,0
21328,"[8322, 0]",1,158,64,0
21329,"[8323, 0]",1,0,0,0
21330,"[8323, 1]",2,41,18,0
21331,"[8324, 0]",1,57,26,0
21332,"[8325, 0]",1,158,64,0
21333,"[8326, 0]",1,0,0,0
21334,"[8326, 1]",2,0,0,0
21335,"[8326, 2]",20,158,64,0
21336,"[8327, 0]",1,0,0,0
21337,"[8327, 1]",5,0,0,0
21338,"[8327, 2]",3,0,0,0
21339,"[8327, 3]",2,0,0,0
21340,"[8327, 4]",64,0,0,0
21341,"[8327, 5]",63,0,0,0
21342,"[8327, 6]",62,0,0,0
21343,"[8327, 7]",59,2,1,0
21344,"[8327, 8]",57,63,28,0
21345,"[8327, 9]",56,0,0,0
21346,"[8327, 10]",48,158,64,0
21347,"[8327, 11]",119,158,64,0
21348,"[8327, 12]",96,54,24,0
21349,"[8327, 13]",92,156,64,0
21350,"[8327, 14]",89,59,28,1
21351,"[8328, 0]",1,0,0,0
21352,"[8328, 1]",6,158,64,-1
21353,"[8328, 2]",3,0,0,-1
21354,"[8328, 3]",37,156,64,-1
21355,"[8329, 0]",1,0,0,0
21356,"[8329, 1]",2,158,64,4
21357,"[8330, 0]",1,0,0,0
21358,"[8330, 1]",2,158,64,0
21359,"[8331, 0]",1,57,26,0
21360,"[8332, 0]",1,57,26,0
21361,"[8333, 0]",1,57,26,0
21362,"[8334, 0]",1,0,0,0
21363,"[8334, 1]",4,156,64,0
21364,"[8334, 2]",2,0,0,0
21365,"[8334, 3]",38,53,24,0
21366,"[8334, 4]",36,0,0,0
21367,"[8334, 5]",77,0,0,0
21368,"[8334, 6]",191,156,64,0
21369,"[8335, 0]",1,0,0,0
21370,"[8335, 1]",2,156,64,0
21371,"[8336, 0]",1,0,0,0
21372,"[8336, 1]",2,57,26,0
21373,"[8337, 0]",1,57,26,0
21374,"[8338, 0]",1,0,0,0
21375,"[8338, 1]",2,41,18,0
21376,"[8339, 0]",1,158,64,0
21377,"[8340, 0]",1,158,64,0
21378,"[8341, 0]",1,158,64,0
21379,"[8342, 0]",1,0,0,0
21380,"[8342, 1]",2,0,0,0
21381,"[8342, 2]",31,54,24,4
21382,"[8343, 0]",1,57,26,0
21383,"[8344, 0]",1,41,18,0
21384,"[8345, 0]",1,156,64,0
21385,"[8346, 0]",1,0,0,0
21386,"[8346, 1]",2,41,18,0
21387,"[8347, 0]",1,0,0,0
21388,"[8347, 1]",2,158,64,2
21389,"[8348, 0]",1,2,1,0
21390,"[8349, 0]",1,156,64,0
21391,"[8350, 0]",1,0,0,0
21392,"[8350, 1]",2,2,1,0
21393,"[8351, 0]",1,41,18,0
21394,"[8352, 0]",1,0,0,0
21395,"[8352, 1]",2,158,64,0
21396,"[8353, 0]",1,2,1,0
21397,"[8354, 0]",1,158,64,0
21398,"[8355, 0]",1,0,0,0
21399,"[8355, 1]",2,2,1,-1
21400,"[8356, 0]",1,0,0,0
21401,"[8356, 1]",2,0,0,0
21402,"[8356, 2]",20,54,24,2
21403,"[8357, 0]",1,0,0,0
21404,"[8357, 1]",2,158,64,0
21405,"[8358, 0]",1,158,64,0
21406,"[8359, 0]",1,0,0,0
21407,"[8359, 1]",2,41,18,0
21408,"[8360, 0]",1,41,18,0
21409,"[8361, 0]",1,0,0,0
21410,"[8361, 1]",2,2,1,0
21411,"[8362, 0]",1,158,64,0
21412,"[8363, 0]",1,0,0,0
21413,"[8363, 1]",2,54,24,0
21414,"[8364, 0]",1,156,64,0
21415,"[8365, 0]",1,0,0,0
21416,"[8365, 1]",6,0,0,0
21417,"[8365, 2]",5,0,0,0
21418,"[8365, 3]",4,0,0,0
21419,"[8365, 4]",2,0,0,0
21420,"[8365, 5]",55,2,1,1
21421,"[8365, 6]",51,0,0,-1
21422,"[8365, 7]",47,0,0,0
21423,"[8365, 8]",41,0,0,0
21424,"[8365, 9]",36,158,64,0
21425,"[8365, 10]",185,57,26,0
21426,"[8365, 11]",146,41,18,0
21427,"[8365, 12]",122,41,18,2
21428,"[8365, 13]",121,0,0,1
21429,"[8365, 14]",360,41,18,0
21430,"[8366, 0]",1,158,64,0
21431,"[8367, 0]",1,0,0,0
21432,"[8367, 1]",2,158,64,0
21433,"[8368, 0]",1,0,0,0
21434,"[8368, 1]",5,158,64,0
21435,"[8368, 2]",3,0,0,0
21436,"[8368, 3]",2,0,0,0
21437,"[8368, 4]",24,158,64,0
21438,"[8368, 5]",21,158,64,0
21439,"[8369, 0]",1,158,64,0
21440,"[8370, 0]",1,0,0,0
21441,"[8370, 1]",2,0,0,0
21442,"[8370, 2]",14,57,26,0
21443,"[8371, 0]",1,0,0,0
21444,"[8371, 1]",2,158,64,0
21445,"[8372, 0]",1,158,64,0
21446,"[8373, 0]",1,57,26,0
21447,"[8374, 0]",1,158,64,0
21448,"[8375, 0]",1,158,64,0
21449,"[8376, 0]",1,158,64,0
21450,"[8377, 0]",1,0,0,0
21451,"[8377, 1]",3,158,64,0
21452,"[8377, 2]",2,41,18,0
21453,"[8378, 0]",1,0,0,0
21454,"[8378, 1]",2,158,64,0
21455,"[8379, 0]",1,0,0,0
21456,"[8379, 1]",2,0,0,0
21457,"[8379, 2]",15,156,64,2
21458,"[8380, 0]",1,0,0,0
21459,"[8380, 1]",2,158,64,3
21460,"[8381, 0]",1,2,1,0
21461,"[8382, 0]",1,0,0,0
21462,"[8382, 1]",2,0,0,-1
21463,"[8382, 2]",36,158,64,12
21464,"[8383, 0]",1,158,64,0
21465,"[8384, 0]",1,0,0,0
21466,"[8384, 1]",2,158,64,0
21467,"[8385, 0]",1,158,64,0
21468,"[8386, 0]",1,41,18,0
21469,"[8387, 0]",1,158,64,0
21470,"[8388, 0]",1,41,18,0
21471,"[8389, 0]",1,156,64,0
21472,"[8390, 0]",1,158,64,0
21473,"[8391, 0]",1,41,18,0
21474,"[8392, 0]",1,0,0,0
21475,"[8392, 1]",2,41,18,0
21476,"[8393, 0]",1,0,0,0
21477,"[8393, 1]",2,41,18,0
21478,"[8394, 0]",1,41,18,0
21479,"[8395, 0]",1,0,0,0
21480,"[8395, 1]",6,158,64,0
21481,"[8395, 2]",5,41,18,0
21482,"[8395, 3]",3,0,0,0
21483,"[8395, 4]",39,158,64,0
21484,"[8396, 0]",1,156,64,0
21485,"[8397, 0]",1,0,0,0
21486,"[8397, 1]",2,0,0,0
21487,"[8397, 2]",69,57,26,0
21488,"[8398, 0]",1,57,26,0
21489,"[8399, 0]",1,158,64,0
21490,"[8400, 0]",1,55,26,0
21491,"[8401, 0]",1,158,64,0
21492,"[8402, 0]",1,51,24,0
21493,"[8403, 0]",1,41,18,0
21494,"[8404, 0]",1,158,64,0
21495,"[8405, 0]",1,0,0,0
21496,"[8405, 1]",4,0,0,0
21497,"[8405, 2]",2,0,0,0
21498,"[8405, 3]",39,41,18,0
21499,"[8405, 4]",27,158,64,0
21500,"[8406, 0]",1,0,0,0
21501,"[8406, 1]",2,0,0,0
21502,"[8406, 2]",20,57,26,0
21503,"[8407, 0]",1,59,28,0
21504,"[8408, 0]",1,0,0,0
21505,"[8408, 1]",2,158,64,0
21506,"[8409, 0]",1,0,0,0
21507,"[8409, 1]",2,158,64,0
21508,"[8410, 0]",1,158,64,1
21509,"[8411, 0]",1,158,64,0
21510,"[8412, 0]",1,158,64,0
21511,"[8413, 0]",1,57,26,0
21512,"[8414, 0]",1,158,64,0
21513,"[8415, 0]",1,0,0,0
21514,"[8415, 1]",2,41,18,0
21515,"[8416, 0]",1,0,0,0
21516,"[8416, 1]",2,158,64,0
21517,"[8417, 0]",1,0,0,0
21518,"[8417, 1]",2,0,0,0
21519,"[8417, 2]",31,59,28,0
21520,"[8418, 0]",1,0,0,0
21521,"[8418, 1]",2,53,24,-1
21522,"[8419, 0]",1,0,0,0
21523,"[8419, 1]",2,57,26,0
21524,"[8420, 0]",1,0,0,0
21525,"[8420, 1]",2,41,18,0
21526,"[8421, 0]",1,158,64,0
21527,"[8422, 0]",1,53,24,0
21528,"[8423, 0]",1,0,0,0
21529,"[8423, 1]",2,2,1,0
21530,"[8424, 0]",1,41,18,0
21531,"[8425, 0]",1,63,28,3
21532,"[8426, 0]",1,158,64,0
21533,"[8427, 0]",1,158,64,0
21534,"[8428, 0]",1,0,0,0
21535,"[8428, 1]",2,0,0,0
21536,"[8428, 2]",34,156,64,0
21537,"[8429, 0]",1,0,0,0
21538,"[8429, 1]",2,41,18,0
21539,"[8430, 0]",1,0,0,0
21540,"[8430, 1]",4,41,18,0
21541,"[8430, 2]",2,0,0,0
21542,"[8430, 3]",31,57,26,0
21543,"[8431, 0]",1,156,64,0
21544,"[8432, 0]",1,41,18,0
21545,"[8433, 0]",1,0,0,0
21546,"[8433, 1]",5,158,64,0
21547,"[8433, 2]",3,0,0,0
21548,"[8433, 3]",2,41,18,0
21549,"[8433, 4]",18,37,18,9
21550,"[8434, 0]",1,0,0,0
21551,"[8434, 1]",2,156,64,0
21552,"[8435, 0]",1,158,64,0
21553,"[8436, 0]",1,0,0,0
21554,"[8436, 1]",2,158,64,1
21555,"[8437, 0]",1,41,18,0
21556,"[8438, 0]",1,41,18,0
21557,"[8439, 0]",1,77,32,0
21558,"[8440, 0]",1,0,0,0
21559,"[8440, 1]",2,2,1,0
21560,"[8441, 0]",1,55,26,0
21561,"[8442, 0]",1,158,64,0
21562,"[8443, 0]",1,0,0,0
21563,"[8443, 1]",2,0,0,0
21564,"[8443, 2]",16,158,64,0
21565,"[8444, 0]",1,0,0,0
21566,"[8444, 1]",6,158,64,0
21567,"[8444, 2]",5,41,18,0
21568,"[8444, 3]",4,0,0,0
21569,"[8444, 4]",3,0,0,0
21570,"[8444, 5]",32,158,64,0
21571,"[8444, 6]",28,41,18,0
21572,"[8445, 0]",1,0,0,0
21573,"[8445, 1]",2,57,26,0
21574,"[8446, 0]",1,0,0,0
21575,"[8446, 1]",2,158,64,-1
21576,"[8447, 0]",1,0,0,0
21577,"[8447, 1]",2,57,26,0
21578,"[8448, 0]",1,0,0,0
21579,"[8448, 1]",2,0,0,0
21580,"[8448, 2]",25,41,18,0
21581,"[8449, 0]",1,0,0,0
21582,"[8449, 1]",2,0,0,0
21583,"[8449, 2]",38,156,64,0
21584,"[8449, 3]",37,158,64,0
21585,"[8450, 0]",1,0,0,0
21586,"[8450, 1]",8,61,28,0
21587,"[8450, 2]",5,0,0,0
21588,"[8450, 3]",3,0,0,0
21589,"[8450, 4]",49,0,0,0
21590,"[8450, 5]",48,0,0,0
21591,"[8450, 6]",47,0,0,0
21592,"[8450, 7]",39,0,0,0
21593,"[8450, 8]",154,41,18,0
21594,"[8450, 9]",80,0,0,0
21595,"[8450, 10]",75,41,18,0
21596,"[8450, 11]",72,41,18,0
21597,"[8450, 12]",234,158,64,0
21598,"[8451, 0]",1,158,64,0
21599,"[8452, 0]",1,41,18,0
21600,"[8453, 0]",1,0,0,0
21601,"[8453, 1]",2,0,0,0
21602,"[8453, 2]",20,158,64,4
21603,"[8454, 0]",1,0,0,0
21604,"[8454, 1]",2,158,64,0
21605,"[8455, 0]",1,0,0,0
21606,"[8455, 1]",4,0,0,0
21607,"[8455, 2]",2,0,0,0
21608,"[8455, 3]",49,59,28,0
21609,"[8455, 4]",34,57,26,0
21610,"[8456, 0]",1,0,0,0
21611,"[8456, 1]",2,158,64,0
21612,"[8457, 0]",1,41,18,0
21613,"[8458, 0]",1,0,0,0
21614,"[8458, 1]",2,158,64,0
21615,"[8459, 0]",1,0,0,0
21616,"[8459, 1]",2,158,64,0
21617,"[8460, 0]",1,0,0,0
21618,"[8460, 1]",2,2,1,-1
21619,"[8461, 0]",1,0,0,0
21620,"[8461, 1]",2,158,64,0
21621,"[8462, 0]",1,54,24,0
21622,"[8463, 0]",1,0,0,0
21623,"[8463, 1]",2,158,64,0
21624,"[8464, 0]",1,0,0,0
21625,"[8464, 1]",2,41,18,36
21626,"[8465, 0]",1,158,64,0
21627,"[8466, 0]",1,0,0,1
21628,"[8466, 1]",2,158,64,0
21629,"[8467, 0]",1,0,0,0
21630,"[8467, 1]",2,0,0,0
21631,"[8467, 2]",29,0,0,0
21632,"[8467, 3]",44,158,64,0
21633,"[8468, 0]",1,0,0,0
21634,"[8468, 1]",2,158,64,0
21635,"[8469, 0]",1,0,0,0
21636,"[8469, 1]",2,0,0,0
21637,"[8469, 2]",19,156,64,0
21638,"[8470, 0]",1,41,18,0
21639,"[8471, 0]",1,158,64,0
21640,"[8472, 0]",1,0,0,0
21641,"[8472, 1]",2,57,26,23
21642,"[8473, 0]",1,0,0,0
21643,"[8473, 1]",2,2,1,0
21644,"[8474, 0]",1,0,0,0
21645,"[8474, 1]",2,158,64,0
21646,"[8475, 0]",1,0,0,0
21647,"[8475, 1]",2,41,18,0
21648,"[8476, 0]",1,158,64,0
21649,"[8477, 0]",1,0,0,0
21650,"[8477, 1]",2,158,64,0
21651,"[8478, 0]",1,0,0,0
21652,"[8478, 1]",3,2,1,-1
21653,"[8478, 2]",2,0,0,-1
21654,"[8478, 3]",41,158,64,-1
21655,"[8479, 0]",1,0,0,0
21656,"[8479, 1]",5,0,0,0
21657,"[8479, 2]",4,0,0,0
21658,"[8479, 3]",3,0,0,0
21659,"[8479, 4]",2,0,0,0
21660,"[8479, 5]",51,156,64,0
21661,"[8479, 6]",49,0,0,0
21662,"[8479, 7]",48,0,0,0
21663,"[8479, 8]",47,0,0,0
21664,"[8479, 9]",38,0,0,0
21665,"[8479, 10]",35,0,0,0
21666,"[8479, 11]",32,158,64,0
21667,"[8479, 12]",173,158,64,0
21668,"[8479, 13]",161,77,32,0
21669,"[8479, 14]",96,0,0,0
21670,"[8479, 15]",95,0,0,0
21671,"[8479, 16]",92,0,0,0
21672,"[8479, 17]",88,0,0,0
21673,"[8479, 18]",80,158,64,0
21674,"[8479, 19]",355,158,64,0
21675,"[8479, 20]",338,0,0,0
21676,"[8479, 21]",337,0,0,0
21677,"[8479, 22]",335,0,0,0
21678,"[8479, 23]",306,158,64,0
21679,"[8479, 24]",303,0,0,0
21680,"[8479, 25]",653,158,64,-1
21681,"[8479, 26]",623,158,64,0
21682,"[8479, 27]",622,158,64,0
21683,"[8479, 28]",621,0,0,0
21684,"[8479, 29]",616,2,1,5
21685,"[8479, 30]",612,41,18,0
21686,"[8479, 31]",908,156,64,0
21687,"[8480, 0]",1,158,64,0
21688,"[8481, 0]",1,158,64,0
21689,"[8482, 0]",1,158,64,0
21690,"[8483, 0]",1,158,64,1
21691,"[8484, 0]",1,0,0,0
21692,"[8484, 1]",2,0,0,0
21693,"[8484, 2]",39,158,64,0
21694,"[8485, 0]",1,2,1,0
21695,"[8486, 0]",1,0,0,0
21696,"[8486, 1]",2,0,0,0
21697,"[8486, 2]",13,0,0,0
21698,"[8486, 3]",39,158,64,0
21699,"[8487, 0]",1,0,0,0
21700,"[8487, 1]",2,2,1,0
21701,"[8488, 0]",1,158,64,0
21702,"[8489, 0]",1,158,64,0
21703,"[8490, 0]",1,0,0,0
21704,"[8490, 1]",2,158,64,0
21705,"[8491, 0]",1,0,0,0
21706,"[8491, 1]",2,0,0,0
21707,"[8491, 2]",16,0,0,0
21708,"[8491, 3]",32,158,64,0
21709,"[8492, 0]",1,0,0,0
21710,"[8492, 1]",2,0,0,0
21711,"[8492, 2]",27,0,0,0
21712,"[8492, 3]",48,158,64,0
21713,"[8492, 4]",47,0,0,0
21714,"[8492, 5]",45,0,0,0
21715,"[8492, 6]",44,0,0,0
21716,"[8492, 7]",99,158,64,0
21717,"[8492, 8]",98,0,0,0
21718,"[8492, 9]",97,0,0,0
21719,"[8492, 10]",93,158,64,0
21720,"[8492, 11]",79,156,64,0
21721,"[8492, 12]",148,158,64,0
21722,"[8492, 13]",145,158,64,0
21723,"[8493, 0]",1,63,28,0
21724,"[8494, 0]",1,0,0,0
21725,"[8494, 1]",2,158,64,0
21726,"[8495, 0]",1,0,0,0
21727,"[8495, 1]",2,0,0,0
21728,"[8495, 2]",31,0,0,0
21729,"[8495, 3]",55,158,64,0
21730,"[8496, 0]",1,41,18,0
21731,"[8497, 0]",1,41,18,0
21732,"[8498, 0]",1,0,0,0
21733,"[8498, 1]",2,0,0,0
21734,"[8498, 2]",21,0,0,0
21735,"[8498, 3]",41,41,18,0
21736,"[8499, 0]",1,0,0,0
21737,"[8499, 1]",2,0,0,0
21738,"[8499, 2]",86,41,18,0
21739,"[8500, 0]",1,41,18,0
21740,"[8501, 0]",1,158,64,0
21741,"[8502, 0]",1,41,18,0
21742,"[8503, 0]",1,59,28,0
21743,"[8504, 0]",1,0,0,0
21744,"[8504, 1]",2,41,18,0
21745,"[8505, 0]",1,0,0,0
21746,"[8505, 1]",2,0,0,0
21747,"[8505, 2]",58,156,64,0
21748,"[8506, 0]",1,0,0,0
21749,"[8506, 1]",4,0,0,0
21750,"[8506, 2]",2,0,0,0
21751,"[8506, 3]",48,158,64,0
21752,"[8506, 4]",30,156,64,0
21753,"[8507, 0]",1,0,0,0
21754,"[8507, 1]",2,0,0,0
21755,"[8507, 2]",79,0,0,0
21756,"[8507, 3]",92,57,26,0
21757,"[8508, 0]",1,156,64,0
21758,"[8509, 0]",1,0,0,0
21759,"[8509, 1]",2,158,64,0
21760,"[8510, 0]",1,41,18,0
21761,"[8511, 0]",1,41,18,0
21762,"[8512, 0]",1,158,64,0
21763,"[8513, 0]",1,0,0,0
21764,"[8513, 1]",2,156,64,0
21765,"[8514, 0]",1,158,64,0
21766,"[8515, 0]",1,156,64,0
21767,"[8516, 0]",1,0,0,0
21768,"[8516, 1]",2,57,26,0
21769,"[8517, 0]",1,0,0,0
21770,"[8517, 1]",2,158,64,0
21771,"[8518, 0]",1,0,0,0
21772,"[8518, 1]",5,158,64,0
21773,"[8518, 2]",2,0,0,0
21774,"[8518, 3]",44,158,64,0
21775,"[8519, 0]",1,158,64,0
21776,"[8520, 0]",1,0,0,0
21777,"[8520, 1]",2,0,0,0
21778,"[8520, 2]",39,0,0,0
21779,"[8520, 3]",60,41,18,0
21780,"[8521, 0]",1,158,64,0
21781,"[8522, 0]",1,0,0,0
21782,"[8522, 1]",2,158,64,0
21783,"[8523, 0]",1,0,0,0
21784,"[8523, 1]",2,158,64,0
21785,"[8524, 0]",1,2,1,0
21786,"[8525, 0]",1,158,64,0
21787,"[8526, 0]",1,0,0,0
21788,"[8526, 1]",2,158,64,0
21789,"[8527, 0]",1,158,64,0
21790,"[8528, 0]",1,158,64,0
21791,"[8529, 0]",1,41,18,0
21792,"[8530, 0]",1,0,0,0
21793,"[8530, 1]",5,158,64,0
21794,"[8530, 2]",4,0,0,0
21795,"[8530, 3]",3,0,0,0
21796,"[8530, 4]",2,0,0,0
21797,"[8530, 5]",34,0,0,-1
21798,"[8530, 6]",31,158,64,15
21799,"[8530, 7]",27,158,64,4
21800,"[8530, 8]",90,2,1,3
21801,"[8531, 0]",1,0,0,0
21802,"[8531, 1]",2,158,64,0
21803,"[8532, 0]",1,0,0,0
21804,"[8532, 1]",2,156,64,-1
21805,"[8533, 0]",1,156,64,0
21806,"[8534, 0]",1,156,64,0
21807,"[8535, 0]",1,2,1,0
21808,"[8536, 0]",1,41,18,0
21809,"[8537, 0]",1,0,0,0
21810,"[8537, 1]",2,158,64,0
21811,"[8538, 0]",1,53,24,0
21812,"[8539, 0]",1,0,0,0
21813,"[8539, 1]",8,41,18,0
21814,"[8539, 2]",6,41,18,0
21815,"[8539, 3]",5,0,0,0
21816,"[8539, 4]",4,0,0,0
21817,"[8539, 5]",30,0,0,-1
21818,"[8539, 6]",27,2,1,0
21819,"[8539, 7]",53,156,64,3
21820,"[8540, 0]",1,156,64,0
21821,"[8541, 0]",1,0,0,0
21822,"[8541, 1]",2,158,64,0
21823,"[8542, 0]",1,0,0,0
21824,"[8542, 1]",2,0,0,0
21825,"[8542, 2]",34,158,64,0
21826,"[8543, 0]",1,41,18,0
21827,"[8544, 0]",1,0,0,0
21828,"[8544, 1]",2,54,24,0
21829,"[8545, 0]",1,0,0,0
21830,"[8545, 1]",2,0,0,0
21831,"[8545, 2]",25,156,64,0
21832,"[8546, 0]",1,0,0,0
21833,"[8546, 1]",2,0,0,0
21834,"[8546, 2]",15,158,64,0
21835,"[8547, 0]",1,41,18,0
21836,"[8548, 0]",1,156,64,0
21837,"[8549, 0]",1,0,0,0
21838,"[8549, 1]",2,0,0,0
21839,"[8549, 2]",51,0,0,0
21840,"[8549, 3]",63,0,0,0
21841,"[8549, 4]",103,57,26,0
21842,"[8550, 0]",1,0,0,1
21843,"[8550, 1]",2,156,64,0
21844,"[8551, 0]",1,0,0,0
21845,"[8551, 1]",2,57,26,0
21846,"[8552, 0]",1,158,64,0
21847,"[8553, 0]",1,156,64,0
21848,"[8554, 0]",1,57,26,0
21849,"[8555, 0]",1,2,1,0
21850,"[8556, 0]",1,0,0,0
21851,"[8556, 1]",5,0,0,0
21852,"[8556, 2]",4,0,0,0
21853,"[8556, 3]",2,0,0,0
21854,"[8556, 4]",82,158,64,0
21855,"[8556, 5]",80,0,0,0
21856,"[8556, 6]",45,2,1,0
21857,"[8556, 7]",41,2,1,0
21858,"[8556, 8]",110,57,26,0
21859,"[8556, 9]",108,0,0,0
21860,"[8556, 10]",187,0,0,0
21861,"[8556, 11]",299,158,64,0
21862,"[8556, 12]",296,0,0,0
21863,"[8556, 13]",382,0,0,0
21864,"[8556, 14]",404,158,64,-1
21865,"[8557, 0]",1,0,0,0
21866,"[8557, 1]",2,158,64,-1
21867,"[8558, 0]",1,0,0,0
21868,"[8558, 1]",3,0,0,0
21869,"[8558, 2]",2,0,0,0
21870,"[8558, 3]",21,158,64,0
21871,"[8558, 4]",18,0,0,-1
21872,"[8558, 5]",51,158,64,3
21873,"[8559, 0]",1,0,0,0
21874,"[8559, 1]",2,0,0,0
21875,"[8559, 2]",12,158,64,4
21876,"[8560, 0]",1,2,1,0
21877,"[8561, 0]",1,156,64,1
21878,"[8562, 0]",1,0,0,0
21879,"[8562, 1]",2,41,18,0
21880,"[8563, 0]",1,0,0,0
21881,"[8563, 1]",2,41,18,0
21882,"[8564, 0]",1,41,18,0
21883,"[8565, 0]",1,0,0,0
21884,"[8565, 1]",2,57,26,0
21885,"[8566, 0]",1,53,24,0
21886,"[8567, 0]",1,0,0,0
21887,"[8567, 1]",2,158,64,0
21888,"[8568, 0]",1,156,64,0
21889,"[8569, 0]",1,0,0,0
21890,"[8569, 1]",2,158,64,0
21891,"[8570, 0]",1,41,18,0
21892,"[8571, 0]",1,0,0,0
21893,"[8571, 1]",2,41,18,0
21894,"[8572, 0]",1,0,0,0
21895,"[8572, 1]",5,2,1,0
21896,"[8572, 2]",4,41,18,0
21897,"[8572, 3]",2,0,0,0
21898,"[8573, 0]",1,158,64,0
21899,"[8574, 0]",1,0,0,0
21900,"[8574, 1]",2,41,18,0
21901,"[8575, 0]",1,41,18,0
21902,"[8576, 0]",1,158,64,0
21903,"[8577, 0]",1,0,0,0
21904,"[8577, 1]",6,57,26,0
21905,"[8577, 2]",4,0,0,0
21906,"[8577, 3]",2,2,1,0
21907,"[8577, 4]",24,53,24,0
21908,"[8578, 0]",1,0,0,0
21909,"[8578, 1]",2,0,0,4
21910,"[8578, 2]",16,158,64,5
21911,"[8579, 0]",1,158,64,0
21912,"[8580, 0]",1,41,18,0
21913,"[8581, 0]",1,0,0,0
21914,"[8581, 1]",2,57,26,0
21915,"[8582, 0]",1,0,0,0
21916,"[8582, 1]",2,0,0,0
21917,"[8582, 2]",43,2,1,0
21918,"[8583, 0]",1,0,0,0
21919,"[8583, 1]",2,158,64,0
21920,"[8584, 0]",1,0,0,0
21921,"[8584, 1]",2,2,1,0
21922,"[8585, 0]",1,0,0,0
21923,"[8585, 1]",8,53,24,1
21924,"[8585, 2]",5,156,64,3
21925,"[8585, 3]",2,0,0,3
21926,"[8585, 4]",72,0,0,0
21927,"[8585, 5]",105,0,0,0
21928,"[8585, 6]",168,41,18,0
21929,"[8586, 0]",1,156,64,0
21930,"[8587, 0]",1,158,64,0
21931,"[8588, 0]",1,158,64,0
21932,"[8589, 0]",1,41,18,0
21933,"[8590, 0]",1,158,64,0
21934,"[8591, 0]",1,0,0,0
21935,"[8591, 1]",2,158,64,0
21936,"[8592, 0]",1,158,64,0
21937,"[8593, 0]",1,41,18,0
21938,"[8594, 0]",1,156,64,0
21939,"[8595, 0]",1,158,64,0
21940,"[8596, 0]",1,0,0,0
21941,"[8596, 1]",2,53,24,12
21942,"[8597, 0]",1,158,64,0
21943,"[8598, 0]",1,156,64,0
21944,"[8599, 0]",1,156,64,0
21945,"[8600, 0]",1,0,0,0
21946,"[8600, 1]",2,41,18,0
21947,"[8601, 0]",1,158,64,0
21948,"[8602, 0]",1,156,64,0
21949,"[8603, 0]",1,158,64,0
21950,"[8604, 0]",1,158,64,0
21951,"[8605, 0]",1,0,0,0
21952,"[8605, 1]",2,158,64,-1
21953,"[8606, 0]",1,2,1,0
21954,"[8607, 0]",1,0,0,0
21955,"[8607, 1]",2,158,64,0
21956,"[8608, 0]",1,0,0,0
21957,"[8608, 1]",2,41,18,0
21958,"[8609, 0]",1,0,0,0
21959,"[8609, 1]",5,158,64,-1
21960,"[8610, 0]",1,54,24,0
21961,"[8611, 0]",1,158,64,0
21962,"[8612, 0]",1,158,64,0
21963,"[8613, 0]",1,158,64,0
21964,"[8614, 0]",1,0,0,0
21965,"[8614, 1]",2,0,0,0
21966,"[8614, 2]",31,158,64,0
21967,"[8615, 0]",1,57,26,0
21968,"[8616, 0]",1,0,0,0
21969,"[8616, 1]",6,59,28,0
21970,"[8616, 2]",5,0,0,0
21971,"[8616, 3]",4,0,0,0
21972,"[8616, 4]",50,0,0,0
21973,"[8616, 5]",47,2,1,-1
21974,"[8616, 6]",73,158,64,0
21975,"[8617, 0]",1,0,0,0
21976,"[8617, 1]",2,41,18,0
21977,"[8618, 0]",1,41,18,0
21978,"[8619, 0]",1,0,0,0
21979,"[8619, 1]",2,41,18,0
21980,"[8620, 0]",1,54,24,0
21981,"[8621, 0]",1,158,64,0
21982,"[8622, 0]",1,0,0,0
21983,"[8622, 1]",2,158,64,0
21984,"[8623, 0]",1,158,64,0
21985,"[8624, 0]",1,41,18,0
21986,"[8625, 0]",1,158,64,0
21987,"[8626, 0]",1,0,0,0
21988,"[8626, 1]",2,0,0,0
21989,"[8626, 2]",40,158,64,0
21990,"[8627, 0]",1,156,64,0
21991,"[8628, 0]",1,0,0,0
21992,"[8628, 1]",2,51,24,0
21993,"[8629, 0]",1,158,64,0
21994,"[8630, 0]",1,158,64,0
21995,"[8631, 0]",1,0,0,0
21996,"[8631, 1]",2,0,0,0
21997,"[8631, 2]",37,2,1,-1
21998,"[8632, 0]",1,0,0,0
21999,"[8632, 1]",2,158,64,-1
22000,"[8633, 0]",1,41,18,0
22001,"[8634, 0]",1,0,0,0
22002,"[8634, 1]",6,158,64,0
22003,"[8634, 2]",3,0,0,0
22004,"[8634, 3]",2,0,0,0
22005,"[8634, 4]",32,0,0,0
22006,"[8634, 5]",27,41,18,0
22007,"[8634, 6]",57,41,18,0
22008,"[8635, 0]",1,0,0,0
22009,"[8635, 1]",2,0,0,0
22010,"[8635, 2]",25,158,64,0
22011,"[8636, 0]",1,0,0,0
22012,"[8636, 1]",2,41,18,0
22013,"[8637, 0]",1,41,18,0
22014,"[8638, 0]",1,0,0,0
22015,"[8638, 1]",15,0,0,0
22016,"[8638, 2]",14,0,0,0
22017,"[8638, 3]",13,0,0,0
22018,"[8638, 4]",11,0,0,0
22019,"[8638, 5]",10,0,0,0
22020,"[8638, 6]",9,0,0,0
22021,"[8638, 7]",8,0,0,0
22022,"[8638, 8]",4,0,0,0
22023,"[8638, 9]",3,0,0,0
22024,"[8638, 10]",77,0,0,0
22025,"[8638, 11]",76,0,0,0
22026,"[8638, 12]",75,0,0,0
22027,"[8638, 13]",71,158,64,0
22028,"[8638, 14]",69,0,0,0
22029,"[8638, 15]",68,0,0,0
22030,"[8638, 16]",64,41,18,0
22031,"[8638, 17]",63,41,18,0
22032,"[8638, 18]",59,41,18,0
22033,"[8638, 19]",58,57,26,0
22034,"[8638, 20]",53,0,0,0
22035,"[8638, 21]",44,57,26,0
22036,"[8638, 22]",40,0,0,0
22037,"[8638, 23]",35,41,18,0
22038,"[8638, 24]",29,57,26,0
22039,"[8638, 25]",337,59,28,0
22040,"[8638, 26]",238,41,18,0
22041,"[8638, 27]",151,41,18,0
22042,"[8638, 28]",148,158,64,0
22043,"[8638, 29]",106,158,64,0
22044,"[8638, 30]",104,0,0,0
22045,"[8638, 31]",101,2,1,2
22046,"[8638, 32]",98,156,64,10
22047,"[8638, 33]",782,0,0,0
22048,"[8638, 34]",933,158,64,0
22049,"[8639, 0]",1,41,18,0
22050,"[8640, 0]",1,0,0,0
22051,"[8640, 1]",2,158,64,-1
22052,"[8641, 0]",1,0,0,0
22053,"[8641, 1]",2,41,18,0
22054,"[8642, 0]",1,0,0,0
22055,"[8642, 1]",5,0,0,0
22056,"[8642, 2]",3,0,0,0
22057,"[8642, 3]",2,0,0,0
22058,"[8642, 4]",30,156,64,-1
22059,"[8642, 5]",24,158,64,0
22060,"[8642, 6]",7,158,64,28
22061,"[8643, 0]",1,158,64,0
22062,"[8644, 0]",1,57,26,0
22063,"[8645, 0]",1,0,0,0
22064,"[8645, 1]",2,0,0,0
22065,"[8645, 2]",13,57,26,0
22066,"[8646, 0]",1,158,64,0
22067,"[8647, 0]",1,54,24,0
22068,"[8648, 0]",1,158,64,0
22069,"[8649, 0]",1,2,1,0
22070,"[8650, 0]",1,158,64,0
22071,"[8651, 0]",1,57,26,0
22072,"[8652, 0]",1,41,18,0
22073,"[8653, 0]",1,41,18,0
22074,"[8654, 0]",1,57,26,0
22075,"[8655, 0]",1,158,64,0
22076,"[8656, 0]",1,156,64,0
22077,"[8657, 0]",1,158,64,1
22078,"[8658, 0]",1,0,0,0
22079,"[8658, 1]",2,41,18,0
22080,"[8659, 0]",1,156,64,0
22081,"[8660, 0]",1,0,0,0
22082,"[8660, 1]",3,0,0,0
22083,"[8660, 2]",2,156,64,0
22084,"[8660, 3]",33,158,64,5
22085,"[8661, 0]",1,158,64,0
22086,"[8662, 0]",1,0,0,0
22087,"[8662, 1]",2,0,0,0
22088,"[8662, 2]",27,156,64,0
22089,"[8663, 0]",1,158,64,0
22090,"[8664, 0]",1,158,64,0
22091,"[8665, 0]",1,158,64,0
22092,"[8666, 0]",1,158,64,0
22093,"[8667, 0]",1,0,0,0
22094,"[8667, 1]",3,0,0,-1
22095,"[8668, 0]",1,0,0,0
22096,"[8668, 1]",2,57,26,0
22097,"[8669, 0]",1,0,0,0
22098,"[8669, 1]",2,54,24,0
22099,"[8670, 0]",1,2,1,0
22100,"[8671, 0]",1,0,0,0
22101,"[8671, 1]",4,54,24,0
22102,"[8671, 2]",2,0,0,0
22103,"[8671, 3]",44,0,0,0
22104,"[8671, 4]",84,158,64,0
22105,"[8672, 0]",1,0,0,0
22106,"[8672, 1]",2,41,18,0
22107,"[8673, 0]",1,158,64,0
22108,"[8674, 0]",1,0,0,0
22109,"[8674, 1]",2,158,64,7
22110,"[8675, 0]",1,158,64,0
22111,"[8676, 0]",1,158,64,0
22112,"[8677, 0]",1,0,0,0
22113,"[8677, 1]",2,2,1,0
22114,"[8678, 0]",1,0,0,1
22115,"[8678, 1]",2,158,64,-1
22116,"[8679, 0]",1,0,0,0
22117,"[8679, 1]",2,57,26,0
22118,"[8680, 0]",1,158,64,0
22119,"[8681, 0]",1,41,18,0
22120,"[8682, 0]",1,156,64,0
22121,"[8683, 0]",1,0,0,0
22122,"[8683, 1]",3,0,0,0
22123,"[8683, 2]",24,0,0,0
22124,"[8683, 3]",36,41,18,0
22125,"[8684, 0]",1,41,18,1
22126,"[8685, 0]",1,158,64,0
22127,"[8686, 0]",1,0,0,0
22128,"[8686, 1]",5,41,18,0
22129,"[8686, 2]",3,0,0,0
22130,"[8686, 3]",2,0,0,0
22131,"[8686, 4]",22,57,26,0
22132,"[8686, 5]",19,0,0,0
22133,"[8686, 6]",85,41,18,0
22134,"[8687, 0]",1,41,18,0
22135,"[8688, 0]",1,0,0,0
22136,"[8688, 1]",2,0,0,0
22137,"[8688, 2]",22,158,64,3
22138,"[8689, 0]",1,158,64,0
22139,"[8690, 0]",1,0,0,0
22140,"[8690, 1]",2,41,18,2
22141,"[8691, 0]",1,41,18,0
22142,"[8692, 0]",1,0,0,0
22143,"[8692, 1]",4,0,0,0
22144,"[8692, 2]",2,0,0,0
22145,"[8692, 3]",14,57,26,0
22146,"[8693, 0]",1,158,64,0
22147,"[8694, 0]",1,0,0,0
22148,"[8694, 1]",2,158,64,0
22149,"[8695, 0]",1,0,0,0
22150,"[8695, 1]",2,158,64,1
22151,"[8696, 0]",1,0,0,0
22152,"[8697, 0]",1,156,64,0
22153,"[8698, 0]",1,158,64,0
22154,"[8699, 0]",1,0,0,0
22155,"[8699, 1]",2,158,64,5
22156,"[8700, 0]",1,0,0,0
22157,"[8700, 1]",2,158,64,0
22158,"[8701, 0]",1,57,26,0
22159,"[8702, 0]",1,63,28,0
22160,"[8703, 0]",1,0,0,0
22161,"[8703, 1]",4,0,0,0
22162,"[8703, 2]",3,0,0,0
22163,"[8703, 3]",2,0,0,0
22164,"[8703, 4]",33,41,18,0
22165,"[8703, 5]",32,0,0,0
22166,"[8703, 6]",30,0,0,0
22167,"[8703, 7]",29,0,0,0
22168,"[8703, 8]",25,0,0,0
22169,"[8703, 9]",24,158,64,0
22170,"[8703, 10]",22,0,0,0
22171,"[8703, 11]",19,156,64,0
22172,"[8703, 12]",139,0,0,0
22173,"[8703, 13]",119,158,64,0
22174,"[8703, 14]",90,0,0,0
22175,"[8703, 15]",81,41,18,0
22176,"[8703, 16]",67,158,64,0
22177,"[8703, 17]",363,57,26,0
22178,"[8703, 18]",254,158,64,0
22179,"[8704, 0]",1,41,18,1
22180,"[8705, 0]",1,0,0,0
22181,"[8705, 1]",6,158,64,0
22182,"[8705, 2]",4,0,0,0
22183,"[8705, 3]",3,0,0,0
22184,"[8705, 4]",45,158,64,0
22185,"[8705, 5]",44,0,0,0
22186,"[8705, 6]",40,0,0,0
22187,"[8705, 7]",71,41,18,0
22188,"[8705, 8]",52,158,64,-1
22189,"[8706, 0]",1,158,64,0
22190,"[8707, 0]",1,0,0,0
22191,"[8707, 1]",2,158,64,0
22192,"[8708, 0]",1,158,64,0
22193,"[8709, 0]",1,158,64,0
22194,"[8710, 0]",1,158,64,1
22195,"[8711, 0]",1,41,18,0
22196,"[8712, 0]",1,41,18,0
22197,"[8713, 0]",1,0,0,0
22198,"[8713, 1]",2,2,1,0
22199,"[8714, 0]",1,63,28,0
22200,"[8715, 0]",1,0,0,1
22201,"[8715, 1]",2,0,0,0
22202,"[8715, 2]",43,0,0,0
22203,"[8715, 3]",89,156,64,0
22204,"[8715, 4]",86,0,0,0
22205,"[8715, 5]",152,158,64,0
22206,"[8715, 6]",150,0,0,0
22207,"[8715, 7]",148,0,0,0
22208,"[8715, 8]",213,0,0,0
22209,"[8715, 9]",191,156,64,0
22210,"[8715, 10]",314,0,0,0
22211,"[8715, 11]",497,0,0,0
22212,"[8715, 12]",541,41,18,2
22213,"[8716, 0]",1,0,0,0
22214,"[8716, 1]",2,158,64,0
22215,"[8717, 0]",1,158,64,0
22216,"[8718, 0]",1,0,0,0
22217,"[8718, 1]",2,158,64,0
22218,"[8719, 0]",1,57,26,0
22219,"[8720, 0]",1,0,0,0
22220,"[8720, 1]",2,0,0,0
22221,"[8720, 2]",65,41,18,0
22222,"[8721, 0]",1,0,0,0
22223,"[8721, 1]",2,158,64,0
22224,"[8722, 0]",1,59,28,0
22225,"[8723, 0]",1,158,64,0
22226,"[8724, 0]",1,0,0,0
22227,"[8724, 1]",2,0,0,0
22228,"[8724, 2]",30,2,1,1
22229,"[8725, 0]",1,0,0,1
22230,"[8725, 1]",9,0,0,0
22231,"[8725, 2]",7,0,0,0
22232,"[8725, 3]",6,156,64,0
22233,"[8725, 4]",5,0,0,0
22234,"[8725, 5]",4,158,64,0
22235,"[8725, 6]",3,0,0,0
22236,"[8725, 7]",57,0,0,0
22237,"[8725, 8]",56,0,0,0
22238,"[8725, 9]",55,0,0,0
22239,"[8725, 10]",54,0,0,0
22240,"[8725, 11]",53,0,0,0
22241,"[8725, 12]",46,0,0,0
22242,"[8725, 13]",33,57,26,0
22243,"[8725, 14]",25,41,18,0
22244,"[8725, 15]",135,0,0,0
22245,"[8725, 16]",91,0,0,0
22246,"[8725, 17]",86,0,0,0
22247,"[8725, 18]",83,0,0,0
22248,"[8725, 19]",80,158,64,0
22249,"[8725, 20]",77,41,18,2
22250,"[8725, 21]",440,158,64,0
22251,"[8725, 22]",421,0,0,0
22252,"[8725, 23]",404,158,64,0
22253,"[8725, 24]",327,0,0,0
22254,"[8725, 25]",627,158,64,0
22255,"[8725, 26]",586,57,26,0
22256,"[8726, 0]",1,41,18,0
22257,"[8727, 0]",1,0,0,0
22258,"[8727, 1]",2,0,0,2
22259,"[8727, 2]",17,158,64,0
22260,"[8728, 0]",1,158,64,0
22261,"[8729, 0]",1,0,0,0
22262,"[8729, 1]",2,158,64,0
22263,"[8730, 0]",1,0,0,0
22264,"[8730, 1]",2,158,64,0
22265,"[8731, 0]",1,158,64,0
22266,"[8732, 0]",1,0,0,0
22267,"[8732, 1]",2,0,0,0
22268,"[8732, 2]",17,59,28,0
22269,"[8733, 0]",1,61,28,0
22270,"[8734, 0]",1,158,64,0
22271,"[8735, 0]",1,0,0,0
22272,"[8735, 1]",2,156,64,1
22273,"[8736, 0]",1,0,0,0
22274,"[8736, 1]",2,158,64,0
22275,"[8737, 0]",1,41,18,0
22276,"[8738, 0]",1,0,0,0
22277,"[8738, 1]",2,2,1,-1
22278,"[8739, 0]",1,41,18,0
22279,"[8740, 0]",1,0,0,0
22280,"[8740, 1]",2,156,64,0
22281,"[8741, 0]",1,158,64,0
22282,"[8742, 0]",1,0,0,0
22283,"[8742, 1]",5,156,64,0
22284,"[8742, 2]",3,0,0,0
22285,"[8742, 3]",2,0,0,0
22286,"[8742, 4]",43,158,64,-1
22287,"[8742, 5]",40,158,64,-1
22288,"[8742, 6]",36,156,64,0
22289,"[8743, 0]",1,41,18,0
22290,"[8744, 0]",1,0,0,0
22291,"[8744, 1]",2,41,18,0
22292,"[8745, 0]",1,158,64,0
22293,"[8746, 0]",1,158,64,0
22294,"[8747, 0]",1,158,64,0
22295,"[8748, 0]",1,0,0,0
22296,"[8748, 1]",2,0,0,0
22297,"[8748, 2]",75,37,18,0
22298,"[8749, 0]",1,0,0,0
22299,"[8749, 1]",2,41,18,0
22300,"[8750, 0]",1,51,24,0
22301,"[8751, 0]",1,0,0,0
22302,"[8751, 1]",2,156,64,0
22303,"[8752, 0]",1,2,1,0
22304,"[8753, 0]",1,0,0,0
22305,"[8753, 1]",2,41,18,4
22306,"[8754, 0]",1,0,0,0
22307,"[8754, 1]",2,158,64,0
22308,"[8755, 0]",1,158,64,0
22309,"[8756, 0]",1,0,0,0
22310,"[8756, 1]",2,41,18,0
22311,"[8757, 0]",1,158,64,0
22312,"[8758, 0]",1,158,64,0
22313,"[8759, 0]",1,0,0,0
22314,"[8759, 1]",2,158,64,0
22315,"[8760, 0]",1,2,1,0
22316,"[8761, 0]",1,158,64,0
22317,"[8762, 0]",1,0,0,0
22318,"[8762, 1]",2,0,0,0
22319,"[8762, 2]",66,158,64,0
22320,"[8763, 0]",1,158,64,0
22321,"[8764, 0]",1,2,1,0
22322,"[8765, 0]",1,0,0,0
22323,"[8765, 1]",2,2,1,0
22324,"[8766, 0]",1,0,0,0
22325,"[8766, 1]",2,0,0,0
22326,"[8766, 2]",25,54,24,0
22327,"[8767, 0]",1,158,64,0
22328,"[8768, 0]",1,0,0,1
22329,"[8768, 1]",2,0,0,0
22330,"[8768, 2]",21,158,64,4
22331,"[8769, 0]",1,0,0,0
22332,"[8769, 1]",2,0,0,0
22333,"[8769, 2]",17,156,64,-1
22334,"[8770, 0]",1,41,18,0
22335,"[8771, 0]",1,158,64,0
22336,"[8772, 0]",1,0,0,1
22337,"[8772, 1]",2,57,26,0
22338,"[8773, 0]",1,0,0,1
22339,"[8773, 1]",5,158,64,28
22340,"[8773, 2]",3,158,64,-1
22341,"[8773, 3]",2,0,0,-1
22342,"[8773, 4]",51,0,0,1
22343,"[8773, 5]",86,158,64,0
22344,"[8774, 0]",1,158,64,0
22345,"[8775, 0]",1,0,0,0
22346,"[8775, 1]",5,158,64,0
22347,"[8775, 2]",4,158,64,0
22348,"[8775, 3]",2,0,0,0
22349,"[8775, 4]",30,158,64,-1
22350,"[8776, 0]",1,156,64,0
22351,"[8777, 0]",1,158,64,0
22352,"[8778, 0]",1,41,18,0
22353,"[8779, 0]",1,0,0,0
22354,"[8779, 1]",9,0,0,0
22355,"[8779, 2]",7,0,0,0
22356,"[8779, 3]",5,0,0,0
22357,"[8779, 4]",4,0,0,0
22358,"[8779, 5]",3,0,0,0
22359,"[8779, 6]",70,0,0,0
22360,"[8779, 7]",66,37,18,0
22361,"[8779, 8]",63,0,0,0
22362,"[8779, 9]",62,0,0,0
22363,"[8779, 10]",59,0,0,0
22364,"[8779, 11]",57,0,0,0
22365,"[8779, 12]",56,0,0,0
22366,"[8779, 13]",53,0,0,0
22367,"[8779, 14]",52,0,0,0
22368,"[8779, 15]",51,0,0,0
22369,"[8779, 16]",31,0,0,0
22370,"[8779, 17]",28,41,18,0
22371,"[8779, 18]",229,158,64,0
22372,"[8779, 19]",189,41,18,0
22373,"[8779, 20]",185,0,0,0
22374,"[8779, 21]",174,0,0,0
22375,"[8779, 22]",165,2,1,0
22376,"[8779, 23]",159,156,64,0
22377,"[8779, 24]",148,41,18,0
22378,"[8779, 25]",147,158,64,0
22379,"[8779, 26]",146,0,0,0
22380,"[8779, 27]",145,0,0,0
22381,"[8779, 28]",144,0,0,0
22382,"[8779, 29]",136,0,0,0
22383,"[8779, 30]",98,0,0,0
22384,"[8779, 31]",97,41,18,0
22385,"[8779, 32]",614,0,0,0
22386,"[8779, 33]",569,158,64,0
22387,"[8779, 34]",514,0,0,0
22388,"[8779, 35]",506,0,0,0
22389,"[8779, 36]",500,41,18,0
22390,"[8779, 37]",379,0,0,0
22391,"[8779, 38]",378,158,64,0
22392,"[8779, 39]",341,64,29,0
22393,"[8779, 40]",981,158,64,0
22394,"[8779, 41]",786,158,64,0
22395,"[8779, 42]",715,158,64,0
22396,"[8779, 43]",666,41,18,0
22397,"[8780, 0]",1,0,0,0
22398,"[8780, 1]",2,158,64,0
22399,"[8781, 0]",1,0,0,0
22400,"[8781, 1]",2,57,26,0
22401,"[8782, 0]",1,0,0,0
22402,"[8782, 1]",2,158,64,1
22403,"[8783, 0]",1,54,24,0
22404,"[8784, 0]",1,0,0,0
22405,"[8784, 1]",2,158,64,5
22406,"[8785, 0]",1,41,18,0
22407,"[8786, 0]",1,0,0,0
22408,"[8786, 1]",5,158,64,0
22409,"[8786, 2]",4,0,0,0
22410,"[8786, 3]",2,0,0,0
22411,"[8786, 4]",43,158,64,-1
22412,"[8786, 5]",30,0,0,0
22413,"[8786, 6]",76,41,18,18
22414,"[8787, 0]",1,158,64,0
22415,"[8788, 0]",1,0,0,0
22416,"[8788, 1]",2,158,64,0
22417,"[8789, 0]",1,158,64,0
22418,"[8790, 0]",1,0,0,0
22419,"[8790, 1]",2,0,0,0
22420,"[8790, 2]",22,0,0,0
22421,"[8790, 3]",51,158,64,0
22422,"[8791, 0]",1,0,0,0
22423,"[8791, 1]",2,2,1,0
22424,"[8792, 0]",1,0,0,0
22425,"[8792, 1]",2,0,0,0
22426,"[8792, 2]",15,57,26,1
22427,"[8793, 0]",1,0,0,0
22428,"[8793, 1]",5,158,64,0
22429,"[8793, 2]",4,156,64,0
22430,"[8793, 3]",2,0,0,0
22431,"[8793, 4]",37,158,64,0
22432,"[8794, 0]",1,0,0,0
22433,"[8794, 1]",3,156,64,0
22434,"[8794, 2]",2,158,64,0
22435,"[8795, 0]",1,57,26,0
22436,"[8796, 0]",1,158,64,0
22437,"[8797, 0]",1,0,0,0
22438,"[8797, 1]",2,41,18,0
22439,"[8798, 0]",1,158,64,0
22440,"[8799, 0]",1,0,0,0
22441,"[8799, 1]",2,158,64,0
22442,"[8800, 0]",1,158,64,0
22443,"[8801, 0]",1,0,0,0
22444,"[8801, 1]",2,0,0,0
22445,"[8801, 2]",27,158,64,1
22446,"[8802, 0]",1,57,26,0
22447,"[8803, 0]",1,0,0,0
22448,"[8803, 1]",6,158,64,0
22449,"[8803, 2]",4,158,64,0
22450,"[8803, 3]",3,0,0,0
22451,"[8803, 4]",2,0,0,0
22452,"[8803, 5]",46,0,0,0
22453,"[8803, 6]",42,41,18,0
22454,"[8803, 7]",64,0,0,0
22455,"[8803, 8]",304,158,64,1
22456,"[8804, 0]",1,0,0,0
22457,"[8804, 1]",3,0,0,0
22458,"[8804, 2]",2,0,0,0
22459,"[8804, 3]",29,158,64,0
22460,"[8804, 4]",28,55,26,0
22461,"[8804, 5]",23,41,18,0
22462,"[8805, 0]",1,156,64,0
22463,"[8806, 0]",1,0,0,0
22464,"[8806, 1]",2,158,64,0
22465,"[8807, 0]",1,156,64,0
22466,"[8808, 0]",1,0,0,0
22467,"[8808, 1]",2,41,18,0
22468,"[8809, 0]",1,158,64,0
22469,"[8810, 0]",1,0,0,0
22470,"[8810, 1]",2,41,18,0
22471,"[8811, 0]",1,0,0,0
22472,"[8811, 1]",9,2,1,0
22473,"[8811, 2]",7,158,64,0
22474,"[8811, 3]",4,0,0,0
22475,"[8811, 4]",3,0,0,0
22476,"[8811, 5]",71,0,0,-1
22477,"[8811, 6]",67,2,1,0
22478,"[8811, 7]",65,57,26,0
22479,"[8811, 8]",63,0,0,0
22480,"[8811, 9]",170,0,0,1
22481,"[8811, 10]",127,158,64,-1
22482,"[8811, 11]",352,0,0,0
22483,"[8811, 12]",485,41,18,2
22484,"[8812, 0]",1,0,0,0
22485,"[8812, 1]",2,158,64,0
22486,"[8813, 0]",1,158,64,0
22487,"[8814, 0]",1,41,18,0
22488,"[8815, 0]",1,158,64,0
22489,"[8816, 0]",1,57,26,0
22490,"[8817, 0]",1,156,64,0
22491,"[8818, 0]",1,158,64,0
22492,"[8819, 0]",1,158,64,0
22493,"[8820, 0]",1,158,64,0
22494,"[8821, 0]",1,41,18,0
22495,"[8822, 0]",1,57,26,0
22496,"[8823, 0]",1,41,18,0
22497,"[8824, 0]",1,2,1,1
22498,"[8825, 0]",1,0,0,0
22499,"[8825, 1]",2,158,64,0
22500,"[8826, 0]",1,158,64,0
22501,"[8827, 0]",1,54,24,0
22502,"[8828, 0]",1,0,0,0
22503,"[8828, 1]",6,41,18,0
22504,"[8828, 2]",2,0,0,0
22505,"[8828, 3]",33,41,18,0
22506,"[8828, 4]",31,0,0,0
22507,"[8828, 5]",51,57,26,0
22508,"[8828, 6]",49,0,0,0
22509,"[8828, 7]",125,0,0,0
22510,"[8828, 8]",186,158,64,0
22511,"[8829, 0]",1,59,28,0
22512,"[8830, 0]",1,156,64,0
22513,"[8831, 0]",1,0,0,0
22514,"[8831, 1]",3,0,0,0
22515,"[8831, 2]",2,0,0,0
22516,"[8831, 3]",16,41,18,0
22517,"[8831, 4]",15,156,64,0
22518,"[8831, 5]",13,0,0,0
22519,"[8831, 6]",8,0,0,0
22520,"[8831, 7]",65,41,18,0
22521,"[8831, 8]",43,0,0,0
22522,"[8831, 9]",139,158,64,0
22523,"[8832, 0]",1,0,0,0
22524,"[8832, 1]",2,57,26,0
22525,"[8833, 0]",1,57,26,0
22526,"[8834, 0]",1,158,64,0
22527,"[8835, 0]",1,158,64,0
22528,"[8836, 0]",1,41,18,0
22529,"[8837, 0]",1,158,64,0
22530,"[8838, 0]",1,41,18,0
22531,"[8839, 0]",1,158,64,0
22532,"[8840, 0]",1,0,0,0
22533,"[8840, 1]",2,158,64,0
22534,"[8841, 0]",1,0,0,0
22535,"[8841, 1]",2,158,64,0
22536,"[8842, 0]",1,0,0,0
22537,"[8842, 1]",2,158,64,0
22538,"[8843, 0]",1,0,0,0
22539,"[8843, 1]",13,158,64,0
22540,"[8843, 2]",9,0,0,0
22541,"[8843, 3]",8,0,0,0
22542,"[8843, 4]",7,0,0,0
22543,"[8843, 5]",5,0,0,0
22544,"[8843, 6]",4,0,0,0
22545,"[8843, 7]",3,0,0,0
22546,"[8843, 8]",2,0,0,0
22547,"[8843, 9]",57,0,0,0
22548,"[8843, 10]",56,0,0,0
22549,"[8843, 11]",52,0,0,0
22550,"[8843, 12]",50,0,0,0
22551,"[8843, 13]",49,0,0,0
22552,"[8843, 14]",47,158,64,0
22553,"[8843, 15]",45,0,0,0
22554,"[8843, 16]",44,0,0,0
22555,"[8843, 17]",40,0,0,0
22556,"[8843, 18]",39,0,0,0
22557,"[8843, 19]",32,41,18,0
22558,"[8843, 20]",27,0,0,0
22559,"[8843, 21]",23,158,64,0
22560,"[8843, 22]",268,156,64,12
22561,"[8843, 23]",199,158,64,0
22562,"[8843, 24]",195,41,18,1
22563,"[8843, 25]",164,158,64,0
22564,"[8843, 26]",163,0,0,0
22565,"[8843, 27]",158,0,0,0
22566,"[8843, 28]",139,158,64,0
22567,"[8843, 29]",138,0,0,0
22568,"[8843, 30]",131,57,26,0
22569,"[8843, 31]",112,2,1,0
22570,"[8843, 32]",89,0,0,-1
22571,"[8843, 33]",86,0,0,0
22572,"[8843, 34]",84,0,0,0
22573,"[8843, 35]",738,158,64,0
22574,"[8843, 36]",737,158,64,0
22575,"[8843, 37]",725,0,0,1
22576,"[8843, 38]",713,0,0,-1
22577,"[8843, 39]",617,0,0,0
22578,"[8843, 40]",580,158,64,6
22579,"[8843, 41]",541,57,26,3
22580,"[8843, 42]",872,158,64,-1
22581,"[8843, 43]",831,2,1,-1
22582,"[8843, 44]",788,2,1,0
22583,"[8844, 0]",1,158,64,0
22584,"[8845, 0]",1,2,1,0
22585,"[8846, 0]",1,57,26,0
22586,"[8847, 0]",1,0,0,0
22587,"[8847, 1]",2,54,24,0
22588,"[8848, 0]",1,41,18,0
22589,"[8849, 0]",1,0,0,0
22590,"[8849, 1]",5,0,0,0
22591,"[8849, 2]",2,0,0,0
22592,"[8849, 3]",62,158,64,0
22593,"[8849, 4]",59,0,0,0
22594,"[8849, 5]",46,158,64,0
22595,"[8849, 6]",100,156,64,0
22596,"[8849, 7]",99,0,0,0
22597,"[8849, 8]",215,158,64,-1
22598,"[8850, 0]",1,158,64,0
22599,"[8851, 0]",1,0,0,0
22600,"[8851, 1]",3,158,64,0
22601,"[8851, 2]",2,0,0,0
22602,"[8851, 3]",35,54,24,0
22603,"[8852, 0]",1,0,0,0
22604,"[8852, 1]",6,41,18,0
22605,"[8852, 2]",3,0,0,0
22606,"[8852, 3]",2,0,0,0
22607,"[8852, 4]",52,0,0,0
22608,"[8852, 5]",47,41,18,0
22609,"[8852, 6]",57,158,64,0
22610,"[8853, 0]",1,158,64,0
22611,"[8854, 0]",1,156,64,0
22612,"[8855, 0]",1,2,1,0
22613,"[8856, 0]",1,57,26,0
22614,"[8857, 0]",1,158,64,0
22615,"[8858, 0]",1,0,0,0
22616,"[8858, 1]",2,0,0,0
22617,"[8858, 2]",27,55,26,0
22618,"[8859, 0]",1,2,1,0
22619,"[8860, 0]",1,158,64,0
22620,"[8861, 0]",1,51,24,0
22621,"[8862, 0]",1,57,26,0
22622,"[8863, 0]",1,158,64,0
22623,"[8864, 0]",1,41,18,0
22624,"[8865, 0]",1,0,0,0
22625,"[8865, 1]",2,41,18,16
22626,"[8866, 0]",1,0,0,0
22627,"[8866, 1]",2,0,0,0
22628,"[8866, 2]",33,57,26,0
22629,"[8867, 0]",1,0,0,0
22630,"[8867, 1]",5,158,64,0
22631,"[8867, 2]",4,155,64,0
22632,"[8867, 3]",3,41,18,0
22633,"[8868, 0]",1,0,0,0
22634,"[8868, 1]",2,0,0,0
22635,"[8868, 2]",24,158,64,0
22636,"[8869, 0]",1,0,0,0
22637,"[8869, 1]",2,0,0,0
22638,"[8869, 2]",67,53,24,0
22639,"[8870, 0]",1,158,64,0
22640,"[8871, 0]",1,41,18,0
22641,"[8872, 0]",1,2,1,0
22642,"[8873, 0]",1,41,18,0
22643,"[8874, 0]",1,158,64,0
22644,"[8875, 0]",1,0,0,0
22645,"[8875, 1]",2,158,64,0
22646,"[8876, 0]",1,0,0,0
22647,"[8876, 1]",2,158,64,0
22648,"[8877, 0]",1,158,64,0
22649,"[8878, 0]",1,41,18,0
22650,"[8879, 0]",1,0,0,0
22651,"[8879, 1]",2,57,26,0
22652,"[8880, 0]",1,57,26,0
22653,"[8881, 0]",1,0,0,0
22654,"[8881, 1]",2,158,64,0
22655,"[8882, 0]",1,0,0,0
22656,"[8882, 1]",2,0,0,-1
22657,"[8882, 2]",21,158,64,-1
22658,"[8883, 0]",1,158,64,0
22659,"[8884, 0]",1,0,0,0
22660,"[8884, 1]",2,158,64,0
22661,"[8885, 0]",1,0,0,0
22662,"[8885, 1]",2,0,0,0
22663,"[8885, 2]",28,41,18,0
22664,"[8886, 0]",1,55,26,0
22665,"[8887, 0]",1,0,0,0
22666,"[8887, 1]",2,51,24,0
22667,"[8888, 0]",1,0,0,0
22668,"[8888, 1]",2,0,0,-1
22669,"[8888, 2]",54,158,64,-1
22670,"[8888, 3]",53,0,0,-1
22671,"[8888, 4]",52,0,0,-1
22672,"[8888, 5]",87,54,24,-1
22673,"[8888, 6]",86,59,28,11
22674,"[8888, 7]",84,0,0,4
22675,"[8888, 8]",78,0,0,-1
22676,"[8888, 9]",164,158,64,-1
22677,"[8888, 10]",131,0,0,0
22678,"[8888, 11]",270,57,26,0
22679,"[8888, 12]",269,0,0,0
22680,"[8888, 13]",371,0,0,0
22681,"[8888, 14]",505,158,64,0
22682,"[8889, 0]",1,57,26,0
22683,"[8890, 0]",1,0,0,0
22684,"[8890, 1]",8,57,26,0
22685,"[8890, 2]",7,53,24,0
22686,"[8890, 3]",6,0,0,0
22687,"[8890, 4]",5,0,0,0
22688,"[8890, 5]",3,0,0,0
22689,"[8890, 6]",2,0,0,0
22690,"[8890, 7]",51,53,24,-1
22691,"[8890, 8]",49,158,64,-1
22692,"[8890, 9]",47,0,0,-1
22693,"[8890, 10]",44,158,64,0
22694,"[8890, 11]",41,0,0,0
22695,"[8890, 12]",40,0,0,0
22696,"[8890, 13]",34,0,0,0
22697,"[8890, 14]",25,158,64,0
22698,"[8890, 15]",150,57,26,0
22699,"[8890, 16]",123,57,26,0
22700,"[8890, 17]",120,158,64,0
22701,"[8890, 18]",79,156,64,2
22702,"[8891, 0]",1,0,0,0
22703,"[8891, 1]",2,158,64,0
22704,"[8892, 0]",1,41,18,1
22705,"[8893, 0]",1,41,18,0
22706,"[8894, 0]",1,0,0,0
22707,"[8894, 1]",2,0,0,0
22708,"[8894, 2]",35,156,64,0
22709,"[8895, 0]",1,156,64,0
22710,"[8896, 0]",1,158,64,0
22711,"[8897, 0]",1,0,0,0
22712,"[8897, 1]",2,158,64,0
22713,"[8898, 0]",1,2,1,0
22714,"[8899, 0]",1,0,0,1
22715,"[8899, 1]",2,0,0,0
22716,"[8899, 2]",76,158,64,0
22717,"[8900, 0]",1,156,64,0
22718,"[8901, 0]",1,0,0,0
22719,"[8901, 1]",2,0,0,-1
22720,"[8901, 2]",11,158,64,-1
22721,"[8902, 0]",1,0,0,0
22722,"[8902, 1]",5,57,26,0
22723,"[8902, 2]",4,0,0,0
22724,"[8902, 3]",3,0,0,0
22725,"[8902, 4]",2,0,0,0
22726,"[8902, 5]",42,156,64,0
22727,"[8902, 6]",41,158,64,0
22728,"[8902, 7]",34,158,64,0
22729,"[8902, 8]",29,158,64,0
22730,"[8903, 0]",1,158,64,0
22731,"[8904, 0]",1,57,26,0
22732,"[8905, 0]",1,57,26,0
22733,"[8906, 0]",1,41,18,0
22734,"[8907, 0]",1,0,0,0
22735,"[8907, 1]",2,0,0,0
22736,"[8907, 2]",54,158,64,0
22737,"[8908, 0]",1,158,64,0
22738,"[8909, 0]",1,53,24,0
22739,"[8910, 0]",1,0,0,0
22740,"[8910, 1]",2,41,18,0
22741,"[8911, 0]",1,158,64,0
22742,"[8912, 0]",1,158,64,0
22743,"[8913, 0]",1,41,18,1
22744,"[8914, 0]",1,0,0,0
22745,"[8914, 1]",2,158,64,0
22746,"[8915, 0]",1,156,64,0
22747,"[8916, 0]",1,0,0,0
22748,"[8916, 1]",6,158,64,0
22749,"[8916, 2]",5,158,64,0
22750,"[8916, 3]",3,0,0,0
22751,"[8916, 4]",2,0,0,0
22752,"[8916, 5]",36,0,0,0
22753,"[8916, 6]",32,158,64,0
22754,"[8916, 7]",31,158,64,0
22755,"[8916, 8]",73,0,0,0
22756,"[8916, 9]",263,0,0,0
22757,"[8916, 10]",279,0,0,0
22758,"[8916, 11]",374,158,64,7
22759,"[8917, 0]",1,0,0,0
22760,"[8917, 1]",2,0,0,-1
22761,"[8917, 2]",34,41,18,6
22762,"[8917, 3]",33,158,64,2
22763,"[8917, 4]",32,0,0,-1
22764,"[8917, 5]",71,0,0,-1
22765,"[8917, 6]",139,0,0,-1
22766,"[8917, 7]",138,158,64,-1
22767,"[8917, 8]",137,0,0,-1
22768,"[8917, 9]",317,41,18,7
22769,"[8917, 10]",312,51,24,1
22770,"[8918, 0]",1,0,0,0
22771,"[8918, 1]",2,158,64,0
22772,"[8919, 0]",1,54,24,0
22773,"[8920, 0]",1,51,24,0
22774,"[8921, 0]",1,59,28,0
22775,"[8922, 0]",1,156,64,0
22776,"[8923, 0]",1,158,64,0
22777,"[8924, 0]",1,158,64,0
22778,"[8925, 0]",1,57,26,0
22779,"[8926, 0]",1,158,64,0
22780,"[8927, 0]",1,57,26,0
22781,"[8928, 0]",1,66,29,0
22782,"[8929, 0]",1,0,0,0
22783,"[8929, 1]",2,53,24,1
22784,"[8930, 0]",1,0,0,0
22785,"[8930, 1]",5,158,64,0
22786,"[8930, 2]",3,156,64,0
22787,"[8930, 3]",2,0,0,0
22788,"[8930, 4]",31,156,64,0
22789,"[8930, 5]",30,41,18,0
22790,"[8930, 6]",28,0,0,0
22791,"[8930, 7]",59,0,0,0
22792,"[8930, 8]",218,41,18,0
22793,"[8931, 0]",1,0,0,0
22794,"[8931, 1]",2,41,18,0
22795,"[8932, 0]",1,0,0,0
22796,"[8932, 1]",17,57,26,0
22797,"[8932, 2]",16,0,0,0
22798,"[8932, 3]",14,0,0,0
22799,"[8932, 4]",13,0,0,0
22800,"[8932, 5]",12,0,0,0
22801,"[8932, 6]",11,0,0,0
22802,"[8932, 7]",10,0,0,0
22803,"[8932, 8]",7,0,0,0
22804,"[8932, 9]",4,0,0,0
22805,"[8932, 10]",2,0,0,0
22806,"[8932, 11]",83,0,0,0
22807,"[8932, 12]",82,0,0,0
22808,"[8932, 13]",75,0,0,0
22809,"[8932, 14]",74,0,0,0
22810,"[8932, 15]",73,0,0,0
22811,"[8932, 16]",70,158,64,0
22812,"[8932, 17]",69,0,0,0
22813,"[8932, 18]",64,158,64,0
22814,"[8932, 19]",63,158,64,0
22815,"[8932, 20]",59,158,64,0
22816,"[8932, 21]",58,158,64,0
22817,"[8932, 22]",53,0,0,0
22818,"[8932, 23]",46,0,0,0
22819,"[8932, 24]",39,0,0,0
22820,"[8932, 25]",35,158,64,0
22821,"[8932, 26]",320,158,64,0
22822,"[8932, 27]",300,158,64,0
22823,"[8932, 28]",251,158,64,0
22824,"[8932, 29]",155,158,64,1
22825,"[8932, 30]",141,158,64,0
22826,"[8932, 31]",139,158,64,0
22827,"[8932, 32]",138,0,0,0
22828,"[8932, 33]",134,0,0,0
22829,"[8932, 34]",130,0,0,0
22830,"[8932, 35]",108,158,64,0
22831,"[8932, 36]",106,41,18,0
22832,"[8932, 37]",103,0,0,0
22833,"[8932, 38]",99,0,0,0
22834,"[8932, 39]",942,0,0,0
22835,"[8932, 40]",914,41,18,0
22836,"[8932, 41]",862,0,0,-1
22837,"[8932, 42]",838,2,1,0
22838,"[8932, 43]",818,0,0,0
22839,"[8932, 44]",1204,0,0,0
22840,"[8932, 45]",1115,158,64,-1
22841,"[8932, 46]",1025,158,64,0
22842,"[8932, 47]",1751,41,18,0
22843,"[8933, 0]",1,0,0,0
22844,"[8933, 1]",2,0,0,0
22845,"[8933, 2]",25,41,18,0
22846,"[8934, 0]",1,41,18,0
22847,"[8935, 0]",1,0,0,0
22848,"[8935, 1]",2,2,1,0
22849,"[8936, 0]",1,0,0,1
22850,"[8936, 1]",3,0,0,0
22851,"[8936, 2]",2,0,0,0
22852,"[8936, 3]",30,57,26,-1
22853,"[8936, 4]",26,41,18,0
22854,"[8937, 0]",1,156,64,0
22855,"[8938, 0]",1,158,64,0
22856,"[8939, 0]",1,0,0,0
22857,"[8939, 1]",2,0,0,0
22858,"[8939, 2]",15,37,18,0
22859,"[8940, 0]",1,0,0,0
22860,"[8940, 1]",3,156,64,0
22861,"[8940, 2]",2,158,64,0
22862,"[8941, 0]",1,0,0,0
22863,"[8941, 1]",2,41,18,0
22864,"[8942, 0]",1,158,64,0
22865,"[8943, 0]",1,54,24,0
22866,"[8944, 0]",1,2,1,0
22867,"[8945, 0]",1,158,64,0
22868,"[8946, 0]",1,158,64,0
22869,"[8947, 0]",1,0,0,0
22870,"[8947, 1]",2,57,26,0
22871,"[8948, 0]",1,0,0,0
22872,"[8948, 1]",2,57,26,0
22873,"[8949, 0]",1,41,18,1
22874,"[8950, 0]",1,158,64,0
22875,"[8951, 0]",1,156,64,0
22876,"[8952, 0]",1,0,0,0
22877,"[8952, 1]",3,0,0,0
22878,"[8952, 2]",2,41,18,0
22879,"[8952, 3]",29,57,26,0
22880,"[8953, 0]",1,0,0,0
22881,"[8953, 1]",2,41,18,0
22882,"[8954, 0]",1,0,0,0
22883,"[8954, 1]",2,158,64,0
22884,"[8955, 0]",1,2,1,0
22885,"[8956, 0]",1,57,26,0
22886,"[8957, 0]",1,41,18,0
22887,"[8958, 0]",1,0,0,0
22888,"[8958, 1]",2,61,28,5
22889,"[8959, 0]",1,158,64,0
22890,"[8960, 0]",1,41,18,0
22891,"[8961, 0]",1,41,18,0
22892,"[8962, 0]",1,0,0,0
22893,"[8962, 1]",2,158,64,0
22894,"[8963, 0]",1,158,64,1
22895,"[8964, 0]",1,0,0,0
22896,"[8964, 1]",2,2,1,0
22897,"[8965, 0]",1,0,0,0
22898,"[8965, 1]",2,158,64,0
22899,"[8966, 0]",1,57,26,0
22900,"[8967, 0]",1,0,0,0
22901,"[8967, 1]",7,0,0,0
22902,"[8967, 2]",6,0,0,0
22903,"[8967, 3]",4,0,0,0
22904,"[8967, 4]",3,0,0,0
22905,"[8967, 5]",2,0,0,0
22906,"[8967, 6]",40,158,64,0
22907,"[8967, 7]",39,158,64,0
22908,"[8967, 8]",35,156,64,0
22909,"[8967, 9]",31,41,18,0
22910,"[8967, 10]",19,0,0,-1
22911,"[8967, 11]",16,2,1,0
22912,"[8967, 12]",143,41,18,4
22913,"[8968, 0]",1,158,64,1
22914,"[8969, 0]",1,54,24,0
22915,"[8970, 0]",1,0,0,0
22916,"[8970, 1]",2,0,0,-1
22917,"[8970, 2]",25,54,24,-1
22918,"[8971, 0]",1,158,64,0
22919,"[8972, 0]",1,2,1,0
22920,"[8973, 0]",1,0,0,0
22921,"[8973, 1]",2,0,0,0
22922,"[8973, 2]",36,57,26,0
22923,"[8973, 3]",35,158,64,0
22924,"[8973, 4]",34,0,0,0
22925,"[8973, 5]",33,158,64,0
22926,"[8973, 6]",66,158,64,14
22927,"[8974, 0]",1,41,18,0
22928,"[8975, 0]",1,158,64,0
22929,"[8976, 0]",1,0,0,0
22930,"[8976, 1]",2,41,18,0
22931,"[8977, 0]",1,0,0,0
22932,"[8977, 1]",4,158,64,-1
22933,"[8978, 0]",1,0,0,0
22934,"[8978, 1]",2,2,1,0
22935,"[8979, 0]",1,41,18,0
22936,"[8980, 0]",1,0,0,0
22937,"[8980, 1]",3,0,0,0
22938,"[8980, 2]",2,0,0,0
22939,"[8980, 3]",34,57,26,0
22940,"[8980, 4]",31,0,0,0
22941,"[8980, 5]",30,0,0,0
22942,"[8980, 6]",27,57,26,11
22943,"[8980, 7]",26,0,0,-1
22944,"[8980, 8]",106,158,64,-1
22945,"[8980, 9]",104,158,64,-1
22946,"[8980, 10]",102,0,0,-1
22947,"[8980, 11]",76,0,0,-1
22948,"[8980, 12]",67,156,64,0
22949,"[8980, 13]",190,0,0,-1
22950,"[8980, 14]",156,158,64,-1
22951,"[8980, 15]",402,158,64,-1
22952,"[8981, 0]",1,58,26,0
22953,"[8982, 0]",1,57,26,0
22954,"[8983, 0]",1,53,24,0
22955,"[8984, 0]",1,0,0,0
22956,"[8984, 1]",6,0,0,0
22957,"[8984, 2]",3,0,0,0
22958,"[8984, 3]",2,0,0,0
22959,"[8984, 4]",63,57,26,0
22960,"[8984, 5]",61,0,0,0
22961,"[8984, 6]",59,0,0,0
22962,"[8984, 7]",58,0,0,0
22963,"[8984, 8]",54,0,0,0
22964,"[8984, 9]",31,158,64,0
22965,"[8984, 10]",125,41,18,0
22966,"[8984, 11]",98,2,1,0
22967,"[8984, 12]",95,41,18,0
22968,"[8984, 13]",82,158,64,0
22969,"[8985, 0]",1,0,0,0
22970,"[8985, 1]",2,0,0,0
22971,"[8985, 2]",43,158,64,0
22972,"[8986, 0]",1,158,64,0
22973,"[8987, 0]",1,0,0,0
22974,"[8988, 0]",1,0,0,0
22975,"[8988, 1]",2,0,0,0
22976,"[8988, 2]",25,41,18,0
22977,"[8989, 0]",1,0,0,0
22978,"[8989, 1]",2,158,64,3
22979,"[8990, 0]",1,2,1,0
22980,"[8991, 0]",1,0,0,0
22981,"[8991, 1]",2,158,64,0
22982,"[8992, 0]",1,0,0,0
22983,"[8992, 1]",2,0,0,0
22984,"[8992, 2]",14,41,18,0
22985,"[8993, 0]",1,0,0,0
22986,"[8993, 1]",3,0,0,0
22987,"[8993, 2]",2,41,18,0
22988,"[8993, 3]",35,158,64,0
22989,"[8994, 0]",1,0,0,0
22990,"[8994, 1]",3,59,28,0
22991,"[8994, 2]",2,37,18,0
22992,"[8995, 0]",1,158,64,1
22993,"[8996, 0]",1,0,0,0
22994,"[8996, 1]",3,158,64,0
22995,"[8996, 2]",2,0,0,0
22996,"[8996, 3]",11,158,64,0
22997,"[8997, 0]",1,0,0,0
22998,"[8997, 1]",3,2,1,0
22999,"[8997, 2]",2,41,18,0
23000,"[8998, 0]",1,41,18,0
23001,"[8999, 0]",1,0,0,0
23002,"[8999, 1]",3,0,0,0
23003,"[8999, 2]",2,158,64,0
23004,"[8999, 3]",33,158,64,3
23005,"[9000, 0]",1,0,0,0
23006,"[9000, 1]",2,158,64,-1
23007,"[9001, 0]",1,0,0,1
23008,"[9001, 1]",2,158,64,0
23009,"[9002, 0]",1,156,64,0
23010,"[9003, 0]",1,156,64,0
23011,"[9004, 0]",1,158,64,0
23012,"[9005, 0]",1,0,0,0
23013,"[9005, 1]",2,0,0,0
23014,"[9005, 2]",24,156,64,0
23015,"[9006, 0]",1,158,64,0
23016,"[9007, 0]",1,0,0,0
23017,"[9007, 1]",2,158,64,0
23018,"[9008, 0]",1,53,24,0
23019,"[9009, 0]",1,0,0,0
23020,"[9009, 1]",2,41,18,0
23021,"[9010, 0]",1,54,24,1
23022,"[9011, 0]",1,0,0,0
23023,"[9011, 1]",2,158,64,0
23024,"[9012, 0]",1,0,0,0
23025,"[9012, 1]",2,158,64,0
23026,"[9013, 0]",1,158,64,1
23027,"[9014, 0]",1,158,64,0
23028,"[9015, 0]",1,41,18,0
23029,"[9016, 0]",1,158,64,0
23030,"[9017, 0]",1,158,64,0
23031,"[9018, 0]",1,158,64,0
23032,"[9019, 0]",1,41,18,0
23033,"[9020, 0]",1,158,64,0
23034,"[9021, 0]",1,41,18,0
23035,"[9022, 0]",1,0,0,0
23036,"[9022, 1]",2,0,0,2
23037,"[9022, 2]",38,158,64,2
23038,"[9023, 0]",1,158,64,0
23039,"[9024, 0]",1,0,0,0
23040,"[9024, 1]",2,158,64,0
23041,"[9025, 0]",1,2,1,0
23042,"[9026, 0]",1,2,1,0
23043,"[9027, 0]",1,158,64,0
23044,"[9028, 0]",1,0,0,0
23045,"[9028, 1]",2,158,64,0
23046,"[9029, 0]",1,0,0,0
23047,"[9029, 1]",2,158,64,0
23048,"[9030, 0]",1,2,1,0
23049,"[9031, 0]",1,0,0,0
23050,"[9031, 1]",2,156,64,0
23051,"[9032, 0]",1,0,0,0
23052,"[9032, 1]",2,158,64,0
23053,"[9033, 0]",1,0,0,0
23054,"[9033, 1]",2,0,0,0
23055,"[9033, 2]",85,57,26,0
23056,"[9034, 0]",1,0,0,0
23057,"[9034, 1]",2,158,64,0
23058,"[9035, 0]",1,0,0,0
23059,"[9035, 1]",2,41,18,0
23060,"[9036, 0]",1,41,18,0
23061,"[9037, 0]",1,0,0,0
23062,"[9037, 1]",2,158,64,0
23063,"[9038, 0]",1,0,0,0
23064,"[9038, 1]",2,0,0,-1
23065,"[9038, 2]",33,158,64,3
23066,"[9039, 0]",1,0,0,0
23067,"[9039, 1]",2,2,1,1
23068,"[9040, 0]",1,41,18,0
23069,"[9041, 0]",1,64,29,0
23070,"[9042, 0]",1,0,0,0
23071,"[9042, 1]",2,158,64,0
23072,"[9043, 0]",1,53,24,0
23073,"[9044, 0]",1,158,64,0
23074,"[9045, 0]",1,41,18,0
23075,"[9046, 0]",1,0,0,0
23076,"[9046, 1]",7,156,64,-1
23077,"[9046, 2]",3,158,64,-1
23078,"[9046, 3]",2,0,0,-1
23079,"[9046, 4]",67,156,64,-1
23080,"[9047, 0]",1,41,18,1
23081,"[9048, 0]",1,0,0,0
23082,"[9048, 1]",2,41,18,2
23083,"[9049, 0]",1,0,0,0
23084,"[9049, 1]",3,59,28,0
23085,"[9049, 2]",2,0,0,0
23086,"[9049, 3]",23,53,24,0
23087,"[9049, 4]",22,158,64,0
23088,"[9049, 5]",21,0,0,0
23089,"[9049, 6]",45,158,64,10
23090,"[9049, 7]",42,0,0,1
23091,"[9049, 8]",126,158,64,0
23092,"[9049, 9]",125,0,0,0
23093,"[9049, 10]",225,158,64,3
23094,"[9050, 0]",1,0,0,0
23095,"[9050, 1]",8,158,64,0
23096,"[9050, 2]",6,2,1,0
23097,"[9050, 3]",5,0,0,0
23098,"[9050, 4]",3,0,0,0
23099,"[9050, 5]",2,0,0,0
23100,"[9050, 6]",60,158,64,0
23101,"[9050, 7]",57,0,0,0
23102,"[9050, 8]",56,0,0,0
23103,"[9050, 9]",55,0,0,0
23104,"[9050, 10]",51,158,64,0
23105,"[9050, 11]",50,0,0,0
23106,"[9050, 12]",47,158,64,0
23107,"[9050, 13]",149,156,64,0
23108,"[9050, 14]",118,0,0,0
23109,"[9050, 15]",112,158,64,0
23110,"[9050, 16]",105,0,0,0
23111,"[9050, 17]",433,158,64,0
23112,"[9050, 18]",334,41,18,0
23113,"[9051, 0]",1,0,0,1
23114,"[9051, 1]",7,2,1,0
23115,"[9051, 2]",6,156,64,0
23116,"[9051, 3]",3,0,0,0
23117,"[9051, 4]",61,158,64,0
23118,"[9051, 5]",60,156,64,0
23119,"[9051, 6]",52,41,18,0
23120,"[9052, 0]",1,54,24,0
23121,"[9053, 0]",1,0,0,0
23122,"[9053, 1]",6,0,0,0
23123,"[9053, 2]",5,0,0,0
23124,"[9053, 3]",3,0,0,0
23125,"[9053, 4]",2,0,0,0
23126,"[9053, 5]",45,0,0,0
23127,"[9053, 6]",39,77,32,0
23128,"[9053, 7]",27,0,0,0
23129,"[9053, 8]",23,57,26,-1
23130,"[9053, 9]",110,2,1,1
23131,"[9053, 10]",69,57,26,0
23132,"[9054, 0]",1,158,64,0
23133,"[9055, 0]",1,57,26,0
23134,"[9056, 0]",1,0,0,0
23135,"[9056, 1]",2,0,0,0
23136,"[9056, 2]",31,156,64,0
23137,"[9057, 0]",1,158,64,0
23138,"[9058, 0]",1,0,0,0
23139,"[9058, 1]",2,158,64,0
23140,"[9059, 0]",1,0,0,0
23141,"[9059, 1]",2,158,64,0
23142,"[9060, 0]",1,57,26,0
23143,"[9061, 0]",1,156,64,0
23144,"[9062, 0]",1,41,18,0
23145,"[9063, 0]",1,0,0,0
23146,"[9063, 1]",2,0,0,1
23147,"[9063, 2]",13,0,0,0
23148,"[9063, 3]",39,158,64,2
23149,"[9064, 0]",1,0,0,0
23150,"[9064, 1]",7,0,0,0
23151,"[9064, 2]",4,0,0,0
23152,"[9064, 3]",2,0,0,0
23153,"[9064, 4]",60,0,0,0
23154,"[9064, 5]",43,59,28,0
23155,"[9064, 6]",18,0,0,0
23156,"[9064, 7]",167,57,26,9
23157,"[9064, 8]",123,158,64,0
23158,"[9065, 0]",1,41,18,0
23159,"[9066, 0]",1,41,18,0
23160,"[9067, 0]",1,158,64,0
23161,"[9068, 0]",1,0,0,0
23162,"[9068, 1]",8,0,0,0
23163,"[9068, 2]",7,0,0,0
23164,"[9068, 3]",5,0,0,0
23165,"[9068, 4]",3,0,0,0
23166,"[9068, 5]",2,0,0,0
23167,"[9068, 6]",63,0,0,0
23168,"[9068, 7]",62,0,0,0
23169,"[9068, 8]",60,0,0,0
23170,"[9068, 9]",53,0,0,0
23171,"[9068, 10]",38,0,0,0
23172,"[9068, 11]",35,158,64,0
23173,"[9068, 12]",151,57,26,0
23174,"[9068, 13]",134,41,18,0
23175,"[9068, 14]",98,0,0,0
23176,"[9068, 15]",87,0,0,0
23177,"[9068, 16]",84,41,18,0
23178,"[9068, 17]",268,158,64,-1
23179,"[9068, 18]",251,57,26,0
23180,"[9069, 0]",1,156,64,1
23181,"[9070, 0]",1,57,26,0
23182,"[9071, 0]",1,158,64,0
23183,"[9072, 0]",1,57,26,0
23184,"[9073, 0]",1,2,1,0
23185,"[9074, 0]",1,0,0,0
23186,"[9074, 1]",2,158,64,0
23187,"[9075, 0]",1,0,0,0
23188,"[9075, 1]",3,0,0,0
23189,"[9075, 2]",32,0,0,0
23190,"[9075, 3]",54,2,1,-1
23191,"[9076, 0]",1,2,1,0
23192,"[9077, 0]",1,0,0,0
23193,"[9077, 1]",2,0,0,0
23194,"[9077, 2]",70,158,64,0
23195,"[9078, 0]",1,0,0,0
23196,"[9078, 1]",2,41,18,0
23197,"[9079, 0]",1,158,64,0
23198,"[9080, 0]",1,0,0,0
23199,"[9080, 1]",2,158,64,0
23200,"[9081, 0]",1,0,0,0
23201,"[9081, 1]",2,158,64,0
23202,"[9082, 0]",1,158,64,0
23203,"[9083, 0]",1,0,0,0
23204,"[9083, 1]",3,0,0,0
23205,"[9083, 2]",2,0,0,0
23206,"[9083, 3]",24,0,0,0
23207,"[9083, 4]",21,156,64,0
23208,"[9083, 5]",44,41,18,0
23209,"[9084, 0]",1,57,26,0
23210,"[9085, 0]",1,57,26,0
23211,"[9086, 0]",1,0,0,0
23212,"[9086, 1]",2,0,0,0
23213,"[9086, 2]",21,156,64,0
23214,"[9087, 0]",1,0,0,0
23215,"[9087, 1]",2,0,0,0
23216,"[9087, 2]",81,57,26,0
23217,"[9088, 0]",1,158,64,0
23218,"[9089, 0]",1,41,18,0
23219,"[9090, 0]",1,158,64,0
23220,"[9091, 0]",1,0,0,0
23221,"[9091, 1]",2,0,0,0
23222,"[9091, 2]",22,158,64,0
23223,"[9092, 0]",1,0,0,0
23224,"[9092, 1]",2,0,0,0
23225,"[9092, 2]",24,158,64,0
23226,"[9092, 3]",23,0,0,0
23227,"[9092, 4]",22,0,0,0
23228,"[9092, 5]",56,0,0,0
23229,"[9092, 6]",52,41,18,0
23230,"[9092, 7]",134,156,64,0
23231,"[9093, 0]",1,0,0,0
23232,"[9093, 1]",2,0,0,0
23233,"[9093, 2]",19,2,1,5
23234,"[9094, 0]",1,0,0,0
23235,"[9094, 1]",2,41,18,0
23236,"[9095, 0]",1,156,64,0
23237,"[9096, 0]",1,158,64,0
23238,"[9097, 0]",1,0,0,0
23239,"[9097, 1]",7,57,26,0
23240,"[9097, 2]",6,57,26,0
23241,"[9097, 3]",5,158,64,0
23242,"[9097, 4]",4,41,18,0
23243,"[9097, 5]",2,0,0,0
23244,"[9097, 6]",39,0,0,0
23245,"[9097, 7]",37,0,0,0
23246,"[9097, 8]",70,64,29,0
23247,"[9097, 9]",54,158,64,0
23248,"[9098, 0]",1,41,18,0
23249,"[9099, 0]",1,158,64,0
23250,"[9100, 0]",1,0,0,0
23251,"[9100, 1]",2,158,64,15
23252,"[9101, 0]",1,158,64,0
23253,"[9102, 0]",1,0,0,1
23254,"[9102, 1]",2,2,1,0
23255,"[9103, 0]",1,41,18,0
23256,"[9104, 0]",1,158,64,0
23257,"[9105, 0]",1,41,18,0
23258,"[9106, 0]",1,158,64,0
23259,"[9107, 0]",1,0,0,0
23260,"[9107, 1]",2,158,64,0
23261,"[9108, 0]",1,158,64,0
23262,"[9109, 0]",1,158,64,0
23263,"[9110, 0]",1,41,18,0
23264,"[9111, 0]",1,158,64,0
23265,"[9112, 0]",1,41,18,0
23266,"[9113, 0]",1,158,64,0
23267,"[9114, 0]",1,0,0,0
23268,"[9114, 1]",2,41,18,0
23269,"[9115, 0]",1,158,64,0
23270,"[9116, 0]",1,0,0,0
23271,"[9116, 1]",4,158,64,-1
23272,"[9116, 2]",3,0,0,1
23273,"[9116, 3]",43,0,0,0
23274,"[9116, 4]",66,2,1,0
23275,"[9117, 0]",1,0,0,0
23276,"[9117, 1]",2,41,18,0
23277,"[9118, 0]",1,57,26,0
23278,"[9119, 0]",1,54,24,0
23279,"[9120, 0]",1,158,64,0
23280,"[9121, 0]",1,158,64,0
23281,"[9122, 0]",1,0,0,0
23282,"[9122, 1]",2,0,0,0
23283,"[9122, 2]",27,41,18,6
23284,"[9123, 0]",1,0,0,0
23285,"[9123, 1]",2,0,0,0
23286,"[9123, 2]",26,158,64,0
23287,"[9124, 0]",1,41,18,0
23288,"[9125, 0]",1,63,28,0
23289,"[9126, 0]",1,0,0,0
23290,"[9126, 1]",6,0,0,-1
23291,"[9126, 2]",2,0,0,-1
23292,"[9126, 3]",68,158,64,1
23293,"[9126, 4]",65,158,64,-1
23294,"[9126, 5]",28,57,26,6
23295,"[9127, 0]",1,0,0,0
23296,"[9127, 1]",2,57,26,0
23297,"[9128, 0]",1,0,0,0
23298,"[9128, 1]",2,158,64,0
23299,"[9129, 0]",1,158,64,1
23300,"[9130, 0]",1,41,18,0
23301,"[9131, 0]",1,41,18,0
23302,"[9132, 0]",1,0,0,0
23303,"[9132, 1]",7,0,0,0
23304,"[9132, 2]",3,0,0,0
23305,"[9132, 3]",2,0,0,0
23306,"[9132, 4]",47,158,64,0
23307,"[9132, 5]",42,158,64,0
23308,"[9132, 6]",19,158,64,0
23309,"[9133, 0]",1,0,0,0
23310,"[9133, 1]",2,0,0,0
23311,"[9133, 2]",16,2,1,0
23312,"[9134, 0]",1,0,0,0
23313,"[9134, 1]",2,158,64,0
23314,"[9135, 0]",1,0,0,0
23315,"[9135, 1]",2,158,64,0
23316,"[9136, 0]",1,0,0,0
23317,"[9136, 1]",7,0,0,0
23318,"[9136, 2]",6,0,0,0
23319,"[9136, 3]",4,158,64,0
23320,"[9136, 4]",2,0,0,0
23321,"[9136, 5]",26,0,0,0
23322,"[9136, 6]",22,57,26,0
23323,"[9136, 7]",117,2,1,0
23324,"[9137, 0]",1,2,1,1
23325,"[9138, 0]",1,41,18,0
23326,"[9139, 0]",1,0,0,0
23327,"[9139, 1]",2,158,64,0
23328,"[9140, 0]",1,0,0,0
23329,"[9140, 1]",2,0,0,1
23330,"[9140, 2]",54,158,64,0
23331,"[9141, 0]",1,61,28,0
23332,"[9142, 0]",1,0,0,0
23333,"[9142, 1]",2,41,18,1
23334,"[9143, 0]",1,0,0,0
23335,"[9143, 1]",2,57,26,0
23336,"[9144, 0]",1,57,26,0
23337,"[9145, 0]",1,0,0,0
23338,"[9145, 1]",2,54,24,0
23339,"[9146, 0]",1,0,0,0
23340,"[9146, 1]",2,0,0,0
23341,"[9146, 2]",14,54,24,0
23342,"[9147, 0]",1,41,18,0
23343,"[9148, 0]",1,41,18,0
23344,"[9149, 0]",1,0,0,0
23345,"[9149, 1]",2,158,64,0
23346,"[9150, 0]",1,41,18,0
23347,"[9151, 0]",1,0,0,0
23348,"[9151, 1]",2,0,0,0
23349,"[9151, 2]",45,57,26,0
23350,"[9152, 0]",1,0,0,0
23351,"[9152, 1]",2,57,26,0
23352,"[9153, 0]",1,0,0,0
23353,"[9153, 1]",5,2,1,0
23354,"[9153, 2]",4,59,28,0
23355,"[9153, 3]",3,0,0,0
23356,"[9153, 4]",32,156,64,0
23357,"[9154, 0]",1,158,64,0
23358,"[9155, 0]",1,158,64,0
23359,"[9156, 0]",1,156,64,0
23360,"[9157, 0]",1,57,26,0
23361,"[9158, 0]",1,41,18,0
23362,"[9159, 0]",1,2,1,0
23363,"[9160, 0]",1,0,0,0
23364,"[9160, 1]",2,158,64,-1
23365,"[9161, 0]",1,0,0,0
23366,"[9161, 1]",2,0,0,0
23367,"[9161, 2]",26,0,0,0
23368,"[9161, 3]",65,2,1,0
23369,"[9162, 0]",1,156,64,0
23370,"[9163, 0]",1,2,1,0
23371,"[9164, 0]",1,156,64,0
23372,"[9165, 0]",1,0,0,0
23373,"[9165, 1]",2,41,18,0
23374,"[9166, 0]",1,158,64,0
23375,"[9167, 0]",1,0,0,0
23376,"[9167, 1]",8,0,0,0
23377,"[9167, 2]",6,0,0,0
23378,"[9167, 3]",4,0,0,0
23379,"[9167, 4]",3,0,0,0
23380,"[9167, 5]",2,0,0,0
23381,"[9167, 6]",62,0,0,0
23382,"[9167, 7]",60,0,0,0
23383,"[9167, 8]",59,0,0,0
23384,"[9167, 9]",55,158,64,0
23385,"[9167, 10]",52,0,0,0
23386,"[9167, 11]",51,0,0,0
23387,"[9167, 12]",50,0,0,0
23388,"[9167, 13]",42,0,0,0
23389,"[9167, 14]",39,41,18,0
23390,"[9167, 15]",209,41,18,0
23391,"[9167, 16]",160,0,0,0
23392,"[9167, 17]",158,0,0,0
23393,"[9167, 18]",157,0,0,0
23394,"[9167, 19]",150,158,64,0
23395,"[9167, 20]",141,0,0,0
23396,"[9167, 21]",99,158,64,0
23397,"[9167, 22]",98,0,0,0
23398,"[9167, 23]",97,0,0,0
23399,"[9167, 24]",96,0,0,0
23400,"[9167, 25]",92,2,1,0
23401,"[9167, 26]",91,158,64,0
23402,"[9167, 27]",79,158,64,0
23403,"[9167, 28]",529,54,24,0
23404,"[9167, 29]",526,158,64,0
23405,"[9167, 30]",447,2,1,0
23406,"[9167, 31]",334,0,0,0
23407,"[9167, 32]",327,158,64,0
23408,"[9167, 33]",315,156,64,0
23409,"[9167, 34]",965,53,24,0
23410,"[9168, 0]",1,0,0,0
23411,"[9168, 1]",2,158,64,-1
23412,"[9169, 0]",1,0,0,0
23413,"[9169, 1]",2,0,0,0
23414,"[9169, 2]",60,158,64,0
23415,"[9170, 0]",1,41,18,0
23416,"[9171, 0]",1,0,0,0
23417,"[9171, 1]",4,0,0,0
23418,"[9171, 2]",3,0,0,0
23419,"[9171, 3]",2,0,0,0
23420,"[9171, 4]",26,158,64,0
23421,"[9171, 5]",25,37,18,0
23422,"[9171, 6]",24,0,0,0
23423,"[9171, 7]",22,158,64,0
23424,"[9171, 8]",20,0,0,0
23425,"[9171, 9]",17,57,26,0
23426,"[9171, 10]",16,0,0,0
23427,"[9171, 11]",15,0,0,0
23428,"[9171, 12]",11,57,26,-1
23429,"[9171, 13]",109,0,0,0
23430,"[9171, 14]",105,41,18,0
23431,"[9171, 15]",84,158,64,0
23432,"[9171, 16]",56,158,64,0
23433,"[9171, 17]",213,57,26,-1
23434,"[9172, 0]",1,158,64,3
23435,"[9173, 0]",1,59,28,0
23436,"[9174, 0]",1,0,0,0
23437,"[9174, 1]",2,2,1,0
23438,"[9175, 0]",1,54,24,0
23439,"[9176, 0]",1,41,18,0
23440,"[9177, 0]",1,0,0,0
23441,"[9177, 1]",2,2,1,0
23442,"[9178, 0]",1,41,18,1
23443,"[9179, 0]",1,0,0,0
23444,"[9179, 1]",2,41,18,0
23445,"[9180, 0]",1,41,18,0
23446,"[9181, 0]",1,41,18,0
23447,"[9182, 0]",1,158,64,0
23448,"[9183, 0]",1,158,64,0
23449,"[9184, 0]",1,57,26,0
23450,"[9185, 0]",1,156,64,0
23451,"[9186, 0]",1,0,0,0
23452,"[9186, 1]",2,156,64,0
23453,"[9187, 0]",1,41,18,0
23454,"[9188, 0]",1,0,0,0
23455,"[9188, 1]",3,0,0,0
23456,"[9188, 2]",2,158,64,0
23457,"[9188, 3]",35,156,64,0
23458,"[9189, 0]",1,0,0,0
23459,"[9189, 1]",2,0,0,-1
23460,"[9189, 2]",24,41,18,1
23461,"[9190, 0]",1,41,18,0
23462,"[9191, 0]",1,54,24,0
23463,"[9192, 0]",1,158,64,0
23464,"[9193, 0]",1,156,64,0
23465,"[9194, 0]",1,0,0,0
23466,"[9194, 1]",3,0,0,0
23467,"[9194, 2]",2,156,64,0
23468,"[9194, 3]",8,158,64,0
23469,"[9195, 0]",1,0,0,0
23470,"[9195, 1]",2,0,0,0
23471,"[9195, 2]",18,0,0,-1
23472,"[9195, 3]",29,41,18,3
23473,"[9196, 0]",1,0,0,0
23474,"[9196, 1]",2,158,64,0
23475,"[9197, 0]",1,0,0,0
23476,"[9197, 1]",2,0,0,0
23477,"[9197, 2]",16,158,64,0
23478,"[9198, 0]",1,0,0,0
23479,"[9198, 1]",2,0,0,0
23480,"[9198, 2]",34,158,64,0
23481,"[9199, 0]",1,41,18,0
23482,"[9200, 0]",1,41,18,0
23483,"[9201, 0]",1,0,0,0
23484,"[9201, 1]",2,158,64,0
23485,"[9202, 0]",1,0,0,0
23486,"[9202, 1]",2,158,64,0
23487,"[9203, 0]",1,41,18,0
23488,"[9204, 0]",1,0,0,0
23489,"[9204, 1]",7,41,18,0
23490,"[9204, 2]",5,0,0,0
23491,"[9204, 3]",2,0,0,0
23492,"[9204, 4]",61,0,0,0
23493,"[9204, 5]",46,41,18,0
23494,"[9204, 6]",134,0,0,0
23495,"[9204, 7]",232,41,18,0
23496,"[9205, 0]",1,0,0,0
23497,"[9205, 1]",22,57,26,0
23498,"[9205, 2]",20,158,64,0
23499,"[9205, 3]",19,0,0,0
23500,"[9205, 4]",15,0,0,0
23501,"[9205, 5]",13,0,0,0
23502,"[9205, 6]",11,0,0,0
23503,"[9205, 7]",10,0,0,0
23504,"[9205, 8]",8,0,0,0
23505,"[9205, 9]",7,0,0,0
23506,"[9205, 10]",6,0,0,0
23507,"[9205, 11]",4,0,0,0
23508,"[9205, 12]",125,158,64,0
23509,"[9205, 13]",124,0,0,0
23510,"[9205, 14]",122,0,0,0
23511,"[9205, 15]",120,0,0,0
23512,"[9205, 16]",118,0,0,0
23513,"[9205, 17]",117,0,0,0
23514,"[9205, 18]",112,57,26,0
23515,"[9205, 19]",110,0,0,0
23516,"[9205, 20]",109,0,0,0
23517,"[9205, 21]",103,158,64,0
23518,"[9205, 22]",102,0,0,0
23519,"[9205, 23]",100,156,64,0
23520,"[9205, 24]",99,0,0,0
23521,"[9205, 25]",96,158,64,0
23522,"[9205, 26]",95,0,0,0
23523,"[9205, 27]",94,0,0,0
23524,"[9205, 28]",92,0,0,0
23525,"[9205, 29]",91,0,0,0
23526,"[9205, 30]",87,41,18,0
23527,"[9205, 31]",81,0,0,0
23528,"[9205, 32]",80,0,0,0
23529,"[9205, 33]",76,156,64,0
23530,"[9205, 34]",75,158,64,0
23531,"[9205, 35]",66,0,0,0
23532,"[9205, 36]",60,0,0,0
23533,"[9205, 37]",55,158,64,10
23534,"[9205, 38]",498,156,64,0
23535,"[9205, 39]",461,156,64,0
23536,"[9205, 40]",342,158,64,0
23537,"[9205, 41]",339,54,24,0
23538,"[9205, 42]",281,156,64,0
23539,"[9205, 43]",276,158,64,-1
23540,"[9205, 44]",273,158,64,0
23541,"[9205, 45]",270,54,24,0
23542,"[9205, 46]",258,0,0,0
23543,"[9205, 47]",256,0,0,0
23544,"[9205, 48]",237,158,64,0
23545,"[9205, 49]",219,158,64,-1
23546,"[9205, 50]",215,156,64,-1
23547,"[9205, 51]",213,0,0,-1
23548,"[9205, 52]",208,0,0,0
23549,"[9205, 53]",184,158,64,0
23550,"[9205, 54]",183,0,0,0
23551,"[9205, 55]",181,0,0,0
23552,"[9205, 56]",179,0,0,0
23553,"[9205, 57]",176,0,0,0
23554,"[9205, 58]",174,0,0,0
23555,"[9205, 59]",171,158,64,-1
23556,"[9205, 60]",160,0,0,0
23557,"[9205, 61]",146,2,1,-1
23558,"[9205, 62]",1480,2,1,0
23559,"[9205, 63]",1394,0,0,0
23560,"[9205, 64]",1380,0,0,0
23561,"[9205, 65]",1376,0,0,0
23562,"[9205, 66]",1363,41,18,0
23563,"[9205, 67]",1335,156,64,0
23564,"[9205, 68]",1311,54,24,-1
23565,"[9205, 69]",1306,0,0,-1
23566,"[9205, 70]",1304,0,0,-1
23567,"[9205, 71]",1151,0,0,1
23568,"[9205, 72]",1150,0,0,-1
23569,"[9205, 73]",1144,158,64,0
23570,"[9205, 74]",2397,158,64,3
23571,"[9205, 75]",2396,0,0,1
23572,"[9205, 76]",2395,158,64,1
23573,"[9205, 77]",2390,158,64,0
23574,"[9205, 78]",2389,158,64,0
23575,"[9205, 79]",1846,156,64,-1
23576,"[9205, 80]",1840,158,64,-1
23577,"[9205, 81]",1702,57,26,3
23578,"[9205, 82]",1678,156,64,0
23579,"[9205, 83]",1652,55,26,0
23580,"[9205, 84]",3055,0,0,0
23581,"[9205, 85]",4271,158,64,1
23582,"[9206, 0]",1,57,26,0
23583,"[9207, 0]",1,158,64,0
23584,"[9208, 0]",1,158,64,0
23585,"[9209, 0]",1,158,64,0
23586,"[9210, 0]",1,57,26,0
23587,"[9211, 0]",1,0,0,0
23588,"[9211, 1]",2,0,0,0
23589,"[9211, 2]",23,158,64,0
23590,"[9212, 0]",1,41,18,0
23591,"[9213, 0]",1,0,0,0
23592,"[9213, 1]",3,158,64,-1
23593,"[9214, 0]",1,0,0,0
23594,"[9214, 1]",2,59,28,0
23595,"[9215, 0]",1,0,0,0
23596,"[9215, 1]",2,2,1,0
23597,"[9216, 0]",1,0,0,0
23598,"[9216, 1]",3,158,64,-1
23599,"[9217, 0]",1,41,18,0
23600,"[9218, 0]",1,158,64,1
23601,"[9219, 0]",1,77,32,0
23602,"[9220, 0]",1,0,0,0
23603,"[9220, 1]",5,158,64,0
23604,"[9220, 2]",2,0,0,0
23605,"[9220, 3]",35,57,26,0
23606,"[9220, 4]",33,0,0,0
23607,"[9220, 5]",67,0,0,0
23608,"[9220, 6]",114,158,64,0
23609,"[9221, 0]",1,0,0,0
23610,"[9221, 1]",2,0,0,0
23611,"[9221, 2]",31,158,64,0
23612,"[9222, 0]",1,158,64,0
23613,"[9223, 0]",1,0,0,0
23614,"[9223, 1]",5,41,18,0
23615,"[9223, 2]",3,0,0,0
23616,"[9223, 3]",2,0,0,0
23617,"[9223, 4]",35,0,0,0
23618,"[9223, 5]",32,156,64,0
23619,"[9223, 6]",50,57,26,0
23620,"[9224, 0]",1,0,0,0
23621,"[9224, 1]",4,0,0,0
23622,"[9224, 2]",3,0,0,0
23623,"[9224, 3]",2,0,0,0
23624,"[9224, 4]",31,0,0,0
23625,"[9224, 5]",28,0,0,0
23626,"[9224, 6]",24,2,1,0
23627,"[9224, 7]",64,158,64,-1
23628,"[9224, 8]",47,0,0,0
23629,"[9224, 9]",179,0,0,0
23630,"[9224, 10]",198,57,26,0
23631,"[9225, 0]",1,0,0,0
23632,"[9225, 1]",2,0,0,0
23633,"[9225, 2]",13,158,64,0
23634,"[9226, 0]",1,57,26,0
23635,"[9227, 0]",1,0,0,0
23636,"[9227, 1]",2,0,0,0
23637,"[9227, 2]",15,0,0,0
23638,"[9227, 3]",39,158,64,0
23639,"[9228, 0]",1,0,0,0
23640,"[9228, 1]",2,2,1,0
23641,"[9229, 0]",1,57,26,0
23642,"[9230, 0]",1,57,26,0
23643,"[9231, 0]",1,0,0,0
23644,"[9231, 1]",2,158,64,0
23645,"[9232, 0]",1,41,18,1
23646,"[9233, 0]",1,0,0,0
23647,"[9233, 1]",3,41,18,0
23648,"[9233, 2]",2,156,64,0
23649,"[9234, 0]",1,158,64,0
23650,"[9235, 0]",1,41,18,0
23651,"[9236, 0]",1,156,64,0
23652,"[9237, 0]",1,0,0,0
23653,"[9237, 1]",2,156,64,0
23654,"[9238, 0]",1,158,64,0
23655,"[9239, 0]",1,0,0,0
23656,"[9239, 1]",2,0,0,0
23657,"[9239, 2]",80,158,64,0
23658,"[9240, 0]",1,158,64,0
23659,"[9241, 0]",1,0,0,0
23660,"[9241, 1]",2,41,18,0
23661,"[9242, 0]",1,156,64,0
23662,"[9243, 0]",1,0,0,0
23663,"[9243, 1]",2,156,64,0
23664,"[9244, 0]",1,0,0,0
23665,"[9244, 1]",2,0,0,0
23666,"[9244, 2]",15,41,18,0
23667,"[9245, 0]",1,158,64,0
23668,"[9246, 0]",1,0,0,0
23669,"[9246, 1]",2,158,64,0
23670,"[9247, 0]",1,0,0,0
23671,"[9247, 1]",2,57,26,0
23672,"[9248, 0]",1,57,26,0
23673,"[9249, 0]",1,57,26,0
23674,"[9250, 0]",1,0,0,0
23675,"[9250, 1]",2,0,0,0
23676,"[9250, 2]",20,2,1,0
23677,"[9251, 0]",1,158,64,0
23678,"[9252, 0]",1,0,0,0
23679,"[9252, 1]",2,0,0,0
23680,"[9252, 2]",35,57,26,0
23681,"[9252, 3]",33,0,0,0
23682,"[9252, 4]",31,0,0,0
23683,"[9252, 5]",30,0,0,0
23684,"[9252, 6]",53,0,0,0
23685,"[9252, 7]",50,0,0,0
23686,"[9252, 8]",47,158,64,0
23687,"[9252, 9]",85,57,26,0
23688,"[9252, 10]",70,158,64,0
23689,"[9253, 0]",1,0,0,0
23690,"[9253, 1]",2,0,0,0
23691,"[9253, 2]",71,0,0,0
23692,"[9253, 3]",113,158,64,0
23693,"[9254, 0]",1,158,64,0
23694,"[9255, 0]",1,158,64,0
23695,"[9256, 0]",1,158,64,0
23696,"[9257, 0]",1,0,0,0
23697,"[9257, 1]",5,158,64,0
23698,"[9258, 0]",1,0,0,0
23699,"[9258, 1]",2,41,18,0
23700,"[9259, 0]",1,0,0,0
23701,"[9259, 1]",2,158,64,0
23702,"[9260, 0]",1,158,64,0
23703,"[9261, 0]",1,158,64,0
23704,"[9262, 0]",1,158,64,0
23705,"[9263, 0]",1,0,0,0
23706,"[9263, 1]",2,77,32,0
23707,"[9264, 0]",1,41,18,0
23708,"[9265, 0]",1,41,18,0
23709,"[9266, 0]",1,0,0,0
23710,"[9266, 1]",2,0,0,0
23711,"[9266, 2]",18,158,64,0
23712,"[9267, 0]",1,158,64,0
23713,"[9268, 0]",1,156,64,0
23714,"[9269, 0]",1,0,0,0
23715,"[9269, 1]",2,158,64,0
23716,"[9270, 0]",1,55,26,0
23717,"[9271, 0]",1,0,0,0
23718,"[9271, 1]",2,2,1,0
23719,"[9272, 0]",1,41,18,0
23720,"[9273, 0]",1,41,18,1
23721,"[9274, 0]",1,158,64,0
23722,"[9275, 0]",1,158,64,1
23723,"[9276, 0]",1,0,0,0
23724,"[9276, 1]",4,158,64,-1
23725,"[9276, 2]",2,2,1,-1
23726,"[9277, 0]",1,41,18,0
23727,"[9278, 0]",1,158,64,0
23728,"[9279, 0]",1,0,0,0
23729,"[9279, 1]",2,158,64,-1
23730,"[9280, 0]",1,2,1,0
23731,"[9281, 0]",1,0,0,0
23732,"[9281, 1]",2,156,64,0
23733,"[9282, 0]",1,0,0,1
23734,"[9282, 1]",2,57,26,0
23735,"[9283, 0]",1,0,0,0
23736,"[9283, 1]",3,41,18,0
23737,"[9283, 2]",2,158,64,0
23738,"[9284, 0]",1,41,18,0
23739,"[9285, 0]",1,0,0,0
23740,"[9285, 1]",2,0,0,0
23741,"[9285, 2]",22,158,64,14
23742,"[9286, 0]",1,0,0,0
23743,"[9286, 1]",2,0,0,0
23744,"[9286, 2]",10,158,64,0
23745,"[9287, 0]",1,158,64,0
23746,"[9288, 0]",1,53,24,0
23747,"[9289, 0]",1,41,18,0
23748,"[9290, 0]",1,0,0,0
23749,"[9290, 1]",2,57,26,0
23750,"[9291, 0]",1,158,64,0
23751,"[9292, 0]",1,41,18,0
23752,"[9293, 0]",1,0,0,0
23753,"[9293, 1]",2,156,64,6
23754,"[9294, 0]",1,158,64,0
23755,"[9295, 0]",1,0,0,0
23756,"[9295, 1]",2,41,18,0
23757,"[9296, 0]",1,41,18,0
23758,"[9297, 0]",1,0,0,0
23759,"[9297, 1]",4,2,1,0
23760,"[9297, 2]",2,0,0,0
23761,"[9297, 3]",39,156,64,-1
23762,"[9297, 4]",36,0,0,-1
23763,"[9297, 5]",35,158,64,-1
23764,"[9297, 6]",89,0,0,3
23765,"[9297, 7]",130,158,64,0
23766,"[9298, 0]",1,158,64,0
23767,"[9299, 0]",1,0,0,0
23768,"[9299, 1]",2,37,18,3
23769,"[9300, 0]",1,0,0,1
23770,"[9300, 1]",2,158,64,0
23771,"[9301, 0]",1,0,0,0
23772,"[9301, 1]",5,158,64,0
23773,"[9301, 2]",4,158,64,0
23774,"[9301, 3]",3,0,0,0
23775,"[9301, 4]",29,158,64,0
23776,"[9302, 0]",1,158,64,0
23777,"[9303, 0]",1,0,0,0
23778,"[9303, 1]",2,158,64,0
23779,"[9304, 0]",1,0,0,0
23780,"[9304, 1]",5,41,18,0
23781,"[9304, 2]",3,0,0,0
23782,"[9304, 3]",48,158,64,0
23783,"[9305, 0]",1,0,0,0
23784,"[9305, 1]",2,0,0,0
23785,"[9305, 2]",30,158,64,0
23786,"[9306, 0]",1,0,0,0
23787,"[9306, 1]",3,158,64,0
23788,"[9306, 2]",2,2,1,0
23789,"[9307, 0]",1,54,24,0
23790,"[9308, 0]",1,0,0,0
23791,"[9308, 1]",2,0,0,0
23792,"[9308, 2]",19,41,18,0
23793,"[9309, 0]",1,41,18,0
23794,"[9310, 0]",1,0,0,0
23795,"[9310, 1]",2,2,1,0
23796,"[9311, 0]",1,158,64,0
23797,"[9312, 0]",1,0,0,1
23798,"[9312, 1]",2,41,18,0
23799,"[9313, 0]",1,54,24,1
23800,"[9314, 0]",1,66,29,1
23801,"[9315, 0]",1,57,26,0
23802,"[9316, 0]",1,158,64,0
23803,"[9317, 0]",1,158,64,0
23804,"[9318, 0]",1,0,0,0
23805,"[9318, 1]",2,158,64,0
23806,"[9319, 0]",1,156,64,1
23807,"[9320, 0]",1,158,64,0
23808,"[9321, 0]",1,158,64,0
23809,"[9322, 0]",1,0,0,0
23810,"[9322, 1]",2,158,64,0
23811,"[9323, 0]",1,0,0,0
23812,"[9323, 1]",2,158,64,0
23813,"[9324, 0]",1,158,64,0
23814,"[9325, 0]",1,0,0,0
23815,"[9325, 1]",2,0,0,0
23816,"[9325, 2]",38,158,64,0
23817,"[9326, 0]",1,41,18,0
23818,"[9327, 0]",1,158,64,1
23819,"[9328, 0]",1,0,0,0
23820,"[9328, 1]",2,158,64,0
23821,"[9329, 0]",1,158,64,0
23822,"[9330, 0]",1,0,0,0
23823,"[9330, 1]",2,0,0,0
23824,"[9330, 2]",12,158,64,0
23825,"[9331, 0]",1,61,28,0
23826,"[9332, 0]",1,0,0,0
23827,"[9332, 1]",3,54,24,0
23828,"[9332, 2]",2,0,0,0
23829,"[9332, 3]",24,158,64,-1
23830,"[9333, 0]",1,0,0,0
23831,"[9333, 1]",2,158,64,0
23832,"[9334, 0]",1,156,64,0
23833,"[9335, 0]",1,0,0,0
23834,"[9335, 1]",2,158,64,0
23835,"[9336, 0]",1,37,18,0
23836,"[9337, 0]",1,156,64,0
23837,"[9338, 0]",1,41,18,0
23838,"[9339, 0]",1,158,64,0
23839,"[9340, 0]",1,2,1,0
23840,"[9341, 0]",1,0,0,1
23841,"[9341, 1]",2,41,18,0
23842,"[9342, 0]",1,2,1,0
23843,"[9343, 0]",1,158,64,0
23844,"[9344, 0]",1,158,64,0
23845,"[9345, 0]",1,0,0,0
23846,"[9345, 1]",2,0,0,0
23847,"[9345, 2]",87,156,64,0
23848,"[9346, 0]",1,54,24,0
23849,"[9347, 0]",1,0,0,0
23850,"[9347, 1]",6,158,64,0
23851,"[9347, 2]",4,158,64,0
23852,"[9347, 3]",2,0,0,0
23853,"[9347, 4]",46,57,26,0
23854,"[9348, 0]",1,156,64,0
23855,"[9349, 0]",1,0,0,0
23856,"[9349, 1]",2,41,18,0
23857,"[9350, 0]",1,2,1,0
23858,"[9351, 0]",1,0,0,0
23859,"[9351, 1]",4,57,26,0
23860,"[9351, 2]",2,0,0,0
23861,"[9351, 3]",19,0,0,0
23862,"[9351, 4]",44,41,18,0
23863,"[9352, 0]",1,0,0,0
23864,"[9352, 1]",2,0,0,0
23865,"[9352, 2]",12,156,64,-1
23866,"[9353, 0]",1,158,64,0
23867,"[9354, 0]",1,0,0,0
23868,"[9354, 1]",2,0,0,0
23869,"[9354, 2]",16,41,18,0
23870,"[9355, 0]",1,0,0,0
23871,"[9355, 1]",2,0,0,0
23872,"[9355, 2]",13,2,1,0
23873,"[9356, 0]",1,158,64,0
23874,"[9357, 0]",1,53,24,0
23875,"[9358, 0]",1,158,64,0
23876,"[9359, 0]",1,0,0,0
23877,"[9359, 1]",2,158,64,9
23878,"[9360, 0]",1,41,18,0
23879,"[9361, 0]",1,41,18,0
23880,"[9362, 0]",1,0,0,0
23881,"[9362, 1]",2,158,64,0
23882,"[9363, 0]",1,158,64,0
23883,"[9364, 0]",1,0,0,0
23884,"[9364, 1]",2,2,1,3
23885,"[9365, 0]",1,0,0,0
23886,"[9365, 1]",6,41,18,0
23887,"[9365, 2]",4,158,64,0
23888,"[9365, 3]",3,41,18,0
23889,"[9366, 0]",1,41,18,0
23890,"[9367, 0]",1,0,0,0
23891,"[9367, 1]",2,156,64,1
23892,"[9368, 0]",1,41,18,0
23893,"[9369, 0]",1,0,0,0
23894,"[9369, 1]",16,0,0,0
23895,"[9369, 2]",11,0,0,0
23896,"[9369, 3]",10,0,0,0
23897,"[9369, 4]",9,0,0,0
23898,"[9369, 5]",7,0,0,0
23899,"[9369, 6]",6,0,0,0
23900,"[9369, 7]",5,0,0,0
23901,"[9369, 8]",67,0,0,0
23902,"[9369, 9]",63,158,64,0
23903,"[9369, 10]",61,0,0,0
23904,"[9369, 11]",53,156,64,-1
23905,"[9369, 12]",52,158,64,-1
23906,"[9369, 13]",49,158,64,0
23907,"[9369, 14]",48,0,0,0
23908,"[9369, 15]",47,0,0,0
23909,"[9369, 16]",46,0,0,0
23910,"[9369, 17]",43,2,1,0
23911,"[9369, 18]",42,158,64,0
23912,"[9369, 19]",38,0,0,0
23913,"[9369, 20]",37,54,24,0
23914,"[9369, 21]",32,158,64,0
23915,"[9369, 22]",253,2,1,0
23916,"[9369, 23]",211,0,0,0
23917,"[9369, 24]",210,156,64,0
23918,"[9369, 25]",207,57,26,0
23919,"[9369, 26]",203,0,0,0
23920,"[9369, 27]",121,158,64,0
23921,"[9369, 28]",101,57,26,0
23922,"[9369, 29]",97,0,0,0
23923,"[9369, 30]",96,0,0,0
23924,"[9369, 31]",80,158,64,0
23925,"[9369, 32]",771,0,0,0
23926,"[9369, 33]",766,0,0,0
23927,"[9369, 34]",560,59,28,0
23928,"[9369, 35]",539,57,26,0
23929,"[9369, 36]",908,158,64,0
23930,"[9369, 37]",906,0,0,0
23931,"[9369, 38]",878,0,0,0
23932,"[9369, 39]",877,0,0,0
23933,"[9369, 40]",1411,0,0,0
23934,"[9369, 41]",1408,41,18,0
23935,"[9369, 42]",1406,0,0,0
23936,"[9369, 43]",1358,158,64,0
23937,"[9369, 44]",1503,0,0,0
23938,"[9369, 45]",1484,158,64,0
23939,"[9369, 46]",1483,57,26,0
23940,"[9369, 47]",1482,41,18,0
23941,"[9369, 48]",1479,158,64,0
23942,"[9369, 49]",1478,2,1,0
23943,"[9370, 0]",1,57,26,0
23944,"[9371, 0]",1,0,0,0
23945,"[9371, 1]",2,2,1,0
23946,"[9372, 0]",1,158,64,0
23947,"[9373, 0]",1,0,0,0
23948,"[9373, 1]",2,0,0,0
23949,"[9373, 2]",29,156,64,0
23950,"[9374, 0]",1,57,26,0
23951,"[9375, 0]",1,2,1,0
23952,"[9376, 0]",1,57,26,0
23953,"[9377, 0]",1,158,64,0
23954,"[9378, 0]",1,158,64,0
23955,"[9379, 0]",1,0,0,0
23956,"[9379, 1]",2,41,18,0
23957,"[9380, 0]",1,57,26,0
23958,"[9381, 0]",1,57,26,0
23959,"[9382, 0]",1,0,0,0
23960,"[9382, 1]",2,158,64,0
23961,"[9383, 0]",1,0,0,0
23962,"[9383, 1]",2,158,64,0
23963,"[9384, 0]",1,158,64,0
23964,"[9385, 0]",1,0,0,0
23965,"[9385, 1]",2,41,18,0
23966,"[9386, 0]",1,0,0,0
23967,"[9386, 1]",2,158,64,0
23968,"[9387, 0]",1,0,0,0
23969,"[9387, 1]",2,0,0,0
23970,"[9387, 2]",14,41,18,0
23971,"[9387, 3]",13,0,0,0
23972,"[9387, 4]",23,2,1,0
23973,"[9388, 0]",1,0,0,0
23974,"[9388, 1]",2,0,0,0
23975,"[9388, 2]",17,41,18,0
23976,"[9389, 0]",1,0,0,0
23977,"[9389, 1]",2,0,0,0
23978,"[9389, 2]",25,158,64,0
23979,"[9390, 0]",1,0,0,0
23980,"[9391, 0]",1,158,64,0
23981,"[9392, 0]",1,0,0,0
23982,"[9392, 1]",2,158,64,0
23983,"[9393, 0]",1,158,64,0
23984,"[9394, 0]",1,158,64,0
23985,"[9395, 0]",1,0,0,0
23986,"[9395, 1]",4,54,24,0
23987,"[9395, 2]",2,0,0,0
23988,"[9395, 3]",36,158,64,0
23989,"[9395, 4]",35,0,0,0
23990,"[9395, 5]",34,0,0,0
23991,"[9395, 6]",64,41,18,0
23992,"[9395, 7]",59,158,64,0
23993,"[9396, 0]",1,0,0,0
23994,"[9396, 1]",6,156,64,0
23995,"[9396, 2]",3,0,0,0
23996,"[9396, 3]",2,0,0,0
23997,"[9396, 4]",50,0,0,0
23998,"[9396, 5]",48,0,0,0
23999,"[9396, 6]",41,0,0,0
24000,"[9396, 7]",109,41,18,0
24001,"[9396, 8]",76,0,0,0
24002,"[9396, 9]",74,0,0,0
24003,"[9396, 10]",73,0,0,0
24004,"[9396, 11]",55,0,0,0
24005,"[9396, 12]",202,158,64,0
24006,"[9396, 13]",200,0,0,0
24007,"[9396, 14]",196,57,26,0
24008,"[9396, 15]",195,41,18,0
24009,"[9396, 16]",191,158,64,0
24010,"[9396, 17]",257,0,0,0
24011,"[9396, 18]",469,41,18,0
24012,"[9397, 0]",1,158,64,0
24013,"[9398, 0]",1,41,18,0
24014,"[9399, 0]",1,0,0,0
24015,"[9399, 1]",2,158,64,0
24016,"[9400, 0]",1,158,64,0
24017,"[9401, 0]",1,57,26,0
24018,"[9402, 0]",1,0,0,0
24019,"[9402, 1]",2,0,0,0
24020,"[9402, 2]",27,0,0,0
24021,"[9402, 3]",59,57,26,0
24022,"[9402, 4]",58,0,0,0
24023,"[9402, 5]",55,0,0,0
24024,"[9402, 6]",54,0,0,0
24025,"[9402, 7]",138,158,64,0
24026,"[9402, 8]",135,0,0,0
24027,"[9402, 9]",131,0,0,0
24028,"[9402, 10]",113,2,1,0
24029,"[9402, 11]",236,57,26,0
24030,"[9402, 12]",235,0,0,0
24031,"[9402, 13]",212,158,64,0
24032,"[9402, 14]",334,57,26,0
24033,"[9403, 0]",1,41,18,0
24034,"[9404, 0]",1,158,64,0
24035,"[9405, 0]",1,0,0,0
24036,"[9405, 1]",2,54,24,0
24037,"[9406, 0]",1,0,0,0
24038,"[9406, 1]",2,158,64,3
24039,"[9407, 0]",1,156,64,0
24040,"[9408, 0]",1,41,18,0
24041,"[9409, 0]",1,0,0,0
24042,"[9409, 1]",2,0,0,8
24043,"[9409, 2]",9,158,64,10
24044,"[9410, 0]",1,41,18,0
24045,"[9411, 0]",1,0,0,1
24046,"[9411, 1]",5,41,18,0
24047,"[9411, 2]",2,0,0,0
24048,"[9411, 3]",47,0,0,0
24049,"[9411, 4]",64,158,64,-1
24050,"[9412, 0]",1,158,64,0
24051,"[9413, 0]",1,0,0,0
24052,"[9413, 1]",2,158,64,0
24053,"[9414, 0]",1,41,18,0
24054,"[9415, 0]",1,57,26,0
24055,"[9416, 0]",1,158,64,0
24056,"[9417, 0]",1,57,26,0
24057,"[9418, 0]",1,41,18,0
24058,"[9419, 0]",1,0,0,0
24059,"[9419, 1]",5,0,0,0
24060,"[9419, 2]",4,57,26,0
24061,"[9419, 3]",2,0,0,0
24062,"[9419, 4]",37,0,0,0
24063,"[9419, 5]",30,41,18,0
24064,"[9419, 6]",55,0,0,-1
24065,"[9419, 7]",54,0,0,1
24066,"[9419, 8]",166,2,1,1
24067,"[9419, 9]",165,0,0,1
24068,"[9419, 10]",160,158,64,2
24069,"[9419, 11]",179,57,26,0
24070,"[9420, 0]",1,0,0,0
24071,"[9420, 1]",2,0,0,0
24072,"[9420, 2]",75,41,18,0
24073,"[9421, 0]",1,0,0,0
24074,"[9422, 0]",1,41,18,0
24075,"[9423, 0]",1,0,0,0
24076,"[9423, 1]",2,158,64,0
24077,"[9424, 0]",1,0,0,0
24078,"[9424, 1]",2,0,0,-1
24079,"[9424, 2]",13,156,64,-1
24080,"[9425, 0]",1,0,0,0
24081,"[9425, 1]",3,41,18,0
24082,"[9425, 2]",2,158,64,0
24083,"[9426, 0]",1,0,0,0
24084,"[9426, 1]",3,0,0,0
24085,"[9426, 2]",2,0,0,0
24086,"[9426, 3]",28,158,64,0
24087,"[9426, 4]",26,0,0,0
24088,"[9426, 5]",25,0,0,0
24089,"[9426, 6]",19,158,64,0
24090,"[9426, 7]",50,41,18,0
24091,"[9426, 8]",49,0,0,0
24092,"[9426, 9]",167,57,26,0
24093,"[9427, 0]",1,41,18,0
24094,"[9428, 0]",1,158,64,0
24095,"[9429, 0]",1,63,28,0
24096,"[9430, 0]",1,158,64,0
24097,"[9431, 0]",1,0,0,0
24098,"[9431, 1]",2,2,1,0
24099,"[9432, 0]",1,158,64,0
24100,"[9433, 0]",1,0,0,0
24101,"[9433, 1]",2,158,64,0
24102,"[9434, 0]",1,0,0,0
24103,"[9434, 1]",3,41,18,0
24104,"[9434, 2]",2,158,64,0
24105,"[9435, 0]",1,0,0,0
24106,"[9435, 1]",2,156,64,0
24107,"[9436, 0]",1,0,0,1
24108,"[9436, 1]",2,0,0,0
24109,"[9436, 2]",35,158,64,6
24110,"[9437, 0]",1,0,0,0
24111,"[9437, 1]",2,57,26,0
24112,"[9438, 0]",1,158,64,0
24113,"[9439, 0]",1,158,64,0
24114,"[9440, 0]",1,2,1,0
24115,"[9441, 0]",1,0,0,0
24116,"[9441, 1]",2,41,18,0
24117,"[9442, 0]",1,0,0,0
24118,"[9442, 1]",2,57,26,0
24119,"[9443, 0]",1,0,0,0
24120,"[9443, 1]",2,41,18,0
24121,"[9444, 0]",1,158,64,0
24122,"[9445, 0]",1,41,18,0
24123,"[9446, 0]",1,0,0,0
24124,"[9446, 1]",2,158,64,0
24125,"[9447, 0]",1,0,0,0
24126,"[9447, 1]",2,51,24,0
24127,"[9448, 0]",1,0,0,0
24128,"[9448, 1]",2,41,18,0
24129,"[9449, 0]",1,0,0,0
24130,"[9449, 1]",2,57,26,0
24131,"[9450, 0]",1,0,0,0
24132,"[9450, 1]",2,57,26,0
24133,"[9451, 0]",1,41,18,0
24134,"[9452, 0]",1,0,0,0
24135,"[9452, 1]",7,158,64,0
24136,"[9452, 2]",5,0,0,0
24137,"[9452, 3]",2,0,0,0
24138,"[9452, 4]",58,0,0,0
24139,"[9452, 5]",36,53,24,0
24140,"[9452, 6]",111,0,0,0
24141,"[9452, 7]",107,41,18,0
24142,"[9452, 8]",221,156,64,0
24143,"[9453, 0]",1,0,0,0
24144,"[9453, 1]",6,0,0,0
24145,"[9453, 2]",3,0,0,0
24146,"[9453, 3]",2,0,0,0
24147,"[9453, 4]",40,41,18,0
24148,"[9453, 5]",38,0,0,0
24149,"[9453, 6]",37,0,0,0
24150,"[9453, 7]",34,156,64,0
24151,"[9453, 8]",32,0,0,0
24152,"[9453, 9]",18,158,64,0
24153,"[9453, 10]",105,158,64,0
24154,"[9453, 11]",68,0,0,0
24155,"[9453, 12]",64,57,26,0
24156,"[9453, 13]",223,54,24,0
24157,"[9454, 0]",1,0,0,0
24158,"[9454, 1]",2,158,64,0
24159,"[9455, 0]",1,0,0,0
24160,"[9455, 1]",2,53,24,0
24161,"[9456, 0]",1,158,64,0
24162,"[9457, 0]",1,2,1,0
24163,"[9458, 0]",1,158,64,0
24164,"[9459, 0]",1,41,18,0
24165,"[9460, 0]",1,156,64,0
24166,"[9461, 0]",1,158,64,0
24167,"[9462, 0]",1,0,0,0
24168,"[9462, 1]",2,0,0,-1
24169,"[9462, 2]",69,0,0,3
24170,"[9462, 3]",87,54,24,0
24171,"[9463, 0]",1,0,0,0
24172,"[9463, 1]",2,158,64,15
24173,"[9464, 0]",1,0,0,0
24174,"[9464, 1]",2,156,64,0
24175,"[9465, 0]",1,0,0,0
24176,"[9465, 1]",2,41,18,0
24177,"[9466, 0]",1,0,0,0
24178,"[9466, 1]",2,158,64,0
24179,"[9467, 0]",1,0,0,0
24180,"[9467, 1]",2,41,18,0
24181,"[9468, 0]",1,0,0,0
24182,"[9468, 1]",6,156,64,0
24183,"[9468, 2]",5,59,28,0
24184,"[9468, 3]",4,41,18,0
24185,"[9469, 0]",1,158,64,0
24186,"[9470, 0]",1,158,64,0
24187,"[9471, 0]",1,0,0,0
24188,"[9471, 1]",2,158,64,-1
24189,"[9472, 0]",1,41,18,0
24190,"[9473, 0]",1,0,0,0
24191,"[9473, 1]",2,0,0,4
24192,"[9473, 2]",25,41,18,0
24193,"[9474, 0]",1,0,0,0
24194,"[9474, 1]",2,0,0,0
24195,"[9474, 2]",14,0,0,0
24196,"[9474, 3]",29,158,64,0
24197,"[9475, 0]",1,41,18,0
24198,"[9476, 0]",1,0,0,0
24199,"[9476, 1]",2,0,0,0
24200,"[9477, 0]",1,0,0,0
24201,"[9477, 1]",2,2,1,7
24202,"[9478, 0]",1,37,18,0
24203,"[9479, 0]",1,0,0,0
24204,"[9479, 1]",2,0,0,0
24205,"[9479, 2]",28,158,64,0
24206,"[9480, 0]",1,158,64,0
24207,"[9481, 0]",1,57,26,0
24208,"[9482, 0]",1,0,0,0
24209,"[9482, 1]",2,0,0,0
24210,"[9482, 2]",7,58,26,0
24211,"[9483, 0]",1,156,64,0
24212,"[9484, 0]",1,57,26,0
24213,"[9485, 0]",1,0,0,0
24214,"[9485, 1]",2,158,64,0
24215,"[9486, 0]",1,0,0,0
24216,"[9486, 1]",2,158,64,0
24217,"[9487, 0]",1,156,64,0
24218,"[9488, 0]",1,0,0,0
24219,"[9488, 1]",2,158,64,-1
24220,"[9489, 0]",1,0,0,0
24221,"[9489, 1]",2,158,64,0
24222,"[9490, 0]",1,0,0,0
24223,"[9490, 1]",2,41,18,0
24224,"[9491, 0]",1,158,64,0
24225,"[9492, 0]",1,0,0,0
24226,"[9492, 1]",2,158,64,0
24227,"[9493, 0]",1,53,24,0
24228,"[9494, 0]",1,0,0,0
24229,"[9494, 1]",2,158,64,0
24230,"[9495, 0]",1,0,0,0
24231,"[9495, 1]",2,0,0,0
24232,"[9495, 2]",27,41,18,0
24233,"[9496, 0]",1,0,0,0
24234,"[9496, 1]",2,0,0,0
24235,"[9496, 2]",46,158,64,4
24236,"[9496, 3]",45,0,0,4
24237,"[9496, 4]",44,0,0,-1
24238,"[9496, 5]",65,0,0,6
24239,"[9496, 6]",61,158,64,0
24240,"[9496, 7]",103,158,64,1
24241,"[9497, 0]",1,0,0,0
24242,"[9497, 1]",2,158,64,0
24243,"[9498, 0]",1,158,64,0
24244,"[9499, 0]",1,158,64,0
24245,"[9500, 0]",1,0,0,0
24246,"[9500, 1]",2,158,64,-1
24247,"[9501, 0]",1,41,18,0
24248,"[9502, 0]",1,0,0,0
24249,"[9502, 1]",2,37,18,0
24250,"[9503, 0]",1,41,18,0
24251,"[9504, 0]",1,158,64,0
24252,"[9505, 0]",1,41,18,1
24253,"[9506, 0]",1,0,0,1
24254,"[9506, 1]",2,0,0,-1
24255,"[9506, 2]",23,156,64,-1
24256,"[9507, 0]",1,156,64,0
24257,"[9508, 0]",1,158,64,0
24258,"[9509, 0]",1,158,64,0
24259,"[9510, 0]",1,158,64,0
24260,"[9511, 0]",1,0,0,0
24261,"[9511, 1]",2,158,64,-1
24262,"[9512, 0]",1,0,0,0
24263,"[9512, 1]",2,0,0,0
24264,"[9512, 2]",88,57,26,0
24265,"[9513, 0]",1,0,0,0
24266,"[9513, 1]",5,158,64,0
24267,"[9513, 2]",3,0,0,0
24268,"[9513, 3]",2,0,0,0
24269,"[9513, 4]",30,2,1,0
24270,"[9513, 5]",28,0,0,0
24271,"[9513, 6]",23,0,0,0
24272,"[9513, 7]",94,0,0,0
24273,"[9513, 8]",59,0,0,0
24274,"[9513, 9]",196,158,64,0
24275,"[9513, 10]",179,158,64,7
24276,"[9514, 0]",1,57,26,0
24277,"[9515, 0]",1,158,64,1
24278,"[9516, 0]",1,41,18,0
24279,"[9517, 0]",1,0,0,0
24280,"[9517, 1]",2,53,24,0
24281,"[9518, 0]",1,158,64,0
24282,"[9519, 0]",1,57,26,0
24283,"[9520, 0]",1,158,64,0
24284,"[9521, 0]",1,41,18,0
24285,"[9522, 0]",1,158,64,0
24286,"[9523, 0]",1,0,0,0
24287,"[9523, 1]",2,0,0,0
24288,"[9523, 2]",18,158,64,0
24289,"[9524, 0]",1,0,0,0
24290,"[9524, 1]",2,156,64,0
24291,"[9525, 0]",1,0,0,0
24292,"[9525, 1]",2,158,64,0
24293,"[9526, 0]",1,0,0,0
24294,"[9526, 1]",2,158,64,0
24295,"[9527, 0]",1,0,0,0
24296,"[9527, 1]",2,41,18,0
24297,"[9528, 0]",1,0,0,0
24298,"[9528, 1]",9,0,0,0
24299,"[9528, 2]",8,0,0,0
24300,"[9528, 3]",7,0,0,0
24301,"[9528, 4]",6,0,0,0
24302,"[9528, 5]",5,0,0,0
24303,"[9528, 6]",4,0,0,0
24304,"[9528, 7]",83,0,0,0
24305,"[9528, 8]",74,57,26,0
24306,"[9528, 9]",69,0,0,0
24307,"[9528, 10]",65,0,0,0
24308,"[9528, 11]",60,0,0,0
24309,"[9528, 12]",54,0,0,0
24310,"[9528, 13]",295,41,18,0
24311,"[9528, 14]",260,54,24,0
24312,"[9528, 15]",239,158,64,0
24313,"[9528, 16]",215,158,64,0
24314,"[9528, 17]",111,2,1,0
24315,"[9529, 0]",1,0,0,0
24316,"[9529, 1]",2,0,0,0
24317,"[9529, 2]",27,158,64,0
24318,"[9530, 0]",1,0,0,0
24319,"[9530, 1]",4,0,0,0
24320,"[9530, 2]",3,0,0,0
24321,"[9530, 3]",2,0,0,0
24322,"[9530, 4]",24,158,64,-1
24323,"[9530, 5]",23,158,64,-1
24324,"[9530, 6]",19,156,64,0
24325,"[9530, 7]",16,158,64,0
24326,"[9531, 0]",1,2,1,0
24327,"[9532, 0]",1,158,64,0
24328,"[9533, 0]",1,57,26,0
24329,"[9534, 0]",1,55,26,0
24330,"[9535, 0]",1,0,0,0
24331,"[9535, 1]",2,158,64,0
24332,"[9536, 0]",1,0,0,0
24333,"[9536, 1]",4,158,64,-1
24334,"[9536, 2]",3,158,64,-1
24335,"[9537, 0]",1,156,64,0
24336,"[9538, 0]",1,41,18,0
24337,"[9539, 0]",1,0,0,1
24338,"[9539, 1]",5,156,64,14
24339,"[9539, 2]",3,0,0,-1
24340,"[9539, 3]",2,0,0,-1
24341,"[9539, 4]",29,0,0,5
24342,"[9539, 5]",25,158,64,-1
24343,"[9539, 6]",57,158,64,0
24344,"[9540, 0]",1,41,18,1
24345,"[9541, 0]",1,0,0,0
24346,"[9541, 1]",2,41,18,0
24347,"[9542, 0]",1,41,18,0
24348,"[9543, 0]",1,0,0,0
24349,"[9543, 1]",2,0,0,3
24350,"[9543, 2]",18,158,64,0
24351,"[9544, 0]",1,158,64,0
24352,"[9545, 0]",1,0,0,0
24353,"[9545, 1]",4,158,64,0
24354,"[9545, 2]",3,158,64,0
24355,"[9545, 3]",2,0,0,0
24356,"[9545, 4]",15,158,64,0
24357,"[9546, 0]",1,0,0,0
24358,"[9546, 1]",2,2,1,0
24359,"[9547, 0]",1,0,0,0
24360,"[9547, 1]",12,156,64,0
24361,"[9547, 2]",10,0,0,0
24362,"[9547, 3]",7,0,0,0
24363,"[9547, 4]",6,0,0,0
24364,"[9547, 5]",5,0,0,0
24365,"[9547, 6]",4,0,0,0
24366,"[9547, 7]",68,0,0,0
24367,"[9547, 8]",59,156,64,0
24368,"[9547, 9]",55,0,0,0
24369,"[9547, 10]",50,158,64,0
24370,"[9547, 11]",33,158,64,0
24371,"[9547, 12]",195,0,0,0
24372,"[9547, 13]",101,158,64,0
24373,"[9547, 14]",414,158,64,0
24374,"[9548, 0]",1,158,64,0
24375,"[9549, 0]",1,158,64,0
24376,"[9550, 0]",1,0,0,0
24377,"[9550, 1]",2,156,64,0
24378,"[9551, 0]",1,57,26,0
24379,"[9552, 0]",1,0,0,0
24380,"[9552, 1]",6,158,64,-1
24381,"[9552, 2]",2,53,24,2
24382,"[9553, 0]",1,41,18,0
24383,"[9554, 0]",1,0,0,0
24384,"[9554, 1]",2,41,18,0
24385,"[9555, 0]",1,2,1,0
24386,"[9556, 0]",1,158,64,0
24387,"[9557, 0]",1,0,0,0
24388,"[9557, 1]",2,158,64,0
24389,"[9558, 0]",1,158,64,0
24390,"[9559, 0]",1,0,0,0
24391,"[9559, 1]",3,158,64,0
24392,"[9559, 2]",2,51,24,0
24393,"[9560, 0]",1,57,26,0
24394,"[9561, 0]",1,55,26,0
24395,"[9562, 0]",1,41,18,0
24396,"[9563, 0]",1,0,0,0
24397,"[9563, 1]",2,41,18,0
24398,"[9564, 0]",1,2,1,0
24399,"[9565, 0]",1,158,64,0
24400,"[9566, 0]",1,158,64,0
24401,"[9567, 0]",1,0,0,1
24402,"[9567, 1]",2,0,0,0
24403,"[9567, 2]",38,0,0,0
24404,"[9567, 3]",37,2,1,0
24405,"[9567, 4]",35,0,0,0
24406,"[9567, 5]",64,158,64,0
24407,"[9567, 6]",48,57,26,6
24408,"[9568, 0]",1,156,64,0
24409,"[9569, 0]",1,0,0,0
24410,"[9569, 1]",5,0,0,0
24411,"[9569, 2]",3,0,0,0
24412,"[9569, 3]",2,0,0,0
24413,"[9569, 4]",47,41,18,0
24414,"[9569, 5]",44,0,0,0
24415,"[9569, 6]",40,0,0,-1
24416,"[9569, 7]",22,0,0,-1
24417,"[9569, 8]",128,0,0,1
24418,"[9569, 9]",110,0,0,-1
24419,"[9569, 10]",81,158,64,0
24420,"[9569, 11]",80,0,0,0
24421,"[9569, 12]",190,2,1,0
24422,"[9569, 13]",188,0,0,0
24423,"[9569, 14]",173,0,0,-1
24424,"[9569, 15]",162,2,1,0
24425,"[9569, 16]",328,158,64,-1
24426,"[9569, 17]",273,158,64,0
24427,"[9570, 0]",1,158,64,0
24428,"[9571, 0]",1,41,18,0
24429,"[9572, 0]",1,0,0,0
24430,"[9572, 1]",2,158,64,-1
24431,"[9573, 0]",1,0,0,0
24432,"[9573, 1]",2,156,64,0
24433,"[9574, 0]",1,2,1,0
24434,"[9575, 0]",1,0,0,0
24435,"[9575, 1]",2,53,24,-1
24436,"[9576, 0]",1,158,64,0
24437,"[9577, 0]",1,158,64,0
24438,"[9578, 0]",1,0,0,0
24439,"[9578, 1]",2,0,0,0
24440,"[9578, 2]",14,41,18,0
24441,"[9579, 0]",1,156,64,0
24442,"[9580, 0]",1,0,0,0
24443,"[9580, 1]",2,156,64,0
24444,"[9581, 0]",1,57,26,1
24445,"[9582, 0]",1,0,0,0
24446,"[9582, 1]",2,158,64,0
24447,"[9583, 0]",1,158,64,0
24448,"[9584, 0]",1,156,64,1
24449,"[9585, 0]",1,41,18,0
24450,"[9586, 0]",1,0,0,1
24451,"[9586, 1]",2,158,64,4
24452,"[9587, 0]",1,0,0,0
24453,"[9587, 1]",3,57,26,0
24454,"[9587, 2]",2,156,64,0
24455,"[9588, 0]",1,158,64,0
24456,"[9589, 0]",1,0,0,0
24457,"[9589, 1]",2,156,64,5
24458,"[9590, 0]",1,158,64,0
24459,"[9591, 0]",1,0,0,0
24460,"[9591, 1]",4,2,1,0
24461,"[9591, 2]",2,0,0,0
24462,"[9591, 3]",30,2,1,0
24463,"[9592, 0]",1,0,0,0
24464,"[9592, 1]",9,0,0,0
24465,"[9592, 2]",7,0,0,0
24466,"[9592, 3]",5,0,0,0
24467,"[9592, 4]",4,0,0,0
24468,"[9592, 5]",2,0,0,0
24469,"[9592, 6]",67,0,0,0
24470,"[9592, 7]",61,0,0,3
24471,"[9592, 8]",57,158,64,0
24472,"[9592, 9]",47,158,64,0
24473,"[9592, 10]",44,158,64,-1
24474,"[9592, 11]",183,158,64,0
24475,"[9592, 12]",136,158,64,0
24476,"[9593, 0]",1,158,64,0
24477,"[9594, 0]",1,41,18,0
24478,"[9595, 0]",1,158,64,0
24479,"[9596, 0]",1,156,64,0
24480,"[9597, 0]",1,0,0,0
24481,"[9597, 1]",8,156,64,0
24482,"[9597, 2]",7,158,64,0
24483,"[9597, 3]",6,41,18,0
24484,"[9597, 4]",5,158,64,0
24485,"[9597, 5]",3,0,0,0
24486,"[9597, 6]",27,0,0,-1
24487,"[9597, 7]",40,57,26,80
24488,"[9598, 0]",1,158,64,0
24489,"[9599, 0]",1,0,0,0
24490,"[9599, 1]",3,0,0,0
24491,"[9599, 2]",2,158,64,0
24492,"[9599, 3]",22,41,18,0
24493,"[9600, 0]",1,0,0,0
24494,"[9600, 1]",2,156,64,0
24495,"[9601, 0]",1,158,64,0
24496,"[9602, 0]",1,41,18,0
24497,"[9603, 0]",1,0,0,0
24498,"[9603, 1]",3,0,0,1
24499,"[9603, 2]",2,158,64,-1
24500,"[9603, 3]",22,41,18,0
24501,"[9604, 0]",1,57,26,0
24502,"[9605, 0]",1,156,64,1
24503,"[9606, 0]",1,0,0,0
24504,"[9606, 1]",2,0,0,0
24505,"[9606, 2]",16,41,18,0
24506,"[9607, 0]",1,0,0,0
24507,"[9607, 1]",2,54,24,0
24508,"[9608, 0]",1,57,26,0
24509,"[9609, 0]",1,0,0,0
24510,"[9609, 1]",6,41,18,3
24511,"[9609, 2]",4,0,0,4
24512,"[9609, 3]",2,0,0,-1
24513,"[9609, 4]",39,57,26,3
24514,"[9609, 5]",32,0,0,0
24515,"[9609, 6]",146,57,26,0
24516,"[9610, 0]",1,158,64,0
24517,"[9611, 0]",1,158,64,0
24518,"[9612, 0]",1,0,0,0
24519,"[9612, 1]",2,41,18,0
24520,"[9613, 0]",1,158,64,0
24521,"[9614, 0]",1,54,24,0
24522,"[9615, 0]",1,158,64,0
24523,"[9616, 0]",1,0,0,0
24524,"[9616, 1]",3,0,0,0
24525,"[9616, 2]",2,0,0,0
24526,"[9616, 3]",27,0,0,0
24527,"[9616, 4]",24,158,64,0
24528,"[9616, 5]",48,0,0,0
24529,"[9616, 6]",163,41,18,0
24530,"[9617, 0]",1,0,0,0
24531,"[9617, 1]",2,158,64,0
24532,"[9618, 0]",1,158,64,0
24533,"[9619, 0]",1,41,18,0
24534,"[9620, 0]",1,2,1,1
24535,"[9621, 0]",1,41,18,0
24536,"[9622, 0]",1,41,18,0
24537,"[9623, 0]",1,158,64,0
24538,"[9624, 0]",1,0,0,1
24539,"[9624, 1]",2,158,64,0
24540,"[9625, 0]",1,41,18,0
24541,"[9626, 0]",1,156,64,0
24542,"[9627, 0]",1,0,0,0
24543,"[9627, 1]",2,0,0,0
24544,"[9627, 2]",32,158,64,0
24545,"[9628, 0]",1,0,0,0
24546,"[9628, 1]",2,57,26,0
24547,"[9629, 0]",1,0,0,0
24548,"[9629, 1]",2,0,0,0
24549,"[9629, 2]",28,0,0,0
24550,"[9629, 3]",47,0,0,0
24551,"[9629, 4]",61,158,64,0
24552,"[9630, 0]",1,0,0,0
24553,"[9630, 1]",2,0,0,0
24554,"[9630, 2]",16,156,64,0
24555,"[9631, 0]",1,0,0,0
24556,"[9631, 1]",2,0,0,0
24557,"[9631, 2]",27,0,0,0
24558,"[9631, 3]",42,158,64,-1
24559,"[9632, 0]",1,0,0,0
24560,"[9632, 1]",2,158,64,0
24561,"[9633, 0]",1,41,18,1
24562,"[9634, 0]",1,0,0,0
24563,"[9634, 1]",2,57,26,0
24564,"[9635, 0]",1,0,0,0
24565,"[9635, 1]",2,158,64,0
24566,"[9636, 0]",1,0,0,0
24567,"[9636, 1]",2,158,64,0
24568,"[9637, 0]",1,0,0,0
24569,"[9637, 1]",2,158,64,0
24570,"[9638, 0]",1,0,0,0
24571,"[9638, 1]",2,158,64,0
24572,"[9639, 0]",1,0,0,0
24573,"[9639, 1]",2,41,18,0
24574,"[9640, 0]",1,156,64,0
24575,"[9641, 0]",1,0,0,0
24576,"[9641, 1]",2,158,64,0
24577,"[9642, 0]",1,158,64,0
24578,"[9643, 0]",1,0,0,0
24579,"[9643, 1]",2,156,64,12
24580,"[9644, 0]",1,0,0,0
24581,"[9644, 1]",2,158,64,0
24582,"[9645, 0]",1,0,0,0
24583,"[9645, 1]",2,158,64,0
24584,"[9646, 0]",1,158,64,0
24585,"[9647, 0]",1,158,64,0
24586,"[9648, 0]",1,0,0,0
24587,"[9648, 1]",2,0,0,0
24588,"[9648, 2]",24,0,0,0
24589,"[9648, 3]",37,2,1,1
24590,"[9649, 0]",1,0,0,0
24591,"[9649, 1]",2,158,64,0
24592,"[9650, 0]",1,158,64,0
24593,"[9651, 0]",1,0,0,0
24594,"[9651, 1]",2,2,1,0
24595,"[9652, 0]",1,0,0,0
24596,"[9652, 1]",2,158,64,0
24597,"[9653, 0]",1,0,0,1
24598,"[9653, 1]",4,41,18,0
24599,"[9653, 2]",2,0,0,0
24600,"[9653, 3]",28,0,0,0
24601,"[9653, 4]",27,41,18,0
24602,"[9653, 5]",53,57,26,0
24603,"[9654, 0]",1,0,0,0
24604,"[9654, 1]",2,57,26,0
24605,"[9655, 0]",1,0,0,0
24606,"[9655, 1]",9,41,18,0
24607,"[9655, 2]",7,0,0,0
24608,"[9655, 3]",6,158,64,0
24609,"[9655, 4]",5,0,0,0
24610,"[9655, 5]",2,0,0,0
24611,"[9655, 6]",59,0,0,0
24612,"[9655, 7]",58,57,26,0
24613,"[9655, 8]",37,158,64,0
24614,"[9655, 9]",31,57,26,0
24615,"[9655, 10]",114,57,26,2
24616,"[9656, 0]",1,0,0,0
24617,"[9656, 1]",2,0,0,0
24618,"[9656, 2]",35,156,64,-1
24619,"[9657, 0]",1,0,0,0
24620,"[9658, 0]",1,41,18,0
24621,"[9659, 0]",1,0,0,0
24622,"[9659, 1]",2,41,18,0
24623,"[9660, 0]",1,0,0,0
24624,"[9660, 1]",5,158,64,0
24625,"[9660, 2]",4,158,64,0
24626,"[9660, 3]",2,0,0,0
24627,"[9660, 4]",31,158,64,0
24628,"[9661, 0]",1,0,0,0
24629,"[9661, 1]",2,0,0,0
24630,"[9661, 2]",18,41,18,0
24631,"[9662, 0]",1,0,0,0
24632,"[9662, 1]",2,156,64,0
24633,"[9663, 0]",1,0,0,0
24634,"[9663, 1]",2,57,26,0
24635,"[9664, 0]",1,41,18,0
24636,"[9665, 0]",1,0,0,0
24637,"[9665, 1]",2,57,26,0
24638,"[9666, 0]",1,0,0,0
24639,"[9666, 1]",2,57,26,0
24640,"[9667, 0]",1,41,18,0
24641,"[9668, 0]",1,0,0,0
24642,"[9669, 0]",1,0,0,0
24643,"[9669, 1]",7,158,64,0
24644,"[9669, 2]",5,0,0,0
24645,"[9669, 3]",4,0,0,0
24646,"[9669, 4]",3,0,0,0
24647,"[9669, 5]",2,0,0,0
24648,"[9669, 6]",57,41,18,0
24649,"[9669, 7]",55,158,64,0
24650,"[9669, 8]",54,0,0,0
24651,"[9669, 9]",53,0,0,0
24652,"[9669, 10]",49,0,0,0
24653,"[9669, 11]",41,0,0,0
24654,"[9669, 12]",37,0,0,0
24655,"[9669, 13]",189,0,0,1
24656,"[9669, 14]",175,54,24,0
24657,"[9669, 15]",111,0,0,0
24658,"[9669, 16]",88,0,0,0
24659,"[9669, 17]",83,53,24,0
24660,"[9669, 18]",390,37,18,0
24661,"[9669, 19]",320,0,0,0
24662,"[9669, 20]",251,158,64,0
24663,"[9669, 21]",582,0,0,0
24664,"[9669, 22]",737,41,18,1
24665,"[9670, 0]",1,0,0,0
24666,"[9670, 1]",2,158,64,7
24667,"[9671, 0]",1,0,0,0
24668,"[9671, 1]",2,0,0,0
24669,"[9671, 2]",15,57,26,0
24670,"[9672, 0]",1,0,0,0
24671,"[9672, 1]",2,0,0,0
24672,"[9672, 2]",14,54,24,0
24673,"[9673, 0]",1,158,64,0
24674,"[9674, 0]",1,158,64,0
24675,"[9675, 0]",1,0,0,0
24676,"[9675, 1]",2,158,64,0
24677,"[9676, 0]",1,0,0,0
24678,"[9676, 1]",3,0,0,0
24679,"[9676, 2]",2,0,0,0
24680,"[9676, 3]",37,0,0,0
24681,"[9676, 4]",36,0,0,0
24682,"[9676, 5]",29,57,26,0
24683,"[9676, 6]",62,0,0,0
24684,"[9676, 7]",59,158,64,0
24685,"[9676, 8]",183,41,18,0
24686,"[9677, 0]",1,0,0,0
24687,"[9677, 1]",2,158,64,0
24688,"[9678, 0]",1,158,64,0
24689,"[9679, 0]",1,0,0,0
24690,"[9679, 1]",2,158,64,0
24691,"[9680, 0]",1,158,64,0
24692,"[9681, 0]",1,57,26,0
24693,"[9682, 0]",1,158,64,0
24694,"[9683, 0]",1,0,0,0
24695,"[9683, 1]",2,41,18,0
24696,"[9684, 0]",1,158,64,1
24697,"[9685, 0]",1,0,0,0
24698,"[9685, 1]",2,158,64,1
24699,"[9686, 0]",1,0,0,0
24700,"[9686, 1]",9,59,28,0
24701,"[9686, 2]",6,41,18,0
24702,"[9686, 3]",5,0,0,0
24703,"[9686, 4]",4,0,0,0
24704,"[9686, 5]",2,0,0,0
24705,"[9686, 6]",43,0,0,0
24706,"[9686, 7]",41,0,0,0
24707,"[9686, 8]",37,0,0,0
24708,"[9686, 9]",32,158,64,0
24709,"[9686, 10]",106,156,64,0
24710,"[9686, 11]",76,0,0,0
24711,"[9686, 12]",61,57,26,0
24712,"[9686, 13]",259,156,64,0
24713,"[9687, 0]",1,57,26,0
24714,"[9688, 0]",1,156,64,0
24715,"[9689, 0]",1,57,26,0
24716,"[9690, 0]",1,0,0,0
24717,"[9690, 1]",2,0,0,0
24718,"[9690, 2]",17,158,64,4
24719,"[9691, 0]",1,2,1,0
24720,"[9692, 0]",1,0,0,0
24721,"[9692, 1]",5,54,24,0
24722,"[9692, 2]",3,57,26,0
24723,"[9692, 3]",2,0,0,0
24724,"[9692, 4]",21,0,0,0
24725,"[9693, 0]",1,0,0,0
24726,"[9693, 1]",4,0,0,0
24727,"[9693, 2]",3,0,0,0
24728,"[9693, 3]",2,0,0,0
24729,"[9693, 4]",32,158,64,0
24730,"[9693, 5]",27,41,18,0
24731,"[9693, 6]",24,158,64,0
24732,"[9694, 0]",1,0,0,0
24733,"[9694, 1]",6,41,18,0
24734,"[9694, 2]",4,0,0,0
24735,"[9694, 3]",2,0,0,0
24736,"[9694, 4]",41,0,0,0
24737,"[9694, 5]",39,0,0,0
24738,"[9694, 6]",24,41,18,0
24739,"[9694, 7]",64,0,0,0
24740,"[9694, 8]",59,158,64,0
24741,"[9694, 9]",182,0,0,0
24742,"[9694, 10]",275,158,64,24
24743,"[9695, 0]",1,0,0,0
24744,"[9695, 1]",2,0,0,0
24745,"[9695, 2]",23,158,64,0
24746,"[9696, 0]",1,158,64,0
24747,"[9697, 0]",1,0,0,0
24748,"[9697, 1]",2,0,0,0
24749,"[9697, 2]",73,37,18,0
24750,"[9698, 0]",1,2,1,0
24751,"[9699, 0]",1,0,0,0
24752,"[9699, 1]",3,158,64,-1
24753,"[9699, 2]",2,158,64,-1
24754,"[9700, 0]",1,158,64,0
24755,"[9701, 0]",1,57,26,0
24756,"[9702, 0]",1,41,18,0
24757,"[9703, 0]",1,0,0,0
24758,"[9703, 1]",2,158,64,0
24759,"[9704, 0]",1,0,0,0
24760,"[9704, 1]",2,0,0,-1
24761,"[9704, 2]",29,57,26,16
24762,"[9705, 0]",1,0,0,0
24763,"[9705, 1]",5,158,64,0
24764,"[9705, 2]",4,0,0,0
24765,"[9705, 3]",3,0,0,0
24766,"[9705, 4]",25,2,1,0
24767,"[9705, 5]",22,0,0,-1
24768,"[9705, 6]",78,58,26,-1
24769,"[9706, 0]",1,158,64,0
24770,"[9707, 0]",1,156,64,0
24771,"[9708, 0]",1,158,64,0
24772,"[9709, 0]",1,57,26,0
24773,"[9710, 0]",1,59,28,0
24774,"[9711, 0]",1,0,0,0
24775,"[9711, 1]",3,41,18,0
24776,"[9711, 2]",2,156,64,0
24777,"[9712, 0]",1,0,0,0
24778,"[9712, 1]",2,41,18,3
24779,"[9713, 0]",1,0,0,0
24780,"[9713, 1]",4,158,64,0
24781,"[9713, 2]",2,0,0,0
24782,"[9713, 3]",20,0,0,0
24783,"[9713, 4]",19,158,64,0
24784,"[9713, 5]",51,41,18,0
24785,"[9714, 0]",1,57,26,0
24786,"[9715, 0]",1,156,64,0
24787,"[9716, 0]",1,0,0,0
24788,"[9716, 1]",2,158,64,0
24789,"[9717, 0]",1,51,24,0
24790,"[9718, 0]",1,0,0,0
24791,"[9718, 1]",2,0,0,0
24792,"[9718, 2]",12,158,64,0
24793,"[9719, 0]",1,0,0,0
24794,"[9719, 1]",2,0,0,0
24795,"[9719, 2]",25,2,1,0
24796,"[9720, 0]",1,58,26,0
24797,"[9721, 0]",1,0,0,0
24798,"[9721, 1]",2,158,64,0
24799,"[9722, 0]",1,41,18,0
24800,"[9723, 0]",1,2,1,0
24801,"[9724, 0]",1,57,26,0
24802,"[9725, 0]",1,156,64,0
24803,"[9726, 0]",1,0,0,0
24804,"[9726, 1]",2,75,32,0
24805,"[9727, 0]",1,156,64,0
24806,"[9728, 0]",1,158,64,0
24807,"[9729, 0]",1,0,0,0
24808,"[9729, 1]",2,57,26,0
24809,"[9730, 0]",1,54,24,0
24810,"[9731, 0]",1,158,64,0
24811,"[9732, 0]",1,2,1,0
24812,"[9733, 0]",1,57,26,0
24813,"[9734, 0]",1,0,0,0
24814,"[9734, 1]",3,158,64,0
24815,"[9734, 2]",2,41,18,0
24816,"[9735, 0]",1,0,0,0
24817,"[9735, 1]",2,37,18,0
24818,"[9736, 0]",1,41,18,0
24819,"[9737, 0]",1,0,0,0
24820,"[9737, 1]",2,57,26,0
24821,"[9738, 0]",1,0,0,0
24822,"[9738, 1]",2,158,64,0
24823,"[9739, 0]",1,0,0,0
24824,"[9739, 1]",2,158,64,3
24825,"[9740, 0]",1,58,26,0
24826,"[9741, 0]",1,0,0,0
24827,"[9741, 1]",2,158,64,0
24828,"[9742, 0]",1,158,64,0
24829,"[9743, 0]",1,0,0,0
24830,"[9743, 1]",4,158,64,0
24831,"[9743, 2]",3,158,64,0
24832,"[9743, 3]",2,0,0,0
24833,"[9743, 4]",18,41,18,0
24834,"[9744, 0]",1,0,0,0
24835,"[9744, 1]",2,57,26,-1
24836,"[9745, 0]",1,0,0,0
24837,"[9745, 1]",2,158,64,3
24838,"[9746, 0]",1,156,64,0
24839,"[9747, 0]",1,0,0,0
24840,"[9747, 1]",2,57,26,0
24841,"[9748, 0]",1,0,0,0
24842,"[9748, 1]",7,158,64,0
24843,"[9748, 2]",3,0,0,0
24844,"[9748, 3]",2,0,0,0
24845,"[9748, 4]",62,0,0,0
24846,"[9748, 5]",61,0,0,0
24847,"[9748, 6]",60,0,0,0
24848,"[9748, 7]",57,54,24,0
24849,"[9748, 8]",51,57,26,0
24850,"[9748, 9]",47,0,0,0
24851,"[9748, 10]",44,0,0,0
24852,"[9748, 11]",43,0,0,0
24853,"[9748, 12]",42,0,0,0
24854,"[9748, 13]",207,0,0,0
24855,"[9748, 14]",198,41,18,0
24856,"[9748, 15]",195,0,0,0
24857,"[9748, 16]",189,57,26,0
24858,"[9748, 17]",152,41,18,0
24859,"[9748, 18]",150,0,0,0
24860,"[9748, 19]",109,158,64,0
24861,"[9748, 20]",107,0,0,0
24862,"[9748, 21]",102,0,0,0
24863,"[9748, 22]",100,2,1,0
24864,"[9748, 23]",514,0,0,0
24865,"[9748, 24]",513,0,0,0
24866,"[9748, 25]",474,0,0,-1
24867,"[9748, 26]",399,57,26,0
24868,"[9748, 27]",348,0,0,0
24869,"[9748, 28]",261,0,0,0
24870,"[9748, 29]",915,41,18,0
24871,"[9748, 30]",871,158,64,7
24872,"[9748, 31]",620,2,1,-1
24873,"[9748, 32]",603,158,64,0
24874,"[9748, 33]",601,158,64,0
24875,"[9748, 34]",600,0,0,0
24876,"[9748, 35]",591,158,64,0
24877,"[9748, 36]",1110,0,0,0
24878,"[9748, 37]",1216,51,24,0
24879,"[9749, 0]",1,158,64,0
24880,"[9750, 0]",1,0,0,0
24881,"[9750, 1]",2,41,18,0
24882,"[9751, 0]",1,158,64,0
24883,"[9752, 0]",1,158,64,0
24884,"[9753, 0]",1,156,64,0
24885,"[9754, 0]",1,0,0,0
24886,"[9755, 0]",1,158,64,0
24887,"[9756, 0]",1,0,0,0
24888,"[9756, 1]",2,2,1,0
24889,"[9757, 0]",1,57,26,0
24890,"[9758, 0]",1,0,0,0
24891,"[9758, 1]",2,0,0,0
24892,"[9758, 2]",16,57,26,0
24893,"[9759, 0]",1,0,0,0
24894,"[9759, 1]",2,158,64,5
24895,"[9760, 0]",1,2,1,0
24896,"[9761, 0]",1,0,0,0
24897,"[9761, 1]",2,0,0,0
24898,"[9761, 2]",17,158,64,0
24899,"[9762, 0]",1,0,0,0
24900,"[9762, 1]",2,158,64,0
24901,"[9763, 0]",1,0,0,0
24902,"[9763, 1]",5,2,1,0
24903,"[9763, 2]",4,158,64,0
24904,"[9763, 3]",2,0,0,0
24905,"[9763, 4]",30,0,0,0
24906,"[9763, 5]",113,57,26,0
24907,"[9764, 0]",1,0,0,0
24908,"[9764, 1]",6,41,18,0
24909,"[9764, 2]",3,0,0,0
24910,"[9764, 3]",2,0,0,0
24911,"[9764, 4]",58,57,26,0
24912,"[9764, 5]",55,0,0,0
24913,"[9764, 6]",54,0,0,0
24914,"[9764, 7]",51,41,18,0
24915,"[9764, 8]",48,0,0,0
24916,"[9764, 9]",47,0,0,0
24917,"[9764, 10]",143,156,64,0
24918,"[9764, 11]",140,158,64,0
24919,"[9764, 12]",106,57,26,0
24920,"[9764, 13]",99,41,18,0
24921,"[9765, 0]",1,0,0,0
24922,"[9765, 1]",2,57,26,4
24923,"[9766, 0]",1,0,0,0
24924,"[9766, 1]",2,41,18,0
24925,"[9767, 0]",1,158,64,0
24926,"[9768, 0]",1,41,18,0
24927,"[9769, 0]",1,0,0,0
24928,"[9769, 1]",2,158,64,-1
24929,"[9770, 0]",1,57,26,0
24930,"[9771, 0]",1,0,0,0
24931,"[9771, 1]",3,158,64,0
24932,"[9771, 2]",2,77,32,0
24933,"[9772, 0]",1,2,1,0
24934,"[9773, 0]",1,158,64,0
24935,"[9774, 0]",1,57,26,0
24936,"[9775, 0]",1,0,0,0
24937,"[9775, 1]",2,158,64,0
24938,"[9776, 0]",1,0,0,0
24939,"[9776, 1]",2,2,1,-1
24940,"[9777, 0]",1,158,64,0
24941,"[9778, 0]",1,158,64,0
24942,"[9779, 0]",1,2,1,0
24943,"[9780, 0]",1,0,0,1
24944,"[9780, 1]",5,0,0,0
24945,"[9780, 2]",4,156,64,0
24946,"[9780, 3]",20,57,26,8
24947,"[9781, 0]",1,0,0,0
24948,"[9781, 1]",2,0,0,0
24949,"[9781, 2]",29,156,64,-1
24950,"[9782, 0]",1,0,0,0
24951,"[9782, 1]",2,0,0,0
24952,"[9782, 2]",32,57,26,0
24953,"[9783, 0]",1,0,0,0
24954,"[9783, 1]",2,41,18,0
24955,"[9784, 0]",1,0,0,0
24956,"[9784, 1]",3,0,0,-1
24957,"[9784, 2]",35,158,64,-1
24958,"[9785, 0]",1,156,64,0
24959,"[9786, 0]",1,0,0,0
24960,"[9786, 1]",2,0,0,0
24961,"[9786, 2]",18,0,0,0
24962,"[9786, 3]",32,2,1,0
24963,"[9787, 0]",1,158,64,0
24964,"[9788, 0]",1,0,0,0
24965,"[9788, 1]",2,158,64,0
24966,"[9789, 0]",1,41,18,0
24967,"[9790, 0]",1,0,0,0
24968,"[9790, 1]",2,158,64,0
24969,"[9791, 0]",1,0,0,0
24970,"[9791, 1]",6,41,18,0
24971,"[9791, 2]",5,0,0,0
24972,"[9791, 3]",2,0,0,0
24973,"[9791, 4]",53,41,18,0
24974,"[9791, 5]",38,41,18,0
24975,"[9792, 0]",1,0,0,0
24976,"[9792, 1]",4,2,1,0
24977,"[9792, 2]",2,0,0,0
24978,"[9792, 3]",34,158,64,0
24979,"[9792, 4]",32,0,0,0
24980,"[9792, 5]",66,0,0,0
24981,"[9792, 6]",126,158,64,1
24982,"[9793, 0]",1,0,0,0
24983,"[9793, 1]",2,158,64,0
24984,"[9794, 0]",1,0,0,0
24985,"[9794, 1]",2,158,64,0
24986,"[9795, 0]",1,0,0,0
24987,"[9795, 1]",2,57,26,-1
24988,"[9796, 0]",1,41,18,0
24989,"[9797, 0]",1,0,0,0
24990,"[9797, 1]",2,2,1,13
24991,"[9798, 0]",1,156,64,0
24992,"[9799, 0]",1,158,64,0
24993,"[9800, 0]",1,0,0,0
24994,"[9800, 1]",4,158,64,0
24995,"[9800, 2]",3,0,0,0
24996,"[9800, 3]",2,59,28,0
24997,"[9800, 4]",23,41,18,0
24998,"[9801, 0]",1,0,0,0
24999,"[9801, 1]",2,158,64,0
25000,"[9802, 0]",1,0,0,0
25001,"[9802, 1]",2,0,0,0
25002,"[9802, 2]",15,41,18,0
25003,"[9803, 0]",1,57,26,0
25004,"[9804, 0]",1,58,26,0
25005,"[9805, 0]",1,0,0,0
25006,"[9805, 1]",2,0,0,0
25007,"[9805, 2]",24,158,64,0
25008,"[9806, 0]",1,0,0,0
25009,"[9806, 1]",5,0,0,0
25010,"[9806, 2]",2,0,0,0
25011,"[9806, 3]",33,0,0,0
25012,"[9806, 4]",10,2,1,0
25013,"[9806, 5]",112,158,64,0
25014,"[9807, 0]",1,63,28,1
25015,"[9808, 0]",1,41,18,0
25016,"[9809, 0]",1,158,64,0
25017,"[9810, 0]",1,158,64,0
25018,"[9811, 0]",1,0,0,0
25019,"[9811, 1]",2,0,0,0
25020,"[9811, 2]",57,41,18,0
25021,"[9812, 0]",1,158,64,0
25022,"[9813, 0]",1,0,0,0
25023,"[9813, 1]",9,54,24,2
25024,"[9813, 2]",5,0,0,-1
25025,"[9813, 3]",4,0,0,1
25026,"[9813, 4]",3,0,0,-1
25027,"[9813, 5]",56,0,0,5
25028,"[9813, 6]",50,158,64,-1
25029,"[9813, 7]",129,156,64,0
25030,"[9814, 0]",1,41,18,0
25031,"[9815, 0]",1,0,0,0
25032,"[9815, 1]",2,57,26,0
25033,"[9816, 0]",1,0,0,0
25034,"[9816, 1]",4,156,64,0
25035,"[9816, 2]",3,0,0,0
25036,"[9816, 3]",2,158,64,0
25037,"[9816, 4]",17,41,18,7
25038,"[9817, 0]",1,0,0,0
25039,"[9817, 1]",2,158,64,0
25040,"[9818, 0]",1,158,64,0
25041,"[9819, 0]",1,2,1,0
25042,"[9820, 0]",1,0,0,0
25043,"[9820, 1]",8,158,64,0
25044,"[9820, 2]",7,158,64,0
25045,"[9820, 3]",6,0,0,0
25046,"[9820, 4]",4,0,0,0
25047,"[9820, 5]",3,0,0,0
25048,"[9820, 6]",39,0,0,0
25049,"[9820, 7]",33,0,0,0
25050,"[9820, 8]",19,158,64,0
25051,"[9820, 9]",91,0,0,0
25052,"[9820, 10]",66,0,0,0
25053,"[9820, 11]",343,2,1,1
25054,"[9820, 12]",288,0,0,0
25055,"[9820, 13]",376,57,26,2
25056,"[9821, 0]",1,57,26,0
25057,"[9822, 0]",1,41,18,0
25058,"[9823, 0]",1,0,0,0
25059,"[9823, 1]",2,0,0,0
25060,"[9823, 2]",18,158,64,0
25061,"[9824, 0]",1,0,0,0
25062,"[9824, 1]",2,156,64,0
25063,"[9825, 0]",1,55,26,0
25064,"[9826, 0]",1,158,64,0
25065,"[9827, 0]",1,0,0,0
25066,"[9827, 1]",2,41,18,0
25067,"[9828, 0]",1,158,64,0
25068,"[9829, 0]",1,0,0,0
25069,"[9829, 1]",2,158,64,0
25070,"[9830, 0]",1,0,0,0
25071,"[9830, 1]",2,41,18,0
25072,"[9831, 0]",1,158,64,0
25073,"[9832, 0]",1,158,64,1
25074,"[9833, 0]",1,0,0,0
25075,"[9833, 1]",2,0,0,0
25076,"[9833, 2]",36,0,0,-1
25077,"[9833, 3]",89,57,26,7
25078,"[9834, 0]",1,0,0,0
25079,"[9834, 1]",2,158,64,0
25080,"[9835, 0]",1,158,64,0
25081,"[9836, 0]",1,0,0,0
25082,"[9836, 1]",2,57,26,0
25083,"[9837, 0]",1,0,0,0
25084,"[9837, 1]",2,57,26,0
25085,"[9838, 0]",1,0,0,0
25086,"[9838, 1]",2,158,64,1
25087,"[9839, 0]",1,0,0,0
25088,"[9839, 1]",2,158,64,0
25089,"[9840, 0]",1,158,64,0
25090,"[9841, 0]",1,0,0,0
25091,"[9841, 1]",4,41,18,0
25092,"[9841, 2]",3,0,0,0
25093,"[9841, 3]",2,0,0,0
25094,"[9841, 4]",32,41,18,0
25095,"[9841, 5]",29,158,64,0
25096,"[9842, 0]",1,2,1,1
25097,"[9843, 0]",1,0,0,0
25098,"[9843, 1]",2,0,0,0
25099,"[9843, 2]",35,158,64,9
25100,"[9844, 0]",1,0,0,0
25101,"[9844, 1]",2,0,0,0
25102,"[9844, 2]",34,0,0,0
25103,"[9844, 3]",49,158,64,0
25104,"[9845, 0]",1,57,26,0
25105,"[9846, 0]",1,0,0,0
25106,"[9846, 1]",2,41,18,0
25107,"[9847, 0]",1,41,18,0
25108,"[9848, 0]",1,2,1,0
25109,"[9849, 0]",1,158,64,0
25110,"[9850, 0]",1,158,64,0
25111,"[9851, 0]",1,0,0,0
25112,"[9851, 1]",2,156,64,0
25113,"[9852, 0]",1,0,0,0
25114,"[9852, 1]",2,57,26,0
25115,"[9853, 0]",1,0,0,0
25116,"[9853, 1]",5,57,26,0
25117,"[9853, 2]",3,158,64,0
25118,"[9853, 3]",2,0,0,0
25119,"[9853, 4]",34,158,64,0
25120,"[9854, 0]",1,0,0,0
25121,"[9854, 1]",2,57,26,0
25122,"[9855, 0]",1,158,64,0
25123,"[9856, 0]",1,2,1,0
25124,"[9857, 0]",1,41,18,0
25125,"[9858, 0]",1,0,0,0
25126,"[9858, 1]",2,64,29,0
25127,"[9859, 0]",1,0,0,0
25128,"[9859, 1]",2,0,0,0
25129,"[9859, 2]",33,53,24,0
25130,"[9860, 0]",1,0,0,0
25131,"[9860, 1]",4,156,64,-1
25132,"[9860, 2]",2,0,0,-1
25133,"[9860, 3]",37,158,64,-1
25134,"[9860, 4]",36,158,64,-1
25135,"[9861, 0]",1,158,64,0
25136,"[9862, 0]",1,0,0,0
25137,"[9862, 1]",4,158,64,0
25138,"[9862, 2]",2,0,0,0
25139,"[9862, 3]",25,59,28,0
25140,"[9862, 4]",24,0,0,0
25141,"[9862, 5]",56,158,64,-1
25142,"[9863, 0]",1,2,1,0
25143,"[9864, 0]",1,0,0,0
25144,"[9865, 0]",1,0,0,0
25145,"[9865, 1]",2,41,18,0
25146,"[9866, 0]",1,0,0,0
25147,"[9866, 1]",2,41,18,0
25148,"[9867, 0]",1,0,0,0
25149,"[9867, 1]",2,156,64,0
25150,"[9868, 0]",1,0,0,0
25151,"[9868, 1]",4,0,0,0
25152,"[9868, 2]",3,0,0,0
25153,"[9868, 3]",2,0,0,0
25154,"[9868, 4]",39,158,64,0
25155,"[9868, 5]",37,0,0,0
25156,"[9868, 6]",33,41,18,0
25157,"[9868, 7]",32,158,64,0
25158,"[9868, 8]",31,0,0,0
25159,"[9868, 9]",27,57,26,0
25160,"[9868, 10]",26,57,26,0
25161,"[9868, 11]",91,57,26,0
25162,"[9868, 12]",76,0,0,0
25163,"[9868, 13]",75,0,0,0
25164,"[9868, 14]",264,0,0,0
25165,"[9868, 15]",261,158,64,0
25166,"[9868, 16]",336,158,64,0
25167,"[9869, 0]",1,0,0,0
25168,"[9869, 1]",5,158,64,0
25169,"[9869, 2]",4,158,64,0
25170,"[9869, 3]",3,41,18,0
25171,"[9869, 4]",2,0,0,0
25172,"[9869, 5]",37,59,28,0
25173,"[9870, 0]",1,0,0,0
25174,"[9870, 1]",2,0,0,0
25175,"[9870, 2]",25,59,28,0
25176,"[9871, 0]",1,2,1,0
25177,"[9872, 0]",1,0,0,0
25178,"[9872, 1]",6,0,0,0
25179,"[9872, 2]",4,0,0,0
25180,"[9872, 3]",2,0,0,0
25181,"[9872, 4]",30,0,0,0
25182,"[9872, 5]",29,0,0,0
25183,"[9872, 6]",28,0,0,0
25184,"[9872, 7]",24,57,26,0
25185,"[9872, 8]",21,41,18,2
25186,"[9872, 9]",72,0,0,0
25187,"[9872, 10]",68,0,0,0
25188,"[9872, 11]",65,158,64,0
25189,"[9872, 12]",182,158,64,0
25190,"[9872, 13]",152,158,64,0
25191,"[9873, 0]",1,0,0,0
25192,"[9873, 1]",3,0,0,0
25193,"[9873, 2]",2,0,0,0
25194,"[9873, 3]",36,158,64,0
25195,"[9873, 4]",32,57,26,0
25196,"[9874, 0]",1,41,18,0
25197,"[9875, 0]",1,2,1,0
25198,"[9876, 0]",1,57,26,0
25199,"[9877, 0]",1,41,18,0
25200,"[9878, 0]",1,158,64,0
25201,"[9879, 0]",1,0,0,0
25202,"[9879, 1]",2,156,64,0
25203,"[9880, 0]",1,41,18,0
25204,"[9881, 0]",1,41,18,0
25205,"[9882, 0]",1,41,18,0
25206,"[9883, 0]",1,0,0,0
25207,"[9883, 1]",2,0,0,-1
25208,"[9883, 2]",16,0,0,2
25209,"[9883, 3]",42,2,1,0
25210,"[9884, 0]",1,41,18,0
25211,"[9885, 0]",1,57,26,0
25212,"[9886, 0]",1,41,18,0
25213,"[9887, 0]",1,0,0,0
25214,"[9887, 1]",6,158,64,0
25215,"[9887, 2]",4,0,0,0
25216,"[9887, 3]",3,0,0,0
25217,"[9887, 4]",2,0,0,0
25218,"[9887, 5]",34,41,18,0
25219,"[9887, 6]",31,0,0,0
25220,"[9887, 7]",28,0,0,0
25221,"[9887, 8]",90,41,18,0
25222,"[9887, 9]",80,158,64,0
25223,"[9888, 0]",1,0,0,0
25224,"[9888, 1]",2,0,0,0
25225,"[9888, 2]",77,0,0,0
25226,"[9888, 3]",140,41,18,0
25227,"[9889, 0]",1,158,64,0
25228,"[9890, 0]",1,41,18,0
25229,"[9891, 0]",1,0,0,0
25230,"[9891, 1]",2,158,64,0
25231,"[9892, 0]",1,0,0,0
25232,"[9892, 1]",5,41,18,0
25233,"[9892, 2]",4,0,0,0
25234,"[9892, 3]",2,0,0,0
25235,"[9892, 4]",46,158,64,0
25236,"[9892, 5]",36,57,26,0
25237,"[9893, 0]",1,0,0,1
25238,"[9893, 1]",2,0,0,0
25239,"[9893, 2]",16,2,1,19
25240,"[9894, 0]",1,41,18,0
25241,"[9895, 0]",1,158,64,0
25242,"[9896, 0]",1,0,0,0
25243,"[9896, 1]",2,158,64,0
25244,"[9897, 0]",1,0,0,0
25245,"[9897, 1]",2,0,0,0
25246,"[9897, 2]",13,158,64,0
25247,"[9898, 0]",1,0,0,1
25248,"[9898, 1]",2,0,0,0
25249,"[9898, 2]",18,156,64,7
25250,"[9899, 0]",1,0,0,0
25251,"[9899, 1]",6,0,0,0
25252,"[9899, 2]",4,0,0,0
25253,"[9899, 3]",3,0,0,0
25254,"[9899, 4]",2,0,0,0
25255,"[9899, 5]",65,158,64,0
25256,"[9899, 6]",64,0,0,0
25257,"[9899, 7]",63,0,0,0
25258,"[9899, 8]",59,158,64,0
25259,"[9899, 9]",58,158,64,0
25260,"[9899, 10]",51,0,0,0
25261,"[9899, 11]",39,57,26,0
25262,"[9899, 12]",180,158,64,0
25263,"[9899, 13]",108,41,18,0
25264,"[9899, 14]",107,55,26,0
25265,"[9899, 15]",106,41,18,0
25266,"[9899, 16]",105,41,18,0
25267,"[9899, 17]",104,0,0,0
25268,"[9899, 18]",100,57,26,3
25269,"[9899, 19]",444,54,24,0
25270,"[9900, 0]",1,0,0,0
25271,"[9900, 1]",2,158,64,-1
25272,"[9901, 0]",1,0,0,0
25273,"[9901, 1]",2,57,26,0
25274,"[9902, 0]",1,41,18,0
25275,"[9903, 0]",1,57,26,0
25276,"[9904, 0]",1,0,0,0
25277,"[9904, 1]",7,57,26,-1
25278,"[9904, 2]",5,54,24,-1
25279,"[9904, 3]",4,37,18,5
25280,"[9904, 4]",3,158,64,-1
25281,"[9905, 0]",1,2,1,0
25282,"[9906, 0]",1,156,64,0
25283,"[9907, 0]",1,0,0,0
25284,"[9907, 1]",2,158,64,0
25285,"[9908, 0]",1,158,64,0
25286,"[9909, 0]",1,57,26,0
25287,"[9910, 0]",1,0,0,0
25288,"[9910, 1]",3,0,0,0
25289,"[9910, 2]",2,0,0,0
25290,"[9910, 3]",41,57,26,0
25291,"[9910, 4]",40,0,0,0
25292,"[9910, 5]",34,158,64,0
25293,"[9910, 6]",70,156,64,0
25294,"[9911, 0]",1,41,18,0
25295,"[9912, 0]",1,0,0,0
25296,"[9912, 1]",2,0,0,0
25297,"[9912, 2]",30,0,0,5
25298,"[9912, 3]",59,0,0,0
25299,"[9912, 4]",107,158,64,0
25300,"[9913, 0]",1,0,0,0
25301,"[9913, 1]",2,0,0,0
25302,"[9913, 2]",12,158,64,0
25303,"[9914, 0]",1,158,64,0
25304,"[9915, 0]",1,41,18,1
25305,"[9916, 0]",1,0,0,0
25306,"[9916, 1]",2,0,0,0
25307,"[9916, 2]",14,57,26,2
25308,"[9917, 0]",1,0,0,0
25309,"[9917, 1]",2,41,18,0
25310,"[9918, 0]",1,0,0,0
25311,"[9918, 1]",2,158,64,0
25312,"[9919, 0]",1,41,18,0
25313,"[9920, 0]",1,0,0,0
25314,"[9920, 1]",3,156,64,-1
25315,"[9920, 2]",2,0,0,-1
25316,"[9920, 3]",45,158,64,-1
25317,"[9920, 4]",43,158,64,-1
25318,"[9921, 0]",1,0,0,0
25319,"[9921, 1]",5,158,64,-1
25320,"[9921, 2]",4,158,64,-1
25321,"[9921, 3]",3,158,64,-1
25322,"[9921, 4]",16,158,64,-1
25323,"[9922, 0]",1,0,0,0
25324,"[9922, 1]",3,0,0,0
25325,"[9922, 2]",29,158,64,0
25326,"[9923, 0]",1,61,28,0
25327,"[9924, 0]",1,57,26,0
25328,"[9925, 0]",1,0,0,0
25329,"[9925, 1]",2,41,18,0
25330,"[9926, 0]",1,0,0,0
25331,"[9926, 1]",2,0,0,0
25332,"[9926, 2]",20,158,64,0
25333,"[9927, 0]",1,59,28,0
25334,"[9928, 0]",1,156,64,0
25335,"[9929, 0]",1,0,0,0
25336,"[9929, 1]",4,158,64,0
25337,"[9929, 2]",2,0,0,0
25338,"[9929, 3]",49,41,18,0
25339,"[9929, 4]",47,0,0,0
25340,"[9929, 5]",46,0,0,0
25341,"[9929, 6]",73,0,0,0
25342,"[9929, 7]",68,156,64,0
25343,"[9929, 8]",208,2,1,0
25344,"[9930, 0]",1,2,1,0
25345,"[9931, 0]",1,0,0,0
25346,"[9931, 1]",2,0,0,3
25347,"[9931, 2]",14,158,64,0
25348,"[9932, 0]",1,2,1,0
25349,"[9933, 0]",1,41,18,0
25350,"[9934, 0]",1,158,64,1
25351,"[9935, 0]",1,158,64,0
25352,"[9936, 0]",1,57,26,0
25353,"[9937, 0]",1,0,0,1
25354,"[9937, 1]",2,158,64,1
25355,"[9938, 0]",1,0,0,0
25356,"[9938, 1]",5,41,18,0
25357,"[9938, 2]",3,0,0,0
25358,"[9938, 3]",49,41,18,0
25359,"[9938, 4]",47,0,0,0
25360,"[9938, 5]",45,0,0,0
25361,"[9938, 6]",86,0,0,0
25362,"[9938, 7]",78,41,18,0
25363,"[9938, 8]",143,0,0,0
25364,"[9938, 9]",305,41,18,0
25365,"[9938, 10]",304,158,64,0
25366,"[9938, 11]",303,41,18,0
25367,"[9939, 0]",1,0,0,0
25368,"[9939, 1]",5,54,24,0
25369,"[9939, 2]",4,158,64,0
25370,"[9939, 3]",3,2,1,0
25371,"[9940, 0]",1,0,0,0
25372,"[9940, 1]",2,158,64,0
25373,"[9941, 0]",1,0,0,0
25374,"[9941, 1]",2,158,64,-1
25375,"[9942, 0]",1,57,26,0
25376,"[9943, 0]",1,0,0,0
25377,"[9943, 1]",2,158,64,0
25378,"[9944, 0]",1,0,0,0
25379,"[9944, 1]",2,158,64,0
25380,"[9945, 0]",1,156,64,0
25381,"[9946, 0]",1,41,18,0
25382,"[9947, 0]",1,0,0,0
25383,"[9947, 1]",6,2,1,0
25384,"[9947, 2]",4,0,0,0
25385,"[9947, 3]",2,0,0,0
25386,"[9947, 4]",22,0,0,-1
25387,"[9947, 5]",20,0,0,1
25388,"[9947, 6]",17,158,64,-1
25389,"[9947, 7]",57,158,64,0
25390,"[9947, 8]",56,57,26,0
25391,"[9947, 9]",54,0,0,0
25392,"[9947, 10]",38,158,64,-1
25393,"[9947, 11]",164,0,0,0
25394,"[9947, 12]",163,0,0,0
25395,"[9947, 13]",264,0,0,0
25396,"[9947, 14]",258,0,0,0
25397,"[9947, 15]",366,158,64,-1
25398,"[9947, 16]",347,158,64,0
25399,"[9948, 0]",1,158,64,0
25400,"[9949, 0]",1,53,24,0
25401,"[9950, 0]",1,41,18,0
25402,"[9951, 0]",1,158,64,0
25403,"[9952, 0]",1,41,18,0
25404,"[9953, 0]",1,158,64,0
25405,"[9954, 0]",1,156,64,0
25406,"[9955, 0]",1,0,0,0
25407,"[9955, 1]",2,158,64,0
25408,"[9956, 0]",1,0,0,0
25409,"[9956, 1]",2,0,0,0
25410,"[9956, 2]",17,158,64,0
25411,"[9957, 0]",1,59,28,0
25412,"[9958, 0]",1,158,64,0
25413,"[9959, 0]",1,0,0,0
25414,"[9959, 1]",2,156,64,0
25415,"[9960, 0]",1,0,0,0
25416,"[9960, 1]",2,2,1,1
25417,"[9961, 0]",1,158,64,0
25418,"[9962, 0]",1,0,0,0
25419,"[9962, 1]",2,0,0,-1
25420,"[9962, 2]",39,0,0,-1
25421,"[9962, 3]",69,0,0,-1
25422,"[9962, 4]",119,158,64,1
25423,"[9963, 0]",1,158,64,0
25424,"[9964, 0]",1,0,0,0
25425,"[9964, 1]",2,41,18,0
25426,"[9965, 0]",1,0,0,0
25427,"[9965, 1]",2,0,0,0
25428,"[9965, 2]",67,0,0,0
25429,"[9965, 3]",77,41,18,0
25430,"[9966, 0]",1,158,64,0
25431,"[9967, 0]",1,158,64,0
25432,"[9968, 0]",1,0,0,0
25433,"[9968, 1]",2,158,64,10
25434,"[9969, 0]",1,158,64,0
25435,"[9970, 0]",1,0,0,0
25436,"[9970, 1]",3,0,0,0
25437,"[9970, 2]",2,0,0,0
25438,"[9970, 3]",29,156,64,0
25439,"[9970, 4]",26,57,26,0
25440,"[9971, 0]",1,0,0,0
25441,"[9971, 1]",3,0,0,0
25442,"[9971, 2]",2,0,0,0
25443,"[9971, 3]",40,158,64,0
25444,"[9971, 4]",37,0,0,0
25445,"[9971, 5]",36,0,0,0
25446,"[9971, 6]",31,2,1,0
25447,"[9971, 7]",78,158,64,0
25448,"[9971, 8]",76,64,29,0
25449,"[9971, 9]",75,0,0,0
25450,"[9971, 10]",67,41,18,0
25451,"[9971, 11]",133,0,0,0
25452,"[9971, 12]",274,57,26,6
25453,"[9972, 0]",1,41,18,0
25454,"[9973, 0]",1,0,0,0
25455,"[9973, 1]",2,0,0,0
25456,"[9973, 2]",18,0,0,0
25457,"[9973, 3]",16,0,0,0
25458,"[9973, 4]",55,158,64,0
25459,"[9973, 5]",39,156,64,0
25460,"[9974, 0]",1,51,24,1
25461,"[9975, 0]",1,0,0,0
25462,"[9975, 1]",2,158,64,0
25463,"[9976, 0]",1,156,64,0
25464,"[9977, 0]",1,0,0,0
25465,"[9977, 1]",2,158,64,0
25466,"[9978, 0]",1,0,0,0
25467,"[9978, 1]",2,158,64,0
25468,"[9979, 0]",1,0,0,0
25469,"[9979, 1]",2,0,0,0
25470,"[9979, 2]",44,158,64,0
25471,"[9980, 0]",1,0,0,0
25472,"[9980, 1]",8,57,26,0
25473,"[9980, 2]",6,0,0,0
25474,"[9980, 3]",4,0,0,0
25475,"[9980, 4]",3,0,0,0
25476,"[9980, 5]",2,0,0,0
25477,"[9980, 6]",48,156,64,0
25478,"[9980, 7]",46,0,0,0
25479,"[9980, 8]",40,41,18,0
25480,"[9980, 9]",35,0,0,3
25481,"[9980, 10]",32,156,64,1
25482,"[9980, 11]",150,158,64,21
25483,"[9980, 12]",71,2,1,0
25484,"[9980, 13]",70,158,64,0
25485,"[9980, 14]",68,0,0,0
25486,"[9980, 15]",344,0,0,0
25487,"[9980, 16]",385,158,64,0
25488,"[9981, 0]",1,0,0,0
25489,"[9981, 1]",6,158,64,0
25490,"[9981, 2]",5,57,26,0
25491,"[9981, 3]",2,0,0,0
25492,"[9981, 4]",53,0,0,0
25493,"[9981, 5]",70,57,26,0
25494,"[9982, 0]",1,158,64,0
25495,"[9983, 0]",1,41,18,0
25496,"[9984, 0]",1,0,0,0
25497,"[9984, 1]",2,0,0,1
25498,"[9984, 2]",11,158,64,4
25499,"[9985, 0]",1,0,0,0
25500,"[9985, 1]",5,0,0,-1
25501,"[9985, 2]",32,2,1,-1
25502,"[9986, 0]",1,0,0,0
25503,"[9986, 1]",2,0,0,0
25504,"[9986, 2]",24,158,64,0
25505,"[9987, 0]",1,0,0,0
25506,"[9987, 1]",2,0,0,-1
25507,"[9987, 2]",18,158,64,2
25508,"[9988, 0]",1,158,64,0
25509,"[9989, 0]",1,158,64,0
25510,"[9990, 0]",1,0,0,0
25511,"[9990, 1]",2,41,18,0
25512,"[9991, 0]",1,0,0,0
25513,"[9991, 1]",2,0,0,0
25514,"[9991, 2]",16,57,26,7
25515,"[9992, 0]",1,0,0,1
25516,"[9992, 1]",4,0,0,1
25517,"[9992, 2]",25,54,24,-1
25518,"[9993, 0]",1,158,64,0
25519,"[9994, 0]",1,0,0,0
25520,"[9994, 1]",3,0,0,0
25521,"[9994, 2]",2,0,0,0
25522,"[9994, 3]",30,0,0,0
25523,"[9994, 4]",29,0,0,0
25524,"[9994, 5]",28,0,0,0
25525,"[9994, 6]",24,158,64,0
25526,"[9994, 7]",23,0,0,0
25527,"[9994, 8]",22,0,0,0
25528,"[9994, 9]",90,2,1,0
25529,"[9994, 10]",88,0,0,0
25530,"[9994, 11]",84,158,64,0
25531,"[9994, 12]",56,156,64,0
25532,"[9994, 13]",50,0,0,0
25533,"[9994, 14]",46,41,18,0
25534,"[9994, 15]",280,41,18,0
25535,"[9994, 16]",113,0,0,0
25536,"[9994, 17]",112,158,64,0
25537,"[9994, 18]",471,41,18,0
25538,"[9995, 0]",1,0,0,0
25539,"[9995, 1]",2,158,64,4
25540,"[9996, 0]",1,158,64,0
25541,"[9997, 0]",1,158,64,0
25542,"[9998, 0]",1,0,0,0
25543,"[9998, 1]",2,41,18,0
25544,"[9999, 0]",1,0,0,0
25545,"[9999, 1]",7,158,64,0
25546,"[9999, 2]",4,0,0,0
25547,"[9999, 3]",2,0,0,0
25548,"[9999, 4]",36,41,18,0
25549,"[9999, 5]",34,0,0,0
25550,"[9999, 6]",28,0,0,0
25551,"[9999, 7]",89,158,64,0
25552,"[9999, 8]",63,158,64,1
25553,"[10000, 0]",1,57,26,0
25554,"[10001, 0]",1,0,0,0
25555,"[10001, 1]",2,158,64,0
25556,"[10002, 0]",1,57,26,0
25557,"[10003, 0]",1,2,1,1
25558,"[10004, 0]",1,158,64,0
25559,"[10005, 0]",1,0,0,0
25560,"[10005, 1]",2,0,0,-1
25561,"[10005, 2]",14,158,64,-1
25562,"[10006, 0]",1,2,1,1
25563,"[10007, 0]",1,41,18,0
25564,"[10008, 0]",1,158,64,0
25565,"[10009, 0]",1,158,64,1
25566,"[10010, 0]",1,156,64,1
25567,"[10011, 0]",1,0,0,0
25568,"[10011, 1]",2,2,1,1
25569,"[10012, 0]",1,0,0,0
25570,"[10012, 1]",2,41,18,0
25571,"[10013, 0]",1,156,64,0
25572,"[10014, 0]",1,158,64,0
25573,"[10015, 0]",1,158,64,0
25574,"[10016, 0]",1,2,1,0
25575,"[10017, 0]",1,57,26,0
25576,"[10018, 0]",1,0,0,1
25577,"[10018, 1]",2,0,0,-1
25578,"[10018, 2]",22,0,0,27
25579,"[10018, 3]",34,57,26,2
25580,"[10019, 0]",1,0,0,0
25581,"[10019, 1]",2,57,26,0
25582,"[10020, 0]",1,156,64,0
25583,"[10021, 0]",1,0,0,0
25584,"[10021, 1]",2,0,0,0
25585,"[10021, 2]",17,158,64,2
25586,"[10022, 0]",1,0,0,0
25587,"[10022, 1]",2,0,0,0
25588,"[10022, 2]",30,156,64,-1
25589,"[10023, 0]",1,41,18,0
25590,"[10024, 0]",1,158,64,0
25591,"[10025, 0]",1,57,26,0
25592,"[10026, 0]",1,57,26,0
25593,"[10027, 0]",1,0,0,0
25594,"[10027, 1]",2,158,64,0
25595,"[10028, 0]",1,158,64,0
25596,"[10029, 0]",1,158,64,0
25597,"[10030, 0]",1,0,0,0
25598,"[10030, 1]",2,0,0,0
25599,"[10030, 2]",73,41,18,0
25600,"[10030, 3]",72,57,26,0
25601,"[10031, 0]",1,2,1,0
25602,"[10032, 0]",1,158,64,0
25603,"[10033, 0]",1,41,18,0
25604,"[10034, 0]",1,0,0,0
25605,"[10034, 1]",2,2,1,0
25606,"[10035, 0]",1,0,0,0
25607,"[10035, 1]",3,0,0,-1
25608,"[10035, 2]",2,0,0,-1
25609,"[10035, 3]",44,158,64,-1
25610,"[10035, 4]",43,0,0,-1
25611,"[10035, 5]",42,0,0,-1
25612,"[10035, 6]",112,0,0,-1
25613,"[10035, 7]",212,0,0,-1
25614,"[10035, 8]",465,156,64,-1
25615,"[10036, 0]",1,41,18,0
25616,"[10037, 0]",1,158,64,0
25617,"[10038, 0]",1,0,0,0
25618,"[10038, 1]",2,54,24,0
25619,"[10039, 0]",1,158,64,0
25620,"[10040, 0]",1,0,0,0
25621,"[10040, 1]",4,158,64,0
25622,"[10040, 2]",2,0,0,0
25623,"[10040, 3]",30,0,0,0
25624,"[10040, 4]",103,41,18,0
25625,"[10041, 0]",1,57,26,0
25626,"[10042, 0]",1,158,64,0
25627,"[10043, 0]",1,0,0,0
25628,"[10043, 1]",2,0,0,0
25629,"[10043, 2]",18,41,18,0
25630,"[10044, 0]",1,158,64,0
25631,"[10045, 0]",1,0,0,0
25632,"[10045, 1]",2,158,64,0
25633,"[10046, 0]",1,57,26,0
25634,"[10047, 0]",1,0,0,0
25635,"[10047, 1]",2,41,18,0
25636,"[10048, 0]",1,0,0,0
25637,"[10048, 1]",3,2,1,0
25638,"[10048, 2]",2,158,64,0
25639,"[10049, 0]",1,41,18,0
25640,"[10050, 0]",1,156,64,0
25641,"[10051, 0]",1,41,18,0
25642,"[10052, 0]",1,158,64,0
25643,"[10053, 0]",1,0,0,0
25644,"[10053, 1]",2,2,1,0
25645,"[10054, 0]",1,41,18,1
25646,"[10055, 0]",1,158,64,0
25647,"[10056, 0]",1,0,0,0
25648,"[10056, 1]",2,158,64,0
25649,"[10057, 0]",1,158,64,0
25650,"[10058, 0]",1,53,24,0
25651,"[10059, 0]",1,0,0,0
25652,"[10059, 1]",2,54,24,0
25653,"[10060, 0]",1,158,64,0
25654,"[10061, 0]",1,2,1,0
25655,"[10062, 0]",1,158,64,0
25656,"[10063, 0]",1,41,18,0
25657,"[10064, 0]",1,0,0,0
25658,"[10064, 1]",3,41,18,0
25659,"[10064, 2]",2,158,64,0
25660,"[10065, 0]",1,158,64,0
25661,"[10066, 0]",1,41,18,0
25662,"[10067, 0]",1,2,1,0
25663,"[10068, 0]",1,41,18,0
25664,"[10069, 0]",1,0,0,0
25665,"[10069, 1]",2,59,28,0
25666,"[10070, 0]",1,0,0,0
25667,"[10070, 1]",2,158,64,0
25668,"[10071, 0]",1,158,64,0
25669,"[10072, 0]",1,0,0,0
25670,"[10072, 1]",2,158,64,0
25671,"[10073, 0]",1,2,1,0
25672,"[10074, 0]",1,0,0,0
25673,"[10074, 1]",2,54,24,0
25674,"[10075, 0]",1,0,0,0
25675,"[10075, 1]",2,0,0,0
25676,"[10075, 2]",39,0,0,0
25677,"[10075, 3]",37,0,0,0
25678,"[10075, 4]",72,158,64,0
25679,"[10075, 5]",57,41,18,0
25680,"[10076, 0]",1,57,26,0
25681,"[10077, 0]",1,0,0,0
25682,"[10077, 1]",2,2,1,0
25683,"[10078, 0]",1,158,64,0
25684,"[10079, 0]",1,54,24,0
25685,"[10080, 0]",1,54,24,0
25686,"[10081, 0]",1,41,18,0
25687,"[10082, 0]",1,41,18,0
25688,"[10083, 0]",1,59,28,0
25689,"[10084, 0]",1,57,26,0
25690,"[10085, 0]",1,0,0,0
25691,"[10085, 1]",2,0,0,0
25692,"[10085, 2]",13,158,64,0
25693,"[10086, 0]",1,158,64,0
25694,"[10087, 0]",1,158,64,0
25695,"[10088, 0]",1,0,0,0
25696,"[10088, 1]",2,158,64,0
25697,"[10089, 0]",1,0,0,0
25698,"[10089, 1]",2,158,64,0
25699,"[10090, 0]",1,0,0,0
25700,"[10090, 1]",2,41,18,0
25701,"[10091, 0]",1,41,18,0
25702,"[10092, 0]",1,41,18,0
25703,"[10093, 0]",1,0,0,0
25704,"[10093, 1]",5,158,64,0
25705,"[10093, 2]",2,0,0,0
25706,"[10093, 3]",40,0,0,0
25707,"[10093, 4]",39,0,0,0
25708,"[10093, 5]",72,0,0,2
25709,"[10093, 6]",69,41,18,3
25710,"[10093, 7]",166,57,26,-1
25711,"[10094, 0]",1,53,24,0
25712,"[10095, 0]",1,0,0,0
25713,"[10095, 1]",2,41,18,0
25714,"[10096, 0]",1,0,0,0
25715,"[10096, 1]",2,158,64,9
25716,"[10097, 0]",1,0,0,0
25717,"[10097, 1]",2,0,0,0
25718,"[10097, 2]",24,0,0,11
25719,"[10097, 3]",22,0,0,-1
25720,"[10097, 4]",68,41,18,3
25721,"[10097, 5]",45,158,64,-1
25722,"[10098, 0]",1,58,26,0
25723,"[10099, 0]",1,53,24,0
25724,"[10100, 0]",1,0,0,0
25725,"[10100, 1]",2,158,64,0
25726,"[10101, 0]",1,0,0,0
25727,"[10101, 1]",2,0,0,0
25728,"[10101, 2]",20,158,64,0
25729,"[10102, 0]",1,0,0,0
25730,"[10102, 1]",2,57,26,0
25731,"[10103, 0]",1,41,18,0
25732,"[10104, 0]",1,59,28,0
25733,"[10105, 0]",1,0,0,0
25734,"[10105, 1]",2,158,64,0
25735,"[10106, 0]",1,0,0,0
25736,"[10106, 1]",2,57,26,1
25737,"[10107, 0]",1,0,0,0
25738,"[10107, 1]",2,156,64,0
25739,"[10108, 0]",1,2,1,0
25740,"[10109, 0]",1,41,18,0
25741,"[10110, 0]",1,0,0,0
25742,"[10110, 1]",2,158,64,0
25743,"[10111, 0]",1,158,64,0
25744,"[10112, 0]",1,0,0,0
25745,"[10112, 1]",5,158,64,0
25746,"[10112, 2]",4,158,64,0
25747,"[10112, 3]",2,0,0,0
25748,"[10112, 4]",42,158,64,0
25749,"[10113, 0]",1,0,0,0
25750,"[10113, 1]",2,158,64,0
25751,"[10114, 0]",1,158,64,0
25752,"[10115, 0]",1,41,18,0
25753,"[10116, 0]",1,41,18,0
25754,"[10117, 0]",1,158,64,0
25755,"[10118, 0]",1,0,0,0
25756,"[10118, 1]",2,0,0,0
25757,"[10118, 2]",19,158,64,0
25758,"[10119, 0]",1,0,0,0
25759,"[10119, 1]",2,0,0,0
25760,"[10119, 2]",16,158,64,11
25761,"[10120, 0]",1,0,0,0
25762,"[10120, 1]",2,0,0,0
25763,"[10120, 2]",13,57,26,0
25764,"[10121, 0]",1,0,0,0
25765,"[10121, 1]",3,0,0,0
25766,"[10121, 2]",2,0,0,0
25767,"[10121, 3]",64,158,64,0
25768,"[10121, 4]",63,0,0,0
25769,"[10121, 5]",60,0,0,0
25770,"[10121, 6]",59,0,0,0
25771,"[10121, 7]",58,0,0,0
25772,"[10121, 8]",51,0,0,0
25773,"[10121, 9]",50,0,0,0
25774,"[10121, 10]",49,0,0,0
25775,"[10121, 11]",156,158,64,0
25776,"[10121, 12]",155,41,18,0
25777,"[10121, 13]",154,158,64,0
25778,"[10121, 14]",149,57,26,0
25779,"[10121, 15]",146,0,0,0
25780,"[10121, 16]",96,0,0,0
25781,"[10121, 17]",92,0,0,0
25782,"[10121, 18]",88,0,0,0
25783,"[10121, 19]",85,41,18,0
25784,"[10121, 20]",369,156,64,0
25785,"[10121, 21]",343,158,64,0
25786,"[10121, 22]",324,2,1,0
25787,"[10121, 23]",238,41,18,0
25788,"[10122, 0]",1,0,0,0
25789,"[10122, 1]",2,158,64,0
25790,"[10123, 0]",1,57,26,0
25791,"[10124, 0]",1,158,64,0
25792,"[10125, 0]",1,0,0,0
25793,"[10125, 1]",2,57,26,0
25794,"[10126, 0]",1,0,0,0
25795,"[10126, 1]",2,156,64,0
25796,"[10127, 0]",1,0,0,0
25797,"[10127, 1]",2,2,1,0
25798,"[10128, 0]",1,158,64,0
25799,"[10129, 0]",1,0,0,0
25800,"[10129, 1]",8,158,64,0
25801,"[10129, 2]",7,0,0,0
25802,"[10129, 3]",4,0,0,0
25803,"[10129, 4]",3,0,0,0
25804,"[10129, 5]",2,0,0,0
25805,"[10129, 6]",46,0,0,0
25806,"[10129, 7]",45,0,0,0
25807,"[10129, 8]",44,0,0,0
25808,"[10129, 9]",42,55,26,0
25809,"[10129, 10]",41,158,64,0
25810,"[10129, 11]",39,0,0,0
25811,"[10129, 12]",35,158,64,0
25812,"[10129, 13]",22,41,18,0
25813,"[10129, 14]",119,0,0,0
25814,"[10129, 15]",102,0,0,0
25815,"[10129, 16]",101,0,0,0
25816,"[10129, 17]",99,0,0,0
25817,"[10129, 18]",90,0,0,0
25818,"[10129, 19]",82,57,26,0
25819,"[10129, 20]",477,156,64,0
25820,"[10129, 21]",402,158,64,0
25821,"[10129, 22]",388,158,64,0
25822,"[10129, 23]",385,158,64,0
25823,"[10129, 24]",325,54,24,53
25824,"[10130, 0]",1,156,64,0
25825,"[10131, 0]",1,158,64,0
25826,"[10132, 0]",1,53,24,0
25827,"[10133, 0]",1,0,0,0
25828,"[10133, 1]",2,41,18,0
25829,"[10134, 0]",1,158,64,0
25830,"[10135, 0]",1,41,18,0
25831,"[10136, 0]",1,41,18,0
25832,"[10137, 0]",1,158,64,0
25833,"[10138, 0]",1,0,0,0
25834,"[10138, 1]",2,41,18,0
25835,"[10139, 0]",1,0,0,0
25836,"[10139, 1]",2,158,64,0
25837,"[10140, 0]",1,156,64,0
25838,"[10141, 0]",1,0,0,0
25839,"[10141, 1]",2,0,0,0
25840,"[10141, 2]",14,158,64,0
25841,"[10142, 0]",1,156,64,1
25842,"[10143, 0]",1,158,64,0
25843,"[10144, 0]",1,0,0,0
25844,"[10144, 1]",2,0,0,0
25845,"[10144, 2]",33,41,18,0
25846,"[10145, 0]",1,0,0,0
25847,"[10145, 1]",2,0,0,-1
25848,"[10145, 2]",21,158,64,8
25849,"[10146, 0]",1,41,18,0
25850,"[10147, 0]",1,158,64,0
25851,"[10148, 0]",1,54,24,0
25852,"[10149, 0]",1,0,0,0
25853,"[10149, 1]",2,63,28,0
25854,"[10150, 0]",1,0,0,0
25855,"[10150, 1]",2,0,0,0
25856,"[10150, 2]",15,59,28,0
25857,"[10151, 0]",1,158,64,0
25858,"[10152, 0]",1,41,18,0
25859,"[10153, 0]",1,158,64,0
25860,"[10154, 0]",1,0,0,0
25861,"[10154, 1]",2,158,64,0
25862,"[10155, 0]",1,156,64,1
25863,"[10156, 0]",1,0,0,1
25864,"[10156, 1]",2,0,0,0
25865,"[10156, 2]",14,2,1,0
25866,"[10157, 0]",1,158,64,0
25867,"[10158, 0]",1,0,0,0
25868,"[10158, 1]",2,158,64,0
25869,"[10159, 0]",1,0,0,0
25870,"[10159, 1]",2,0,0,0
25871,"[10159, 2]",72,158,64,0
25872,"[10160, 0]",1,158,64,0
25873,"[10161, 0]",1,0,0,0
25874,"[10161, 1]",2,0,0,0
25875,"[10161, 2]",12,41,18,3
25876,"[10162, 0]",1,51,24,0
25877,"[10163, 0]",1,0,0,0
25878,"[10163, 1]",7,2,1,0
25879,"[10163, 2]",6,0,0,0
25880,"[10163, 3]",4,0,0,0
25881,"[10163, 4]",3,0,0,0
25882,"[10163, 5]",2,0,0,0
25883,"[10163, 6]",45,158,64,-1
25884,"[10163, 7]",43,0,0,-1
25885,"[10163, 8]",39,0,0,0
25886,"[10163, 9]",38,41,18,0
25887,"[10163, 10]",36,0,0,0
25888,"[10163, 11]",33,158,64,0
25889,"[10163, 12]",32,158,64,0
25890,"[10163, 13]",30,0,0,0
25891,"[10163, 14]",19,37,18,0
25892,"[10163, 15]",139,41,18,4
25893,"[10163, 16]",103,158,64,0
25894,"[10163, 17]",94,156,64,11
25895,"[10163, 18]",78,158,64,-1
25896,"[10163, 19]",76,156,64,-1
25897,"[10164, 0]",1,0,0,0
25898,"[10164, 1]",2,0,0,0
25899,"[10164, 2]",69,158,64,0
25900,"[10165, 0]",1,158,64,0
25901,"[10166, 0]",1,41,18,0
25902,"[10167, 0]",1,2,1,0
25903,"[10168, 0]",1,41,18,1
25904,"[10169, 0]",1,158,64,0
25905,"[10170, 0]",1,2,1,0
25906,"[10171, 0]",1,156,64,0
25907,"[10172, 0]",1,2,1,0
25908,"[10173, 0]",1,0,0,0
25909,"[10173, 1]",6,0,0,0
25910,"[10173, 2]",4,0,0,0
25911,"[10173, 3]",3,0,0,0
25912,"[10173, 4]",24,0,0,0
25913,"[10173, 5]",19,57,26,0
25914,"[10173, 6]",12,58,26,0
25915,"[10173, 7]",53,0,0,0
25916,"[10173, 8]",52,0,0,0
25917,"[10173, 9]",250,57,26,0
25918,"[10173, 10]",245,41,18,0
25919,"[10174, 0]",1,158,64,0
25920,"[10175, 0]",1,41,18,0
25921,"[10176, 0]",1,0,0,0
25922,"[10176, 1]",2,156,64,0
25923,"[10177, 0]",1,0,0,0
25924,"[10177, 1]",2,57,26,0
25925,"[10178, 0]",1,0,0,0
25926,"[10178, 1]",7,57,26,0
25927,"[10178, 2]",6,57,26,0
25928,"[10178, 3]",5,158,64,0
25929,"[10178, 4]",2,0,0,0
25930,"[10178, 5]",47,0,0,0
25931,"[10178, 6]",123,57,26,0
25932,"[10179, 0]",1,0,0,0
25933,"[10179, 1]",2,2,1,1
25934,"[10180, 0]",1,57,26,0
25935,"[10181, 0]",1,2,1,0
25936,"[10182, 0]",1,0,0,0
25937,"[10182, 1]",3,0,0,0
25938,"[10182, 2]",2,0,0,0
25939,"[10182, 3]",49,158,64,0
25940,"[10182, 4]",45,158,64,0
25941,"[10183, 0]",1,41,18,0
25942,"[10184, 0]",1,0,0,0
25943,"[10184, 1]",2,158,64,2
25944,"[10185, 0]",1,0,0,0
25945,"[10185, 1]",2,0,0,0
25946,"[10185, 2]",49,158,64,0
25947,"[10186, 0]",1,0,0,0
25948,"[10186, 1]",3,0,0,0
25949,"[10186, 2]",2,0,0,0
25950,"[10186, 3]",23,0,0,0
25951,"[10186, 4]",19,41,18,0
25952,"[10186, 5]",33,158,64,0
25953,"[10187, 0]",1,158,64,0
25954,"[10188, 0]",1,0,0,0
25955,"[10188, 1]",2,0,0,0
25956,"[10188, 2]",81,158,64,0
25957,"[10189, 0]",1,41,18,0
25958,"[10190, 0]",1,0,0,0
25959,"[10190, 1]",7,158,64,0
25960,"[10190, 2]",5,2,1,0
25961,"[10190, 3]",3,0,0,0
25962,"[10190, 4]",2,0,0,0
25963,"[10190, 5]",46,57,26,0
25964,"[10190, 6]",40,0,0,3
25965,"[10190, 7]",151,158,64,0
25966,"[10191, 0]",1,0,0,0
25967,"[10191, 1]",2,0,0,0
25968,"[10191, 2]",38,158,64,-1
25969,"[10192, 0]",1,0,0,0
25970,"[10192, 1]",2,158,64,3
25971,"[10193, 0]",1,2,1,0
25972,"[10194, 0]",1,158,64,0
25973,"[10195, 0]",1,41,18,0
25974,"[10196, 0]",1,2,1,0
25975,"[10197, 0]",1,0,0,0
25976,"[10197, 1]",2,158,64,0
25977,"[10198, 0]",1,0,0,0
25978,"[10198, 1]",2,41,18,0
25979,"[10199, 0]",1,158,64,0
25980,"[10200, 0]",1,41,18,0
25981,"[10201, 0]",1,0,0,0
25982,"[10201, 1]",2,0,0,0
25983,"[10201, 2]",15,158,64,3
25984,"[10202, 0]",1,0,0,0
25985,"[10202, 1]",2,2,1,0
25986,"[10203, 0]",1,158,64,0
25987,"[10204, 0]",1,2,1,0
25988,"[10205, 0]",1,0,0,0
25989,"[10205, 1]",2,2,1,0
25990,"[10206, 0]",1,37,18,0
25991,"[10207, 0]",1,158,64,0
25992,"[10208, 0]",1,0,0,0
25993,"[10208, 1]",2,158,64,0
25994,"[10209, 0]",1,0,0,0
25995,"[10209, 1]",4,158,64,-1
25996,"[10209, 2]",3,0,0,-1
25997,"[10209, 3]",54,158,64,-1
25998,"[10210, 0]",1,158,64,0
25999,"[10211, 0]",1,0,0,0
26000,"[10211, 1]",2,55,26,0
26001,"[10212, 0]",1,0,0,0
26002,"[10212, 1]",3,41,18,0
26003,"[10212, 2]",2,158,64,0
26004,"[10213, 0]",1,2,1,0
26005,"[10214, 0]",1,0,0,0
26006,"[10214, 1]",2,0,0,0
26007,"[10214, 2]",32,2,1,0
26008,"[10215, 0]",1,158,64,0
26009,"[10216, 0]",1,57,26,0
26010,"[10217, 0]",1,0,0,0
26011,"[10217, 1]",2,0,0,0
26012,"[10217, 2]",15,0,0,0
26013,"[10217, 3]",33,41,18,0
26014,"[10218, 0]",1,0,0,0
26015,"[10218, 1]",2,57,26,0
26016,"[10219, 0]",1,158,64,0
26017,"[10220, 0]",1,0,0,0
26018,"[10220, 1]",2,0,0,0
26019,"[10220, 2]",28,0,0,0
26020,"[10220, 3]",39,57,26,0
26021,"[10221, 0]",1,41,18,1
26022,"[10222, 0]",1,158,64,0
26023,"[10223, 0]",1,0,0,0
26024,"[10223, 1]",2,0,0,0
26025,"[10223, 2]",32,158,64,0
26026,"[10224, 0]",1,41,18,0
26027,"[10225, 0]",1,0,0,0
26028,"[10225, 1]",2,57,26,0
26029,"[10226, 0]",1,0,0,0
26030,"[10226, 1]",2,57,26,0
26031,"[10227, 0]",1,59,28,0
26032,"[10228, 0]",1,158,64,0
26033,"[10229, 0]",1,158,64,0
26034,"[10230, 0]",1,158,64,0
26035,"[10231, 0]",1,0,0,0
26036,"[10231, 1]",2,41,18,0
26037,"[10232, 0]",1,0,0,0
26038,"[10232, 1]",2,0,0,-1
26039,"[10232, 2]",15,0,0,-1
26040,"[10232, 3]",32,158,64,2
26041,"[10233, 0]",1,0,0,0
26042,"[10233, 1]",2,158,64,0
26043,"[10234, 0]",1,41,18,0
26044,"[10235, 0]",1,0,0,0
26045,"[10235, 1]",7,54,24,0
26046,"[10235, 2]",3,0,0,0
26047,"[10235, 3]",2,0,0,0
26048,"[10235, 4]",66,2,1,0
26049,"[10235, 5]",65,0,0,0
26050,"[10235, 6]",63,0,0,0
26051,"[10235, 7]",61,158,64,0
26052,"[10235, 8]",59,158,64,0
26053,"[10235, 9]",58,0,0,0
26054,"[10235, 10]",97,158,64,0
26055,"[10235, 11]",76,53,24,0
26056,"[10235, 12]",75,41,18,0
26057,"[10235, 13]",70,0,0,0
26058,"[10235, 14]",326,0,0,0
26059,"[10235, 15]",352,2,1,3
26060,"[10236, 0]",1,59,28,0
26061,"[10237, 0]",1,0,0,0
26062,"[10237, 1]",2,158,64,0
26063,"[10238, 0]",1,158,64,0
26064,"[10239, 0]",1,57,26,0
26065,"[10240, 0]",1,0,0,0
26066,"[10240, 1]",2,156,64,0
26067,"[10241, 0]",1,0,0,0
26068,"[10241, 1]",2,0,0,0
26069,"[10241, 2]",28,41,18,0
26070,"[10242, 0]",1,0,0,0
26071,"[10242, 1]",2,0,0,0
26072,"[10242, 2]",47,158,64,0
26073,"[10243, 0]",1,0,0,0
26074,"[10243, 1]",2,41,18,1
26075,"[10244, 0]",1,54,24,0
26076,"[10245, 0]",1,0,0,0
26077,"[10245, 1]",2,158,64,-1
26078,"[10246, 0]",1,0,0,0
26079,"[10246, 1]",2,57,26,0
26080,"[10247, 0]",1,2,1,1
26081,"[10248, 0]",1,158,64,0
26082,"[10249, 0]",1,158,64,0
26083,"[10250, 0]",1,158,64,0
26084,"[10251, 0]",1,158,64,0
26085,"[10252, 0]",1,158,64,0
26086,"[10253, 0]",1,0,0,0
26087,"[10253, 1]",2,156,64,0
26088,"[10254, 0]",1,2,1,0
26089,"[10255, 0]",1,158,64,0
26090,"[10256, 0]",1,57,26,0
26091,"[10257, 0]",1,0,0,0
26092,"[10257, 1]",6,158,64,0
26093,"[10257, 2]",5,158,64,0
26094,"[10257, 3]",2,0,0,0
26095,"[10257, 4]",46,0,0,-1
26096,"[10257, 5]",95,158,64,3
26097,"[10258, 0]",1,57,26,0
26098,"[10259, 0]",1,57,26,0
26099,"[10260, 0]",1,158,64,0
26100,"[10261, 0]",1,0,0,0
26101,"[10261, 1]",2,41,18,0
26102,"[10262, 0]",1,2,1,0
26103,"[10263, 0]",1,0,0,0
26104,"[10264, 0]",1,57,26,0
26105,"[10265, 0]",1,158,64,0
26106,"[10266, 0]",1,58,26,0
26107,"[10267, 0]",1,0,0,0
26108,"[10267, 1]",5,158,64,-1
26109,"[10267, 2]",3,158,64,-1
26110,"[10268, 0]",1,41,18,0
26111,"[10269, 0]",1,2,1,0
26112,"[10270, 0]",1,158,64,0
26113,"[10271, 0]",1,0,0,0
26114,"[10271, 1]",2,0,0,0
26115,"[10271, 2]",13,57,26,0
26116,"[10272, 0]",1,0,0,0
26117,"[10272, 1]",2,158,64,0
26118,"[10273, 0]",1,156,64,0
26119,"[10274, 0]",1,0,0,0
26120,"[10274, 1]",6,156,64,0
26121,"[10274, 2]",4,0,0,0
26122,"[10274, 3]",2,0,0,0
26123,"[10274, 4]",50,41,18,18
26124,"[10274, 5]",48,158,64,9
26125,"[10274, 6]",47,158,64,-1
26126,"[10274, 7]",33,53,24,0
26127,"[10275, 0]",1,0,0,0
26128,"[10275, 1]",2,0,0,0
26129,"[10275, 2]",28,0,0,0
26130,"[10275, 3]",49,158,64,5
26131,"[10276, 0]",1,0,0,0
26132,"[10276, 1]",2,57,26,0
26133,"[10277, 0]",1,57,26,0
26134,"[10278, 0]",1,158,64,0
26135,"[10279, 0]",1,41,18,0
26136,"[10280, 0]",1,0,0,0
26137,"[10280, 1]",2,158,64,4
26138,"[10281, 0]",1,0,0,0
26139,"[10281, 1]",2,0,0,-1
26140,"[10281, 2]",31,41,18,2
26141,"[10282, 0]",1,54,24,0
26142,"[10283, 0]",1,158,64,0
26143,"[10284, 0]",1,0,0,0
26144,"[10284, 1]",2,158,64,0
26145,"[10285, 0]",1,156,64,1
26146,"[10286, 0]",1,158,64,0
26147,"[10287, 0]",1,0,0,0
26148,"[10287, 1]",2,2,1,0
26149,"[10288, 0]",1,57,26,0
26150,"[10289, 0]",1,158,64,0
26151,"[10290, 0]",1,0,0,0
26152,"[10290, 1]",2,41,18,0
26153,"[10291, 0]",1,0,0,0
26154,"[10291, 1]",2,0,0,0
26155,"[10291, 2]",71,0,0,0
26156,"[10291, 3]",145,156,64,0
26157,"[10292, 0]",1,158,64,0
26158,"[10293, 0]",1,158,64,0
26159,"[10294, 0]",1,41,18,0
26160,"[10295, 0]",1,0,0,0
26161,"[10295, 1]",2,57,26,0
26162,"[10296, 0]",1,158,64,0
26163,"[10297, 0]",1,0,0,0
26164,"[10297, 1]",2,41,18,0
26165,"[10298, 0]",1,41,18,0
26166,"[10299, 0]",1,0,0,0
26167,"[10299, 1]",2,53,24,-1
26168,"[10300, 0]",1,158,64,0
26169,"[10301, 0]",1,0,0,0
26170,"[10301, 1]",2,158,64,0
26171,"[10302, 0]",1,0,0,0
26172,"[10302, 1]",2,0,0,0
26173,"[10302, 2]",22,57,26,3
26174,"[10303, 0]",1,41,18,0
26175,"[10304, 0]",1,0,0,0
26176,"[10304, 1]",5,0,0,0
26177,"[10304, 2]",4,0,0,0
26178,"[10304, 3]",2,0,0,0
26179,"[10304, 4]",54,2,1,0
26180,"[10304, 5]",37,158,64,0
26181,"[10304, 6]",34,57,26,4
26182,"[10305, 0]",1,57,26,0
26183,"[10306, 0]",1,59,28,0
26184,"[10307, 0]",1,0,0,0
26185,"[10307, 1]",2,158,64,0
26186,"[10308, 0]",1,0,0,0
26187,"[10308, 1]",4,57,26,0
26188,"[10308, 2]",3,156,64,0
26189,"[10308, 3]",2,0,0,0
26190,"[10308, 4]",15,55,26,0
26191,"[10309, 0]",1,2,1,0
26192,"[10310, 0]",1,156,64,0
26193,"[10311, 0]",1,0,0,0
26194,"[10311, 1]",2,41,18,0
26195,"[10312, 0]",1,41,18,0
26196,"[10313, 0]",1,0,0,0
26197,"[10313, 1]",2,158,64,0
26198,"[10314, 0]",1,41,18,0
26199,"[10315, 0]",1,41,18,0
26200,"[10316, 0]",1,0,0,0
26201,"[10316, 1]",2,0,0,0
26202,"[10316, 2]",21,158,64,0
26203,"[10317, 0]",1,0,0,0
26204,"[10317, 1]",2,2,1,0
26205,"[10318, 0]",1,0,0,0
26206,"[10318, 1]",2,57,26,0
26207,"[10319, 0]",1,158,64,0
26208,"[10320, 0]",1,41,18,0
26209,"[10321, 0]",1,0,0,0
26210,"[10321, 1]",3,158,64,0
26211,"[10321, 2]",2,158,64,0
26212,"[10322, 0]",1,156,64,1
26213,"[10323, 0]",1,0,0,0
26214,"[10323, 1]",5,158,64,0
26215,"[10323, 2]",3,41,18,0
26216,"[10324, 0]",1,156,64,0
26217,"[10325, 0]",1,0,0,0
26218,"[10325, 1]",2,158,64,-1
26219,"[10326, 0]",1,0,0,0
26220,"[10326, 1]",2,57,26,0
26221,"[10327, 0]",1,0,0,0
26222,"[10327, 1]",2,158,64,6
26223,"[10328, 0]",1,156,64,0
26224,"[10329, 0]",1,41,18,0
26225,"[10330, 0]",1,156,64,0
26226,"[10331, 0]",1,0,0,0
26227,"[10331, 1]",2,158,64,-1
26228,"[10332, 0]",1,0,0,0
26229,"[10332, 1]",2,0,0,0
26230,"[10332, 2]",15,2,1,0
26231,"[10333, 0]",1,158,64,0
26232,"[10334, 0]",1,0,0,0
26233,"[10334, 1]",8,53,24,0
26234,"[10334, 2]",5,0,0,0
26235,"[10334, 3]",4,0,0,0
26236,"[10334, 4]",3,156,64,0
26237,"[10334, 5]",2,0,0,0
26238,"[10334, 6]",32,0,0,0
26239,"[10334, 7]",23,158,64,0
26240,"[10334, 8]",19,158,64,0
26241,"[10334, 9]",47,158,64,0
26242,"[10335, 0]",1,0,0,0
26243,"[10335, 1]",3,0,0,-1
26244,"[10335, 2]",2,0,0,-1
26245,"[10335, 3]",57,158,64,-1
26246,"[10335, 4]",56,57,26,5
26247,"[10335, 5]",53,0,0,-1
26248,"[10335, 6]",49,0,0,4
26249,"[10335, 7]",124,51,24,0
26250,"[10335, 8]",102,0,0,-1
26251,"[10335, 9]",243,158,64,2
26252,"[10336, 0]",1,41,18,0
26253,"[10337, 0]",1,57,26,0
26254,"[10338, 0]",1,57,26,0
26255,"[10339, 0]",1,57,26,0
26256,"[10340, 0]",1,41,18,0
26257,"[10341, 0]",1,0,0,0
26258,"[10341, 1]",2,0,0,0
26259,"[10341, 2]",40,158,64,0
26260,"[10341, 3]",39,158,64,0
26261,"[10341, 4]",38,0,0,0
26262,"[10341, 5]",71,0,0,0
26263,"[10341, 6]",93,0,0,0
26264,"[10341, 7]",144,158,64,11
26265,"[10342, 0]",1,0,0,0
26266,"[10342, 1]",4,158,64,0
26267,"[10343, 0]",1,156,64,0
26268,"[10344, 0]",1,0,0,0
26269,"[10344, 1]",2,2,1,0
26270,"[10345, 0]",1,158,64,0
26271,"[10346, 0]",1,158,64,0
26272,"[10347, 0]",1,0,0,0
26273,"[10347, 1]",2,0,0,0
26274,"[10347, 2]",75,55,26,0
26275,"[10348, 0]",1,0,0,0
26276,"[10348, 1]",2,158,64,0
26277,"[10349, 0]",1,156,64,0
26278,"[10350, 0]",1,0,0,0
26279,"[10350, 1]",3,0,0,0
26280,"[10350, 2]",2,0,0,0
26281,"[10350, 3]",45,41,18,0
26282,"[10350, 4]",42,0,0,0
26283,"[10350, 5]",38,158,64,0
26284,"[10350, 6]",37,57,26,0
26285,"[10350, 7]",92,57,26,0
26286,"[10350, 8]",90,0,0,0
26287,"[10350, 9]",89,0,0,0
26288,"[10350, 10]",88,0,0,0
26289,"[10350, 11]",222,37,18,0
26290,"[10350, 12]",218,0,0,0
26291,"[10350, 13]",217,0,0,0
26292,"[10350, 14]",213,0,0,0
26293,"[10350, 15]",210,0,0,0
26294,"[10350, 16]",344,41,18,0
26295,"[10350, 17]",326,57,26,0
26296,"[10350, 18]",306,41,18,0
26297,"[10350, 19]",305,41,18,0
26298,"[10350, 20]",303,0,0,0
26299,"[10350, 21]",302,158,64,0
26300,"[10350, 22]",504,158,64,0
26301,"[10351, 0]",1,41,18,0
26302,"[10352, 0]",1,158,64,0
26303,"[10353, 0]",1,0,0,0
26304,"[10353, 1]",2,0,0,0
26305,"[10353, 2]",30,158,64,0
26306,"[10353, 3]",29,0,0,0
26307,"[10353, 4]",40,0,0,-1
26308,"[10353, 5]",52,158,64,1
26309,"[10354, 0]",1,2,1,0
26310,"[10355, 0]",1,0,0,0
26311,"[10355, 1]",2,158,64,0
26312,"[10356, 0]",1,57,26,0
26313,"[10357, 0]",1,0,0,0
26314,"[10357, 1]",6,57,26,0
26315,"[10357, 2]",5,158,64,0
26316,"[10357, 3]",2,0,0,0
26317,"[10357, 4]",44,0,0,0
26318,"[10357, 5]",61,0,0,0
26319,"[10357, 6]",111,156,64,4
26320,"[10358, 0]",1,0,0,0
26321,"[10358, 1]",2,41,18,5
26322,"[10359, 0]",1,51,24,0
26323,"[10360, 0]",1,0,0,0
26324,"[10360, 1]",2,156,64,0
26325,"[10361, 0]",1,57,26,0
26326,"[10362, 0]",1,0,0,0
26327,"[10362, 1]",2,41,18,0
26328,"[10363, 0]",1,0,0,0
26329,"[10363, 1]",2,41,18,0
26330,"[10364, 0]",1,0,0,0
26331,"[10364, 1]",2,158,64,0
26332,"[10365, 0]",1,158,64,0
26333,"[10366, 0]",1,158,64,0
26334,"[10367, 0]",1,0,0,0
26335,"[10367, 1]",2,156,64,0
26336,"[10368, 0]",1,57,26,1
26337,"[10369, 0]",1,0,0,0
26338,"[10369, 1]",2,2,1,0
26339,"[10370, 0]",1,158,64,0
26340,"[10371, 0]",1,57,26,0
26341,"[10372, 0]",1,158,64,0
26342,"[10373, 0]",1,0,0,0
26343,"[10373, 1]",2,158,64,0
26344,"[10374, 0]",1,57,26,0
26345,"[10375, 0]",1,2,1,0
26346,"[10376, 0]",1,156,64,0
26347,"[10377, 0]",1,41,18,0
26348,"[10378, 0]",1,54,24,0
26349,"[10379, 0]",1,0,0,0
26350,"[10379, 1]",2,0,0,0
26351,"[10379, 2]",13,41,18,0
26352,"[10380, 0]",1,0,0,0
26353,"[10380, 1]",2,156,64,0
26354,"[10381, 0]",1,156,64,0
26355,"[10382, 0]",1,2,1,0
26356,"[10383, 0]",1,158,64,0
26357,"[10384, 0]",1,0,0,0
26358,"[10384, 1]",2,0,0,0
26359,"[10384, 2]",27,2,1,0
26360,"[10385, 0]",1,158,64,0
26361,"[10386, 0]",1,158,64,0
26362,"[10387, 0]",1,158,64,0
26363,"[10388, 0]",1,0,0,0
26364,"[10388, 1]",3,0,0,-1
26365,"[10389, 0]",1,158,64,0
26366,"[10390, 0]",1,158,64,0
26367,"[10391, 0]",1,57,26,0
26368,"[10392, 0]",1,41,18,0
26369,"[10393, 0]",1,0,0,0
26370,"[10393, 1]",2,0,0,0
26371,"[10393, 2]",20,57,26,0
26372,"[10393, 3]",19,158,64,0
26373,"[10394, 0]",1,0,0,0
26374,"[10394, 1]",2,2,1,0
26375,"[10395, 0]",1,0,0,0
26376,"[10395, 1]",2,158,64,0
26377,"[10396, 0]",1,158,64,0
26378,"[10397, 0]",1,0,0,0
26379,"[10397, 1]",2,0,0,0
26380,"[10397, 2]",59,158,64,0
26381,"[10398, 0]",1,0,0,0
26382,"[10398, 1]",2,0,0,0
26383,"[10398, 2]",23,0,0,0
26384,"[10398, 3]",32,59,28,7
26385,"[10399, 0]",1,0,0,0
26386,"[10399, 1]",2,2,1,-1
26387,"[10400, 0]",1,158,64,1
26388,"[10401, 0]",1,156,64,0
26389,"[10402, 0]",1,57,26,0
26390,"[10403, 0]",1,158,64,0
26391,"[10404, 0]",1,0,0,0
26392,"[10404, 1]",2,57,26,11
26393,"[10405, 0]",1,0,0,0
26394,"[10405, 1]",2,0,0,0
26395,"[10405, 2]",17,0,0,0
26396,"[10405, 3]",30,0,0,0
26397,"[10405, 4]",109,158,64,0
26398,"[10406, 0]",1,0,0,0
26399,"[10406, 1]",2,0,0,0
26400,"[10406, 2]",80,158,64,0
26401,"[10407, 0]",1,0,0,0
26402,"[10407, 1]",6,2,1,0
26403,"[10407, 2]",3,0,0,0
26404,"[10407, 3]",2,0,0,0
26405,"[10407, 4]",39,158,64,0
26406,"[10407, 5]",35,0,0,0
26407,"[10407, 6]",30,0,0,0
26408,"[10407, 7]",93,0,0,0
26409,"[10407, 8]",67,61,28,0
26410,"[10407, 9]",213,58,26,0
26411,"[10408, 0]",1,0,0,1
26412,"[10408, 1]",3,0,0,0
26413,"[10408, 2]",2,0,0,0
26414,"[10408, 3]",30,158,64,0
26415,"[10408, 4]",27,0,0,0
26416,"[10408, 5]",57,156,64,0
26417,"[10409, 0]",1,0,0,0
26418,"[10409, 1]",2,41,18,7
26419,"[10410, 0]",1,158,64,0
26420,"[10411, 0]",1,158,64,0
26421,"[10412, 0]",1,2,1,0
26422,"[10413, 0]",1,0,0,0
26423,"[10413, 1]",2,0,0,0
26424,"[10413, 2]",45,0,0,0
26425,"[10413, 3]",61,158,64,0
26426,"[10414, 0]",1,0,0,0
26427,"[10414, 1]",2,0,0,0
26428,"[10414, 2]",18,158,64,0
26429,"[10415, 0]",1,158,64,0
26430,"[10416, 0]",1,0,0,0
26431,"[10416, 1]",3,0,0,0
26432,"[10416, 2]",2,41,18,0
26433,"[10416, 3]",31,156,64,0
26434,"[10417, 0]",1,0,0,0
26435,"[10417, 1]",2,0,0,0
26436,"[10417, 2]",34,156,64,0
26437,"[10418, 0]",1,41,18,0
26438,"[10419, 0]",1,0,0,0
26439,"[10419, 1]",2,158,64,0
26440,"[10420, 0]",1,0,0,0
26441,"[10420, 1]",2,2,1,-1
26442,"[10421, 0]",1,0,0,0
26443,"[10421, 1]",2,158,64,-1
26444,"[10422, 0]",1,0,0,0
26445,"[10422, 1]",2,158,64,0
26446,"[10423, 0]",1,0,0,0
26447,"[10423, 1]",5,41,18,0
26448,"[10423, 2]",4,41,18,0
26449,"[10423, 3]",2,0,0,0
26450,"[10423, 4]",25,2,1,0
26451,"[10424, 0]",1,0,0,0
26452,"[10424, 1]",5,41,18,0
26453,"[10424, 2]",4,57,26,0
26454,"[10424, 3]",2,0,0,0
26455,"[10424, 4]",26,59,28,0
26456,"[10424, 5]",25,57,26,0
26457,"[10424, 6]",24,0,0,0
26458,"[10424, 7]",53,41,18,0
26459,"[10425, 0]",1,0,0,0
26460,"[10425, 1]",2,158,64,0
26461,"[10426, 0]",1,158,64,1
26462,"[10427, 0]",1,0,0,0
26463,"[10427, 1]",2,158,64,-1
26464,"[10428, 0]",1,41,18,1
26465,"[10429, 0]",1,0,0,0
26466,"[10429, 1]",2,156,64,0
26467,"[10430, 0]",1,41,18,0
26468,"[10431, 0]",1,0,0,0
26469,"[10431, 1]",6,158,64,0
26470,"[10431, 2]",4,41,18,0
26471,"[10431, 3]",2,0,0,0
26472,"[10431, 4]",45,0,0,0
26473,"[10431, 5]",58,41,18,0
26474,"[10432, 0]",1,0,0,0
26475,"[10432, 1]",2,41,18,0
26476,"[10433, 0]",1,156,64,0
26477,"[10434, 0]",1,158,64,0
26478,"[10435, 0]",1,0,0,0
26479,"[10435, 1]",2,41,18,0
26480,"[10436, 0]",1,158,64,0
26481,"[10437, 0]",1,0,0,0
26482,"[10437, 1]",2,156,64,0
26483,"[10438, 0]",1,158,64,0
26484,"[10439, 0]",1,158,64,0
26485,"[10440, 0]",1,158,64,0
26486,"[10441, 0]",1,2,1,0
26487,"[10442, 0]",1,41,18,0
26488,"[10443, 0]",1,0,0,0
26489,"[10443, 1]",2,57,26,0
26490,"[10444, 0]",1,41,18,0
26491,"[10445, 0]",1,41,18,0
26492,"[10446, 0]",1,0,0,0
26493,"[10446, 1]",2,158,64,0
26494,"[10447, 0]",1,0,0,0
26495,"[10447, 1]",2,0,0,0
26496,"[10447, 2]",47,0,0,0
26497,"[10447, 3]",71,158,64,0
26498,"[10447, 4]",69,0,0,0
26499,"[10447, 5]",102,0,0,0
26500,"[10447, 6]",101,158,64,0
26501,"[10447, 7]",155,158,64,0
26502,"[10448, 0]",1,0,0,0
26503,"[10448, 1]",3,0,0,0
26504,"[10448, 2]",2,0,0,0
26505,"[10448, 3]",34,158,64,0
26506,"[10448, 4]",31,158,64,19
26507,"[10449, 0]",1,158,64,0
26508,"[10450, 0]",1,2,1,0
26509,"[10451, 0]",1,2,1,0
26510,"[10452, 0]",1,0,0,0
26511,"[10452, 1]",5,0,0,0
26512,"[10452, 2]",4,0,0,0
26513,"[10452, 3]",3,0,0,0
26514,"[10452, 4]",2,0,0,0
26515,"[10452, 5]",47,57,26,0
26516,"[10452, 6]",46,158,64,0
26517,"[10452, 7]",37,0,0,0
26518,"[10452, 8]",30,0,0,0
26519,"[10452, 9]",25,0,0,0
26520,"[10452, 10]",205,57,26,0
26521,"[10452, 11]",178,158,64,0
26522,"[10452, 12]",143,158,64,0
26523,"[10453, 0]",1,158,64,0
26524,"[10454, 0]",1,0,0,0
26525,"[10454, 1]",2,158,64,0
26526,"[10455, 0]",1,57,26,0
26527,"[10456, 0]",1,158,64,0
26528,"[10457, 0]",1,53,24,0
26529,"[10458, 0]",1,0,0,1
26530,"[10458, 1]",2,0,0,0
26531,"[10458, 2]",22,156,64,-1
26532,"[10459, 0]",1,0,0,0
26533,"[10459, 1]",2,0,0,0
26534,"[10459, 2]",18,58,26,1
26535,"[10460, 0]",1,158,64,0
26536,"[10461, 0]",1,0,0,0
26537,"[10461, 1]",3,0,0,0
26538,"[10461, 2]",2,0,0,0
26539,"[10461, 3]",38,158,64,0
26540,"[10461, 4]",34,0,0,0
26541,"[10461, 5]",69,158,64,0
26542,"[10462, 0]",1,156,64,0
26543,"[10463, 0]",1,0,0,0
26544,"[10463, 1]",5,158,64,0
26545,"[10463, 2]",4,0,0,0
26546,"[10463, 3]",3,0,0,0
26547,"[10463, 4]",39,41,18,0
26548,"[10463, 5]",38,158,64,0
26549,"[10463, 6]",35,0,0,0
26550,"[10463, 7]",32,0,0,0
26551,"[10463, 8]",31,0,0,0
26552,"[10463, 9]",99,0,0,0
26553,"[10463, 10]",98,158,64,0
26554,"[10463, 11]",94,0,0,0
26555,"[10463, 12]",93,0,0,0
26556,"[10463, 13]",71,0,0,0
26557,"[10463, 14]",259,0,0,0
26558,"[10463, 15]",193,57,26,6
26559,"[10463, 16]",189,41,18,0
26560,"[10463, 17]",158,51,24,0
26561,"[10463, 18]",307,57,26,-1
26562,"[10464, 0]",1,2,1,0
26563,"[10465, 0]",1,0,0,0
26564,"[10465, 1]",5,158,64,0
26565,"[10465, 2]",4,0,0,0
26566,"[10465, 3]",20,0,0,0
26567,"[10465, 4]",50,158,64,20
26568,"[10466, 0]",1,0,0,0
26569,"[10466, 1]",2,57,26,0
26570,"[10467, 0]",1,0,0,0
26571,"[10467, 1]",2,64,29,0
26572,"[10468, 0]",1,2,1,0
26573,"[10469, 0]",1,2,1,0
26574,"[10470, 0]",1,0,0,0
26575,"[10470, 1]",2,0,0,0
26576,"[10470, 2]",37,55,26,0
26577,"[10471, 0]",1,0,0,0
26578,"[10471, 1]",2,0,0,0
26579,"[10471, 2]",18,158,64,16
26580,"[10472, 0]",1,57,26,0
26581,"[10473, 0]",1,0,0,0
26582,"[10473, 1]",2,158,64,-1
26583,"[10474, 0]",1,156,64,0
26584,"[10475, 0]",1,41,18,0
26585,"[10476, 0]",1,2,1,0
26586,"[10477, 0]",1,0,0,0
26587,"[10477, 1]",3,0,0,0
26588,"[10477, 2]",2,0,0,0
26589,"[10477, 3]",43,0,0,0
26590,"[10477, 4]",35,0,0,0
26591,"[10477, 5]",32,0,0,0
26592,"[10477, 6]",31,0,0,0
26593,"[10477, 7]",30,0,0,0
26594,"[10477, 8]",29,0,0,0
26595,"[10477, 9]",131,66,29,0
26596,"[10477, 10]",130,2,1,0
26597,"[10477, 11]",128,0,0,0
26598,"[10477, 12]",127,0,0,0
26599,"[10477, 13]",126,0,0,0
26600,"[10477, 14]",117,41,18,0
26601,"[10477, 15]",108,2,1,0
26602,"[10477, 16]",103,0,0,0
26603,"[10477, 17]",85,51,24,0
26604,"[10477, 18]",65,158,64,0
26605,"[10477, 19]",314,41,18,0
26606,"[10477, 20]",169,41,18,0
26607,"[10477, 21]",168,158,64,0
26608,"[10477, 22]",166,0,0,0
26609,"[10477, 23]",159,0,0,0
26610,"[10477, 24]",609,57,26,10
26611,"[10477, 25]",559,158,64,0
26612,"[10478, 0]",1,0,0,0
26613,"[10478, 1]",2,0,0,0
26614,"[10478, 2]",28,41,18,0
26615,"[10479, 0]",1,0,0,0
26616,"[10479, 1]",3,158,64,0
26617,"[10479, 2]",2,0,0,0
26618,"[10479, 3]",37,158,64,0
26619,"[10479, 4]",36,0,0,0
26620,"[10479, 5]",34,158,64,0
26621,"[10479, 6]",33,158,64,0
26622,"[10479, 7]",32,0,0,0
26623,"[10479, 8]",72,41,18,0
26624,"[10479, 9]",53,41,18,0
26625,"[10480, 0]",1,0,0,0
26626,"[10480, 1]",2,158,64,0
26627,"[10481, 0]",1,41,18,0
26628,"[10482, 0]",1,0,0,0
26629,"[10482, 1]",2,54,24,0
26630,"[10483, 0]",1,0,0,0
26631,"[10483, 1]",2,158,64,0
26632,"[10484, 0]",1,0,0,0
26633,"[10484, 1]",2,0,0,0
26634,"[10484, 2]",41,0,0,0
26635,"[10484, 3]",69,0,0,0
26636,"[10484, 4]",141,0,0,0
26637,"[10484, 5]",156,41,18,4
26638,"[10485, 0]",1,158,64,0
26639,"[10486, 0]",1,158,64,0
26640,"[10487, 0]",1,0,0,0
26641,"[10487, 1]",5,63,28,0
26642,"[10487, 2]",4,0,0,0
26643,"[10487, 3]",3,0,0,0
26644,"[10487, 4]",2,0,0,0
26645,"[10487, 5]",45,0,0,0
26646,"[10487, 6]",44,158,64,0
26647,"[10487, 7]",42,0,0,0
26648,"[10487, 8]",41,0,0,0
26649,"[10487, 9]",35,158,64,0
26650,"[10487, 10]",32,0,0,-1
26651,"[10487, 11]",135,158,64,-1
26652,"[10487, 12]",80,0,0,-1
26653,"[10487, 13]",71,57,26,0
26654,"[10487, 14]",53,0,0,0
26655,"[10487, 15]",394,41,18,1
26656,"[10487, 16]",273,156,64,1
26657,"[10488, 0]",1,0,0,0
26658,"[10488, 1]",2,57,26,5
26659,"[10489, 0]",1,158,64,0
26660,"[10490, 0]",1,0,0,0
26661,"[10490, 1]",2,158,64,0
26662,"[10491, 0]",1,55,26,0
26663,"[10492, 0]",1,0,0,1
26664,"[10492, 1]",2,0,0,0
26665,"[10492, 2]",26,156,64,0
26666,"[10493, 0]",1,41,18,0
26667,"[10494, 0]",1,54,24,0
26668,"[10495, 0]",1,158,64,0
26669,"[10496, 0]",1,0,0,0
26670,"[10496, 1]",7,156,64,0
26671,"[10496, 2]",6,0,0,0
26672,"[10496, 3]",3,0,0,0
26673,"[10496, 4]",2,0,0,0
26674,"[10496, 5]",63,0,0,0
26675,"[10496, 6]",57,156,64,-1
26676,"[10496, 7]",31,156,64,0
26677,"[10496, 8]",77,41,18,0
26678,"[10497, 0]",1,0,0,1
26679,"[10497, 1]",2,156,64,0
26680,"[10498, 0]",1,158,64,0
26681,"[10499, 0]",1,57,26,1
26682,"[10500, 0]",1,0,0,0
26683,"[10500, 1]",2,2,1,0
26684,"[10501, 0]",1,57,26,0
26685,"[10502, 0]",1,0,0,0
26686,"[10502, 1]",2,41,18,0
26687,"[10503, 0]",1,0,0,0
26688,"[10503, 1]",2,41,18,0
26689,"[10504, 0]",1,156,64,0
26690,"[10505, 0]",1,57,26,0
26691,"[10506, 0]",1,0,0,0
26692,"[10506, 1]",2,0,0,0
26693,"[10506, 2]",51,158,64,0
26694,"[10507, 0]",1,0,0,0
26695,"[10507, 1]",2,2,1,18
26696,"[10508, 0]",1,156,64,0
26697,"[10509, 0]",1,0,0,0
26698,"[10509, 1]",2,0,0,0
26699,"[10509, 2]",31,41,18,0
26700,"[10510, 0]",1,57,26,0
26701,"[10511, 0]",1,0,0,0
26702,"[10511, 1]",2,2,1,0
26703,"[10512, 0]",1,41,18,0
26704,"[10513, 0]",1,0,0,0
26705,"[10513, 1]",9,57,26,0
26706,"[10513, 2]",6,0,0,0
26707,"[10513, 3]",5,0,0,0
26708,"[10513, 4]",4,0,0,0
26709,"[10513, 5]",3,0,0,0
26710,"[10513, 6]",2,0,0,0
26711,"[10513, 7]",55,156,64,0
26712,"[10513, 8]",54,0,0,0
26713,"[10513, 9]",50,0,0,0
26714,"[10513, 10]",41,41,18,0
26715,"[10513, 11]",36,41,18,0
26716,"[10513, 12]",32,57,26,0
26717,"[10513, 13]",97,0,0,0
26718,"[10513, 14]",83,57,26,0
26719,"[10513, 15]",380,0,0,0
26720,"[10513, 16]",539,158,64,0
26721,"[10514, 0]",1,0,0,0
26722,"[10514, 1]",2,156,64,0
26723,"[10515, 0]",1,158,64,1
26724,"[10516, 0]",1,0,0,0
26725,"[10516, 1]",2,158,64,0
26726,"[10517, 0]",1,0,0,0
26727,"[10517, 1]",2,0,0,0
26728,"[10517, 2]",58,0,0,0
26729,"[10517, 3]",57,0,0,0
26730,"[10517, 4]",84,0,0,0
26731,"[10517, 5]",81,156,64,0
26732,"[10517, 6]",125,158,64,0
26733,"[10518, 0]",1,0,0,0
26734,"[10518, 1]",2,0,0,0
26735,"[10518, 2]",33,57,26,0
26736,"[10519, 0]",1,0,0,0
26737,"[10519, 1]",2,0,0,0
26738,"[10519, 2]",18,2,1,-1
26739,"[10520, 0]",1,0,0,0
26740,"[10520, 1]",2,58,26,0
26741,"[10521, 0]",1,0,0,0
26742,"[10521, 1]",5,41,18,0
26743,"[10521, 2]",4,158,64,0
26744,"[10521, 3]",3,156,64,0
26745,"[10522, 0]",1,64,29,0
26746,"[10523, 0]",1,0,0,0
26747,"[10523, 1]",2,41,18,0
26748,"[10524, 0]",1,0,0,1
26749,"[10524, 1]",2,57,26,19
26750,"[10525, 0]",1,158,64,0
26751,"[10526, 0]",1,0,0,0
26752,"[10526, 1]",2,0,0,2
26753,"[10526, 2]",16,2,1,-1
26754,"[10527, 0]",1,0,0,0
26755,"[10527, 1]",2,0,0,0
26756,"[10527, 2]",19,0,0,0
26757,"[10527, 3]",34,57,26,0
26758,"[10528, 0]",1,158,64,0
26759,"[10529, 0]",1,158,64,0
26760,"[10530, 0]",1,0,0,0
26761,"[10530, 1]",6,158,64,2
26762,"[10530, 2]",5,41,18,3
26763,"[10530, 3]",2,0,0,-1
26764,"[10530, 4]",61,0,0,3
26765,"[10530, 5]",57,158,64,-1
26766,"[10530, 6]",70,158,64,0
26767,"[10531, 0]",1,58,26,0
26768,"[10532, 0]",1,54,24,0
26769,"[10533, 0]",1,0,0,0
26770,"[10533, 1]",2,0,0,0
26771,"[10533, 2]",42,2,1,0
26772,"[10534, 0]",1,156,64,0
26773,"[10535, 0]",1,0,0,0
26774,"[10535, 1]",2,0,0,0
26775,"[10535, 2]",20,0,0,0
26776,"[10535, 3]",33,41,18,0
26777,"[10536, 0]",1,158,64,0
26778,"[10537, 0]",1,2,1,0
26779,"[10538, 0]",1,2,1,0
26780,"[10539, 0]",1,0,0,0
26781,"[10539, 1]",2,0,0,-1
26782,"[10539, 2]",17,2,1,3
26783,"[10540, 0]",1,0,0,0
26784,"[10540, 1]",2,0,0,0
26785,"[10540, 2]",16,156,64,0
26786,"[10541, 0]",1,54,24,0
26787,"[10542, 0]",1,41,18,0
26788,"[10543, 0]",1,0,0,0
26789,"[10543, 1]",2,158,64,0
26790,"[10544, 0]",1,158,64,0
26791,"[10545, 0]",1,0,0,0
26792,"[10545, 1]",2,158,64,6
26793,"[10546, 0]",1,0,0,0
26794,"[10546, 1]",2,41,18,0
26795,"[10547, 0]",1,54,24,0
26796,"[10548, 0]",1,0,0,0
26797,"[10548, 1]",2,0,0,0
26798,"[10548, 2]",82,0,0,0
26799,"[10548, 3]",99,158,64,0
26800,"[10549, 0]",1,0,0,0
26801,"[10549, 1]",2,0,0,0
26802,"[10549, 2]",18,156,64,0
26803,"[10550, 0]",1,0,0,0
26804,"[10550, 1]",4,156,64,0
26805,"[10550, 2]",2,0,0,0
26806,"[10550, 3]",26,158,64,0
26807,"[10550, 4]",25,158,64,0
26808,"[10551, 0]",1,0,0,0
26809,"[10551, 1]",2,158,64,-1
26810,"[10552, 0]",1,156,64,0
26811,"[10553, 0]",1,64,29,0
26812,"[10554, 0]",1,0,0,0
26813,"[10554, 1]",2,0,0,0
26814,"[10554, 2]",73,156,64,0
26815,"[10555, 0]",1,0,0,0
26816,"[10555, 1]",2,0,0,0
26817,"[10555, 2]",19,0,0,0
26818,"[10555, 3]",95,158,64,0
26819,"[10556, 0]",1,0,0,0
26820,"[10556, 1]",2,59,28,0
26821,"[10557, 0]",1,158,64,0
26822,"[10558, 0]",1,57,26,0
26823,"[10559, 0]",1,0,0,0
26824,"[10559, 1]",2,41,18,0
26825,"[10560, 0]",1,158,64,0
26826,"[10561, 0]",1,158,64,0
26827,"[10562, 0]",1,0,0,0
26828,"[10562, 1]",2,158,64,0
26829,"[10563, 0]",1,59,28,0
26830,"[10564, 0]",1,41,18,0
26831,"[10565, 0]",1,0,0,0
26832,"[10565, 1]",2,158,64,0
26833,"[10566, 0]",1,41,18,0
26834,"[10567, 0]",1,0,0,0
26835,"[10567, 1]",2,0,0,0
26836,"[10567, 2]",38,158,64,0
26837,"[10568, 0]",1,0,0,0
26838,"[10568, 1]",2,0,0,0
26839,"[10568, 2]",35,41,18,0
26840,"[10568, 3]",32,0,0,0
26841,"[10568, 4]",87,59,26,0
26842,"[10568, 5]",86,0,0,0
26843,"[10568, 6]",117,158,64,0
26844,"[10569, 0]",1,0,0,0
26845,"[10569, 1]",3,57,26,0
26846,"[10569, 2]",2,57,26,0
26847,"[10570, 0]",1,0,0,1
26848,"[10570, 1]",2,53,24,0
26849,"[10571, 0]",1,0,0,0
26850,"[10571, 1]",19,0,0,7
26851,"[10571, 2]",18,0,0,-1
26852,"[10571, 3]",16,0,0,-1
26853,"[10571, 4]",15,0,0,-1
26854,"[10571, 5]",12,0,0,-1
26855,"[10571, 6]",11,0,0,-1
26856,"[10571, 7]",8,0,0,-1
26857,"[10571, 8]",7,0,0,-1
26858,"[10571, 9]",5,0,0,4
26859,"[10571, 10]",4,0,0,-1
26860,"[10571, 11]",3,0,0,-1
26861,"[10571, 12]",100,0,0,-1
26862,"[10571, 13]",99,156,64,-1
26863,"[10571, 14]",97,57,26,-1
26864,"[10571, 15]",96,158,64,-1
26865,"[10571, 16]",94,0,0,-1
26866,"[10571, 17]",90,158,64,0
26867,"[10571, 18]",88,0,0,0
26868,"[10571, 19]",85,158,64,0
26869,"[10571, 20]",82,57,26,3
26870,"[10571, 21]",81,2,1,-1
26871,"[10571, 22]",74,158,64,1
26872,"[10571, 23]",65,158,64,-1
26873,"[10571, 24]",59,0,0,-1
26874,"[10571, 25]",52,158,64,8
26875,"[10571, 26]",49,0,0,-1
26876,"[10571, 27]",46,158,64,1
26877,"[10571, 28]",523,158,64,-1
26878,"[10571, 29]",457,158,64,-1
26879,"[10571, 30]",212,158,64,0
26880,"[10571, 31]",185,0,0,-1
26881,"[10571, 32]",180,158,64,-1
26882,"[10571, 33]",151,158,64,-1
26883,"[10571, 34]",150,158,64,-1
26884,"[10571, 35]",991,156,64,-1
26885,"[10572, 0]",1,158,64,0
26886,"[10573, 0]",1,158,64,0
26887,"[10574, 0]",1,158,64,0
26888,"[10575, 0]",1,0,0,0
26889,"[10575, 1]",4,0,0,0
26890,"[10575, 2]",3,0,0,0
26891,"[10575, 3]",2,0,0,0
26892,"[10575, 4]",32,0,0,0
26893,"[10575, 5]",26,158,64,0
26894,"[10575, 6]",23,41,18,0
26895,"[10575, 7]",56,0,0,0
26896,"[10575, 8]",55,53,24,0
26897,"[10575, 9]",211,158,64,-1
26898,"[10576, 0]",1,0,0,0
26899,"[10576, 1]",5,158,64,0
26900,"[10576, 2]",4,158,64,0
26901,"[10576, 3]",2,158,64,0
26902,"[10577, 0]",1,63,28,0
26903,"[10578, 0]",1,158,64,0
26904,"[10579, 0]",1,57,26,0
26905,"[10580, 0]",1,54,24,1
26906,"[10581, 0]",1,0,0,0
26907,"[10581, 1]",2,158,64,0
26908,"[10582, 0]",1,41,18,1
26909,"[10583, 0]",1,0,0,0
26910,"[10583, 1]",2,158,64,0
26911,"[10584, 0]",1,0,0,0
26912,"[10584, 1]",2,0,0,0
26913,"[10584, 2]",15,57,26,0
26914,"[10585, 0]",1,0,0,0
26915,"[10585, 1]",2,0,0,0
26916,"[10585, 2]",25,158,64,-1
26917,"[10586, 0]",1,0,0,0
26918,"[10586, 1]",2,156,64,0
26919,"[10587, 0]",1,0,0,0
26920,"[10587, 1]",2,54,24,0
26921,"[10588, 0]",1,0,0,0
26922,"[10588, 1]",6,158,64,0
26923,"[10588, 2]",5,158,64,0
26924,"[10588, 3]",4,0,0,0
26925,"[10588, 4]",32,0,0,0
26926,"[10588, 5]",73,158,64,2
26927,"[10589, 0]",1,58,26,0
26928,"[10590, 0]",1,59,28,0
26929,"[10591, 0]",1,0,0,0
26930,"[10591, 1]",2,0,0,0
26931,"[10591, 2]",54,156,64,-1
26932,"[10592, 0]",1,57,26,1
26933,"[10593, 0]",1,158,64,0
26934,"[10594, 0]",1,0,0,0
26935,"[10594, 1]",2,158,64,0
26936,"[10595, 0]",1,158,64,0
26937,"[10596, 0]",1,0,0,0
26938,"[10596, 1]",2,0,0,0
26939,"[10596, 2]",12,41,18,0
26940,"[10597, 0]",1,0,0,0
26941,"[10598, 0]",1,41,18,0
26942,"[10599, 0]",1,0,0,0
26943,"[10599, 1]",2,0,0,0
26944,"[10599, 2]",18,156,64,0
26945,"[10600, 0]",1,41,18,0
26946,"[10601, 0]",1,0,0,0
26947,"[10601, 1]",2,0,0,0
26948,"[10601, 2]",22,158,64,2
26949,"[10602, 0]",1,0,0,0
26950,"[10602, 1]",2,41,18,0
26951,"[10603, 0]",1,156,64,0
26952,"[10604, 0]",1,0,0,0
26953,"[10604, 1]",2,0,0,0
26954,"[10604, 2]",25,0,0,0
26955,"[10604, 3]",23,0,0,0
26956,"[10604, 4]",22,0,0,0
26957,"[10604, 5]",21,0,0,0
26958,"[10604, 6]",73,54,24,0
26959,"[10604, 7]",72,158,64,0
26960,"[10604, 8]",65,0,0,0
26961,"[10604, 9]",60,158,64,0
26962,"[10604, 10]",50,41,18,0
26963,"[10604, 11]",138,158,64,0
26964,"[10605, 0]",1,158,64,0
26965,"[10606, 0]",1,158,64,0
26966,"[10607, 0]",1,0,0,0
26967,"[10607, 1]",2,158,64,0
26968,"[10608, 0]",1,41,18,0
26969,"[10609, 0]",1,0,0,0
26970,"[10609, 1]",2,0,0,0
26971,"[10609, 2]",20,158,64,7
26972,"[10610, 0]",1,0,0,0
26973,"[10610, 1]",2,2,1,0
26974,"[10611, 0]",1,0,0,0
26975,"[10611, 1]",2,0,0,0
26976,"[10611, 2]",18,54,24,2
26977,"[10612, 0]",1,158,64,0
26978,"[10613, 0]",1,0,0,0
26979,"[10613, 1]",2,57,26,0
26980,"[10614, 0]",1,0,0,0
26981,"[10614, 1]",2,41,18,0
26982,"[10615, 0]",1,41,18,0
26983,"[10616, 0]",1,0,0,0
26984,"[10616, 1]",2,0,0,0
26985,"[10616, 2]",50,158,64,-1
26986,"[10617, 0]",1,41,18,0
26987,"[10618, 0]",1,0,0,0
26988,"[10618, 1]",2,156,64,0
26989,"[10619, 0]",1,158,64,0
26990,"[10620, 0]",1,158,64,0
26991,"[10621, 0]",1,0,0,0
26992,"[10621, 1]",2,158,64,0
26993,"[10622, 0]",1,57,26,0
26994,"[10623, 0]",1,0,0,0
26995,"[10623, 1]",2,57,26,0
26996,"[10624, 0]",1,158,64,0
26997,"[10625, 0]",1,158,64,0
26998,"[10626, 0]",1,41,18,0
26999,"[10627, 0]",1,158,64,0
27000,"[10628, 0]",1,0,0,0
27001,"[10628, 1]",8,0,0,0
27002,"[10628, 2]",7,0,0,0
27003,"[10628, 3]",5,0,0,0
27004,"[10628, 4]",31,158,64,0
27005,"[10628, 5]",19,2,1,0
27006,"[10628, 6]",15,41,18,0
27007,"[10629, 0]",1,41,18,0
27008,"[10630, 0]",1,0,0,0
27009,"[10630, 1]",2,0,0,0
27010,"[10630, 2]",18,0,0,0
27011,"[10630, 3]",17,0,0,0
27012,"[10630, 4]",59,156,64,-1
27013,"[10630, 5]",47,0,0,0
27014,"[10630, 6]",192,41,18,0
27015,"[10631, 0]",1,0,0,0
27016,"[10631, 1]",2,156,64,0
27017,"[10632, 0]",1,0,0,0
27018,"[10632, 1]",3,0,0,0
27019,"[10632, 2]",30,158,64,0
27020,"[10633, 0]",1,0,0,0
27021,"[10633, 1]",2,0,0,0
27022,"[10633, 2]",35,0,0,0
27023,"[10633, 3]",57,2,1,5
27024,"[10634, 0]",1,158,64,0
27025,"[10635, 0]",1,0,0,0
27026,"[10635, 1]",2,54,24,0
27027,"[10636, 0]",1,158,64,0
27028,"[10637, 0]",1,156,64,0
27029,"[10638, 0]",1,0,0,0
27030,"[10638, 1]",2,0,0,0
27031,"[10638, 2]",16,158,64,3
27032,"[10639, 0]",1,158,64,0
27033,"[10640, 0]",1,0,0,0
27034,"[10640, 1]",2,158,64,0
27035,"[10641, 0]",1,41,18,0
27036,"[10642, 0]",1,0,0,0
27037,"[10642, 1]",2,41,18,0
27038,"[10643, 0]",1,0,0,0
27039,"[10643, 1]",2,41,18,0
27040,"[10644, 0]",1,0,0,0
27041,"[10644, 1]",11,158,64,-1
27042,"[10644, 2]",10,158,64,-1
27043,"[10644, 3]",9,0,0,-1
27044,"[10644, 4]",5,0,0,-1
27045,"[10644, 5]",3,0,0,-1
27046,"[10644, 6]",82,2,1,-1
27047,"[10644, 7]",80,0,0,5
27048,"[10644, 8]",66,158,64,-1
27049,"[10644, 9]",65,158,64,-1
27050,"[10644, 10]",62,158,64,-1
27051,"[10644, 11]",60,0,0,-1
27052,"[10644, 12]",57,158,64,2
27053,"[10644, 13]",56,158,64,-1
27054,"[10644, 14]",55,0,0,-1
27055,"[10644, 15]",44,57,26,-1
27056,"[10644, 16]",156,158,64,-1
27057,"[10644, 17]",136,158,64,-1
27058,"[10644, 18]",89,158,64,0
27059,"[10644, 19]",87,156,64,0
27060,"[10644, 20]",86,0,0,0
27061,"[10644, 21]",495,0,0,0
27062,"[10645, 0]",1,0,0,0
27063,"[10645, 1]",2,58,26,0
27064,"[10646, 0]",1,158,64,0
27065,"[10647, 0]",1,0,0,0
27066,"[10647, 1]",2,57,26,0
27067,"[10648, 0]",1,0,0,0
27068,"[10648, 1]",2,156,64,0
27069,"[10649, 0]",1,54,24,0
27070,"[10650, 0]",1,158,64,0
27071,"[10651, 0]",1,0,0,0
27072,"[10651, 1]",7,41,18,0
27073,"[10651, 2]",5,0,0,0
27074,"[10651, 3]",3,0,0,0
27075,"[10651, 4]",45,158,64,0
27076,"[10651, 5]",39,0,0,0
27077,"[10651, 6]",38,0,0,0
27078,"[10651, 7]",32,0,0,0
27079,"[10651, 8]",17,41,18,0
27080,"[10651, 9]",129,0,0,0
27081,"[10651, 10]",128,158,64,0
27082,"[10651, 11]",96,158,64,0
27083,"[10651, 12]",94,0,0,0
27084,"[10651, 13]",93,0,0,0
27085,"[10651, 14]",89,158,64,0
27086,"[10651, 15]",88,54,24,0
27087,"[10651, 16]",85,0,0,0
27088,"[10651, 17]",84,0,0,0
27089,"[10651, 18]",83,0,0,0
27090,"[10651, 19]",317,158,64,0
27091,"[10651, 20]",316,156,64,0
27092,"[10651, 21]",314,0,0,0
27093,"[10651, 22]",311,0,0,0
27094,"[10651, 23]",303,158,64,0
27095,"[10651, 24]",262,0,0,0
27096,"[10651, 25]",259,158,64,0
27097,"[10651, 26]",240,2,1,0
27098,"[10651, 27]",714,0,0,0
27099,"[10651, 28]",712,0,0,0
27100,"[10651, 29]",456,0,0,0
27101,"[10651, 30]",441,0,0,0
27102,"[10651, 31]",1091,158,64,0
27103,"[10651, 32]",1037,41,18,0
27104,"[10651, 33]",942,41,18,0
27105,"[10651, 34]",936,53,24,0
27106,"[10652, 0]",1,0,0,0
27107,"[10652, 1]",2,158,64,0
27108,"[10653, 0]",1,0,0,0
27109,"[10653, 1]",6,41,18,0
27110,"[10653, 2]",5,53,24,0
27111,"[10653, 3]",2,0,0,0
27112,"[10653, 4]",48,0,0,0
27113,"[10653, 5]",81,2,1,0
27114,"[10654, 0]",1,0,0,0
27115,"[10654, 1]",2,158,64,0
27116,"[10655, 0]",1,158,64,0
27117,"[10656, 0]",1,0,0,0
27118,"[10656, 1]",2,57,26,1
27119,"[10657, 0]",1,0,0,0
27120,"[10657, 1]",4,158,64,0
27121,"[10657, 2]",2,0,0,0
27122,"[10657, 3]",38,0,0,0
27123,"[10657, 4]",35,0,0,0
27124,"[10657, 5]",86,2,1,0
27125,"[10657, 6]",60,158,64,0
27126,"[10658, 0]",1,158,64,0
27127,"[10659, 0]",1,41,18,0
27128,"[10660, 0]",1,0,0,0
27129,"[10660, 1]",2,158,64,0
27130,"[10661, 0]",1,156,64,0
27131,"[10662, 0]",1,0,0,0
27132,"[10662, 1]",3,0,0,0
27133,"[10662, 2]",2,0,0,0
27134,"[10662, 3]",11,158,64,-1
27135,"[10662, 4]",8,2,1,4
27136,"[10663, 0]",1,0,0,0
27137,"[10663, 1]",2,158,64,0
27138,"[10664, 0]",1,0,0,0
27139,"[10664, 1]",2,0,0,0
27140,"[10664, 2]",33,54,24,0
27141,"[10665, 0]",1,41,18,0
27142,"[10666, 0]",1,156,64,0
27143,"[10667, 0]",1,0,0,0
27144,"[10667, 1]",3,158,64,0
27145,"[10667, 2]",2,41,18,0
27146,"[10668, 0]",1,0,0,0
27147,"[10668, 1]",2,158,64,0
27148,"[10669, 0]",1,156,64,0
27149,"[10670, 0]",1,0,0,0
27150,"[10670, 1]",5,41,18,0
27151,"[10670, 2]",4,0,0,0
27152,"[10670, 3]",2,0,0,0
27153,"[10670, 4]",29,158,64,0
27154,"[10670, 5]",22,158,64,0
27155,"[10671, 0]",1,41,18,0
27156,"[10672, 0]",1,158,64,0
27157,"[10673, 0]",1,158,64,0
27158,"[10674, 0]",1,0,0,0
27159,"[10674, 1]",2,2,1,0
27160,"[10675, 0]",1,0,0,0
27161,"[10675, 1]",2,0,0,0
27162,"[10675, 2]",25,2,1,1
27163,"[10676, 0]",1,0,0,0
27164,"[10676, 1]",2,2,1,0
27165,"[10677, 0]",1,59,28,0
27166,"[10678, 0]",1,158,64,0
27167,"[10679, 0]",1,0,0,0
27168,"[10679, 1]",3,158,64,0
27169,"[10679, 2]",2,0,0,0
27170,"[10679, 3]",43,57,26,0
27171,"[10680, 0]",1,2,1,1
27172,"[10681, 0]",1,41,18,0
27173,"[10682, 0]",1,41,18,0
27174,"[10683, 0]",1,0,0,0
27175,"[10683, 1]",7,158,64,0
27176,"[10683, 2]",4,0,0,0
27177,"[10683, 3]",2,0,0,0
27178,"[10683, 4]",50,156,64,0
27179,"[10683, 5]",49,0,0,0
27180,"[10683, 6]",36,158,64,0
27181,"[10683, 7]",94,0,0,0
27182,"[10683, 8]",93,41,18,0
27183,"[10683, 9]",232,156,64,-1
27184,"[10684, 0]",1,0,0,0
27185,"[10684, 1]",2,0,0,2
27186,"[10684, 2]",18,2,1,6
27187,"[10685, 0]",1,156,64,0
27188,"[10686, 0]",1,0,0,0
27189,"[10686, 1]",2,77,32,0
27190,"[10687, 0]",1,0,0,0
27191,"[10687, 1]",7,0,0,0
27192,"[10687, 2]",4,156,64,0
27193,"[10687, 3]",2,0,0,0
27194,"[10687, 4]",68,0,0,0
27195,"[10687, 5]",67,0,0,0
27196,"[10687, 6]",20,41,18,3
27197,"[10687, 7]",101,0,0,0
27198,"[10687, 8]",98,2,1,0
27199,"[10687, 9]",291,158,64,3
27200,"[10688, 0]",1,41,18,0
27201,"[10689, 0]",1,0,0,1
27202,"[10689, 1]",3,41,18,0
27203,"[10689, 2]",2,0,0,0
27204,"[10689, 3]",37,0,0,0
27205,"[10689, 4]",36,0,0,0
27206,"[10689, 5]",88,158,64,0
27207,"[10689, 6]",84,158,64,0
27208,"[10690, 0]",1,0,0,0
27209,"[10690, 1]",2,0,0,0
27210,"[10690, 2]",48,156,64,0
27211,"[10691, 0]",1,0,0,0
27212,"[10691, 1]",7,0,0,4
27213,"[10691, 2]",6,0,0,-1
27214,"[10691, 3]",5,0,0,-1
27215,"[10691, 4]",4,0,0,-1
27216,"[10691, 5]",2,0,0,-1
27217,"[10691, 6]",65,158,64,-1
27218,"[10691, 7]",60,156,64,6
27219,"[10691, 8]",56,0,0,-1
27220,"[10691, 9]",53,156,64,-1
27221,"[10691, 10]",205,0,0,3
27222,"[10691, 11]",310,158,64,0
27223,"[10692, 0]",1,0,0,0
27224,"[10692, 1]",2,0,0,0
27225,"[10692, 2]",65,158,64,0
27226,"[10693, 0]",1,158,64,1
27227,"[10694, 0]",1,0,0,0
27228,"[10694, 1]",7,41,18,0
27229,"[10694, 2]",6,158,64,0
27230,"[10694, 3]",3,0,0,0
27231,"[10694, 4]",2,0,0,0
27232,"[10694, 5]",43,156,64,0
27233,"[10694, 6]",38,0,0,0
27234,"[10694, 7]",145,158,64,0
27235,"[10695, 0]",1,0,0,0
27236,"[10695, 1]",8,158,64,0
27237,"[10695, 2]",5,0,0,0
27238,"[10695, 3]",4,0,0,0
27239,"[10695, 4]",2,0,0,0
27240,"[10695, 5]",43,41,18,0
27241,"[10695, 6]",42,41,18,0
27242,"[10695, 7]",39,0,0,0
27243,"[10695, 8]",36,0,0,0
27244,"[10695, 9]",33,2,1,0
27245,"[10695, 10]",99,41,18,0
27246,"[10695, 11]",79,0,0,0
27247,"[10695, 12]",254,158,64,0
27248,"[10696, 0]",1,57,26,0
27249,"[10697, 0]",1,0,0,0
27250,"[10697, 1]",3,158,64,0
27251,"[10698, 0]",1,158,64,0
27252,"[10699, 0]",1,41,18,0
27253,"[10700, 0]",1,0,0,0
27254,"[10700, 1]",2,158,64,0
27255,"[10701, 0]",1,0,0,0
27256,"[10701, 1]",2,0,0,3
27257,"[10701, 2]",32,41,18,11
27258,"[10702, 0]",1,158,64,0
27259,"[10703, 0]",1,41,18,0
27260,"[10704, 0]",1,158,64,0
27261,"[10705, 0]",1,0,0,1
27262,"[10705, 1]",2,158,64,0
27263,"[10706, 0]",1,0,0,0
27264,"[10706, 1]",2,41,18,0
27265,"[10707, 0]",1,0,0,0
27266,"[10707, 1]",2,0,0,0
27267,"[10707, 2]",23,158,64,0
27268,"[10708, 0]",1,0,0,0
27269,"[10708, 1]",2,57,26,0
27270,"[10709, 0]",1,0,0,0
27271,"[10709, 1]",2,57,26,0
27272,"[10710, 0]",1,41,18,0
27273,"[10711, 0]",1,0,0,0
27274,"[10711, 1]",2,0,0,0
27275,"[10711, 2]",18,41,18,0
27276,"[10712, 0]",1,158,64,0
27277,"[10713, 0]",1,59,28,0
27278,"[10714, 0]",1,158,64,0
27279,"[10715, 0]",1,0,0,0
27280,"[10715, 1]",2,158,64,0
27281,"[10716, 0]",1,41,18,0
27282,"[10717, 0]",1,0,0,0
27283,"[10717, 1]",4,57,26,0
27284,"[10717, 2]",3,0,0,0
27285,"[10717, 3]",2,0,0,0
27286,"[10717, 4]",15,158,64,0
27287,"[10717, 5]",13,0,0,0
27288,"[10717, 6]",12,0,0,0
27289,"[10717, 7]",10,57,26,0
27290,"[10717, 8]",8,0,0,0
27291,"[10717, 9]",64,0,0,0
27292,"[10717, 10]",42,41,18,0
27293,"[10717, 11]",39,0,0,0
27294,"[10717, 12]",33,158,64,0
27295,"[10717, 13]",180,0,0,0
27296,"[10717, 14]",136,158,64,0
27297,"[10717, 15]",376,0,0,0
27298,"[10717, 16]",612,41,18,0
27299,"[10718, 0]",1,0,0,0
27300,"[10718, 1]",2,158,64,13
27301,"[10719, 0]",1,41,18,0
27302,"[10720, 0]",1,57,26,0
27303,"[10721, 0]",1,156,64,0
27304,"[10722, 0]",1,2,1,0
27305,"[10723, 0]",1,158,64,0
27306,"[10724, 0]",1,41,18,0
27307,"[10725, 0]",1,0,0,0
27308,"[10725, 1]",2,41,18,0
27309,"[10726, 0]",1,0,0,0
27310,"[10726, 1]",2,158,64,1
27311,"[10727, 0]",1,0,0,0
27312,"[10727, 1]",2,0,0,0
27313,"[10727, 2]",17,0,0,2
27314,"[10727, 3]",28,158,64,0
27315,"[10728, 0]",1,0,0,0
27316,"[10728, 1]",2,156,64,0
27317,"[10729, 0]",1,156,64,0
27318,"[10730, 0]",1,158,64,0
27319,"[10731, 0]",1,0,0,0
27320,"[10731, 1]",2,0,0,0
27321,"[10731, 2]",75,41,18,0
27322,"[10732, 0]",1,59,28,0
27323,"[10733, 0]",1,0,0,0
27324,"[10733, 1]",2,0,0,0
27325,"[10733, 2]",24,41,18,0
27326,"[10734, 0]",1,0,0,0
27327,"[10734, 1]",2,41,18,0
27328,"[10735, 0]",1,0,0,0
27329,"[10735, 1]",2,158,64,0
27330,"[10736, 0]",1,158,64,0
27331,"[10737, 0]",1,158,64,0
27332,"[10738, 0]",1,0,0,0
27333,"[10738, 1]",2,41,18,0
27334,"[10739, 0]",1,0,0,0
27335,"[10739, 1]",2,2,1,0
27336,"[10740, 0]",1,0,0,0
27337,"[10740, 1]",2,2,1,0
27338,"[10741, 0]",1,156,64,0
27339,"[10742, 0]",1,158,64,0
27340,"[10743, 0]",1,0,0,0
27341,"[10743, 1]",2,57,26,0
27342,"[10744, 0]",1,158,64,0
27343,"[10745, 0]",1,0,0,0
27344,"[10745, 1]",8,158,64,-1
27345,"[10745, 2]",7,54,24,1
27346,"[10745, 3]",4,0,0,1
27347,"[10745, 4]",3,0,0,-1
27348,"[10745, 5]",55,0,0,-1
27349,"[10745, 6]",54,0,0,-1
27350,"[10745, 7]",53,0,0,1
27351,"[10745, 8]",50,158,64,1
27352,"[10745, 9]",47,57,26,8
27353,"[10745, 10]",44,0,0,-1
27354,"[10745, 11]",41,156,64,0
27355,"[10745, 12]",39,0,0,0
27356,"[10745, 13]",179,41,18,0
27357,"[10745, 14]",178,158,64,0
27358,"[10745, 15]",177,0,0,0
27359,"[10745, 16]",148,158,64,-1
27360,"[10745, 17]",81,0,0,0
27361,"[10745, 18]",78,0,0,-1
27362,"[10745, 19]",75,158,64,-1
27363,"[10745, 20]",543,158,64,-1
27364,"[10745, 21]",528,0,0,0
27365,"[10745, 22]",294,158,64,8
27366,"[10745, 23]",793,2,1,0
27367,"[10746, 0]",1,54,24,0
27368,"[10747, 0]",1,0,0,0
27369,"[10747, 1]",2,57,26,0
27370,"[10748, 0]",1,0,0,0
27371,"[10748, 1]",3,0,0,0
27372,"[10748, 2]",2,0,0,0
27373,"[10748, 3]",35,0,0,0
27374,"[10748, 4]",31,156,64,0
27375,"[10748, 5]",69,0,0,0
27376,"[10748, 6]",68,0,0,0
27377,"[10748, 7]",139,0,0,0
27378,"[10748, 8]",136,55,26,2
27379,"[10748, 9]",157,158,64,0
27380,"[10748, 10]",156,57,26,0
27381,"[10749, 0]",1,156,64,0
27382,"[10750, 0]",1,158,64,0
27383,"[10751, 0]",1,158,64,1
27384,"[10752, 0]",1,158,64,0
27385,"[10753, 0]",1,156,64,0
27386,"[10754, 0]",1,0,0,0
27387,"[10754, 1]",2,158,64,0
27388,"[10755, 0]",1,0,0,0
27389,"[10755, 1]",9,2,1,-1
27390,"[10755, 2]",8,2,1,-1
27391,"[10755, 3]",6,158,64,-1
27392,"[10755, 4]",4,0,0,-1
27393,"[10755, 5]",2,0,0,-1
27394,"[10755, 6]",38,0,0,-1
27395,"[10755, 7]",30,158,64,-1
27396,"[10756, 0]",1,158,64,0
27397,"[10757, 0]",1,0,0,0
27398,"[10757, 1]",10,158,64,0
27399,"[10757, 2]",9,57,26,0
27400,"[10757, 3]",8,158,64,0
27401,"[10757, 4]",6,158,64,0
27402,"[10757, 5]",88,57,26,0
27403,"[10757, 6]",86,0,0,0
27404,"[10757, 7]",85,0,0,0
27405,"[10757, 8]",74,0,0,0
27406,"[10757, 9]",72,0,0,0
27407,"[10757, 10]",71,0,0,0
27408,"[10757, 11]",70,0,0,0
27409,"[10757, 12]",206,158,64,0
27410,"[10757, 13]",205,158,64,0
27411,"[10757, 14]",201,158,64,0
27412,"[10757, 15]",200,57,26,0
27413,"[10757, 16]",188,0,0,0
27414,"[10757, 17]",140,156,64,0
27415,"[10757, 18]",139,158,64,0
27416,"[10757, 19]",132,158,64,1
27417,"[10757, 20]",127,158,64,-1
27418,"[10757, 21]",559,41,18,0
27419,"[10758, 0]",1,0,0,0
27420,"[10758, 1]",2,158,64,0
27421,"[10759, 0]",1,158,64,0
27422,"[10760, 0]",1,158,64,0
27423,"[10761, 0]",1,0,0,0
27424,"[10761, 1]",2,156,64,14
27425,"[10762, 0]",1,0,0,0
27426,"[10762, 1]",2,158,64,0
27427,"[10763, 0]",1,158,64,0
27428,"[10764, 0]",1,0,0,0
27429,"[10764, 1]",2,41,18,0
27430,"[10765, 0]",1,0,0,0
27431,"[10765, 1]",3,0,0,0
27432,"[10765, 2]",28,0,0,0
27433,"[10765, 3]",27,0,0,0
27434,"[10765, 4]",26,0,0,0
27435,"[10765, 5]",57,0,0,0
27436,"[10765, 6]",56,0,0,0
27437,"[10765, 7]",53,156,64,0
27438,"[10765, 8]",50,158,64,0
27439,"[10765, 9]",95,158,64,2
27440,"[10765, 10]",92,158,64,0
27441,"[10766, 0]",1,0,0,0
27442,"[10766, 1]",3,158,64,0
27443,"[10766, 2]",2,57,26,0
27444,"[10767, 0]",1,0,0,0
27445,"[10767, 1]",3,158,64,0
27446,"[10767, 2]",2,2,1,0
27447,"[10768, 0]",1,2,1,0
27448,"[10769, 0]",1,158,64,1
27449,"[10770, 0]",1,0,0,0
27450,"[10770, 1]",2,57,26,0
27451,"[10771, 0]",1,0,0,0
27452,"[10771, 1]",2,0,0,0
27453,"[10771, 2]",12,158,64,0
27454,"[10772, 0]",1,0,0,0
27455,"[10772, 1]",2,0,0,0
27456,"[10772, 2]",31,0,0,0
27457,"[10772, 3]",62,57,26,5
27458,"[10773, 0]",1,0,0,0
27459,"[10774, 0]",1,158,64,0
27460,"[10775, 0]",1,2,1,0
27461,"[10776, 0]",1,0,0,1
27462,"[10776, 1]",2,158,64,0
27463,"[10777, 0]",1,0,0,0
27464,"[10777, 1]",2,156,64,0
27465,"[10778, 0]",1,41,18,0
27466,"[10779, 0]",1,41,18,0
27467,"[10780, 0]",1,0,0,0
27468,"[10780, 1]",2,0,0,0
27469,"[10780, 2]",31,2,1,0
27470,"[10781, 0]",1,0,0,0
27471,"[10781, 1]",2,0,0,0
27472,"[10781, 2]",14,0,0,0
27473,"[10781, 3]",26,57,26,0
27474,"[10782, 0]",1,158,64,0
27475,"[10783, 0]",1,54,24,1
27476,"[10784, 0]",1,0,0,0
27477,"[10784, 1]",4,0,0,0
27478,"[10784, 2]",3,0,0,0
27479,"[10784, 3]",2,0,0,0
27480,"[10784, 4]",24,2,1,3
27481,"[10784, 5]",21,156,64,0
27482,"[10784, 6]",18,54,24,0
27483,"[10785, 0]",1,0,0,0
27484,"[10785, 1]",2,53,24,0
27485,"[10786, 0]",1,0,0,0
27486,"[10786, 1]",2,0,0,0
27487,"[10786, 2]",14,41,18,0
27488,"[10787, 0]",1,0,0,0
27489,"[10787, 1]",5,158,64,0
27490,"[10787, 2]",4,41,18,0
27491,"[10787, 3]",2,0,0,0
27492,"[10787, 4]",35,0,0,0
27493,"[10787, 5]",50,0,0,0
27494,"[10787, 6]",179,55,26,0
27495,"[10788, 0]",1,0,0,0
27496,"[10788, 1]",2,0,0,0
27497,"[10788, 2]",26,158,64,0
27498,"[10789, 0]",1,0,0,0
27499,"[10789, 1]",2,41,18,0
27500,"[10790, 0]",1,158,64,0
27501,"[10791, 0]",1,0,0,0
27502,"[10791, 1]",2,41,18,0
27503,"[10792, 0]",1,41,18,0
27504,"[10793, 0]",1,57,26,0
27505,"[10794, 0]",1,41,18,0
27506,"[10795, 0]",1,57,26,0
27507,"[10796, 0]",1,158,64,0
27508,"[10797, 0]",1,0,0,0
27509,"[10797, 1]",2,0,0,0
27510,"[10797, 2]",28,41,18,0
27511,"[10798, 0]",1,158,64,0
27512,"[10799, 0]",1,158,64,0
27513,"[10800, 0]",1,57,26,0
27514,"[10801, 0]",1,41,18,0
27515,"[10802, 0]",1,158,64,0
27516,"[10803, 0]",1,0,0,0
27517,"[10803, 1]",2,158,64,4
27518,"[10804, 0]",1,0,0,0
27519,"[10804, 1]",2,41,18,0
27520,"[10805, 0]",1,0,0,0
27521,"[10805, 1]",4,41,18,0
27522,"[10805, 2]",2,0,0,0
27523,"[10805, 3]",63,0,0,0
27524,"[10805, 4]",77,156,64,0
27525,"[10806, 0]",1,0,0,0
27526,"[10806, 1]",2,158,64,0
27527,"[10807, 0]",1,41,18,0
27528,"[10808, 0]",1,156,64,1
27529,"[10809, 0]",1,158,64,0
27530,"[10810, 0]",1,0,0,0
27531,"[10810, 1]",2,158,64,0
27532,"[10811, 0]",1,0,0,0
27533,"[10811, 1]",2,158,64,0
27534,"[10812, 0]",1,0,0,0
27535,"[10812, 1]",2,41,18,0
27536,"[10813, 0]",1,156,64,0
27537,"[10814, 0]",1,41,18,0
27538,"[10815, 0]",1,41,18,0
27539,"[10816, 0]",1,0,0,0
27540,"[10816, 1]",2,0,0,0
27541,"[10816, 2]",30,156,64,0
27542,"[10816, 3]",29,156,64,0
27543,"[10816, 4]",27,0,0,0
27544,"[10816, 5]",55,0,0,0
27545,"[10816, 6]",54,0,0,0
27546,"[10816, 7]",103,158,64,0
27547,"[10816, 8]",100,57,26,0
27548,"[10817, 0]",1,0,0,0
27549,"[10817, 1]",2,0,0,0
27550,"[10817, 2]",16,158,64,-1
27551,"[10818, 0]",1,0,0,0
27552,"[10818, 1]",2,0,0,0
27553,"[10818, 2]",77,158,64,6
27554,"[10819, 0]",1,0,0,0
27555,"[10819, 1]",2,158,64,4
27556,"[10820, 0]",1,0,0,0
27557,"[10820, 1]",2,158,64,1
27558,"[10821, 0]",1,156,64,0
27559,"[10822, 0]",1,156,64,0
27560,"[10823, 0]",1,158,64,0
27561,"[10824, 0]",1,0,0,0
27562,"[10824, 1]",2,0,0,0
27563,"[10824, 2]",18,158,64,0
27564,"[10824, 3]",17,57,26,0
27565,"[10824, 4]",16,0,0,0
27566,"[10824, 5]",15,0,0,0
27567,"[10824, 6]",39,158,64,0
27568,"[10824, 7]",32,158,64,0
27569,"[10825, 0]",1,57,26,0
27570,"[10826, 0]",1,158,64,0
27571,"[10827, 0]",1,0,0,0
27572,"[10827, 1]",4,156,64,-1
27573,"[10827, 2]",2,0,0,-1
27574,"[10827, 3]",35,2,1,-1
27575,"[10828, 0]",1,57,26,0
27576,"[10829, 0]",1,158,64,0
27577,"[10830, 0]",1,158,64,0
27578,"[10831, 0]",1,0,0,0
27579,"[10831, 1]",2,0,0,0
27580,"[10831, 2]",13,158,64,0
27581,"[10832, 0]",1,158,64,1
27582,"[10833, 0]",1,158,64,0
27583,"[10834, 0]",1,0,0,0
27584,"[10834, 1]",2,41,18,0
27585,"[10835, 0]",1,158,64,0
27586,"[10836, 0]",1,0,0,0
27587,"[10836, 1]",2,41,18,0
27588,"[10837, 0]",1,0,0,0
27589,"[10837, 1]",2,0,0,0
27590,"[10837, 2]",33,0,0,0
27591,"[10837, 3]",44,57,26,-1
27592,"[10838, 0]",1,158,64,0
27593,"[10839, 0]",1,156,64,0
27594,"[10840, 0]",1,57,26,0
27595,"[10841, 0]",1,2,1,0
27596,"[10842, 0]",1,0,0,0
27597,"[10842, 1]",14,51,24,0
27598,"[10842, 2]",13,0,0,0
27599,"[10842, 3]",11,0,0,0
27600,"[10842, 4]",10,0,0,0
27601,"[10842, 5]",9,0,0,0
27602,"[10842, 6]",8,0,0,0
27603,"[10842, 7]",5,0,0,0
27604,"[10842, 8]",85,0,0,0
27605,"[10842, 9]",84,0,0,0
27606,"[10842, 10]",76,57,26,0
27607,"[10842, 11]",68,0,0,0
27608,"[10842, 12]",60,2,1,0
27609,"[10842, 13]",53,158,64,0
27610,"[10842, 14]",45,158,64,0
27611,"[10842, 15]",279,158,64,0
27612,"[10842, 16]",157,0,0,0
27613,"[10842, 17]",154,158,64,0
27614,"[10842, 18]",654,158,64,0
27615,"[10843, 0]",1,156,64,0
27616,"[10844, 0]",1,158,64,0
27617,"[10845, 0]",1,158,64,0
27618,"[10846, 0]",1,0,0,0
27619,"[10846, 1]",2,0,0,0
27620,"[10846, 2]",34,158,64,5
27621,"[10847, 0]",1,0,0,0
27622,"[10847, 1]",2,2,1,0
27623,"[10848, 0]",1,41,18,0
27624,"[10849, 0]",1,0,0,0
27625,"[10849, 1]",2,156,64,-1
27626,"[10850, 0]",1,0,0,0
27627,"[10850, 1]",5,0,0,0
27628,"[10850, 2]",4,0,0,0
27629,"[10850, 3]",2,0,0,0
27630,"[10850, 4]",40,158,64,0
27631,"[10850, 5]",39,0,0,0
27632,"[10850, 6]",23,158,64,0
27633,"[10850, 7]",19,158,64,0
27634,"[10850, 8]",65,158,64,1
27635,"[10851, 0]",1,0,0,0
27636,"[10851, 1]",6,2,1,-1
27637,"[10851, 2]",4,158,64,-1
27638,"[10851, 3]",2,158,64,-1
27639,"[10852, 0]",1,57,26,0
27640,"[10853, 0]",1,0,0,0
27641,"[10853, 1]",2,59,28,0
27642,"[10854, 0]",1,158,64,0
27643,"[10855, 0]",1,0,0,0
27644,"[10855, 1]",2,0,0,0
27645,"[10855, 2]",15,41,18,28
27646,"[10856, 0]",1,158,64,0
27647,"[10857, 0]",1,158,64,0
27648,"[10858, 0]",1,0,0,0
27649,"[10858, 1]",2,41,18,0
27650,"[10859, 0]",1,0,0,0
27651,"[10859, 1]",2,57,26,0
27652,"[10860, 0]",1,0,0,0
27653,"[10860, 1]",2,0,0,0
27654,"[10860, 2]",23,158,64,7
27655,"[10861, 0]",1,41,18,0
27656,"[10862, 0]",1,156,64,0
27657,"[10863, 0]",1,0,0,0
27658,"[10863, 1]",2,158,64,0
27659,"[10864, 0]",1,158,64,0
27660,"[10865, 0]",1,158,64,0
27661,"[10866, 0]",1,0,0,0
27662,"[10866, 1]",2,156,64,0
27663,"[10867, 0]",1,0,0,0
27664,"[10867, 1]",2,156,64,0
27665,"[10868, 0]",1,158,64,0
27666,"[10869, 0]",1,158,64,0
27667,"[10870, 0]",1,0,0,0
27668,"[10870, 1]",9,51,24,1
27669,"[10870, 2]",8,0,0,-1
27670,"[10870, 3]",7,0,0,-1
27671,"[10870, 4]",6,0,0,-1
27672,"[10870, 5]",4,0,0,1
27673,"[10870, 6]",3,0,0,2
27674,"[10870, 7]",69,0,0,0
27675,"[10870, 8]",64,158,64,0
27676,"[10870, 9]",61,0,0,-1
27677,"[10870, 10]",57,0,0,-1
27678,"[10870, 11]",54,158,64,5
27679,"[10870, 12]",160,158,64,-1
27680,"[10870, 13]",137,63,28,-1
27681,"[10870, 14]",93,0,0,1
27682,"[10870, 15]",446,0,0,0
27683,"[10870, 16]",459,41,18,77
27684,"[10871, 0]",1,0,0,0
27685,"[10871, 1]",5,0,0,0
27686,"[10871, 2]",4,0,0,0
27687,"[10871, 3]",3,0,0,0
27688,"[10871, 4]",2,0,0,0
27689,"[10871, 5]",46,158,64,0
27690,"[10871, 6]",43,0,0,0
27691,"[10871, 7]",40,57,26,0
27692,"[10871, 8]",37,156,64,6
27693,"[10871, 9]",68,156,64,0
27694,"[10872, 0]",1,158,64,0
27695,"[10873, 0]",1,158,64,0
27696,"[10874, 0]",1,41,18,0
27697,"[10875, 0]",1,41,18,0
27698,"[10876, 0]",1,41,18,0
27699,"[10877, 0]",1,41,18,0
27700,"[10878, 0]",1,158,64,0
27701,"[10879, 0]",1,0,0,0
27702,"[10879, 1]",2,0,0,0
27703,"[10879, 2]",78,158,64,0
27704,"[10880, 0]",1,0,0,0
27705,"[10880, 1]",2,0,0,0
27706,"[10880, 2]",21,41,18,0
27707,"[10881, 0]",1,158,64,0
27708,"[10882, 0]",1,41,18,0
27709,"[10883, 0]",1,0,0,0
27710,"[10883, 1]",2,0,0,0
27711,"[10883, 2]",16,158,64,0
27712,"[10884, 0]",1,54,24,0
27713,"[10885, 0]",1,158,64,0
27714,"[10886, 0]",1,158,64,0
27715,"[10887, 0]",1,0,0,0
27716,"[10887, 1]",3,156,64,0
27717,"[10887, 2]",2,158,64,0
27718,"[10888, 0]",1,158,64,0
27719,"[10889, 0]",1,0,0,0
27720,"[10889, 1]",5,57,26,0
27721,"[10889, 2]",4,54,24,0
27722,"[10889, 3]",3,158,64,0
27723,"[10890, 0]",1,41,18,0
27724,"[10891, 0]",1,0,0,0
27725,"[10891, 1]",2,158,64,0
27726,"[10892, 0]",1,41,18,0
27727,"[10893, 0]",1,57,26,0
27728,"[10894, 0]",1,41,18,0
27729,"[10895, 0]",1,158,64,0
27730,"[10896, 0]",1,156,64,0
27731,"[10897, 0]",1,59,28,0
27732,"[10898, 0]",1,0,0,0
27733,"[10898, 1]",2,156,64,0
27734,"[10899, 0]",1,158,64,0
27735,"[10900, 0]",1,0,0,0
27736,"[10900, 1]",2,158,64,0
27737,"[10901, 0]",1,41,18,0
27738,"[10902, 0]",1,0,0,1
27739,"[10902, 1]",2,57,26,0
27740,"[10903, 0]",1,41,18,0
27741,"[10904, 0]",1,158,64,0
27742,"[10905, 0]",1,57,26,0
27743,"[10906, 0]",1,0,0,0
27744,"[10906, 1]",2,0,0,0
27745,"[10906, 2]",24,0,0,0
27746,"[10906, 3]",66,41,18,0
27747,"[10907, 0]",1,0,0,0
27748,"[10907, 1]",2,0,0,0
27749,"[10907, 2]",32,0,0,0
27750,"[10907, 3]",85,158,64,0
27751,"[10908, 0]",1,0,0,0
27752,"[10908, 1]",7,156,64,0
27753,"[10908, 2]",6,0,0,0
27754,"[10908, 3]",2,0,0,0
27755,"[10908, 4]",59,156,64,0
27756,"[10908, 5]",58,158,64,0
27757,"[10908, 6]",57,0,0,0
27758,"[10908, 7]",24,158,64,0
27759,"[10908, 8]",83,0,0,0
27760,"[10908, 9]",194,158,64,0
27761,"[10909, 0]",1,0,0,0
27762,"[10909, 1]",2,156,64,0
27763,"[10910, 0]",1,0,0,0
27764,"[10910, 1]",4,41,18,0
27765,"[10910, 2]",2,0,0,0
27766,"[10910, 3]",34,0,0,0
27767,"[10910, 4]",33,41,18,0
27768,"[10910, 5]",39,2,1,-1
27769,"[10911, 0]",1,0,0,0
27770,"[10911, 1]",2,158,64,0
27771,"[10912, 0]",1,0,0,0
27772,"[10912, 1]",2,59,28,0
27773,"[10913, 0]",1,41,18,0
27774,"[10914, 0]",1,57,26,0
27775,"[10915, 0]",1,0,0,0
27776,"[10915, 1]",3,59,28,0
27777,"[10915, 2]",2,0,0,0
27778,"[10915, 3]",13,0,0,0
27779,"[10915, 4]",83,158,64,0
27780,"[10916, 0]",1,41,18,1
27781,"[10917, 0]",1,0,0,0
27782,"[10917, 1]",2,0,0,0
27783,"[10917, 2]",11,41,18,0
27784,"[10918, 0]",1,158,64,0
27785,"[10919, 0]",1,156,64,0
27786,"[10920, 0]",1,0,0,0
27787,"[10920, 1]",3,0,0,0
27788,"[10920, 2]",2,158,64,0
27789,"[10920, 3]",26,2,1,0
27790,"[10921, 0]",1,57,26,0
27791,"[10922, 0]",1,57,26,0
27792,"[10923, 0]",1,41,18,0
27793,"[10924, 0]",1,0,0,1
27794,"[10924, 1]",2,158,64,0
27795,"[10925, 0]",1,41,18,0
27796,"[10926, 0]",1,158,64,0
27797,"[10927, 0]",1,0,0,0
27798,"[10927, 1]",4,0,0,0
27799,"[10927, 2]",2,0,0,0
27800,"[10927, 3]",36,0,0,0
27801,"[10927, 4]",21,156,64,0
27802,"[10927, 5]",56,0,0,0
27803,"[10927, 6]",206,41,18,0
27804,"[10927, 7]",205,0,0,0
27805,"[10927, 8]",264,156,64,0
27806,"[10928, 0]",1,0,0,0
27807,"[10928, 1]",2,41,18,0
27808,"[10929, 0]",1,41,18,0
27809,"[10930, 0]",1,41,18,0
27810,"[10931, 0]",1,41,18,0
27811,"[10932, 0]",1,0,0,0
27812,"[10932, 1]",2,158,64,0
27813,"[10933, 0]",1,158,64,0
27814,"[10934, 0]",1,0,0,1
27815,"[10934, 1]",3,0,0,0
27816,"[10934, 2]",2,158,64,0
27817,"[10934, 3]",8,156,64,0
27818,"[10935, 0]",1,156,64,0
27819,"[10936, 0]",1,0,0,0
27820,"[10936, 1]",2,158,64,-1
27821,"[10937, 0]",1,0,0,0
27822,"[10937, 1]",2,0,0,0
27823,"[10937, 2]",11,158,64,0
27824,"[10938, 0]",1,156,64,1
27825,"[10939, 0]",1,158,64,0
27826,"[10940, 0]",1,0,0,0
27827,"[10940, 1]",2,59,28,0
27828,"[10941, 0]",1,158,64,0
27829,"[10942, 0]",1,0,0,0
27830,"[10942, 1]",3,0,0,0
27831,"[10942, 2]",2,0,0,0
27832,"[10942, 3]",40,0,0,-1
27833,"[10942, 4]",37,0,0,-1
27834,"[10942, 5]",35,0,0,3
27835,"[10942, 6]",33,0,0,3
27836,"[10942, 7]",32,0,0,-1
27837,"[10942, 8]",30,158,64,-1
27838,"[10942, 9]",28,158,64,-1
27839,"[10942, 10]",26,0,0,-1
27840,"[10942, 11]",108,156,64,-1
27841,"[10942, 12]",78,0,0,0
27842,"[10942, 13]",70,158,64,0
27843,"[10942, 14]",66,0,0,6
27844,"[10942, 15]",62,0,0,-1
27845,"[10942, 16]",372,51,24,-1
27846,"[10942, 17]",357,57,26,2
27847,"[10942, 18]",263,0,0,0
27848,"[10942, 19]",545,41,18,0
27849,"[10943, 0]",1,0,0,0
27850,"[10943, 1]",2,0,0,0
27851,"[10943, 2]",35,158,64,0
27852,"[10944, 0]",1,158,64,0
27853,"[10945, 0]",1,41,18,0
27854,"[10946, 0]",1,0,0,0
27855,"[10946, 1]",2,41,18,0
27856,"[10947, 0]",1,0,0,0
27857,"[10947, 1]",2,0,0,0
27858,"[10947, 2]",83,158,64,0
27859,"[10948, 0]",1,156,64,0
27860,"[10949, 0]",1,0,0,0
27861,"[10949, 1]",2,0,0,0
27862,"[10949, 2]",40,0,0,0
27863,"[10949, 3]",39,2,1,0
27864,"[10949, 4]",45,158,64,0
27865,"[10950, 0]",1,158,64,0
27866,"[10951, 0]",1,0,0,0
27867,"[10951, 1]",2,53,24,0
27868,"[10952, 0]",1,0,0,0
27869,"[10952, 1]",2,158,64,0
27870,"[10953, 0]",1,0,0,0
27871,"[10953, 1]",12,0,0,0
27872,"[10953, 2]",11,0,0,0
27873,"[10953, 3]",10,0,0,0
27874,"[10953, 4]",8,0,0,0
27875,"[10953, 5]",7,0,0,0
27876,"[10953, 6]",79,54,24,0
27877,"[10953, 7]",78,0,0,0
27878,"[10953, 8]",72,158,64,0
27879,"[10953, 9]",71,158,64,0
27880,"[10953, 10]",69,0,0,0
27881,"[10953, 11]",66,0,0,0
27882,"[10953, 12]",65,0,0,0
27883,"[10953, 13]",61,0,0,0
27884,"[10953, 14]",60,0,0,0
27885,"[10953, 15]",59,0,0,0
27886,"[10953, 16]",53,0,0,0
27887,"[10953, 17]",48,0,0,0
27888,"[10953, 18]",42,55,26,0
27889,"[10953, 19]",35,0,0,0
27890,"[10953, 20]",31,158,64,0
27891,"[10953, 21]",27,57,26,0
27892,"[10953, 22]",276,156,64,0
27893,"[10953, 23]",206,158,64,0
27894,"[10953, 24]",191,156,64,0
27895,"[10953, 25]",190,158,64,0
27896,"[10953, 26]",189,0,0,0
27897,"[10953, 27]",185,0,0,0
27898,"[10953, 28]",184,0,0,0
27899,"[10953, 29]",183,0,0,0
27900,"[10953, 30]",182,0,0,0
27901,"[10953, 31]",176,0,0,0
27902,"[10953, 32]",139,158,64,0
27903,"[10953, 33]",137,0,0,0
27904,"[10953, 34]",134,0,0,0
27905,"[10953, 35]",132,156,64,0
27906,"[10953, 36]",131,41,18,0
27907,"[10953, 37]",130,158,64,0
27908,"[10953, 38]",128,0,0,0
27909,"[10953, 39]",119,0,0,0
27910,"[10953, 40]",116,0,0,0
27911,"[10953, 41]",110,158,64,0
27912,"[10953, 42]",102,158,64,-1
27913,"[10953, 43]",96,0,0,-1
27914,"[10953, 44]",84,41,18,0
27915,"[10953, 45]",708,0,0,0
27916,"[10953, 46]",694,57,26,0
27917,"[10953, 47]",620,2,1,0
27918,"[10953, 48]",589,41,18,0
27919,"[10953, 49]",571,156,64,0
27920,"[10953, 50]",570,0,0,0
27921,"[10953, 51]",569,0,0,0
27922,"[10953, 52]",568,0,0,0
27923,"[10953, 53]",534,0,0,0
27924,"[10953, 54]",502,57,26,0
27925,"[10953, 55]",500,0,0,0
27926,"[10953, 56]",497,41,18,0
27927,"[10953, 57]",495,41,18,0
27928,"[10953, 58]",493,0,0,0
27929,"[10953, 59]",489,0,0,0
27930,"[10953, 60]",488,0,0,0
27931,"[10953, 61]",479,0,0,0
27932,"[10953, 62]",464,0,0,0
27933,"[10953, 63]",1477,41,18,0
27934,"[10953, 64]",1462,41,18,0
27935,"[10953, 65]",1385,156,64,0
27936,"[10953, 66]",1382,57,26,0
27937,"[10953, 67]",1349,0,0,0
27938,"[10953, 68]",1318,57,26,0
27939,"[10953, 69]",1316,0,0,0
27940,"[10953, 70]",1314,0,0,0
27941,"[10953, 71]",1274,158,64,0
27942,"[10953, 72]",1272,0,0,0
27943,"[10953, 73]",1271,0,0,0
27944,"[10953, 74]",1235,158,64,1
27945,"[10953, 75]",1234,158,64,-1
27946,"[10953, 76]",1229,0,0,1
27947,"[10953, 77]",1225,158,64,0
27948,"[10953, 78]",983,57,26,0
27949,"[10953, 79]",2259,41,18,0
27950,"[10953, 80]",2183,0,0,0
27951,"[10953, 81]",2180,0,0,0
27952,"[10953, 82]",2132,0,0,0
27953,"[10953, 83]",2111,158,64,0
27954,"[10953, 84]",2007,37,18,0
27955,"[10953, 85]",2868,158,64,0
27956,"[10953, 86]",2826,41,18,0
27957,"[10953, 87]",2812,158,64,0
27958,"[10954, 0]",1,0,0,0
27959,"[10954, 1]",2,0,0,0
27960,"[10954, 2]",71,156,64,0
27961,"[10955, 0]",1,0,0,0
27962,"[10955, 1]",4,2,1,0
27963,"[10955, 2]",2,0,0,0
27964,"[10955, 3]",23,158,64,0
27965,"[10955, 4]",22,54,24,0
27966,"[10956, 0]",1,0,0,0
27967,"[10956, 1]",2,0,0,0
27968,"[10956, 2]",11,41,18,0
27969,"[10957, 0]",1,158,64,0
27970,"[10958, 0]",1,0,0,0
27971,"[10958, 1]",2,59,28,0
27972,"[10959, 0]",1,0,0,0
27973,"[10959, 1]",4,156,64,0
27974,"[10959, 2]",3,158,64,0
27975,"[10959, 3]",2,0,0,0
27976,"[10959, 4]",18,158,64,0
27977,"[10959, 5]",17,158,64,0
27978,"[10959, 6]",16,0,0,0
27979,"[10959, 7]",15,0,0,0
27980,"[10959, 8]",14,0,0,0
27981,"[10959, 9]",54,0,0,-1
27982,"[10959, 10]",50,0,0,0
27983,"[10959, 11]",45,41,18,0
27984,"[10959, 12]",219,57,26,0
27985,"[10959, 13]",185,0,0,-1
27986,"[10959, 14]",421,158,64,3
27987,"[10960, 0]",1,41,18,0
27988,"[10961, 0]",1,2,1,0
27989,"[10962, 0]",1,0,0,0
27990,"[10962, 1]",2,57,26,0
27991,"[10963, 0]",1,0,0,0
27992,"[10963, 1]",5,57,26,0
27993,"[10963, 2]",3,0,0,0
27994,"[10963, 3]",2,0,0,0
27995,"[10963, 4]",19,55,26,0
27996,"[10963, 5]",16,41,18,0
27997,"[10964, 0]",1,0,0,0
27998,"[10964, 1]",5,57,26,0
27999,"[10964, 2]",4,0,0,0
28000,"[10964, 3]",3,0,0,0
28001,"[10964, 4]",25,158,64,13
28002,"[10964, 5]",22,158,64,0
28003,"[10965, 0]",1,57,26,0
28004,"[10966, 0]",1,0,0,0
28005,"[10966, 1]",2,57,26,0
28006,"[10967, 0]",1,158,64,0
28007,"[10968, 0]",1,0,0,0
28008,"[10968, 1]",2,41,18,0
28009,"[10969, 0]",1,0,0,0
28010,"[10969, 1]",6,0,0,0
28011,"[10969, 2]",5,0,0,0
28012,"[10969, 3]",2,0,0,0
28013,"[10969, 4]",30,0,0,0
28014,"[10969, 5]",24,55,26,0
28015,"[10969, 6]",20,2,1,0
28016,"[10969, 7]",47,158,64,0
28017,"[10970, 0]",1,0,0,0
28018,"[10970, 1]",2,0,0,0
28019,"[10970, 2]",19,158,64,0
28020,"[10971, 0]",1,0,0,0
28021,"[10971, 1]",2,57,26,0
28022,"[10972, 0]",1,41,18,0
28023,"[10973, 0]",1,158,64,1
28024,"[10974, 0]",1,0,0,0
28025,"[10974, 1]",2,2,1,0
28026,"[10975, 0]",1,0,0,0
28027,"[10975, 1]",10,41,18,0
28028,"[10975, 2]",9,0,0,0
28029,"[10975, 3]",8,0,0,0
28030,"[10975, 4]",3,0,0,0
28031,"[10975, 5]",2,0,0,0
28032,"[10975, 6]",67,0,0,0
28033,"[10975, 7]",66,0,0,0
28034,"[10975, 8]",65,0,0,0
28035,"[10975, 9]",61,2,1,0
28036,"[10975, 10]",60,37,18,0
28037,"[10975, 11]",56,0,0,0
28038,"[10975, 12]",55,0,0,0
28039,"[10975, 13]",24,41,18,0
28040,"[10975, 14]",20,57,26,0
28041,"[10975, 15]",180,41,18,0
28042,"[10975, 16]",179,41,18,0
28043,"[10975, 17]",173,51,24,0
28044,"[10975, 18]",118,0,0,0
28045,"[10975, 19]",111,158,64,0
28046,"[10975, 20]",103,41,18,0
28047,"[10975, 21]",450,158,64,0
28048,"[10976, 0]",1,0,0,0
28049,"[10976, 1]",2,0,0,0
28050,"[10976, 2]",16,41,18,0
28051,"[10977, 0]",1,0,0,0
28052,"[10977, 1]",3,158,64,-1
28053,"[10977, 2]",2,158,64,-1
28054,"[10978, 0]",1,156,64,0
28055,"[10979, 0]",1,0,0,0
28056,"[10979, 1]",4,158,64,5
28057,"[10979, 2]",2,0,0,-1
28058,"[10979, 3]",62,158,64,-1
28059,"[10980, 0]",1,0,0,0
28060,"[10980, 1]",2,57,26,29
28061,"[10981, 0]",1,0,0,0
28062,"[10981, 1]",9,158,64,-1
28063,"[10981, 2]",5,0,0,-1
28064,"[10981, 3]",3,158,64,-1
28065,"[10981, 4]",85,158,64,-1
28066,"[10982, 0]",1,57,26,0
28067,"[10983, 0]",1,0,0,0
28068,"[10983, 1]",2,64,29,0
28069,"[10984, 0]",1,158,64,0
28070,"[10985, 0]",1,0,0,0
28071,"[10985, 1]",4,0,0,0
28072,"[10985, 2]",3,0,0,0
28073,"[10985, 3]",2,0,0,0
28074,"[10985, 4]",38,158,64,0
28075,"[10985, 5]",37,0,0,0
28076,"[10985, 6]",34,158,64,0
28077,"[10985, 7]",32,0,0,0
28078,"[10985, 8]",31,0,0,0
28079,"[10985, 9]",27,59,28,0
28080,"[10985, 10]",86,158,64,0
28081,"[10985, 11]",85,158,64,0
28082,"[10985, 12]",78,156,64,0
28083,"[10985, 13]",47,158,64,0
28084,"[10985, 14]",46,0,0,0
28085,"[10985, 15]",289,0,0,0
28086,"[10985, 16]",329,156,64,0
28087,"[10986, 0]",1,41,18,0
28088,"[10987, 0]",1,0,0,0
28089,"[10987, 1]",2,156,64,0
28090,"[10988, 0]",1,57,26,0
28091,"[10989, 0]",1,2,1,0
28092,"[10990, 0]",1,0,0,0
28093,"[10990, 1]",2,0,0,0
28094,"[10990, 2]",25,158,64,0
28095,"[10991, 0]",1,0,0,0
28096,"[10991, 1]",4,156,64,0
28097,"[10992, 0]",1,0,0,0
28098,"[10992, 1]",3,41,18,0
28099,"[10992, 2]",2,158,64,0
28100,"[10993, 0]",1,0,0,0
28101,"[10993, 1]",2,41,18,0
28102,"[10994, 0]",1,0,0,0
28103,"[10994, 1]",2,158,64,8
28104,"[10995, 0]",1,0,0,0
28105,"[10995, 1]",2,158,64,0
28106,"[10996, 0]",1,0,0,0
28107,"[10996, 1]",7,0,0,0
28108,"[10996, 2]",5,158,64,0
28109,"[10996, 3]",4,0,0,0
28110,"[10996, 4]",3,0,0,0
28111,"[10996, 5]",58,0,0,0
28112,"[10996, 6]",54,158,64,0
28113,"[10996, 7]",33,158,64,0
28114,"[10996, 8]",88,41,18,0
28115,"[10997, 0]",1,41,18,0
28116,"[10998, 0]",1,0,0,0
28117,"[10998, 1]",2,41,18,0
28118,"[10999, 0]",1,41,18,1
28119,"[11000, 0]",1,156,64,0
28120,"[11001, 0]",1,55,26,0
28121,"[11002, 0]",1,2,1,0
28122,"[11003, 0]",1,0,0,0
28123,"[11003, 1]",2,57,26,0
28124,"[11004, 0]",1,41,18,0
28125,"[11005, 0]",1,41,18,0
28126,"[11006, 0]",1,0,0,0
28127,"[11006, 1]",6,158,64,1
28128,"[11006, 2]",4,158,64,-1
28129,"[11006, 3]",3,0,0,3
28130,"[11006, 4]",2,0,0,-1
28131,"[11006, 5]",44,158,64,-1
28132,"[11006, 6]",42,0,0,-1
28133,"[11006, 7]",41,156,64,-1
28134,"[11006, 8]",31,2,1,0
28135,"[11006, 9]",78,156,64,-1
28136,"[11006, 10]",76,158,64,-1
28137,"[11006, 11]",61,158,64,-1
28138,"[11007, 0]",1,158,64,0
28139,"[11008, 0]",1,0,0,0
28140,"[11008, 1]",2,0,0,0
28141,"[11008, 2]",34,0,0,0
28142,"[11008, 3]",31,0,0,0
28143,"[11008, 4]",30,0,0,0
28144,"[11008, 5]",66,0,0,0
28145,"[11008, 6]",59,57,26,0
28146,"[11008, 7]",37,2,1,0
28147,"[11008, 8]",134,158,64,0
28148,"[11009, 0]",1,0,0,0
28149,"[11009, 1]",2,156,64,0
28150,"[11010, 0]",1,41,18,0
28151,"[11011, 0]",1,0,0,0
28152,"[11011, 1]",2,57,26,0
28153,"[11012, 0]",1,0,0,0
28154,"[11012, 1]",2,41,18,0
28155,"[11013, 0]",1,0,0,0
28156,"[11013, 1]",2,41,18,0
28157,"[11014, 0]",1,41,18,0
28158,"[11015, 0]",1,0,0,1
28159,"[11015, 1]",2,41,18,0
28160,"[11016, 0]",1,0,0,0
28161,"[11016, 1]",4,2,1,-1
28162,"[11016, 2]",3,0,0,-1
28163,"[11016, 3]",2,0,0,-1
28164,"[11016, 4]",42,0,0,-1
28165,"[11016, 5]",38,2,1,-1
28166,"[11016, 6]",35,156,64,-1
28167,"[11016, 7]",34,2,1,-1
28168,"[11016, 8]",80,158,64,-1
28169,"[11017, 0]",1,0,0,0
28170,"[11017, 1]",2,158,64,0
28171,"[11018, 0]",1,158,64,0
28172,"[11019, 0]",1,158,64,0
28173,"[11020, 0]",1,41,18,0
28174,"[11021, 0]",1,41,18,0
28175,"[11022, 0]",1,0,0,0
28176,"[11022, 1]",2,0,0,0
28177,"[11022, 2]",75,2,1,0
28178,"[11023, 0]",1,57,26,0
28179,"[11024, 0]",1,0,0,0
28180,"[11024, 1]",3,0,0,0
28181,"[11024, 2]",2,0,0,0
28182,"[11024, 3]",51,158,64,0
28183,"[11024, 4]",46,158,64,0
28184,"[11025, 0]",1,41,18,0
28185,"[11026, 0]",1,0,0,0
28186,"[11026, 1]",2,0,0,-1
28187,"[11026, 2]",33,41,18,1
28188,"[11027, 0]",1,57,26,0
28189,"[11028, 0]",1,57,26,0
28190,"[11029, 0]",1,2,1,0
28191,"[11030, 0]",1,0,0,0
28192,"[11030, 1]",3,156,64,0
28193,"[11030, 2]",2,41,18,0
28194,"[11031, 0]",1,57,26,0
28195,"[11032, 0]",1,0,0,0
28196,"[11032, 1]",2,41,18,0
28197,"[11033, 0]",1,0,0,0
28198,"[11033, 1]",2,158,64,17
28199,"[11034, 0]",1,0,0,0
28200,"[11034, 1]",2,0,0,0
28201,"[11034, 2]",53,0,0,0
28202,"[11034, 3]",79,0,0,0
28203,"[11034, 4]",130,41,18,0
28204,"[11035, 0]",1,57,26,1
28205,"[11036, 0]",1,0,0,0
28206,"[11036, 1]",2,0,0,0
28207,"[11036, 2]",61,41,18,0
28208,"[11037, 0]",1,158,64,0
28209,"[11038, 0]",1,41,18,0
28210,"[11039, 0]",1,0,0,0
28211,"[11039, 1]",2,0,0,0
28212,"[11039, 2]",15,0,0,-1
28213,"[11039, 3]",46,156,64,-1
28214,"[11040, 0]",1,158,64,1
28215,"[11041, 0]",1,158,64,0
28216,"[11042, 0]",1,158,64,0
28217,"[11043, 0]",1,41,18,0
28218,"[11044, 0]",1,0,0,0
28219,"[11044, 1]",4,41,18,0
28220,"[11044, 2]",3,0,0,0
28221,"[11044, 3]",2,0,0,0
28222,"[11044, 4]",27,2,1,0
28223,"[11044, 5]",25,0,0,0
28224,"[11044, 6]",24,0,0,0
28225,"[11044, 7]",17,158,64,0
28226,"[11044, 8]",59,0,0,0
28227,"[11044, 9]",56,0,0,0
28228,"[11044, 10]",200,158,64,0
28229,"[11044, 11]",186,2,1,-1
28230,"[11045, 0]",1,0,0,0
28231,"[11045, 1]",2,156,64,0
28232,"[11046, 0]",1,0,0,0
28233,"[11046, 1]",2,0,0,0
28234,"[11046, 2]",14,158,64,-1
28235,"[11047, 0]",1,0,0,0
28236,"[11047, 1]",2,0,0,4
28237,"[11047, 2]",43,57,26,0
28238,"[11048, 0]",1,51,24,0
28239,"[11049, 0]",1,0,0,0
28240,"[11049, 1]",2,41,18,0
28241,"[11050, 0]",1,0,0,0
28242,"[11050, 1]",2,0,0,-1
28243,"[11050, 2]",33,158,64,-1
28244,"[11051, 0]",1,158,64,0
28245,"[11052, 0]",1,158,64,0
28246,"[11053, 0]",1,158,64,0
28247,"[11054, 0]",1,0,0,0
28248,"[11054, 1]",2,54,24,1
28249,"[11055, 0]",1,0,0,0
28250,"[11055, 1]",2,0,0,0
28251,"[11055, 2]",41,41,18,0
28252,"[11056, 0]",1,158,64,0
28253,"[11057, 0]",1,41,18,0
28254,"[11058, 0]",1,0,0,0
28255,"[11058, 1]",2,41,18,0
28256,"[11059, 0]",1,0,0,0
28257,"[11059, 1]",2,0,0,0
28258,"[11059, 2]",16,0,0,-1
28259,"[11059, 3]",28,0,0,7
28260,"[11059, 4]",50,158,64,12
28261,"[11060, 0]",1,158,64,0
28262,"[11061, 0]",1,158,64,0
28263,"[11062, 0]",1,0,0,0
28264,"[11062, 1]",2,158,64,0
28265,"[11063, 0]",1,0,0,0
28266,"[11063, 1]",2,0,0,0
28267,"[11063, 2]",32,57,26,0
28268,"[11064, 0]",1,57,26,0
28269,"[11065, 0]",1,41,18,0
28270,"[11066, 0]",1,158,64,1
28271,"[11067, 0]",1,0,0,0
28272,"[11067, 1]",5,158,64,0
28273,"[11067, 2]",2,0,0,0
28274,"[11067, 3]",33,0,0,0
28275,"[11067, 4]",104,59,28,0
28276,"[11068, 0]",1,54,24,1
28277,"[11069, 0]",1,0,0,0
28278,"[11069, 1]",2,41,18,0
28279,"[11070, 0]",1,0,0,0
28280,"[11070, 1]",2,158,64,0
28281,"[11071, 0]",1,0,0,1
28282,"[11071, 1]",2,65,28,0
28283,"[11072, 0]",1,0,0,0
28284,"[11072, 1]",2,0,0,0
28285,"[11072, 2]",15,41,18,7
28286,"[11073, 0]",1,158,64,0
28287,"[11074, 0]",1,158,64,0
28288,"[11075, 0]",1,0,0,0
28289,"[11075, 1]",3,0,0,0
28290,"[11075, 2]",2,41,18,0
28291,"[11075, 3]",8,158,64,0
28292,"[11076, 0]",1,57,26,0
28293,"[11077, 0]",1,0,0,0
28294,"[11077, 1]",6,41,18,0
28295,"[11077, 2]",4,0,0,0
28296,"[11077, 3]",3,0,0,0
28297,"[11077, 4]",2,0,0,0
28298,"[11077, 5]",40,158,64,0
28299,"[11077, 6]",37,0,0,0
28300,"[11077, 7]",36,0,0,0
28301,"[11077, 8]",32,41,18,0
28302,"[11077, 9]",31,0,0,0
28303,"[11077, 10]",27,2,1,0
28304,"[11077, 11]",107,41,18,0
28305,"[11077, 12]",74,0,0,0
28306,"[11077, 13]",67,156,64,0
28307,"[11078, 0]",1,0,0,0
28308,"[11078, 1]",2,0,0,0
28309,"[11078, 2]",63,158,64,0
28310,"[11079, 0]",1,57,26,0
28311,"[11080, 0]",1,0,0,0
28312,"[11080, 1]",2,0,0,1
28313,"[11080, 2]",12,158,64,24
28314,"[11081, 0]",1,0,0,0
28315,"[11081, 1]",2,2,1,0
28316,"[11082, 0]",1,0,0,0
28317,"[11082, 1]",3,2,1,0
28318,"[11082, 2]",2,57,26,0
28319,"[11083, 0]",1,41,18,0
28320,"[11084, 0]",1,156,64,0
28321,"[11085, 0]",1,0,0,1
28322,"[11085, 1]",2,158,64,0
28323,"[11086, 0]",1,0,0,0
28324,"[11086, 1]",2,41,18,0
28325,"[11087, 0]",1,0,0,0
28326,"[11087, 1]",2,158,64,4
28327,"[11088, 0]",1,41,18,0
28328,"[11089, 0]",1,0,0,0
28329,"[11089, 1]",2,41,18,0
28330,"[11090, 0]",1,0,0,0
28331,"[11090, 1]",2,53,24,0
28332,"[11091, 0]",1,0,0,0
28333,"[11091, 1]",4,158,64,0
28334,"[11091, 2]",2,0,0,0
28335,"[11091, 3]",32,0,0,0
28336,"[11091, 4]",128,41,18,0
28337,"[11092, 0]",1,158,64,0
28338,"[11093, 0]",1,0,0,0
28339,"[11093, 1]",2,0,0,0
28340,"[11093, 2]",21,41,18,0
28341,"[11093, 3]",19,0,0,0
28342,"[11093, 4]",18,0,0,0
28343,"[11093, 5]",17,0,0,0
28344,"[11093, 6]",16,0,0,0
28345,"[11093, 7]",48,0,0,0
28346,"[11093, 8]",42,54,24,0
28347,"[11093, 9]",39,158,64,0
28348,"[11093, 10]",36,158,64,0
28349,"[11093, 11]",85,41,18,0
28350,"[11094, 0]",1,0,0,0
28351,"[11094, 1]",2,0,0,0
28352,"[11094, 2]",25,2,1,0
28353,"[11095, 0]",1,0,0,0
28354,"[11095, 1]",3,0,0,0
28355,"[11095, 2]",2,0,0,0
28356,"[11095, 3]",36,2,1,0
28357,"[11095, 4]",33,158,64,0
28358,"[11096, 0]",1,156,64,0
28359,"[11097, 0]",1,0,0,0
28360,"[11097, 1]",2,158,64,0
28361,"[11098, 0]",1,158,64,0
28362,"[11099, 0]",1,158,64,0
28363,"[11100, 0]",1,0,0,0
28364,"[11100, 1]",2,158,64,0
28365,"[11101, 0]",1,158,64,0
28366,"[11102, 0]",1,0,0,0
28367,"[11102, 1]",2,0,0,0
28368,"[11102, 2]",19,57,26,0
28369,"[11102, 3]",18,2,1,0
28370,"[11103, 0]",1,0,0,0
28371,"[11103, 1]",2,158,64,0
28372,"[11104, 0]",1,0,0,0
28373,"[11104, 1]",2,0,0,0
28374,"[11104, 2]",26,158,64,0
28375,"[11105, 0]",1,158,64,0
28376,"[11106, 0]",1,156,64,0
28377,"[11107, 0]",1,158,64,0
28378,"[11108, 0]",1,0,0,0
28379,"[11108, 1]",2,158,64,0
28380,"[11109, 0]",1,0,0,0
28381,"[11109, 1]",4,0,0,0
28382,"[11109, 2]",3,0,0,0
28383,"[11109, 3]",34,158,64,0
28384,"[11109, 4]",31,41,18,0
28385,"[11110, 0]",1,158,64,1
28386,"[11111, 0]",1,0,0,0
28387,"[11111, 1]",10,0,0,0
28388,"[11111, 2]",3,0,0,0
28389,"[11111, 3]",53,0,0,-1
28390,"[11111, 4]",52,0,0,-1
28391,"[11111, 5]",50,0,0,-1
28392,"[11111, 6]",46,158,64,0
28393,"[11111, 7]",42,0,0,0
28394,"[11111, 8]",34,0,0,0
28395,"[11111, 9]",22,156,64,0
28396,"[11111, 10]",185,0,0,0
28397,"[11111, 11]",184,0,0,0
28398,"[11111, 12]",183,0,0,0
28399,"[11111, 13]",134,0,0,0
28400,"[11111, 14]",131,0,0,0
28401,"[11111, 15]",130,0,0,0
28402,"[11111, 16]",129,0,0,0
28403,"[11111, 17]",105,158,64,-1
28404,"[11111, 18]",99,0,0,-1
28405,"[11111, 19]",94,0,0,-1
28406,"[11111, 20]",88,158,64,-1
28407,"[11111, 21]",585,158,64,-1
28408,"[11111, 22]",534,158,64,-1
28409,"[11111, 23]",367,158,64,0
28410,"[11111, 24]",364,0,0,0
28411,"[11111, 25]",363,0,0,0
28412,"[11111, 26]",359,156,64,0
28413,"[11111, 27]",357,0,0,0
28414,"[11111, 28]",351,0,0,0
28415,"[11111, 29]",330,54,24,0
28416,"[11111, 30]",311,0,0,0
28417,"[11111, 31]",309,0,0,0
28418,"[11111, 32]",308,0,0,0
28419,"[11111, 33]",304,41,18,0
28420,"[11111, 34]",303,156,64,0
28421,"[11111, 35]",300,41,18,0
28422,"[11111, 36]",1607,0,0,0
28423,"[11111, 37]",1599,0,0,0
28424,"[11111, 38]",1583,158,64,0
28425,"[11111, 39]",1551,41,18,0
28426,"[11111, 40]",1550,41,18,0
28427,"[11111, 41]",1521,0,0,0
28428,"[11111, 42]",1520,0,0,0
28429,"[11111, 43]",1518,0,0,0
28430,"[11111, 44]",1476,0,0,0
28431,"[11111, 45]",1475,0,0,0
28432,"[11111, 46]",1474,0,0,0
28433,"[11111, 47]",1470,0,0,0
28434,"[11111, 48]",1469,158,64,0
28435,"[11111, 49]",1163,63,28,0
28436,"[11111, 50]",1162,0,0,0
28437,"[11111, 51]",1109,0,0,0
28438,"[11111, 52]",1108,0,0,0
28439,"[11111, 53]",2341,41,18,0
28440,"[11111, 54]",2339,0,0,0
28441,"[11111, 55]",2338,0,0,0
28442,"[11111, 56]",2336,0,0,0
28443,"[11111, 57]",2331,0,0,0
28444,"[11111, 58]",2271,2,1,0
28445,"[11111, 59]",2030,57,26,0
28446,"[11111, 60]",1998,156,64,0
28447,"[11111, 61]",1997,158,64,0
28448,"[11111, 62]",1996,0,0,0
28449,"[11111, 63]",1993,158,64,12
28450,"[11111, 64]",1990,57,26,0
28451,"[11111, 65]",1958,156,64,0
28452,"[11111, 66]",1943,57,26,0
28453,"[11111, 67]",1940,0,0,2
28454,"[11111, 68]",1853,0,0,0
28455,"[11111, 69]",1804,0,0,0
28456,"[11111, 70]",3334,156,64,0
28457,"[11111, 71]",3311,158,64,-1
28458,"[11111, 72]",3209,158,64,0
28459,"[11111, 73]",3113,0,0,0
28460,"[11111, 74]",2753,158,64,0
28461,"[11111, 75]",2752,0,0,0
28462,"[11111, 76]",2751,0,0,0
28463,"[11111, 77]",2723,41,18,0
28464,"[11111, 78]",2720,158,64,0
28465,"[11111, 79]",2717,41,18,0
28466,"[11111, 80]",4025,0,0,0
28467,"[11111, 81]",4020,158,64,0
28468,"[11111, 82]",3803,158,64,0
28469,"[11111, 83]",4524,158,64,0
28470,"[11112, 0]",1,0,0,0
28471,"[11112, 1]",5,41,18,0
28472,"[11112, 2]",3,0,0,0
28473,"[11112, 3]",2,0,0,0
28474,"[11112, 4]",53,0,0,0
28475,"[11112, 5]",48,0,0,0
28476,"[11112, 6]",132,0,0,0
28477,"[11112, 7]",95,41,18,0
28478,"[11112, 8]",187,0,0,0
28479,"[11112, 9]",320,54,24,14
28480,"[11113, 0]",1,0,0,0
28481,"[11113, 1]",2,57,26,-1
28482,"[11114, 0]",1,158,64,0
28483,"[11115, 0]",1,41,18,0
28484,"[11116, 0]",1,158,64,0
28485,"[11117, 0]",1,41,18,0
28486,"[11118, 0]",1,158,64,1
28487,"[11119, 0]",1,63,28,0
28488,"[11120, 0]",1,0,0,0
28489,"[11120, 1]",6,156,64,0
28490,"[11120, 2]",4,0,0,0
28491,"[11120, 3]",3,0,0,0
28492,"[11120, 4]",24,57,26,0
28493,"[11120, 5]",20,158,64,0
28494,"[11121, 0]",1,158,64,0
28495,"[11122, 0]",1,57,26,0
28496,"[11123, 0]",1,2,1,0
28497,"[11124, 0]",1,53,24,0
28498,"[11125, 0]",1,57,26,0
28499,"[11126, 0]",1,0,0,0
28500,"[11126, 1]",4,0,0,0
28501,"[11126, 2]",3,0,0,0
28502,"[11126, 3]",25,51,24,0
28503,"[11126, 4]",22,158,64,0
28504,"[11127, 0]",1,0,0,0
28505,"[11127, 1]",2,41,18,0
28506,"[11128, 0]",1,41,18,0
28507,"[11129, 0]",1,158,64,0
28508,"[11130, 0]",1,158,64,0
28509,"[11131, 0]",1,0,0,0
28510,"[11131, 1]",2,158,64,2
28511,"[11132, 0]",1,41,18,0
28512,"[11133, 0]",1,0,0,0
28513,"[11133, 1]",2,156,64,0
28514,"[11134, 0]",1,158,64,0
28515,"[11135, 0]",1,158,64,0
28516,"[11136, 0]",1,41,18,0
28517,"[11137, 0]",1,0,0,0
28518,"[11137, 1]",3,0,0,0
28519,"[11137, 2]",37,0,0,0
28520,"[11137, 3]",49,158,64,0
28521,"[11138, 0]",1,0,0,0
28522,"[11138, 1]",6,2,1,0
28523,"[11138, 2]",4,0,0,0
28524,"[11138, 3]",3,0,0,0
28525,"[11138, 4]",2,0,0,0
28526,"[11138, 5]",27,158,64,-1
28527,"[11138, 6]",22,41,18,0
28528,"[11138, 7]",19,41,18,0
28529,"[11139, 0]",1,0,0,0
28530,"[11140, 0]",1,2,1,0
28531,"[11141, 0]",1,0,0,0
28532,"[11141, 1]",2,156,64,0
28533,"[11142, 0]",1,0,0,0
28534,"[11142, 1]",5,156,64,0
28535,"[11142, 2]",3,158,64,0
28536,"[11142, 3]",2,0,0,0
28537,"[11142, 4]",29,158,64,0
28538,"[11142, 5]",26,0,0,0
28539,"[11142, 6]",65,0,0,0
28540,"[11142, 7]",230,41,18,0
28541,"[11143, 0]",1,41,18,0
28542,"[11144, 0]",1,158,64,0
28543,"[11145, 0]",1,158,64,0
28544,"[11146, 0]",1,158,64,0
28545,"[11147, 0]",1,0,0,0
28546,"[11147, 1]",3,158,64,0
28547,"[11147, 2]",2,59,28,0
28548,"[11148, 0]",1,2,1,0
28549,"[11149, 0]",1,59,28,0
28550,"[11150, 0]",1,59,28,0
28551,"[11151, 0]",1,41,18,0
28552,"[11152, 0]",1,41,18,0
28553,"[11153, 0]",1,0,0,0
28554,"[11153, 1]",4,0,0,0
28555,"[11153, 2]",3,0,0,0
28556,"[11153, 3]",17,0,0,0
28557,"[11153, 4]",14,158,64,0
28558,"[11153, 5]",35,158,64,0
28559,"[11154, 0]",1,57,26,0
28560,"[11155, 0]",1,0,0,0
28561,"[11155, 1]",2,57,26,11
28562,"[11156, 0]",1,0,0,0
28563,"[11156, 1]",2,2,1,2
28564,"[11157, 0]",1,158,64,0
28565,"[11158, 0]",1,158,64,0
28566,"[11159, 0]",1,0,0,0
28567,"[11159, 1]",2,59,28,0
28568,"[11160, 0]",1,0,0,0
28569,"[11160, 1]",2,0,0,0
28570,"[11160, 2]",29,2,1,1
28571,"[11161, 0]",1,57,26,0
28572,"[11162, 0]",1,51,24,0
28573,"[11163, 0]",1,0,0,0
28574,"[11163, 1]",2,41,18,0
28575,"[11164, 0]",1,156,64,0
28576,"[11165, 0]",1,0,0,0
28577,"[11165, 1]",3,0,0,0
28578,"[11165, 2]",2,0,0,0
28579,"[11165, 3]",25,59,28,0
28580,"[11165, 4]",24,0,0,0
28581,"[11165, 5]",20,0,0,0
28582,"[11165, 6]",98,158,64,0
28583,"[11165, 7]",61,158,64,0
28584,"[11166, 0]",1,57,26,0
28585,"[11167, 0]",1,158,64,0
28586,"[11168, 0]",1,0,0,0
28587,"[11168, 1]",2,0,0,0
28588,"[11168, 2]",19,57,26,0
28589,"[11169, 0]",1,0,0,0
28590,"[11169, 1]",3,0,0,0
28591,"[11169, 2]",2,0,0,0
28592,"[11169, 3]",14,156,64,0
28593,"[11169, 4]",8,158,64,0
28594,"[11170, 0]",1,0,0,0
28595,"[11170, 1]",2,41,18,0
28596,"[11171, 0]",1,0,0,0
28597,"[11171, 1]",2,0,0,-1
28598,"[11171, 2]",11,2,1,4
28599,"[11172, 0]",1,158,64,0
28600,"[11173, 0]",1,0,0,0
28601,"[11173, 1]",2,158,64,5
28602,"[11174, 0]",1,0,0,0
28603,"[11174, 1]",2,0,0,0
28604,"[11174, 2]",16,0,0,11
28605,"[11174, 3]",32,158,64,6
28606,"[11175, 0]",1,0,0,1
28607,"[11175, 1]",2,0,0,-1
28608,"[11175, 2]",23,158,64,-1
28609,"[11176, 0]",1,0,0,0
28610,"[11176, 1]",2,158,64,1
28611,"[11177, 0]",1,0,0,0
28612,"[11177, 1]",9,158,64,0
28613,"[11177, 2]",6,0,0,0
28614,"[11177, 3]",5,0,0,0
28615,"[11177, 4]",4,0,0,0
28616,"[11177, 5]",2,0,0,0
28617,"[11177, 6]",45,57,26,0
28618,"[11177, 7]",44,0,0,0
28619,"[11177, 8]",42,0,0,0
28620,"[11177, 9]",33,57,26,0
28621,"[11177, 10]",27,158,64,0
28622,"[11177, 11]",23,158,64,0
28623,"[11177, 12]",89,0,0,0
28624,"[11177, 13]",74,57,26,0
28625,"[11177, 14]",484,0,0,0
28626,"[11177, 15]",553,156,64,-1
28627,"[11178, 0]",1,158,64,0
28628,"[11179, 0]",1,158,64,0
28629,"[11180, 0]",1,158,64,1
28630,"[11181, 0]",1,57,26,0
28631,"[11182, 0]",1,57,26,0
28632,"[11183, 0]",1,0,0,0
28633,"[11183, 1]",4,41,18,0
28634,"[11183, 2]",3,41,18,0
28635,"[11184, 0]",1,0,0,0
28636,"[11184, 1]",2,57,26,0
28637,"[11185, 0]",1,41,18,0
28638,"[11186, 0]",1,0,0,0
28639,"[11186, 1]",2,158,64,0
28640,"[11187, 0]",1,0,0,0
28641,"[11187, 1]",6,57,26,0
28642,"[11187, 2]",5,156,64,0
28643,"[11187, 3]",2,0,0,0
28644,"[11187, 4]",32,0,0,0
28645,"[11187, 5]",49,2,1,0
28646,"[11188, 0]",1,0,0,0
28647,"[11188, 1]",2,0,0,0
28648,"[11188, 2]",78,77,32,2
28649,"[11189, 0]",1,158,64,1
28650,"[11190, 0]",1,0,0,0
28651,"[11190, 1]",2,55,26,0
28652,"[11191, 0]",1,0,0,0
28653,"[11191, 1]",4,158,64,-1
28654,"[11192, 0]",1,0,0,0
28655,"[11192, 1]",2,156,64,0
28656,"[11193, 0]",1,41,18,1
28657,"[11194, 0]",1,41,18,0
28658,"[11195, 0]",1,2,1,0
28659,"[11196, 0]",1,57,26,0
28660,"[11197, 0]",1,158,64,0
28661,"[11198, 0]",1,0,0,0
28662,"[11198, 1]",6,41,18,0
28663,"[11198, 2]",3,0,0,0
28664,"[11198, 3]",2,0,0,0
28665,"[11198, 4]",54,158,64,0
28666,"[11198, 5]",53,158,64,0
28667,"[11198, 6]",49,158,64,0
28668,"[11198, 7]",43,0,0,0
28669,"[11198, 8]",125,158,64,0
28670,"[11199, 0]",1,158,64,0
28671,"[11200, 0]",1,0,0,0
28672,"[11200, 1]",2,2,1,0
28673,"[11201, 0]",1,0,0,0
28674,"[11201, 1]",2,158,64,-1
28675,"[11202, 0]",1,0,0,0
28676,"[11202, 1]",4,158,64,-1
28677,"[11202, 2]",2,0,0,3
28678,"[11202, 3]",58,0,0,0
28679,"[11202, 4]",57,0,0,0
28680,"[11202, 5]",93,0,0,0
28681,"[11202, 6]",86,0,0,0
28682,"[11202, 7]",188,0,0,0
28683,"[11202, 8]",141,0,0,0
28684,"[11202, 9]",241,0,0,0
28685,"[11202, 10]",225,57,26,-1
28686,"[11202, 11]",323,158,64,0
28687,"[11203, 0]",1,0,0,0
28688,"[11203, 1]",2,0,0,0
28689,"[11203, 2]",7,41,18,5
28690,"[11204, 0]",1,158,64,0
28691,"[11205, 0]",1,158,64,0
28692,"[11206, 0]",1,0,0,0
28693,"[11206, 1]",2,41,18,0
28694,"[11207, 0]",1,54,24,0
28695,"[11208, 0]",1,158,64,0
28696,"[11209, 0]",1,158,64,0
28697,"[11210, 0]",1,158,64,0
28698,"[11211, 0]",1,57,26,0
28699,"[11212, 0]",1,158,64,0
28700,"[11213, 0]",1,41,18,0
28701,"[11214, 0]",1,158,64,0
28702,"[11215, 0]",1,0,0,0
28703,"[11215, 1]",2,2,1,23
28704,"[11216, 0]",1,0,0,0
28705,"[11216, 1]",2,0,0,0
28706,"[11216, 2]",32,57,26,0
28707,"[11217, 0]",1,158,64,0
28708,"[11218, 0]",1,57,26,0
28709,"[11219, 0]",1,158,64,0
28710,"[11220, 0]",1,0,0,1
28711,"[11220, 1]",2,158,64,0
28712,"[11221, 0]",1,57,26,0
28713,"[11222, 0]",1,0,0,0
28714,"[11222, 1]",2,158,64,0
28715,"[11223, 0]",1,158,64,0
28716,"[11224, 0]",1,2,1,0
28717,"[11225, 0]",1,0,0,0
28718,"[11225, 1]",7,41,18,0
28719,"[11225, 2]",5,0,0,0
28720,"[11225, 3]",4,0,0,0
28721,"[11225, 4]",51,41,18,0
28722,"[11225, 5]",48,41,18,0
28723,"[11226, 0]",1,156,64,0
28724,"[11227, 0]",1,0,0,0
28725,"[11227, 1]",5,158,64,0
28726,"[11227, 2]",4,0,0,0
28727,"[11227, 3]",3,0,0,0
28728,"[11227, 4]",18,57,26,0
28729,"[11227, 5]",15,0,0,0
28730,"[11227, 6]",11,0,0,0
28731,"[11227, 7]",10,0,0,0
28732,"[11227, 8]",86,158,64,0
28733,"[11227, 9]",83,158,64,4
28734,"[11227, 10]",50,0,0,-1
28735,"[11227, 11]",215,57,26,3
28736,"[11228, 0]",1,0,0,0
28737,"[11228, 1]",2,41,18,0
28738,"[11229, 0]",1,0,0,0
28739,"[11229, 1]",2,156,64,0
28740,"[11230, 0]",1,0,0,0
28741,"[11230, 1]",2,0,0,0
28742,"[11230, 2]",14,41,18,0
28743,"[11231, 0]",1,57,26,0
28744,"[11232, 0]",1,57,26,0
28745,"[11233, 0]",1,158,64,0
28746,"[11234, 0]",1,158,64,0
28747,"[11235, 0]",1,0,0,0
28748,"[11235, 1]",2,0,0,0
28749,"[11235, 2]",79,0,0,0
28750,"[11235, 3]",114,158,64,0
28751,"[11236, 0]",1,158,64,0
28752,"[11237, 0]",1,41,18,0
28753,"[11238, 0]",1,158,64,0
28754,"[11239, 0]",1,0,0,0
28755,"[11239, 1]",2,0,0,0
28756,"[11239, 2]",30,41,18,0
28757,"[11240, 0]",1,0,0,0
28758,"[11240, 1]",2,0,0,0
28759,"[11240, 2]",18,57,26,0
28760,"[11241, 0]",1,158,64,0
28761,"[11242, 0]",1,0,0,0
28762,"[11242, 1]",5,41,18,0
28763,"[11242, 2]",3,66,29,0
28764,"[11242, 3]",2,0,0,0
28765,"[11242, 4]",36,0,0,0
28766,"[11242, 5]",48,156,64,0
28767,"[11243, 0]",1,0,0,0
28768,"[11243, 1]",2,41,18,0
28769,"[11244, 0]",1,57,26,0
28770,"[11245, 0]",1,158,64,1
28771,"[11246, 0]",1,158,64,0
28772,"[11247, 0]",1,0,0,0
28773,"[11247, 1]",2,158,64,0
28774,"[11248, 0]",1,0,0,0
28775,"[11248, 1]",2,156,64,0
28776,"[11249, 0]",1,0,0,0
28777,"[11249, 1]",4,0,0,0
28778,"[11249, 2]",3,0,0,0
28779,"[11249, 3]",35,158,64,0
28780,"[11249, 4]",32,55,26,-1
28781,"[11250, 0]",1,0,0,0
28782,"[11250, 1]",3,0,0,0
28783,"[11250, 2]",2,41,18,0
28784,"[11250, 3]",28,41,18,0
28785,"[11251, 0]",1,0,0,0
28786,"[11251, 1]",2,57,26,0
28787,"[11252, 0]",1,156,64,0
28788,"[11253, 0]",1,0,0,0
28789,"[11254, 0]",1,158,64,0
28790,"[11255, 0]",1,0,0,0
28791,"[11255, 1]",2,41,18,0
28792,"[11256, 0]",1,0,0,0
28793,"[11256, 1]",5,41,18,0
28794,"[11256, 2]",2,0,0,0
28795,"[11256, 3]",44,0,0,-1
28796,"[11256, 4]",43,0,0,-1
28797,"[11256, 5]",103,0,0,-1
28798,"[11256, 6]",98,158,64,-1
28799,"[11256, 7]",143,0,0,-1
28800,"[11256, 8]",250,0,0,-1
28801,"[11256, 9]",305,156,64,-1
28802,"[11257, 0]",1,0,0,0
28803,"[11257, 1]",2,158,64,0
28804,"[11258, 0]",1,158,64,0
28805,"[11259, 0]",1,0,0,0
28806,"[11259, 1]",3,0,0,0
28807,"[11259, 2]",11,0,0,0
28808,"[11259, 3]",31,57,26,0
28809,"[11260, 0]",1,158,64,0
28810,"[11261, 0]",1,156,64,0
28811,"[11262, 0]",1,0,0,0
28812,"[11263, 0]",1,158,64,0
28813,"[11264, 0]",1,57,26,0
28814,"[11265, 0]",1,0,0,0
28815,"[11265, 1]",2,54,24,0
28816,"[11266, 0]",1,0,0,0
28817,"[11266, 1]",3,158,64,0
28818,"[11266, 2]",2,0,0,0
28819,"[11266, 3]",10,158,64,0
28820,"[11267, 0]",1,0,0,0
28821,"[11267, 1]",2,57,26,0
28822,"[11268, 0]",1,158,64,0
28823,"[11269, 0]",1,57,26,0
28824,"[11270, 0]",1,158,64,0
28825,"[11271, 0]",1,41,18,0
28826,"[11272, 0]",1,0,0,0
28827,"[11272, 1]",2,158,64,1
28828,"[11273, 0]",1,0,0,0
28829,"[11273, 1]",2,0,0,1
28830,"[11273, 2]",12,51,24,0
28831,"[11274, 0]",1,0,0,0
28832,"[11274, 1]",2,158,64,0
28833,"[11275, 0]",1,0,0,0
28834,"[11275, 1]",5,41,18,0
28835,"[11275, 2]",3,0,0,0
28836,"[11275, 3]",2,0,0,0
28837,"[11275, 4]",22,2,1,0
28838,"[11275, 5]",21,0,0,0
28839,"[11275, 6]",17,156,64,0
28840,"[11275, 7]",50,57,26,0
28841,"[11276, 0]",1,0,0,0
28842,"[11276, 1]",2,57,26,0
28843,"[11277, 0]",1,156,64,0
28844,"[11278, 0]",1,0,0,0
28845,"[11278, 1]",2,57,26,0
28846,"[11279, 0]",1,41,18,0
28847,"[11280, 0]",1,57,26,0
28848,"[11281, 0]",1,156,64,0
28849,"[11282, 0]",1,156,64,0
28850,"[11283, 0]",1,54,24,0
28851,"[11284, 0]",1,41,18,0
28852,"[11285, 0]",1,41,18,0
28853,"[11286, 0]",1,0,0,0
28854,"[11286, 1]",2,41,18,0
28855,"[11287, 0]",1,156,64,0
28856,"[11288, 0]",1,0,0,0
28857,"[11288, 1]",4,0,0,0
28858,"[11288, 2]",3,0,0,0
28859,"[11288, 3]",2,0,0,0
28860,"[11288, 4]",30,156,64,0
28861,"[11288, 5]",27,158,64,0
28862,"[11288, 6]",23,158,64,0
28863,"[11289, 0]",1,0,0,0
28864,"[11289, 1]",5,158,64,0
28865,"[11290, 0]",1,0,0,0
28866,"[11290, 1]",2,0,0,0
28867,"[11290, 2]",19,57,26,8
28868,"[11291, 0]",1,158,64,1
28869,"[11292, 0]",1,0,0,0
28870,"[11292, 1]",2,41,18,0
28871,"[11293, 0]",1,0,0,0
28872,"[11293, 1]",5,57,26,0
28873,"[11293, 2]",3,0,0,0
28874,"[11293, 3]",2,0,0,0
28875,"[11293, 4]",22,0,0,0
28876,"[11293, 5]",18,158,64,0
28877,"[11293, 6]",52,59,28,0
28878,"[11294, 0]",1,2,1,0
28879,"[11295, 0]",1,0,0,0
28880,"[11295, 1]",11,156,64,0
28881,"[11295, 2]",10,0,0,0
28882,"[11295, 3]",7,0,0,0
28883,"[11295, 4]",6,0,0,0
28884,"[11295, 5]",3,0,0,0
28885,"[11295, 6]",2,0,0,0
28886,"[11295, 7]",73,0,0,0
28887,"[11295, 8]",72,0,0,0
28888,"[11295, 9]",70,0,0,0
28889,"[11295, 10]",64,158,64,0
28890,"[11295, 11]",63,0,0,0
28891,"[11295, 12]",56,0,0,0
28892,"[11295, 13]",52,0,0,0
28893,"[11295, 14]",35,0,0,-1
28894,"[11295, 15]",215,158,64,3
28895,"[11295, 16]",205,0,0,0
28896,"[11295, 17]",181,156,64,0
28897,"[11295, 18]",140,0,0,0
28898,"[11295, 19]",139,41,18,0
28899,"[11295, 20]",138,0,0,0
28900,"[11295, 21]",96,158,64,0
28901,"[11295, 22]",79,158,64,0
28902,"[11295, 23]",76,158,64,-1
28903,"[11295, 24]",322,0,0,0
28904,"[11295, 25]",315,41,18,0
28905,"[11295, 26]",266,2,1,0
28906,"[11295, 27]",598,158,64,0
28907,"[11296, 0]",1,158,64,0
28908,"[11297, 0]",1,158,64,0
28909,"[11298, 0]",1,59,28,0
28910,"[11299, 0]",1,0,0,0
28911,"[11299, 1]",2,158,64,0
28912,"[11300, 0]",1,0,0,0
28913,"[11300, 1]",2,158,64,0
28914,"[11301, 0]",1,41,18,0
28915,"[11302, 0]",1,158,64,0
28916,"[11303, 0]",1,0,0,1
28917,"[11303, 1]",2,158,64,-1
28918,"[11304, 0]",1,0,0,0
28919,"[11304, 1]",2,57,26,0
28920,"[11305, 0]",1,0,0,0
28921,"[11305, 1]",2,0,0,0
28922,"[11305, 2]",38,158,64,0
28923,"[11306, 0]",1,0,0,0
28924,"[11306, 1]",6,41,18,0
28925,"[11306, 2]",5,158,64,0
28926,"[11307, 0]",1,0,0,0
28927,"[11307, 1]",2,156,64,0
28928,"[11308, 0]",1,57,26,0
28929,"[11309, 0]",1,0,0,0
28930,"[11309, 1]",3,41,18,0
28931,"[11309, 2]",2,41,18,0
28932,"[11310, 0]",1,0,0,0
28933,"[11310, 1]",2,0,0,0
28934,"[11310, 2]",36,41,18,31
28935,"[11311, 0]",1,0,0,0
28936,"[11311, 1]",2,156,64,0
28937,"[11312, 0]",1,158,64,0
28938,"[11313, 0]",1,0,0,0
28939,"[11313, 1]",5,156,64,0
28940,"[11313, 2]",2,0,0,0
28941,"[11313, 3]",47,41,18,0
28942,"[11314, 0]",1,57,26,0
28943,"[11315, 0]",1,0,0,0
28944,"[11315, 1]",6,41,18,0
28945,"[11315, 2]",5,156,64,0
28946,"[11315, 3]",3,0,0,0
28947,"[11315, 4]",48,0,0,0
28948,"[11315, 5]",72,158,64,0
28949,"[11316, 0]",1,158,64,0
28950,"[11317, 0]",1,0,0,0
28951,"[11317, 1]",2,0,0,0
28952,"[11317, 2]",27,41,18,0
28953,"[11318, 0]",1,158,64,0
28954,"[11319, 0]",1,0,0,0
28955,"[11319, 1]",5,156,64,0
28956,"[11319, 2]",3,41,18,0
28957,"[11319, 3]",2,0,0,0
28958,"[11319, 4]",20,158,64,0
28959,"[11320, 0]",1,0,0,0
28960,"[11320, 1]",2,0,0,3
28961,"[11320, 2]",69,158,64,0
28962,"[11321, 0]",1,57,26,0
28963,"[11322, 0]",1,158,64,0
28964,"[11323, 0]",1,0,0,0
28965,"[11323, 1]",5,0,0,0
28966,"[11323, 2]",4,0,0,0
28967,"[11323, 3]",3,0,0,0
28968,"[11323, 4]",22,156,64,0
28969,"[11323, 5]",19,158,64,0
28970,"[11323, 6]",16,158,64,0
28971,"[11324, 0]",1,158,64,0
28972,"[11325, 0]",1,0,0,0
28973,"[11325, 1]",4,0,0,0
28974,"[11325, 2]",2,0,0,0
28975,"[11325, 3]",27,158,64,0
28976,"[11325, 4]",22,158,64,1
28977,"[11326, 0]",1,0,0,0
28978,"[11326, 1]",2,57,26,0
28979,"[11327, 0]",1,0,0,0
28980,"[11327, 1]",3,0,0,0
28981,"[11327, 2]",2,0,0,0
28982,"[11327, 3]",31,158,64,0
28983,"[11327, 4]",28,41,18,0
28984,"[11328, 0]",1,0,0,0
28985,"[11329, 0]",1,75,32,0
28986,"[11330, 0]",1,158,64,0
28987,"[11331, 0]",1,0,0,0
28988,"[11331, 1]",2,41,18,0
28989,"[11332, 0]",1,158,64,0
28990,"[11333, 0]",1,54,24,1
28991,"[11334, 0]",1,0,0,0
28992,"[11334, 1]",2,156,64,0
28993,"[11335, 0]",1,0,0,0
28994,"[11335, 1]",2,158,64,0
28995,"[11336, 0]",1,41,18,0
28996,"[11337, 0]",1,158,64,0
28997,"[11338, 0]",1,0,0,0
28998,"[11338, 1]",2,0,0,0
28999,"[11338, 2]",13,57,26,1
29000,"[11339, 0]",1,0,0,0
29001,"[11339, 1]",4,0,0,-1
29002,"[11339, 2]",2,0,0,-1
29003,"[11339, 3]",41,41,18,1
29004,"[11339, 4]",39,0,0,-1
29005,"[11339, 5]",38,0,0,1
29006,"[11339, 6]",24,41,18,1
29007,"[11339, 7]",69,0,0,0
29008,"[11339, 8]",65,156,64,5
29009,"[11339, 9]",185,0,0,0
29010,"[11339, 10]",376,57,26,1
29011,"[11340, 0]",1,0,0,0
29012,"[11340, 1]",4,158,64,0
29013,"[11340, 2]",2,0,0,0
29014,"[11340, 3]",42,0,0,0
29015,"[11340, 4]",124,0,0,0
29016,"[11340, 5]",165,41,18,0
29017,"[11341, 0]",1,158,64,0
29018,"[11342, 0]",1,0,0,0
29019,"[11342, 1]",5,2,1,0
29020,"[11342, 2]",2,0,0,0
29021,"[11342, 3]",60,158,64,0
29022,"[11343, 0]",1,41,18,0
29023,"[11344, 0]",1,0,0,0
29024,"[11344, 1]",6,0,0,0
29025,"[11344, 2]",5,0,0,0
29026,"[11344, 3]",3,0,0,0
29027,"[11344, 4]",28,57,26,0
29028,"[11344, 5]",25,0,0,0
29029,"[11344, 6]",22,41,18,0
29030,"[11344, 7]",99,158,64,1
29031,"[11345, 0]",1,0,0,0
29032,"[11345, 1]",2,158,64,0
29033,"[11346, 0]",1,0,0,0
29034,"[11346, 1]",6,158,64,0
29035,"[11346, 2]",4,0,0,0
29036,"[11346, 3]",3,0,0,0
29037,"[11346, 4]",36,2,1,0
29038,"[11346, 5]",33,0,0,0
29039,"[11346, 6]",102,156,64,0
29040,"[11347, 0]",1,158,64,0
29041,"[11348, 0]",1,0,0,0
29042,"[11348, 1]",2,158,64,0
29043,"[11349, 0]",1,158,64,0
29044,"[11350, 0]",1,0,0,0
29045,"[11350, 1]",2,55,26,7
29046,"[11351, 0]",1,41,18,0
29047,"[11352, 0]",1,57,26,0
29048,"[11353, 0]",1,158,64,0
29049,"[11354, 0]",1,0,0,1
29050,"[11354, 1]",2,41,18,0
29051,"[11355, 0]",1,158,64,0
29052,"[11356, 0]",1,156,64,0
29053,"[11357, 0]",1,158,64,0
29054,"[11358, 0]",1,0,0,0
29055,"[11358, 1]",5,158,64,-1
29056,"[11358, 2]",3,158,64,-1
29057,"[11359, 0]",1,158,64,0
29058,"[11360, 0]",1,41,18,0
29059,"[11361, 0]",1,0,0,0
29060,"[11361, 1]",2,2,1,0
29061,"[11362, 0]",1,0,0,0
29062,"[11362, 1]",5,2,1,-1
29063,"[11362, 2]",2,156,64,-1
29064,"[11363, 0]",1,0,0,0
29065,"[11363, 1]",2,156,64,0
29066,"[11364, 0]",1,0,0,0
29067,"[11364, 1]",2,53,24,0
29068,"[11365, 0]",1,41,18,0
29069,"[11366, 0]",1,158,64,0
29070,"[11367, 0]",1,158,64,0
29071,"[11368, 0]",1,0,0,0
29072,"[11368, 1]",2,0,0,0
29073,"[11368, 2]",26,158,64,0
29074,"[11369, 0]",1,156,64,0
29075,"[11370, 0]",1,0,0,0
29076,"[11370, 1]",2,0,0,0
29077,"[11370, 2]",45,156,64,0
29078,"[11371, 0]",1,0,0,0
29079,"[11371, 1]",2,0,0,0
29080,"[11371, 2]",15,59,28,-1
29081,"[11372, 0]",1,156,64,0
29082,"[11373, 0]",1,158,64,0
29083,"[11374, 0]",1,0,0,0
29084,"[11374, 1]",2,0,0,0
29085,"[11374, 2]",12,158,64,0
29086,"[11375, 0]",1,0,0,0
29087,"[11375, 1]",2,0,0,0
29088,"[11375, 2]",70,158,64,0
29089,"[11376, 0]",1,0,0,0
29090,"[11376, 1]",2,158,64,0
29091,"[11377, 0]",1,57,26,0
29092,"[11378, 0]",1,0,0,0
29093,"[11378, 1]",4,158,64,0
29094,"[11378, 2]",2,0,0,0
29095,"[11378, 3]",59,0,0,0
29096,"[11378, 4]",57,0,0,0
29097,"[11378, 5]",82,0,0,0
29098,"[11378, 6]",73,158,64,0
29099,"[11378, 7]",163,158,64,0
29100,"[11379, 0]",1,156,64,0
29101,"[11380, 0]",1,0,0,0
29102,"[11380, 1]",3,41,18,0
29103,"[11380, 2]",2,156,64,0
29104,"[11381, 0]",1,0,0,0
29105,"[11381, 1]",2,0,0,0
29106,"[11381, 2]",21,158,64,0
29107,"[11382, 0]",1,158,64,0
29108,"[11383, 0]",1,0,0,0
29109,"[11383, 1]",2,156,64,4
29110,"[11384, 0]",1,158,64,0
29111,"[11385, 0]",1,0,0,0
29112,"[11385, 1]",2,0,0,0
29113,"[11385, 2]",42,156,64,0
29114,"[11386, 0]",1,0,0,0
29115,"[11386, 1]",2,0,0,0
29116,"[11386, 2]",29,158,64,0
29117,"[11387, 0]",1,0,0,0
29118,"[11387, 1]",2,158,64,2
29119,"[11388, 0]",1,158,64,0
29120,"[11389, 0]",1,158,64,0
29121,"[11390, 0]",1,57,26,0
29122,"[11391, 0]",1,0,0,0
29123,"[11391, 1]",7,57,26,2
29124,"[11391, 2]",3,0,0,-1
29125,"[11391, 3]",2,0,0,-1
29126,"[11391, 4]",67,158,64,-1
29127,"[11391, 5]",58,158,64,-1
29128,"[11392, 0]",1,158,64,0
29129,"[11393, 0]",1,2,1,0
29130,"[11394, 0]",1,0,0,0
29131,"[11394, 1]",2,0,0,0
29132,"[11394, 2]",42,158,64,0
29133,"[11395, 0]",1,0,0,0
29134,"[11395, 1]",2,158,64,0
29135,"[11396, 0]",1,0,0,0
29136,"[11396, 1]",2,156,64,0
29137,"[11397, 0]",1,0,0,0
29138,"[11397, 1]",2,0,0,0
29139,"[11397, 2]",37,0,0,0
29140,"[11397, 3]",54,2,1,0
29141,"[11398, 0]",1,59,28,0
29142,"[11399, 0]",1,158,64,0
29143,"[11400, 0]",1,0,0,0
29144,"[11400, 1]",3,0,0,0
29145,"[11400, 2]",2,0,0,0
29146,"[11400, 3]",40,158,64,0
29147,"[11400, 4]",38,0,0,0
29148,"[11400, 5]",37,41,18,0
29149,"[11400, 6]",33,156,64,0
29150,"[11400, 7]",83,0,0,0
29151,"[11400, 8]",176,158,64,0
29152,"[11401, 0]",1,0,0,0
29153,"[11401, 1]",2,0,0,-1
29154,"[11401, 2]",30,37,18,21
29155,"[11402, 0]",1,0,0,0
29156,"[11402, 1]",18,0,0,0
29157,"[11402, 2]",16,0,0,0
29158,"[11402, 3]",15,0,0,0
29159,"[11402, 4]",14,57,26,0
29160,"[11402, 5]",12,0,0,0
29161,"[11402, 6]",10,0,0,0
29162,"[11402, 7]",6,0,0,0
29163,"[11402, 8]",4,0,0,0
29164,"[11402, 9]",2,0,0,0
29165,"[11402, 10]",129,0,0,0
29166,"[11402, 11]",128,0,0,0
29167,"[11402, 12]",125,0,0,0
29168,"[11402, 13]",117,0,0,0
29169,"[11402, 14]",116,158,64,0
29170,"[11402, 15]",112,0,0,0
29171,"[11402, 16]",111,0,0,0
29172,"[11402, 17]",109,0,0,0
29173,"[11402, 18]",108,0,0,0
29174,"[11402, 19]",107,0,0,0
29175,"[11402, 20]",98,0,0,0
29176,"[11402, 21]",91,156,64,0
29177,"[11402, 22]",90,41,18,0
29178,"[11402, 23]",89,0,0,0
29179,"[11402, 24]",88,0,0,0
29180,"[11402, 25]",87,0,0,0
29181,"[11402, 26]",86,0,0,0
29182,"[11402, 27]",85,0,0,0
29183,"[11402, 28]",82,0,0,0
29184,"[11402, 29]",81,0,0,0
29185,"[11402, 30]",74,0,0,0
29186,"[11402, 31]",73,0,0,0
29187,"[11402, 32]",70,0,0,0
29188,"[11402, 33]",66,2,1,0
29189,"[11402, 34]",64,41,18,0
29190,"[11402, 35]",62,0,0,0
29191,"[11402, 36]",53,0,0,0
29192,"[11402, 37]",46,158,64,0
29193,"[11402, 38]",38,158,64,0
29194,"[11402, 39]",35,61,28,0
29195,"[11402, 40]",552,158,64,5
29196,"[11402, 41]",478,158,64,0
29197,"[11402, 42]",477,41,18,0
29198,"[11402, 43]",475,0,0,0
29199,"[11402, 44]",438,0,0,0
29200,"[11402, 45]",434,0,0,0
29201,"[11402, 46]",429,158,64,0
29202,"[11402, 47]",395,158,64,0
29203,"[11402, 48]",394,156,64,0
29204,"[11402, 49]",389,0,0,0
29205,"[11402, 50]",388,0,0,0
29206,"[11402, 51]",385,158,64,0
29207,"[11402, 52]",384,2,1,0
29208,"[11402, 53]",383,0,0,0
29209,"[11402, 54]",378,57,26,0
29210,"[11402, 55]",377,2,1,0
29211,"[11402, 56]",373,158,64,0
29212,"[11402, 57]",372,0,0,0
29213,"[11402, 58]",368,0,0,0
29214,"[11402, 59]",360,0,0,0
29215,"[11402, 60]",356,41,18,0
29216,"[11402, 61]",355,158,64,0
29217,"[11402, 62]",346,0,0,0
29218,"[11402, 63]",313,0,0,0
29219,"[11402, 64]",293,158,64,0
29220,"[11402, 65]",291,0,0,0
29221,"[11402, 66]",290,0,0,0
29222,"[11402, 67]",287,41,18,0
29223,"[11402, 68]",285,0,0,0
29224,"[11402, 69]",284,0,0,0
29225,"[11402, 70]",283,0,0,0
29226,"[11402, 71]",279,57,26,0
29227,"[11402, 72]",278,0,0,0
29228,"[11402, 73]",270,41,18,0
29229,"[11402, 74]",265,41,18,0
29230,"[11402, 75]",241,156,64,-1
29231,"[11402, 76]",212,41,18,0
29232,"[11402, 77]",211,0,0,0
29233,"[11402, 78]",198,0,0,0
29234,"[11402, 79]",196,0,0,0
29235,"[11402, 80]",195,0,0,0
29236,"[11402, 81]",191,0,0,0
29237,"[11402, 82]",190,0,0,0
29238,"[11402, 83]",182,0,0,0
29239,"[11402, 84]",173,0,0,0
29240,"[11402, 85]",167,156,64,0
29241,"[11402, 86]",1989,57,26,0
29242,"[11402, 87]",1925,158,64,-1
29243,"[11402, 88]",1921,158,64,-1
29244,"[11402, 89]",1920,0,0,-1
29245,"[11402, 90]",1912,51,24,0
29246,"[11402, 91]",1900,156,64,0
29247,"[11402, 92]",1899,0,0,0
29248,"[11402, 93]",1897,0,0,0
29249,"[11402, 94]",1895,158,64,-1
29250,"[11402, 95]",1891,158,64,-1
29251,"[11402, 96]",1883,158,64,0
29252,"[11402, 97]",1876,158,64,0
29253,"[11402, 98]",1754,0,0,0
29254,"[11402, 99]",1555,41,18,0
29255,"[11402, 100]",1520,0,0,0
29256,"[11402, 101]",1515,0,0,0
29257,"[11402, 102]",1510,156,64,0
29258,"[11402, 103]",1472,0,0,-1
29259,"[11402, 104]",1469,158,64,0
29260,"[11402, 105]",1468,158,64,0
29261,"[11402, 106]",1415,41,18,0
29262,"[11402, 107]",1299,41,18,0
29263,"[11402, 108]",1193,0,0,0
29264,"[11402, 109]",1115,2,1,0
29265,"[11402, 110]",1114,41,18,0
29266,"[11402, 111]",1087,0,0,0
29267,"[11402, 112]",1036,158,64,0
29268,"[11402, 113]",1022,158,64,-1
29269,"[11402, 114]",1019,0,0,-1
29270,"[11402, 115]",1016,0,0,0
29271,"[11402, 116]",935,0,0,0
29272,"[11402, 117]",919,0,0,0
29273,"[11402, 118]",917,0,0,0
29274,"[11402, 119]",916,0,0,0
29275,"[11402, 120]",915,0,0,0
29276,"[11402, 121]",914,0,0,0
29277,"[11402, 122]",913,0,0,0
29278,"[11402, 123]",830,0,0,0
29279,"[11402, 124]",4012,0,0,0
29280,"[11402, 125]",3966,158,64,0
29281,"[11402, 126]",3964,57,26,0
29282,"[11402, 127]",3963,0,0,0
29283,"[11402, 128]",3954,0,0,0
29284,"[11402, 129]",3946,156,64,0
29285,"[11402, 130]",3941,0,0,0
29286,"[11402, 131]",3934,158,64,0
29287,"[11402, 132]",3931,41,18,2
29288,"[11402, 133]",3908,158,64,1
29289,"[11402, 134]",3776,158,64,0
29290,"[11402, 135]",3758,158,64,-1
29291,"[11402, 136]",3579,41,18,0
29292,"[11402, 137]",3542,158,64,0
29293,"[11402, 141]",3209,0,0,0
29294,"[11402, 142]",3183,158,64,86
29295,"[11402, 143]",2950,41,18,0
29296,"[11402, 144]",2271,158,64,0
29297,"[11402, 145]",2257,158,64,0
29298,"[11402, 146]",2236,0,0,0
29299,"[11402, 147]",2235,0,0,0
29300,"[11402, 148]",2233,158,64,0
29301,"[11402, 149]",2232,0,0,0
29302,"[11402, 150]",2180,0,0,-1
29303,"[11402, 151]",2178,0,0,-1
29304,"[11402, 152]",2177,0,0,-1
29305,"[11402, 153]",2176,0,0,-1
29306,"[11402, 154]",6095,0,0,-1
29307,"[11402, 155]",6094,0,0,-1
29308,"[11402, 156]",6093,0,0,-1
29309,"[11402, 157]",6088,0,0,-1
29310,"[11402, 158]",6087,0,0,-1
29311,"[11402, 159]",6082,0,0,-1
29312,"[11402, 160]",6081,0,0,-1
29313,"[11402, 161]",5814,158,64,0
29314,"[11402, 162]",5801,2,1,0
29315,"[11402, 163]",5794,41,18,1
29316,"[11402, 164]",5224,158,64,-1
29317,"[11402, 168]",4484,158,64,0
29318,"[11402, 169]",4395,158,64,0
29319,"[11402, 170]",4334,0,0,0
29320,"[11402, 171]",4283,0,0,0
29321,"[11402, 172]",9808,57,26,5
29322,"[11402, 173]",9738,156,64,-1
29323,"[11402, 176]",6384,158,64,-1
29324,"[11402, 177]",6381,0,0,-1
29325,"[11402, 178]",6380,0,0,-1
29326,"[11402, 180]",6337,0,0,-1
29327,"[11402, 181]",6336,0,0,-1
29328,"[11402, 182]",6333,158,64,-1
29329,"[11402, 184]",6295,0,0,-1
29330,"[11402, 185]",6289,158,64,-1
29331,"[11402, 186]",11632,0,0,-1
29332,"[11402, 192]",11512,0,0,-1
29333,"[11402, 201]",12060,0,0,-1
29334,"[11402, 211]",17682,158,64,-1
29335,"[11402, 212]",17681,158,64,-1
29336,"[11403, 0]",1,0,0,0
29337,"[11403, 1]",2,156,64,0
29338,"[11404, 0]",1,158,64,0
29339,"[11405, 0]",1,59,28,0
29340,"[11406, 0]",1,158,64,0
29341,"[11407, 0]",1,158,64,0
29342,"[11408, 0]",1,0,0,0
29343,"[11408, 1]",2,57,26,7
29344,"[11409, 0]",1,0,0,0
29345,"[11409, 1]",2,0,0,0
29346,"[11409, 2]",29,158,64,0
29347,"[11409, 3]",27,156,64,0
29348,"[11409, 4]",26,0,0,0
29349,"[11409, 5]",25,0,0,0
29350,"[11409, 6]",85,156,64,0
29351,"[11409, 7]",81,0,0,0
29352,"[11409, 8]",72,0,0,0
29353,"[11409, 9]",230,158,64,0
29354,"[11409, 10]",174,41,18,0
29355,"[11410, 0]",1,41,18,0
29356,"[11411, 0]",1,158,64,0
29357,"[11412, 0]",1,158,64,0
29358,"[11413, 0]",1,0,0,0
29359,"[11413, 1]",2,158,64,-1
29360,"[11414, 0]",1,0,0,0
29361,"[11414, 1]",3,41,18,0
29362,"[11414, 2]",2,0,0,0
29363,"[11414, 3]",38,41,18,0
29364,"[11415, 0]",1,41,18,0
29365,"[11416, 0]",1,41,18,0
29366,"[11417, 0]",1,0,0,0
29367,"[11417, 1]",2,2,1,0
29368,"[11418, 0]",1,0,0,0
29369,"[11418, 1]",2,0,0,-1
29370,"[11418, 2]",15,158,64,-1
29371,"[11419, 0]",1,54,24,0
29372,"[11420, 0]",1,0,0,0
29373,"[11420, 1]",2,0,0,0
29374,"[11420, 2]",30,41,18,0
29375,"[11421, 0]",1,41,18,0
29376,"[11422, 0]",1,0,0,0
29377,"[11422, 1]",2,2,1,0
29378,"[11423, 0]",1,54,24,0
29379,"[11424, 0]",1,0,0,0
29380,"[11424, 1]",3,158,64,0
29381,"[11424, 2]",2,158,64,0
29382,"[11425, 0]",1,0,0,0
29383,"[11425, 1]",2,158,64,0
29384,"[11426, 0]",1,0,0,0
29385,"[11426, 1]",4,57,26,-1
29386,"[11426, 2]",2,0,0,-1
29387,"[11426, 3]",36,158,64,-1
29388,"[11427, 0]",1,158,64,0
29389,"[11428, 0]",1,57,26,1
29390,"[11429, 0]",1,41,18,0
29391,"[11430, 0]",1,0,0,0
29392,"[11430, 1]",2,0,0,0
29393,"[11430, 2]",78,158,64,0
29394,"[11431, 0]",1,58,26,0
29395,"[11432, 0]",1,158,64,0
29396,"[11433, 0]",1,0,0,0
29397,"[11433, 1]",2,41,18,5
29398,"[11434, 0]",1,0,0,0
29399,"[11434, 1]",8,54,24,0
29400,"[11434, 2]",6,158,64,0
29401,"[11434, 3]",5,0,0,0
29402,"[11434, 4]",2,0,0,0
29403,"[11434, 5]",39,0,0,0
29404,"[11434, 6]",38,0,0,0
29405,"[11434, 7]",37,0,0,0
29406,"[11434, 8]",36,41,18,0
29407,"[11434, 9]",32,0,0,0
29408,"[11434, 10]",28,158,64,0
29409,"[11434, 11]",83,158,64,0
29410,"[11434, 12]",82,0,0,0
29411,"[11434, 13]",80,0,0,0
29412,"[11434, 14]",62,158,64,0
29413,"[11434, 15]",59,0,0,0
29414,"[11434, 16]",56,58,26,14
29415,"[11434, 17]",288,156,64,4
29416,"[11434, 18]",235,158,64,0
29417,"[11434, 19]",219,158,64,-1
29418,"[11435, 0]",1,0,0,0
29419,"[11435, 1]",2,156,64,0
29420,"[11436, 0]",1,0,0,0
29421,"[11437, 0]",1,41,18,0
29422,"[11438, 0]",1,2,1,0
29423,"[11439, 0]",1,0,0,0
29424,"[11440, 0]",1,0,0,1
29425,"[11440, 1]",5,156,64,0
29426,"[11440, 2]",3,0,0,0
29427,"[11440, 3]",2,0,0,0
29428,"[11440, 4]",39,41,18,0
29429,"[11440, 5]",37,0,0,0
29430,"[11440, 6]",33,158,64,0
29431,"[11440, 7]",76,0,0,0
29432,"[11440, 8]",287,158,64,-1
29433,"[11441, 0]",1,41,18,0
29434,"[11442, 0]",1,61,28,0
29435,"[11443, 0]",1,158,64,0
29436,"[11444, 0]",1,0,0,0
29437,"[11444, 1]",2,0,0,0
29438,"[11444, 2]",62,57,26,0
29439,"[11445, 0]",1,158,64,1
29440,"[11446, 0]",1,158,64,0
29441,"[11447, 0]",1,0,0,0
29442,"[11447, 1]",2,158,64,0
29443,"[11448, 0]",1,41,18,1
29444,"[11449, 0]",1,2,1,0
29445,"[11450, 0]",1,59,28,0
29446,"[11451, 0]",1,0,0,0
29447,"[11451, 1]",2,41,18,8
29448,"[11452, 0]",1,158,64,0
29449,"[11453, 0]",1,158,64,0
29450,"[11454, 0]",1,0,0,0
29451,"[11454, 1]",5,158,64,3
29452,"[11454, 2]",4,0,0,-1
29453,"[11454, 3]",42,158,64,4
29454,"[11455, 0]",1,0,0,1
29455,"[11455, 1]",2,0,0,1
29456,"[11455, 2]",23,57,26,-1
29457,"[11456, 0]",1,158,64,0
29458,"[11457, 0]",1,158,64,0
29459,"[11458, 0]",1,156,64,0
29460,"[11459, 0]",1,158,64,0
29461,"[11460, 0]",1,57,26,0
29462,"[11461, 0]",1,0,0,0
29463,"[11461, 1]",4,41,18,0
29464,"[11461, 2]",2,0,0,0
29465,"[11461, 3]",21,158,64,0
29466,"[11462, 0]",1,0,0,0
29467,"[11462, 1]",9,41,18,0
29468,"[11462, 2]",5,0,0,0
29469,"[11462, 3]",4,0,0,0
29470,"[11462, 4]",3,0,0,0
29471,"[11462, 5]",2,0,0,0
29472,"[11462, 6]",48,41,18,0
29473,"[11462, 7]",47,0,0,0
29474,"[11462, 8]",42,0,0,0
29475,"[11462, 9]",34,41,18,0
29476,"[11462, 10]",30,158,64,0
29477,"[11462, 11]",93,0,0,0
29478,"[11462, 12]",91,0,0,0
29479,"[11462, 13]",66,0,0,0
29480,"[11462, 14]",317,57,26,0
29481,"[11462, 15]",302,0,0,0
29482,"[11462, 16]",287,158,64,0
29483,"[11462, 17]",405,158,64,0
29484,"[11463, 0]",1,0,0,0
29485,"[11463, 1]",6,158,64,1
29486,"[11463, 2]",2,0,0,1
29487,"[11463, 3]",55,57,26,0
29488,"[11464, 0]",1,0,0,0
29489,"[11464, 1]",2,2,1,0
29490,"[11465, 0]",1,158,64,0
29491,"[11466, 0]",1,0,0,0
29492,"[11466, 1]",2,158,64,0
29493,"[11467, 0]",1,158,64,0
29494,"[11468, 0]",1,156,64,0
29495,"[11469, 0]",1,57,26,0
29496,"[11470, 0]",1,59,28,0
29497,"[11471, 0]",1,41,18,0
29498,"[11472, 0]",1,0,0,0
29499,"[11472, 1]",2,158,64,0
29500,"[11473, 0]",1,57,26,0
29501,"[11474, 0]",1,57,26,0
29502,"[11475, 0]",1,54,24,0
29503,"[11476, 0]",1,0,0,0
29504,"[11477, 0]",1,158,64,0
29505,"[11478, 0]",1,158,64,0
29506,"[11479, 0]",1,0,0,0
29507,"[11479, 1]",2,0,0,0
29508,"[11479, 2]",62,158,64,0
29509,"[11480, 0]",1,41,18,0
29510,"[11481, 0]",1,156,64,0
29511,"[11482, 0]",1,0,0,0
29512,"[11482, 1]",2,0,0,0
29513,"[11482, 2]",40,158,64,0
29514,"[11483, 0]",1,158,64,0
29515,"[11484, 0]",1,41,18,0
29516,"[11485, 0]",1,0,0,0
29517,"[11485, 1]",9,158,64,0
29518,"[11485, 2]",7,41,18,0
29519,"[11485, 3]",4,0,0,0
29520,"[11485, 4]",2,0,0,0
29521,"[11485, 5]",57,158,64,1
29522,"[11485, 6]",55,57,26,-1
29523,"[11485, 7]",50,0,0,1
29524,"[11485, 8]",49,0,0,-1
29525,"[11485, 9]",47,156,64,-1
29526,"[11485, 10]",41,0,0,1
29527,"[11485, 11]",132,158,64,0
29528,"[11485, 12]",85,0,0,3
29529,"[11485, 13]",81,0,0,0
29530,"[11485, 14]",371,158,64,0
29531,"[11485, 15]",337,2,1,0
29532,"[11486, 0]",1,158,64,0
29533,"[11487, 0]",1,0,0,0
29534,"[11487, 1]",2,2,1,0
29535,"[11488, 0]",1,0,0,0
29536,"[11488, 1]",2,158,64,1
29537,"[11489, 0]",1,0,0,0
29538,"[11489, 1]",2,53,24,0
29539,"[11490, 0]",1,156,64,0
29540,"[11491, 0]",1,57,26,0
29541,"[11492, 0]",1,0,0,0
29542,"[11492, 1]",2,0,0,0
29543,"[11492, 2]",15,158,64,7
29544,"[11493, 0]",1,158,64,0
29545,"[11494, 0]",1,156,64,0
29546,"[11495, 0]",1,156,64,0
29547,"[11496, 0]",1,156,64,0
29548,"[11497, 0]",1,0,0,0
29549,"[11497, 1]",2,41,18,0
29550,"[11498, 0]",1,156,64,0
29551,"[11499, 0]",1,0,0,0
29552,"[11499, 1]",6,0,0,6
29553,"[11499, 2]",5,156,64,1
29554,"[11499, 3]",2,158,64,-1
29555,"[11499, 4]",23,156,64,-1
29556,"[11500, 0]",1,51,24,0
29557,"[11501, 0]",1,0,0,0
29558,"[11501, 1]",3,41,18,0
29559,"[11501, 2]",2,0,0,0
29560,"[11501, 3]",38,0,0,0
29561,"[11501, 4]",37,57,26,0
29562,"[11501, 5]",58,158,64,0
29563,"[11502, 0]",1,158,64,1
29564,"[11503, 0]",1,0,0,0
29565,"[11503, 1]",2,41,18,0
29566,"[11504, 0]",1,0,0,0
29567,"[11504, 1]",2,57,26,76
29568,"[11505, 0]",1,0,0,0
29569,"[11505, 1]",2,57,26,0
29570,"[11506, 0]",1,2,1,0
29571,"[11507, 0]",1,0,0,0
29572,"[11507, 1]",4,158,64,0
29573,"[11507, 2]",2,0,0,0
29574,"[11507, 3]",32,0,0,0
29575,"[11507, 4]",31,0,0,0
29576,"[11507, 5]",81,0,0,0
29577,"[11507, 6]",80,0,0,0
29578,"[11507, 7]",74,0,0,0
29579,"[11507, 8]",73,0,0,0
29580,"[11507, 9]",188,158,64,8
29581,"[11507, 10]",185,0,0,3
29582,"[11507, 11]",182,158,64,0
29583,"[11507, 12]",180,0,0,0
29584,"[11507, 13]",179,0,0,0
29585,"[11507, 14]",147,2,1,0
29586,"[11507, 15]",145,0,0,0
29587,"[11507, 16]",142,2,1,0
29588,"[11507, 17]",296,0,0,0
29589,"[11507, 18]",273,158,64,0
29590,"[11507, 19]",272,0,0,0
29591,"[11507, 20]",269,156,64,0
29592,"[11507, 21]",243,0,0,0
29593,"[11507, 22]",418,158,64,0
29594,"[11507, 23]",381,0,0,0
29595,"[11507, 24]",688,0,0,0
29596,"[11507, 25]",767,0,0,0
29597,"[11507, 26]",853,158,64,0
29598,"[11508, 0]",1,158,64,0
29599,"[11509, 0]",1,0,0,0
29600,"[11509, 1]",2,156,64,0
29601,"[11510, 0]",1,54,24,1
29602,"[11511, 0]",1,0,0,0
29603,"[11511, 1]",2,158,64,0
29604,"[11512, 0]",1,0,0,0
29605,"[11512, 1]",2,156,64,4
29606,"[11513, 0]",1,0,0,0
29607,"[11513, 1]",2,0,0,-1
29608,"[11513, 2]",22,156,64,3
29609,"[11514, 0]",1,63,28,0
29610,"[11515, 0]",1,158,64,0
29611,"[11516, 0]",1,59,28,0
29612,"[11517, 0]",1,0,0,0
29613,"[11517, 1]",7,41,18,0
29614,"[11517, 2]",5,0,0,0
29615,"[11517, 3]",4,0,0,0
29616,"[11517, 4]",3,0,0,0
29617,"[11517, 5]",33,158,64,0
29618,"[11517, 6]",29,0,0,0
29619,"[11517, 7]",25,0,0,0
29620,"[11517, 8]",105,41,18,0
29621,"[11517, 9]",91,158,64,0
29622,"[11518, 0]",1,158,64,1
29623,"[11519, 0]",1,55,26,0
29624,"[11520, 0]",1,0,0,0
29625,"[11520, 1]",2,0,0,0
29626,"[11520, 2]",68,59,28,0
29627,"[11521, 0]",1,0,0,1
29628,"[11521, 1]",2,2,1,-1
29629,"[11522, 0]",1,158,64,0
29630,"[11523, 0]",1,0,0,0
29631,"[11523, 1]",2,158,64,0
29632,"[11524, 0]",1,158,64,0
29633,"[11525, 0]",1,0,0,0
29634,"[11525, 1]",2,0,0,0
29635,"[11525, 2]",17,158,64,0
29636,"[11526, 0]",1,158,64,0
29637,"[11527, 0]",1,0,0,0
29638,"[11527, 1]",3,156,64,0
29639,"[11527, 2]",2,0,0,0
29640,"[11527, 3]",12,0,0,4
29641,"[11527, 4]",25,158,64,-1
29642,"[11528, 0]",1,41,18,0
29643,"[11529, 0]",1,0,0,0
29644,"[11529, 1]",2,57,26,1
29645,"[11530, 0]",1,41,18,0
29646,"[11531, 0]",1,158,64,0
29647,"[11532, 0]",1,0,0,0
29648,"[11532, 1]",2,57,26,0
29649,"[11533, 0]",1,41,18,0
29650,"[11534, 0]",1,41,18,0
29651,"[11535, 0]",1,158,64,0
29652,"[11536, 0]",1,156,64,0
29653,"[11537, 0]",1,64,29,0
29654,"[11538, 0]",1,158,64,1
29655,"[11539, 0]",1,0,0,0
29656,"[11539, 1]",2,158,64,0
29657,"[11540, 0]",1,0,0,0
29658,"[11540, 1]",2,57,26,0
29659,"[11541, 0]",1,158,64,0
29660,"[11542, 0]",1,158,64,1
29661,"[11543, 0]",1,57,26,0
29662,"[11544, 0]",1,158,64,0
29663,"[11545, 0]",1,41,18,0
29664,"[11546, 0]",1,158,64,0
29665,"[11547, 0]",1,41,18,0
29666,"[11548, 0]",1,53,24,0
29667,"[11549, 0]",1,0,0,0
29668,"[11549, 1]",2,0,0,0
29669,"[11549, 2]",74,156,64,0
29670,"[11550, 0]",1,0,0,0
29671,"[11550, 1]",2,158,64,0
29672,"[11551, 0]",1,0,0,0
29673,"[11551, 1]",2,158,64,4
29674,"[11552, 0]",1,41,18,0
29675,"[11553, 0]",1,41,18,0
29676,"[11554, 0]",1,41,18,0
29677,"[11555, 0]",1,0,0,0
29678,"[11555, 1]",2,2,1,0
29679,"[11556, 0]",1,41,18,0
29680,"[11557, 0]",1,0,0,0
29681,"[11557, 1]",2,158,64,0
29682,"[11558, 0]",1,158,64,0
29683,"[11559, 0]",1,158,64,0
29684,"[11560, 0]",1,61,28,0
29685,"[11561, 0]",1,0,0,1
29686,"[11561, 1]",2,41,18,0
29687,"[11562, 0]",1,0,0,0
29688,"[11562, 1]",3,57,26,0
29689,"[11562, 2]",2,0,0,0
29690,"[11562, 3]",18,0,0,0
29691,"[11562, 4]",96,41,18,0
29692,"[11563, 0]",1,61,28,0
29693,"[11564, 0]",1,156,64,0
29694,"[11565, 0]",1,158,64,0
29695,"[11566, 0]",1,156,64,0
29696,"[11567, 0]",1,156,64,0
29697,"[11568, 0]",1,0,0,0
29698,"[11568, 1]",2,158,64,0
29699,"[11569, 0]",1,2,1,0
29700,"[11570, 0]",1,0,0,0
29701,"[11570, 1]",6,158,64,0
29702,"[11570, 2]",5,158,64,0
29703,"[11570, 3]",3,0,0,0
29704,"[11570, 4]",2,0,0,0
29705,"[11570, 5]",51,158,64,0
29706,"[11570, 6]",46,158,64,0
29707,"[11571, 0]",1,0,0,0
29708,"[11571, 1]",3,0,0,0
29709,"[11571, 2]",2,0,0,0
29710,"[11571, 3]",38,41,18,0
29711,"[11571, 4]",37,0,0,0
29712,"[11571, 5]",32,0,0,0
29713,"[11571, 6]",85,57,26,0
29714,"[11571, 7]",47,0,0,0
29715,"[11571, 8]",147,0,0,0
29716,"[11571, 9]",146,158,64,0
29717,"[11571, 10]",201,158,64,0
29718,"[11572, 0]",1,0,0,0
29719,"[11572, 1]",2,158,64,-1
29720,"[11573, 0]",1,2,1,0
29721,"[11574, 0]",1,0,0,0
29722,"[11574, 1]",2,158,64,0
29723,"[11575, 0]",1,0,0,0
29724,"[11575, 1]",2,41,18,0
29725,"[11576, 0]",1,0,0,0
29726,"[11576, 1]",2,158,64,0
29727,"[11577, 0]",1,0,0,0
29728,"[11577, 1]",2,0,0,0
29729,"[11577, 2]",83,0,0,0
29730,"[11577, 3]",100,158,64,0
29731,"[11578, 0]",1,41,18,0
29732,"[11579, 0]",1,156,64,0
29733,"[11580, 0]",1,0,0,0
29734,"[11580, 1]",2,0,0,0
29735,"[11580, 2]",16,158,64,0
29736,"[11581, 0]",1,0,0,0
29737,"[11581, 1]",3,0,0,0
29738,"[11581, 2]",2,0,0,0
29739,"[11581, 3]",30,0,0,-1
29740,"[11581, 4]",26,158,64,0
29741,"[11581, 5]",40,57,26,6
29742,"[11582, 0]",1,158,64,0
29743,"[11583, 0]",1,0,0,0
29744,"[11583, 1]",6,57,26,0
29745,"[11583, 2]",4,0,0,0
29746,"[11583, 3]",3,0,0,0
29747,"[11583, 4]",2,0,0,0
29748,"[11583, 5]",34,0,0,0
29749,"[11583, 6]",29,57,26,0
29750,"[11583, 7]",26,158,64,0
29751,"[11583, 8]",50,158,64,0
29752,"[11584, 0]",1,0,0,0
29753,"[11584, 1]",3,0,0,0
29754,"[11584, 2]",2,0,0,0
29755,"[11584, 3]",32,158,64,0
29756,"[11584, 4]",31,0,0,0
29757,"[11584, 5]",29,0,0,0
29758,"[11584, 6]",27,0,0,0
29759,"[11584, 7]",26,0,0,0
29760,"[11584, 8]",72,0,0,0
29761,"[11584, 9]",68,158,64,0
29762,"[11584, 10]",59,158,64,-1
29763,"[11584, 11]",56,41,18,0
29764,"[11584, 12]",99,158,64,0
29765,"[11585, 0]",1,158,64,0
29766,"[11586, 0]",1,0,0,0
29767,"[11586, 1]",2,158,64,0
29768,"[11587, 0]",1,0,0,0
29769,"[11587, 1]",3,0,0,0
29770,"[11587, 2]",2,158,64,0
29771,"[11587, 3]",17,57,26,0
29772,"[11588, 0]",1,41,18,0
29773,"[11589, 0]",1,0,0,0
29774,"[11589, 1]",3,2,1,0
29775,"[11589, 2]",2,0,0,0
29776,"[11589, 3]",36,158,64,11
29777,"[11590, 0]",1,0,0,0
29778,"[11590, 1]",2,158,64,3
29779,"[11591, 0]",1,0,0,0
29780,"[11591, 1]",2,158,64,0
29781,"[11592, 0]",1,0,0,0
29782,"[11592, 1]",5,41,18,0
29783,"[11592, 2]",4,0,0,0
29784,"[11592, 3]",3,0,0,0
29785,"[11592, 4]",2,0,0,0
29786,"[11592, 5]",59,57,26,0
29787,"[11592, 6]",56,0,0,0
29788,"[11592, 7]",50,41,18,0
29789,"[11592, 8]",99,158,64,0
29790,"[11593, 0]",1,41,18,0
29791,"[11594, 0]",1,158,64,0
29792,"[11595, 0]",1,158,64,0
29793,"[11596, 0]",1,0,0,0
29794,"[11596, 1]",2,57,26,0
29795,"[11597, 0]",1,41,18,0
29796,"[11598, 0]",1,0,0,0
29797,"[11598, 1]",2,158,64,0
29798,"[11599, 0]",1,0,0,0
29799,"[11599, 1]",2,55,26,0
29800,"[11600, 0]",1,156,64,0
29801,"[11601, 0]",1,2,1,0
29802,"[11602, 0]",1,41,18,0
29803,"[11603, 0]",1,57,26,0
29804,"[11604, 0]",1,41,18,0
29805,"[11605, 0]",1,0,0,0
29806,"[11605, 1]",6,0,0,0
29807,"[11605, 2]",5,158,64,0
29808,"[11605, 3]",2,0,0,0
29809,"[11605, 4]",39,158,64,0
29810,"[11605, 5]",38,54,24,0
29811,"[11605, 6]",36,0,0,0
29812,"[11605, 7]",34,0,0,0
29813,"[11605, 8]",17,158,64,0
29814,"[11605, 9]",76,41,18,0
29815,"[11605, 10]",74,59,28,0
29816,"[11605, 11]",73,64,29,0
29817,"[11605, 12]",72,0,0,0
29818,"[11605, 13]",66,0,0,0
29819,"[11605, 14]",270,158,64,0
29820,"[11605, 15]",269,0,0,0
29821,"[11605, 16]",226,0,0,0
29822,"[11605, 17]",361,0,0,0
29823,"[11605, 18]",339,158,64,9
29824,"[11605, 19]",486,156,64,4
29825,"[11606, 0]",1,0,0,0
29826,"[11606, 1]",2,158,64,0
29827,"[11607, 0]",1,158,64,0
29828,"[11608, 0]",1,158,64,0
29829,"[11609, 0]",1,158,64,0
29830,"[11610, 0]",1,158,64,1
29831,"[11611, 0]",1,0,0,0
29832,"[11611, 1]",2,57,26,0
29833,"[11612, 0]",1,0,0,0
29834,"[11612, 1]",2,156,64,0
29835,"[11613, 0]",1,0,0,1
29836,"[11613, 1]",2,57,26,1
29837,"[11614, 0]",1,158,64,0
29838,"[11615, 0]",1,41,18,0
29839,"[11616, 0]",1,158,64,0
29840,"[11617, 0]",1,0,0,0
29841,"[11617, 1]",3,0,0,0
29842,"[11617, 2]",2,0,0,0
29843,"[11617, 3]",41,0,0,0
29844,"[11617, 4]",40,0,0,0
29845,"[11617, 5]",39,0,0,0
29846,"[11617, 6]",35,158,64,0
29847,"[11617, 7]",102,0,0,0
29848,"[11617, 8]",95,57,26,-1
29849,"[11617, 9]",94,0,0,-1
29850,"[11617, 10]",90,41,18,0
29851,"[11617, 11]",264,158,64,-1
29852,"[11617, 12]",204,158,64,-1
29853,"[11618, 0]",1,0,0,0
29854,"[11618, 1]",8,158,64,0
29855,"[11618, 2]",7,41,18,0
29856,"[11618, 3]",6,41,18,0
29857,"[11618, 4]",5,54,24,0
29858,"[11618, 5]",4,0,0,0
29859,"[11618, 6]",31,158,64,0
29860,"[11619, 0]",1,0,0,0
29861,"[11619, 1]",2,41,18,0
29862,"[11620, 0]",1,0,0,0
29863,"[11620, 1]",2,0,0,0
29864,"[11620, 2]",22,57,26,0
29865,"[11621, 0]",1,51,24,0
29866,"[11622, 0]",1,0,0,0
29867,"[11622, 1]",2,41,18,0
29868,"[11623, 0]",1,0,0,0
29869,"[11623, 1]",2,158,64,2
29870,"[11624, 0]",1,0,0,0
29871,"[11624, 1]",3,41,18,0
29872,"[11624, 2]",2,2,1,0
29873,"[11625, 0]",1,0,0,0
29874,"[11625, 1]",12,41,18,0
29875,"[11625, 2]",10,0,0,0
29876,"[11625, 3]",9,0,0,0
29877,"[11625, 4]",4,0,0,0
29878,"[11625, 5]",3,0,0,0
29879,"[11625, 6]",2,0,0,0
29880,"[11625, 7]",71,0,0,0
29881,"[11625, 8]",69,0,0,0
29882,"[11625, 9]",66,158,64,0
29883,"[11625, 10]",65,0,0,0
29884,"[11625, 11]",56,156,64,0
29885,"[11625, 12]",49,2,1,0
29886,"[11625, 13]",45,158,64,0
29887,"[11625, 14]",143,41,18,0
29888,"[11625, 15]",118,158,64,0
29889,"[11625, 16]",116,0,0,0
29890,"[11625, 17]",102,41,18,0
29891,"[11625, 18]",549,0,0,0
29892,"[11625, 19]",635,0,0,0
29893,"[11625, 20]",891,158,64,-1
29894,"[11626, 0]",1,0,0,0
29895,"[11626, 1]",2,41,18,0
29896,"[11627, 0]",1,0,0,0
29897,"[11627, 1]",2,0,0,0
29898,"[11627, 2]",26,57,26,10
29899,"[11628, 0]",1,0,0,0
29900,"[11628, 1]",2,2,1,0
29901,"[11629, 0]",1,2,1,0
29902,"[11630, 0]",1,0,0,1
29903,"[11630, 1]",5,156,64,0
29904,"[11630, 2]",3,158,64,0
29905,"[11630, 3]",2,0,0,0
29906,"[11630, 4]",57,59,28,0
29907,"[11630, 5]",54,0,0,0
29908,"[11630, 6]",53,0,0,0
29909,"[11630, 7]",52,0,0,0
29910,"[11630, 8]",51,0,0,0
29911,"[11630, 9]",100,0,0,0
29912,"[11630, 10]",98,0,0,0
29913,"[11630, 11]",90,57,26,0
29914,"[11630, 12]",85,41,18,0
29915,"[11630, 13]",80,158,64,0
29916,"[11630, 14]",178,158,64,0
29917,"[11630, 15]",176,0,0,0
29918,"[11630, 16]",175,0,0,0
29919,"[11630, 17]",159,41,18,0
29920,"[11630, 18]",469,158,64,0
29921,"[11630, 19]",465,41,18,0
29922,"[11631, 0]",1,57,26,0
29923,"[11632, 0]",1,0,0,0
29924,"[11632, 1]",2,158,64,0
29925,"[11633, 0]",1,0,0,0
29926,"[11634, 0]",1,158,64,0
29927,"[11635, 0]",1,158,64,1
29928,"[11636, 0]",1,158,64,0
29929,"[11637, 0]",1,0,0,0
29930,"[11637, 1]",2,41,18,0
29931,"[11638, 0]",1,0,0,0
29932,"[11638, 1]",6,57,26,0
29933,"[11638, 2]",4,0,0,0
29934,"[11638, 3]",3,0,0,0
29935,"[11638, 4]",2,0,0,0
29936,"[11638, 5]",48,0,0,0
29937,"[11638, 6]",47,0,0,0
29938,"[11638, 7]",42,57,26,0
29939,"[11638, 8]",39,158,64,0
29940,"[11638, 9]",62,0,0,0
29941,"[11638, 10]",59,41,18,26
29942,"[11638, 11]",257,41,18,0
29943,"[11639, 0]",1,158,64,0
29944,"[11640, 0]",1,0,0,0
29945,"[11640, 1]",2,158,64,1
29946,"[11641, 0]",1,0,0,0
29947,"[11641, 1]",2,158,64,0
29948,"[11642, 0]",1,0,0,0
29949,"[11642, 1]",5,158,64,0
29950,"[11642, 2]",3,156,64,0
29951,"[11642, 3]",2,0,0,0
29952,"[11642, 4]",24,0,0,0
29953,"[11642, 5]",47,158,64,6
29954,"[11643, 0]",1,41,18,0
29955,"[11644, 0]",1,2,1,0
29956,"[11645, 0]",1,156,64,0
29957,"[11646, 0]",1,0,0,0
29958,"[11646, 1]",8,0,0,0
29959,"[11646, 2]",7,0,0,0
29960,"[11646, 3]",5,0,0,0
29961,"[11646, 4]",3,0,0,0
29962,"[11646, 5]",2,0,0,0
29963,"[11646, 6]",58,156,64,0
29964,"[11646, 7]",56,0,0,0
29965,"[11646, 8]",54,57,26,0
29966,"[11646, 9]",53,158,64,0
29967,"[11646, 10]",51,0,0,0
29968,"[11646, 11]",44,0,0,0
29969,"[11646, 12]",29,0,0,0
29970,"[11646, 13]",24,158,64,0
29971,"[11646, 14]",151,57,26,0
29972,"[11646, 15]",140,41,18,0
29973,"[11646, 16]",97,41,18,0
29974,"[11646, 17]",78,158,64,0
29975,"[11646, 18]",75,0,0,0
29976,"[11646, 19]",337,0,0,0
29977,"[11646, 20]",428,0,0,0
29978,"[11646, 21]",698,0,0,0
29979,"[11646, 22]",771,0,0,0
29980,"[11646, 23]",882,158,64,0
29981,"[11647, 0]",1,2,1,0
29982,"[11648, 0]",1,158,64,0
29983,"[11649, 0]",1,61,28,0
29984,"[11650, 0]",1,0,0,0
29985,"[11650, 1]",2,41,18,9
29986,"[11651, 0]",1,0,0,0
29987,"[11651, 1]",2,0,0,-1
29988,"[11651, 2]",44,156,64,-1
29989,"[11651, 3]",43,0,0,-1
29990,"[11651, 4]",93,0,0,-1
29991,"[11651, 5]",134,158,64,-1
29992,"[11651, 6]",133,158,64,-1
29993,"[11652, 0]",1,0,0,0
29994,"[11652, 1]",2,0,0,-1
29995,"[11652, 2]",17,57,26,1
29996,"[11653, 0]",1,0,0,0
29997,"[11653, 1]",2,41,18,0
29998,"[11654, 0]",1,57,26,0
29999,"[11655, 0]",1,0,0,0
30000,"[11655, 1]",7,0,0,0
30001,"[11655, 2]",5,0,0,0
30002,"[11655, 3]",4,0,0,0
30003,"[11655, 4]",3,0,0,0
30004,"[11655, 5]",2,0,0,0
30005,"[11655, 6]",54,158,64,0
30006,"[11655, 7]",53,158,64,0
30007,"[11655, 8]",47,158,64,0
30008,"[11655, 9]",42,41,18,0
30009,"[11655, 10]",39,0,0,0
30010,"[11655, 11]",28,57,26,0
30011,"[11655, 12]",167,41,18,0
30012,"[11656, 0]",1,57,26,0
30013,"[11657, 0]",1,57,26,0
30014,"[11658, 0]",1,0,0,0
30015,"[11658, 1]",2,158,64,0
30016,"[11659, 0]",1,158,64,0
30017,"[11660, 0]",1,156,64,0
30018,"[11661, 0]",1,0,0,0
30019,"[11661, 1]",2,57,26,0
30020,"[11662, 0]",1,41,18,0
30021,"[11663, 0]",1,0,0,0
30022,"[11663, 1]",2,2,1,0
30023,"[11664, 0]",1,57,26,0
30024,"[11665, 0]",1,41,18,0
30025,"[11666, 0]",1,54,24,0
30026,"[11667, 0]",1,2,1,0
30027,"[11668, 0]",1,57,26,0
30028,"[11669, 0]",1,41,18,0
30029,"[11670, 0]",1,156,64,0
30030,"[11671, 0]",1,2,1,0
30031,"[11672, 0]",1,0,0,1
30032,"[11672, 1]",2,158,64,-1
30033,"[11673, 0]",1,0,0,0
30034,"[11673, 1]",2,41,18,0
30035,"[11674, 0]",1,158,64,0
30036,"[11675, 0]",1,0,0,1
30037,"[11675, 1]",2,0,0,0
30038,"[11675, 2]",22,0,0,0
30039,"[11675, 3]",37,158,64,-1
30040,"[11676, 0]",1,156,64,0
30041,"[11677, 0]",1,0,0,0
30042,"[11677, 1]",2,41,18,0
30043,"[11678, 0]",1,158,64,0
30044,"[11679, 0]",1,158,64,0
30045,"[11680, 0]",1,57,26,0
30046,"[11681, 0]",1,158,64,1
30047,"[11682, 0]",1,54,24,0
30048,"[11683, 0]",1,0,0,0
30049,"[11683, 1]",2,158,64,0
30050,"[11684, 0]",1,0,0,0
30051,"[11684, 1]",3,0,0,0
30052,"[11684, 2]",2,0,0,0
30053,"[11684, 3]",64,2,1,0
30054,"[11684, 4]",63,0,0,0
30055,"[11684, 5]",61,0,0,0
30056,"[11684, 6]",59,0,0,0
30057,"[11684, 7]",55,158,64,0
30058,"[11684, 8]",54,54,24,0
30059,"[11684, 9]",101,158,64,0
30060,"[11684, 10]",93,0,0,0
30061,"[11684, 11]",84,57,26,0
30062,"[11684, 12]",414,41,18,2
30063,"[11685, 0]",1,158,64,0
30064,"[11686, 0]",1,0,0,0
30065,"[11686, 1]",2,0,0,-1
30066,"[11686, 2]",20,158,64,-1
30067,"[11686, 3]",18,158,64,-1
30068,"[11687, 0]",1,158,64,0
30069,"[11688, 0]",1,156,64,0
30070,"[11689, 0]",1,0,0,0
30071,"[11689, 1]",3,41,18,0
30072,"[11689, 2]",2,0,0,0
30073,"[11689, 3]",12,41,18,0
30074,"[11690, 0]",1,156,64,0
30075,"[11691, 0]",1,41,18,0
30076,"[11692, 0]",1,0,0,0
30077,"[11692, 1]",2,158,64,1
30078,"[11693, 0]",1,41,18,0
30079,"[11694, 0]",1,0,0,0
30080,"[11694, 1]",4,0,0,0
30081,"[11694, 2]",3,0,0,0
30082,"[11694, 3]",2,0,0,0
30083,"[11694, 4]",43,158,64,0
30084,"[11694, 5]",42,41,18,0
30085,"[11694, 6]",40,0,0,0
30086,"[11694, 7]",38,0,0,0
30087,"[11694, 8]",37,0,0,0
30088,"[11694, 9]",32,0,0,0
30089,"[11694, 10]",28,0,0,0
30090,"[11694, 11]",133,158,64,0
30091,"[11694, 12]",110,0,0,0
30092,"[11694, 13]",75,158,64,0
30093,"[11694, 14]",73,0,0,0
30094,"[11694, 15]",71,0,0,0
30095,"[11694, 16]",64,158,64,0
30096,"[11694, 17]",61,158,64,0
30097,"[11694, 18]",267,41,18,0
30098,"[11694, 19]",265,0,0,0
30099,"[11694, 20]",256,41,18,0
30100,"[11694, 21]",225,0,0,0
30101,"[11694, 22]",605,158,64,0
30102,"[11694, 23]",603,37,18,0
30103,"[11694, 24]",601,0,0,0
30104,"[11694, 25]",468,0,0,0
30105,"[11694, 26]",858,158,64,0
30106,"[11694, 27]",757,158,64,0
30107,"[11695, 0]",1,41,18,0
30108,"[11696, 0]",1,0,0,0
30109,"[11696, 1]",2,158,64,0
30110,"[11697, 0]",1,2,1,0
30111,"[11698, 0]",1,2,1,0
30112,"[11699, 0]",1,0,0,0
30113,"[11699, 1]",2,158,64,0
30114,"[11700, 0]",1,158,64,0
30115,"[11701, 0]",1,158,64,0
30116,"[11702, 0]",1,158,64,0
30117,"[11703, 0]",1,158,64,0
30118,"[11704, 0]",1,0,0,0
30119,"[11704, 1]",2,0,0,0
30120,"[11704, 2]",24,57,26,0
30121,"[11705, 0]",1,57,26,0
30122,"[11706, 0]",1,0,0,0
30123,"[11706, 1]",2,2,1,0
30124,"[11707, 0]",1,57,26,0
30125,"[11708, 0]",1,158,64,0
30126,"[11709, 0]",1,0,0,0
30127,"[11709, 1]",2,0,0,0
30128,"[11709, 2]",24,2,1,0
30129,"[11710, 0]",1,0,0,0
30130,"[11710, 1]",2,41,18,0
30131,"[11711, 0]",1,0,0,0
30132,"[11711, 1]",2,57,26,4
30133,"[11712, 0]",1,0,0,0
30134,"[11712, 1]",2,158,64,0
30135,"[11713, 0]",1,158,64,0
30136,"[11714, 0]",1,158,64,0
30137,"[11715, 0]",1,2,1,0
30138,"[11716, 0]",1,0,0,0
30139,"[11716, 1]",7,2,1,0
30140,"[11716, 2]",6,41,18,0
30141,"[11716, 3]",2,0,0,0
30142,"[11716, 4]",50,0,0,0
30143,"[11716, 5]",70,0,0,0
30144,"[11716, 6]",168,41,18,3
30145,"[11717, 0]",1,158,64,0
30146,"[11718, 0]",1,158,64,0
30147,"[11719, 0]",1,0,0,0
30148,"[11719, 1]",5,41,18,0
30149,"[11719, 2]",4,0,0,0
30150,"[11719, 3]",2,0,0,0
30151,"[11719, 4]",43,0,0,0
30152,"[11719, 5]",24,57,26,0
30153,"[11719, 6]",114,0,0,0
30154,"[11719, 7]",195,57,26,0
30155,"[11720, 0]",1,57,26,0
30156,"[11721, 0]",1,41,18,0
30157,"[11722, 0]",1,0,0,0
30158,"[11722, 1]",3,0,0,0
30159,"[11722, 2]",2,0,0,0
30160,"[11722, 3]",29,0,0,-1
30161,"[11722, 4]",27,0,0,-1
30162,"[11722, 5]",24,57,26,0
30163,"[11722, 6]",69,57,26,-1
30164,"[11722, 7]",55,41,18,2
30165,"[11723, 0]",1,158,64,0
30166,"[11724, 0]",1,41,18,0
30167,"[11725, 0]",1,0,0,0
30168,"[11725, 1]",4,57,26,0
30169,"[11725, 2]",2,0,0,0
30170,"[11725, 3]",34,0,0,0
30171,"[11725, 4]",93,158,64,0
30172,"[11726, 0]",1,158,64,0
30173,"[11727, 0]",1,158,64,0
30174,"[11728, 0]",1,57,26,0
30175,"[11729, 0]",1,158,64,0
30176,"[11730, 0]",1,0,0,0
30177,"[11730, 1]",5,41,18,0
30178,"[11730, 2]",4,2,1,0
30179,"[11730, 3]",2,0,0,0
30180,"[11730, 4]",37,158,64,0
30181,"[11730, 5]",35,156,64,0
30182,"[11731, 0]",1,158,64,1
30183,"[11732, 0]",1,0,0,0
30184,"[11732, 1]",2,158,64,0
30185,"[11733, 0]",1,156,64,1
30186,"[11734, 0]",1,158,64,0
30187,"[11735, 0]",1,0,0,0
30188,"[11736, 0]",1,0,0,0
30189,"[11736, 1]",2,0,0,0
30190,"[11736, 2]",48,158,64,0
30191,"[11737, 0]",1,41,18,0
30192,"[11738, 0]",1,0,0,0
30193,"[11738, 1]",2,0,0,0
30194,"[11738, 2]",48,0,0,0
30195,"[11738, 3]",63,158,64,-1
30196,"[11739, 0]",1,158,64,0
30197,"[11740, 0]",1,0,0,0
30198,"[11740, 1]",6,158,64,0
30199,"[11740, 2]",4,41,18,0
30200,"[11740, 3]",3,0,0,0
30201,"[11740, 4]",23,57,26,0
30202,"[11741, 0]",1,0,0,0
30203,"[11741, 1]",2,158,64,0
30204,"[11742, 0]",1,0,0,0
30205,"[11742, 1]",2,0,0,0
30206,"[11742, 2]",55,0,0,0
30207,"[11742, 3]",128,158,64,0
30208,"[11743, 0]",1,0,0,0
30209,"[11743, 1]",2,158,64,2
30210,"[11744, 0]",1,158,64,0
30211,"[11745, 0]",1,2,1,0
30212,"[11746, 0]",1,0,0,0
30213,"[11746, 1]",2,158,64,0
30214,"[11747, 0]",1,0,0,0
30215,"[11747, 1]",3,0,0,0
30216,"[11747, 2]",2,0,0,0
30217,"[11747, 3]",42,158,64,-1
30218,"[11747, 4]",40,158,64,-1
30219,"[11747, 5]",36,0,0,-1
30220,"[11747, 6]",35,0,0,-1
30221,"[11747, 7]",31,0,0,0
30222,"[11747, 8]",134,158,64,0
30223,"[11747, 9]",132,0,0,0
30224,"[11747, 10]",105,158,64,-1
30225,"[11747, 11]",104,158,64,-1
30226,"[11747, 12]",103,0,0,-1
30227,"[11747, 13]",98,158,64,-1
30228,"[11747, 14]",97,0,0,-1
30229,"[11747, 15]",287,158,64,-1
30230,"[11747, 16]",254,156,64,-1
30231,"[11747, 17]",253,158,64,-1
30232,"[11747, 18]",191,0,0,0
30233,"[11747, 19]",813,158,64,0
30234,"[11748, 0]",1,0,0,0
30235,"[11748, 1]",2,0,0,-1
30236,"[11748, 2]",23,158,64,-1
30237,"[11749, 0]",1,0,0,0
30238,"[11749, 1]",4,41,18,0
30239,"[11749, 2]",2,0,0,0
30240,"[11749, 3]",36,57,26,0
30241,"[11749, 4]",34,0,0,0
30242,"[11749, 5]",78,0,0,0
30243,"[11749, 6]",166,59,28,0
30244,"[11750, 0]",1,57,26,0
30245,"[11751, 0]",1,0,0,0
30246,"[11751, 1]",2,57,26,0
30247,"[11752, 0]",1,0,0,0
30248,"[11752, 1]",2,158,64,0
30249,"[11753, 0]",1,0,0,0
30250,"[11753, 1]",2,0,0,0
30251,"[11753, 2]",37,158,64,0
30252,"[11754, 0]",1,0,0,0
30253,"[11754, 1]",2,0,0,0
30254,"[11754, 2]",19,0,0,0
30255,"[11754, 3]",37,59,28,4
30256,"[11755, 0]",1,158,64,1
30257,"[11756, 0]",1,57,26,0
30258,"[11757, 0]",1,57,26,0
30259,"[11758, 0]",1,158,64,0
30260,"[11759, 0]",1,57,26,0
30261,"[11760, 0]",1,0,0,0
30262,"[11760, 1]",2,57,26,0
30263,"[11761, 0]",1,158,64,0
30264,"[11762, 0]",1,2,1,0
30265,"[11763, 0]",1,41,18,0
30266,"[11764, 0]",1,57,26,0
30267,"[11765, 0]",1,41,18,0
30268,"[11766, 0]",1,0,0,0
30269,"[11766, 1]",2,0,0,0
30270,"[11766, 2]",35,158,64,0
30271,"[11767, 0]",1,0,0,0
30272,"[11767, 1]",3,0,0,0
30273,"[11767, 2]",2,158,64,0
30274,"[11767, 3]",27,2,1,0
30275,"[11768, 0]",1,0,0,0
30276,"[11768, 1]",6,0,0,0
30277,"[11768, 2]",5,0,0,0
30278,"[11768, 3]",4,0,0,0
30279,"[11768, 4]",2,0,0,0
30280,"[11768, 5]",32,0,0,0
30281,"[11768, 6]",31,0,0,0
30282,"[11768, 7]",24,0,0,-1
30283,"[11768, 8]",18,41,18,0
30284,"[11768, 9]",13,158,64,0
30285,"[11768, 10]",112,2,1,7
30286,"[11768, 11]",57,158,64,0
30287,"[11768, 12]",54,156,64,0
30288,"[11769, 0]",1,156,64,0
30289,"[11770, 0]",1,0,0,0
30290,"[11770, 1]",2,2,1,0
30291,"[11771, 0]",1,0,0,0
30292,"[11771, 1]",3,2,1,0
30293,"[11771, 2]",2,57,26,0
30294,"[11772, 0]",1,158,64,0
30295,"[11773, 0]",1,0,0,0
30296,"[11773, 1]",2,158,64,0
30297,"[11774, 0]",1,54,24,0
30298,"[11775, 0]",1,0,0,0
30299,"[11775, 1]",2,2,1,0
30300,"[11776, 0]",1,57,26,0
30301,"[11777, 0]",1,0,0,0
30302,"[11777, 1]",5,57,26,0
30303,"[11777, 2]",3,0,0,0
30304,"[11777, 3]",2,0,0,0
30305,"[11777, 4]",32,0,0,0
30306,"[11777, 5]",27,57,26,0
30307,"[11777, 6]",43,158,64,0
30308,"[11778, 0]",1,158,64,0
30309,"[11779, 0]",1,41,18,0
30310,"[11780, 0]",1,158,64,0
30311,"[11781, 0]",1,0,0,0
30312,"[11781, 1]",6,0,0,0
30313,"[11781, 2]",5,0,0,0
30314,"[11781, 3]",4,0,0,0
30315,"[11781, 4]",24,158,64,0
30316,"[11781, 5]",18,156,64,0
30317,"[11781, 6]",15,158,64,0
30318,"[11782, 0]",1,0,0,0
30319,"[11782, 1]",2,158,64,-1
30320,"[11783, 0]",1,0,0,0
30321,"[11783, 1]",4,156,64,0
30322,"[11783, 2]",46,0,0,0
30323,"[11783, 3]",45,0,0,0
30324,"[11783, 4]",41,0,0,0
30325,"[11783, 5]",40,0,0,0
30326,"[11783, 6]",75,0,0,0
30327,"[11783, 7]",74,0,0,0
30328,"[11783, 8]",70,41,18,0
30329,"[11783, 9]",69,158,64,0
30330,"[11783, 10]",62,156,64,0
30331,"[11783, 11]",58,41,18,0
30332,"[11783, 12]",261,0,0,1
30333,"[11783, 13]",253,0,0,0
30334,"[11783, 14]",629,158,64,0
30335,"[11783, 15]",554,158,64,0
30336,"[11783, 16]",553,57,26,0
30337,"[11783, 17]",551,41,18,0
30338,"[11784, 0]",1,41,18,0
30339,"[11785, 0]",1,0,0,0
30340,"[11785, 1]",2,158,64,0
30341,"[11786, 0]",1,2,1,0
30342,"[11787, 0]",1,0,0,0
30343,"[11787, 1]",2,158,64,3
30344,"[11788, 0]",1,158,64,0
30345,"[11789, 0]",1,158,64,0
30346,"[11790, 0]",1,41,18,0
30347,"[11791, 0]",1,41,18,0
30348,"[11792, 0]",1,41,18,0
30349,"[11793, 0]",1,0,0,0
30350,"[11793, 1]",2,2,1,0
30351,"[11794, 0]",1,0,0,0
30352,"[11794, 1]",2,57,26,-1
30353,"[11795, 0]",1,158,64,0
30354,"[11796, 0]",1,0,0,0
30355,"[11796, 1]",2,0,0,0
30356,"[11796, 2]",14,158,64,1
30357,"[11797, 0]",1,0,0,0
30358,"[11797, 1]",2,0,0,0
30359,"[11797, 2]",29,158,64,-1
30360,"[11798, 0]",1,158,64,0
30361,"[11799, 0]",1,0,0,0
30362,"[11799, 1]",2,0,0,0
30363,"[11799, 2]",27,57,26,-1
30364,"[11800, 0]",1,58,26,0
30365,"[11801, 0]",1,0,0,0
30366,"[11801, 1]",2,2,1,0
30367,"[11802, 0]",1,0,0,0
30368,"[11802, 1]",2,0,0,0
30369,"[11802, 2]",20,156,64,7
30370,"[11803, 0]",1,0,0,0
30371,"[11803, 1]",2,156,64,0
30372,"[11804, 0]",1,158,64,1
30373,"[11805, 0]",1,41,18,0
30374,"[11806, 0]",1,0,0,0
30375,"[11806, 1]",2,158,64,0
30376,"[11807, 0]",1,0,0,0
30377,"[11807, 1]",2,158,64,0
30378,"[11808, 0]",1,0,0,0
30379,"[11808, 1]",2,0,0,0
30380,"[11808, 2]",77,0,0,0
30381,"[11808, 3]",89,2,1,0
30382,"[11809, 0]",1,156,64,0
30383,"[11810, 0]",1,0,0,0
30384,"[11810, 1]",2,0,0,0
30385,"[11810, 2]",20,158,64,0
30386,"[11811, 0]",1,0,0,0
30387,"[11811, 1]",2,41,18,0
30388,"[11812, 0]",1,57,26,0
30389,"[11813, 0]",1,0,0,0
30390,"[11813, 1]",2,0,0,0
30391,"[11813, 2]",39,158,64,0
30392,"[11814, 0]",1,0,0,0
30393,"[11814, 1]",3,2,1,0
30394,"[11814, 2]",2,2,1,0
30395,"[11815, 0]",1,156,64,0
30396,"[11816, 0]",1,158,64,0
30397,"[11817, 0]",1,0,0,0
30398,"[11817, 1]",2,158,64,0
30399,"[11818, 0]",1,0,0,0
30400,"[11818, 1]",2,0,0,0
30401,"[11818, 2]",14,158,64,8
30402,"[11819, 0]",1,158,64,0
30403,"[11820, 0]",1,41,18,0
30404,"[11821, 0]",1,0,0,0
30405,"[11821, 1]",2,156,64,0
30406,"[11822, 0]",1,0,0,0
30407,"[11822, 1]",2,0,0,0
30408,"[11822, 2]",19,0,0,0
30409,"[11822, 3]",46,158,64,4
30410,"[11823, 0]",1,57,26,0
30411,"[11824, 0]",1,0,0,0
30412,"[11824, 1]",7,158,64,0
30413,"[11824, 2]",6,57,26,0
30414,"[11824, 3]",3,0,0,0
30415,"[11824, 4]",2,0,0,0
30416,"[11824, 5]",43,158,64,0
30417,"[11824, 6]",39,0,0,0
30418,"[11824, 7]",135,158,64,0
30419,"[11825, 0]",1,158,64,0
30420,"[11826, 0]",1,158,64,0
30421,"[11827, 0]",1,158,64,0
30422,"[11828, 0]",1,57,26,0
30423,"[11829, 0]",1,0,0,0
30424,"[11829, 1]",2,0,0,0
30425,"[11829, 2]",43,158,64,0
30426,"[11830, 0]",1,2,1,0
30427,"[11831, 0]",1,0,0,0
30428,"[11831, 1]",2,156,64,1
30429,"[11832, 0]",1,0,0,0
30430,"[11832, 1]",12,158,64,0
30431,"[11832, 2]",11,41,18,0
30432,"[11832, 3]",6,0,0,0
30433,"[11832, 4]",5,0,0,0
30434,"[11832, 5]",4,0,0,0
30435,"[11832, 6]",3,0,0,0
30436,"[11832, 7]",2,0,0,0
30437,"[11832, 8]",73,0,0,0
30438,"[11832, 9]",72,0,0,0
30439,"[11832, 10]",68,156,64,0
30440,"[11832, 11]",67,0,0,0
30441,"[11832, 12]",60,41,18,0
30442,"[11832, 13]",56,41,18,0
30443,"[11832, 14]",51,0,0,0
30444,"[11832, 15]",219,57,26,0
30445,"[11832, 16]",135,64,29,0
30446,"[11832, 17]",104,158,64,8
30447,"[11832, 18]",101,158,64,0
30448,"[11833, 0]",1,41,18,0
30449,"[11834, 0]",1,41,18,0
30450,"[11835, 0]",1,158,64,1
30451,"[11836, 0]",1,0,0,0
30452,"[11836, 1]",4,158,64,0
30453,"[11836, 2]",2,0,0,0
30454,"[11836, 3]",36,0,0,0
30455,"[11836, 4]",35,55,26,0
30456,"[11836, 5]",41,57,26,0
30457,"[11837, 0]",1,158,64,0
30458,"[11838, 0]",1,0,0,0
30459,"[11838, 1]",2,158,64,0
30460,"[11839, 0]",1,0,0,0
30461,"[11839, 1]",2,158,64,0
30462,"[11840, 0]",1,41,18,0
30463,"[11841, 0]",1,0,0,0
30464,"[11841, 1]",2,0,0,0
30465,"[11841, 2]",18,158,64,0
30466,"[11842, 0]",1,0,0,0
30467,"[11842, 1]",2,158,64,0
30468,"[11843, 0]",1,158,64,0
30469,"[11844, 0]",1,41,18,0
30470,"[11845, 0]",1,0,0,0
30471,"[11845, 1]",2,156,64,0
30472,"[11846, 0]",1,158,64,0
30473,"[11847, 0]",1,158,64,0
30474,"[11848, 0]",1,158,64,0
30475,"[11849, 0]",1,0,0,0
30476,"[11849, 1]",2,2,1,0
30477,"[11850, 0]",1,0,0,0
30478,"[11851, 0]",1,57,26,0
30479,"[11852, 0]",1,158,64,0
30480,"[11853, 0]",1,158,64,0
30481,"[11854, 0]",1,158,64,0
30482,"[11855, 0]",1,58,26,0
30483,"[11856, 0]",1,0,0,0
30484,"[11856, 1]",2,158,64,0
30485,"[11857, 0]",1,0,0,0
30486,"[11857, 1]",2,158,64,0
30487,"[11858, 0]",1,0,0,0
30488,"[11858, 1]",2,156,64,0
30489,"[11859, 0]",1,57,26,0
30490,"[11860, 0]",1,0,0,0
30491,"[11860, 1]",2,158,64,0
30492,"[11861, 0]",1,0,0,0
30493,"[11861, 1]",2,57,26,0
30494,"[11862, 0]",1,0,0,0
30495,"[11862, 1]",2,41,18,0
30496,"[11863, 0]",1,41,18,0
30497,"[11864, 0]",1,158,64,0
30498,"[11865, 0]",1,158,64,0
30499,"[11866, 0]",1,158,64,0
30500,"[11867, 0]",1,156,64,0
30501,"[11868, 0]",1,158,64,0
30502,"[11869, 0]",1,0,0,0
30503,"[11869, 1]",2,0,0,0
30504,"[11869, 2]",27,41,18,0
30505,"[11870, 0]",1,156,64,0
30506,"[11871, 0]",1,0,0,0
30507,"[11871, 1]",2,2,1,13
30508,"[11872, 0]",1,0,0,0
30509,"[11872, 1]",2,0,0,0
30510,"[11872, 2]",16,158,64,0
30511,"[11873, 0]",1,156,64,0
30512,"[11874, 0]",1,0,0,0
30513,"[11874, 1]",2,0,0,0
30514,"[11874, 2]",25,158,64,0
30515,"[11875, 0]",1,0,0,0
30516,"[11875, 1]",2,57,26,0
30517,"[11876, 0]",1,0,0,0
30518,"[11876, 1]",2,158,64,0
30519,"[11877, 0]",1,0,0,0
30520,"[11877, 1]",2,41,18,0
30521,"[11878, 0]",1,41,18,1
30522,"[11879, 0]",1,158,64,0
30523,"[11880, 0]",1,0,0,0
30524,"[11880, 1]",3,2,1,-1
30525,"[11880, 2]",2,2,1,-1
30526,"[11881, 0]",1,0,0,0
30527,"[11881, 1]",2,0,0,0
30528,"[11881, 2]",60,2,1,3
30529,"[11882, 0]",1,158,64,0
30530,"[11883, 0]",1,0,0,0
30531,"[11883, 1]",2,158,64,0
30532,"[11884, 0]",1,0,0,0
30533,"[11884, 1]",6,0,0,1
30534,"[11884, 2]",5,0,0,1
30535,"[11884, 3]",3,0,0,-1
30536,"[11884, 4]",2,0,0,1
30537,"[11884, 5]",70,158,64,-1
30538,"[11884, 6]",66,0,0,-1
30539,"[11884, 7]",62,0,0,-1
30540,"[11884, 8]",58,2,1,0
30541,"[11884, 9]",55,158,64,0
30542,"[11884, 10]",133,2,1,-1
30543,"[11884, 11]",104,158,64,-1
30544,"[11885, 0]",1,0,0,0
30545,"[11885, 1]",2,158,64,0
30546,"[11886, 0]",1,0,0,0
30547,"[11886, 1]",2,158,64,0
30548,"[11887, 0]",1,41,18,0
30549,"[11888, 0]",1,41,18,0
30550,"[11889, 0]",1,41,18,0
30551,"[11890, 0]",1,158,64,1
30552,"[11891, 0]",1,0,0,0
30553,"[11891, 1]",5,41,18,0
30554,"[11891, 2]",4,158,64,0
30555,"[11891, 3]",3,0,0,0
30556,"[11891, 4]",2,0,0,0
30557,"[11891, 5]",35,158,64,0
30558,"[11891, 6]",30,0,0,0
30559,"[11891, 7]",126,59,28,-1
30560,"[11892, 0]",1,0,0,0
30561,"[11892, 1]",2,0,0,0
30562,"[11892, 2]",41,158,64,13
30563,"[11893, 0]",1,158,64,0
30564,"[11894, 0]",1,41,18,0
30565,"[11895, 0]",1,0,0,0
30566,"[11895, 1]",2,0,0,0
30567,"[11895, 2]",19,57,26,0
30568,"[11896, 0]",1,158,64,0
30569,"[11897, 0]",1,0,0,0
30570,"[11897, 1]",2,156,64,0
30571,"[11898, 0]",1,0,0,0
30572,"[11898, 1]",2,0,0,2
30573,"[11898, 2]",17,41,18,26
30574,"[11899, 0]",1,0,0,0
30575,"[11899, 1]",6,0,0,-1
30576,"[11899, 2]",3,0,0,2
30577,"[11899, 3]",2,0,0,-1
30578,"[11899, 4]",41,0,0,-1
30579,"[11899, 5]",40,0,0,1
30580,"[11899, 6]",36,0,0,0
30581,"[11899, 7]",35,158,64,0
30582,"[11899, 8]",32,57,26,6
30583,"[11899, 9]",110,0,0,4
30584,"[11899, 10]",81,57,26,1
30585,"[11899, 11]",79,0,0,-1
30586,"[11899, 12]",76,0,0,-1
30587,"[11899, 13]",230,0,0,-1
30588,"[11899, 14]",215,156,64,-1
30589,"[11899, 15]",192,158,64,1
30590,"[11900, 0]",1,41,18,0
30591,"[11901, 0]",1,0,0,0
30592,"[11901, 1]",3,41,18,0
30593,"[11901, 2]",2,0,0,0
30594,"[11901, 3]",37,158,64,0
30595,"[11902, 0]",1,0,0,0
30596,"[11902, 1]",2,41,18,0
30597,"[11903, 0]",1,0,0,0
30598,"[11903, 1]",2,41,18,0
30599,"[11904, 0]",1,0,0,0
30600,"[11904, 1]",3,0,0,0
30601,"[11904, 2]",2,57,26,0
30602,"[11904, 3]",23,156,64,0
30603,"[11905, 0]",1,57,26,0
30604,"[11906, 0]",1,158,64,0
30605,"[11907, 0]",1,0,0,0
30606,"[11907, 1]",2,158,64,0
30607,"[11908, 0]",1,0,0,0
30608,"[11908, 1]",2,0,0,0
30609,"[11908, 2]",42,63,28,0
30610,"[11909, 0]",1,0,0,0
30611,"[11909, 1]",2,57,26,0
30612,"[11910, 0]",1,158,64,0
30613,"[11911, 0]",1,156,64,0
30614,"[11912, 0]",1,0,0,0
30615,"[11912, 1]",2,57,26,0
30616,"[11913, 0]",1,41,18,0
30617,"[11914, 0]",1,0,0,0
30618,"[11914, 1]",2,57,26,0
30619,"[11915, 0]",1,0,0,0
30620,"[11915, 1]",2,2,1,0
30621,"[11916, 0]",1,0,0,0
30622,"[11916, 1]",2,0,0,10
30623,"[11916, 2]",17,158,64,-1
30624,"[11917, 0]",1,41,18,0
30625,"[11918, 0]",1,0,0,0
30626,"[11918, 1]",2,0,0,0
30627,"[11918, 2]",31,53,24,0
30628,"[11919, 0]",1,2,1,0
30629,"[11920, 0]",1,0,0,0
30630,"[11920, 1]",2,158,64,0
30631,"[11921, 0]",1,0,0,0
30632,"[11921, 1]",2,0,0,0
30633,"[11921, 2]",16,158,64,0
30634,"[11922, 0]",1,0,0,0
30635,"[11922, 1]",2,0,0,0
30636,"[11922, 2]",25,2,1,0
30637,"[11923, 0]",1,0,0,0
30638,"[11923, 1]",2,0,0,0
30639,"[11923, 2]",18,41,18,0
30640,"[11924, 0]",1,0,0,0
30641,"[11924, 1]",2,158,64,1
30642,"[11925, 0]",1,158,64,0
30643,"[11926, 0]",1,2,1,0
30644,"[11927, 0]",1,0,0,0
30645,"[11927, 1]",2,156,64,0
30646,"[11928, 0]",1,158,64,0
30647,"[11929, 0]",1,53,24,0
30648,"[11930, 0]",1,41,18,0
30649,"[11931, 0]",1,0,0,0
30650,"[11931, 1]",3,0,0,0
30651,"[11931, 2]",2,0,0,0
30652,"[11931, 3]",20,0,0,0
30653,"[11931, 4]",19,0,0,0
30654,"[11931, 5]",15,0,0,0
30655,"[11931, 6]",53,158,64,0
30656,"[11931, 7]",52,158,64,0
30657,"[11931, 8]",35,0,0,0
30658,"[11931, 9]",32,158,64,-1
30659,"[11931, 10]",101,158,64,0
30660,"[11932, 0]",1,59,28,0
30661,"[11933, 0]",1,41,18,0
30662,"[11934, 0]",1,158,64,0
30663,"[11935, 0]",1,0,0,0
30664,"[11935, 1]",4,158,64,0
30665,"[11935, 2]",2,0,0,0
30666,"[11935, 3]",26,0,0,0
30667,"[11935, 4]",25,0,0,0
30668,"[11935, 5]",49,0,0,0
30669,"[11935, 6]",46,2,1,2
30670,"[11935, 7]",115,158,64,1
30671,"[11936, 0]",1,57,26,0
30672,"[11937, 0]",1,2,1,0
30673,"[11938, 0]",1,158,64,0
30674,"[11939, 0]",1,41,18,0
30675,"[11940, 0]",1,0,0,0
30676,"[11940, 1]",3,0,0,0
30677,"[11940, 2]",2,0,0,0
30678,"[11940, 3]",11,2,1,0
30679,"[11940, 4]",8,41,18,0
30680,"[11941, 0]",1,156,64,0
30681,"[11942, 0]",1,0,0,0
30682,"[11942, 1]",2,0,0,0
30683,"[11942, 2]",13,57,26,0
30684,"[11943, 0]",1,2,1,0
30685,"[11944, 0]",1,0,0,0
30686,"[11944, 1]",2,0,0,-1
30687,"[11944, 2]",22,0,0,1
30688,"[11944, 3]",32,158,64,17
30689,"[11945, 0]",1,158,64,0
30690,"[11946, 0]",1,158,64,0
30691,"[11947, 0]",1,0,0,0
30692,"[11947, 1]",2,0,0,0
30693,"[11947, 2]",25,41,18,0
30694,"[11948, 0]",1,0,0,0
30695,"[11948, 1]",2,158,64,0
30696,"[11949, 0]",1,2,1,0
30697,"[11950, 0]",1,0,0,0
30698,"[11950, 1]",2,2,1,0
30699,"[11951, 0]",1,0,0,0
30700,"[11951, 1]",2,2,1,0
30701,"[11952, 0]",1,0,0,0
30702,"[11952, 1]",2,0,0,0
30703,"[11952, 2]",13,57,26,0
30704,"[11953, 0]",1,0,0,0
30705,"[11953, 1]",2,2,1,0
30706,"[11954, 0]",1,0,0,0
30707,"[11954, 1]",2,0,0,0
30708,"[11954, 2]",14,158,64,0
30709,"[11955, 0]",1,0,0,0
30710,"[11955, 1]",2,0,0,0
30711,"[11955, 2]",22,156,64,0
30712,"[11956, 0]",1,41,18,0
30713,"[11957, 0]",1,158,64,0
30714,"[11958, 0]",1,0,0,0
30715,"[11958, 1]",5,2,1,0
30716,"[11958, 2]",4,0,0,0
30717,"[11958, 3]",3,0,0,0
30718,"[11958, 4]",2,0,0,0
30719,"[11958, 5]",31,54,24,0
30720,"[11958, 6]",28,158,64,0
30721,"[11958, 7]",25,57,26,0
30722,"[11959, 0]",1,2,1,0
30723,"[11960, 0]",1,0,0,0
30724,"[11960, 1]",2,0,0,0
30725,"[11960, 2]",24,41,18,0
30726,"[11961, 0]",1,0,0,0
30727,"[11961, 1]",2,158,64,0
30728,"[11962, 0]",1,53,24,0
30729,"[11963, 0]",1,0,0,0
30730,"[11963, 1]",2,0,0,0
30731,"[11963, 2]",19,156,64,0
30732,"[11964, 0]",1,0,0,0
30733,"[11964, 1]",2,0,0,0
30734,"[11964, 2]",54,158,64,0
30735,"[11965, 0]",1,0,0,0
30736,"[11965, 1]",5,158,64,-1
30737,"[11965, 2]",3,0,0,-1
30738,"[11965, 3]",39,158,64,-1
30739,"[11966, 0]",1,0,0,0
30740,"[11966, 1]",2,156,64,0
30741,"[11967, 0]",1,2,1,0
30742,"[11968, 0]",1,0,0,0
30743,"[11968, 1]",2,0,0,0
30744,"[11968, 2]",29,41,18,0
30745,"[11969, 0]",1,0,0,0
30746,"[11969, 1]",2,0,0,0
30747,"[11969, 2]",17,41,18,0
30748,"[11970, 0]",1,41,18,0
30749,"[11971, 0]",1,41,18,0
30750,"[11972, 0]",1,158,64,0
30751,"[11973, 0]",1,0,0,0
30752,"[11973, 1]",2,158,64,0
30753,"[11974, 0]",1,57,26,0
30754,"[11975, 0]",1,158,64,0
30755,"[11976, 0]",1,0,0,0
30756,"[11976, 1]",2,2,1,0
30757,"[11977, 0]",1,158,64,0
30758,"[11978, 0]",1,158,64,0
30759,"[11979, 0]",1,158,64,0
30760,"[11980, 0]",1,57,26,0
30761,"[11981, 0]",1,158,64,0
30762,"[11982, 0]",1,0,0,0
30763,"[11982, 1]",2,156,64,2
30764,"[11983, 0]",1,0,0,0
30765,"[11983, 1]",2,41,18,0
30766,"[11984, 0]",1,0,0,0
30767,"[11984, 1]",2,0,0,0
30768,"[11984, 2]",42,158,64,0
30769,"[11984, 3]",41,158,64,0
30770,"[11984, 4]",39,0,0,0
30771,"[11984, 5]",71,0,0,0
30772,"[11984, 6]",121,156,64,3
30773,"[11985, 0]",1,0,0,0
30774,"[11985, 1]",7,156,64,0
30775,"[11985, 2]",4,0,0,0
30776,"[11985, 3]",2,0,0,0
30777,"[11985, 4]",49,0,0,0
30778,"[11985, 5]",38,57,26,0
30779,"[11986, 0]",1,156,64,0
30780,"[11987, 0]",1,0,0,0
30781,"[11987, 1]",2,158,64,0
30782,"[11988, 0]",1,0,0,0
30783,"[11988, 1]",2,158,64,0
30784,"[11989, 0]",1,0,0,0
30785,"[11989, 1]",2,0,0,0
30786,"[11989, 2]",18,41,18,3
30787,"[11990, 0]",1,158,64,0
30788,"[11991, 0]",1,0,0,0
30789,"[11991, 1]",6,158,64,1
30790,"[11991, 2]",5,156,64,3
30791,"[11991, 3]",3,0,0,-1
30792,"[11991, 4]",2,158,64,5
30793,"[11991, 5]",54,59,28,1
30794,"[11991, 6]",50,0,0,-1
30795,"[11991, 7]",186,158,64,5
30796,"[11992, 0]",1,158,64,0
30797,"[11993, 0]",1,158,64,0
30798,"[11994, 0]",1,57,26,0
30799,"[11995, 0]",1,54,24,0
30800,"[11996, 0]",1,0,0,0
30801,"[11996, 1]",2,158,64,0
30802,"[11997, 0]",1,41,18,0
30803,"[11998, 0]",1,0,0,0
30804,"[11998, 1]",5,0,0,0
30805,"[11998, 2]",4,0,0,0
30806,"[11998, 3]",2,0,0,0
30807,"[11998, 4]",42,0,0,0
30808,"[11998, 5]",32,158,64,0
30809,"[11998, 6]",29,158,64,11
30810,"[11998, 7]",105,158,64,0
30811,"[11999, 0]",1,2,1,0
30812,"[12000, 0]",1,0,0,0
30813,"[12000, 1]",2,0,0,-1
30814,"[12000, 2]",25,158,64,-1
30815,"[12000, 3]",23,158,64,-1
30816,"[12000, 4]",21,0,0,-1
30817,"[12000, 5]",63,158,64,-1
30818,"[12001, 0]",1,0,0,0
30819,"[12001, 1]",2,57,26,0
30820,"[12002, 0]",1,57,26,0
30821,"[12003, 0]",1,0,0,0
30822,"[12003, 1]",2,158,64,0
30823,"[12004, 0]",1,0,0,0
30824,"[12004, 1]",2,156,64,0
30825,"[12005, 0]",1,41,18,0
30826,"[12006, 0]",1,0,0,0
30827,"[12006, 1]",2,0,0,0
30828,"[12006, 2]",71,158,64,0
30829,"[12007, 0]",1,2,1,0
30830,"[12008, 0]",1,53,24,0
30831,"[12009, 0]",1,0,0,0
30832,"[12009, 1]",2,54,24,0
30833,"[12010, 0]",1,2,1,0
30834,"[12011, 0]",1,0,0,0
30835,"[12011, 1]",2,158,64,0
30836,"[12012, 0]",1,0,0,0
30837,"[12012, 1]",10,158,64,0
30838,"[12012, 2]",8,0,0,0
30839,"[12012, 3]",7,0,0,0
30840,"[12012, 4]",6,0,0,0
30841,"[12012, 5]",69,57,26,0
30842,"[12012, 6]",68,57,26,0
30843,"[12012, 7]",66,158,64,0
30844,"[12012, 8]",61,0,0,0
30845,"[12012, 9]",59,0,0,0
30846,"[12012, 10]",57,0,0,0
30847,"[12012, 11]",33,0,0,0
30848,"[12012, 12]",29,57,26,0
30849,"[12012, 13]",26,158,64,0
30850,"[12012, 14]",186,41,18,0
30851,"[12012, 15]",129,2,1,0
30852,"[12012, 16]",127,0,0,0
30853,"[12012, 17]",126,0,0,0
30854,"[12012, 18]",124,0,0,0
30855,"[12012, 19]",118,59,28,0
30856,"[12012, 20]",103,158,64,0
30857,"[12012, 21]",448,0,0,0
30858,"[12012, 22]",427,2,1,0
30859,"[12012, 23]",424,2,1,0
30860,"[12012, 24]",769,158,64,0
30861,"[12013, 0]",1,158,64,0
30862,"[12014, 0]",1,2,1,0
30863,"[12015, 0]",1,41,18,1
30864,"[12016, 0]",1,57,26,0
30865,"[12017, 0]",1,0,0,0
30866,"[12017, 1]",2,158,64,0
30867,"[12018, 0]",1,0,0,0
30868,"[12018, 1]",2,0,0,0
30869,"[12018, 2]",15,59,28,0
30870,"[12019, 0]",1,0,0,0
30871,"[12019, 1]",2,57,26,0
30872,"[12020, 0]",1,0,0,0
30873,"[12020, 1]",2,2,1,3
30874,"[12021, 0]",1,158,64,0
30875,"[12022, 0]",1,41,18,0
30876,"[12023, 0]",1,158,64,1
30877,"[12024, 0]",1,37,18,0
30878,"[12025, 0]",1,0,0,1
30879,"[12025, 1]",2,2,1,1
30880,"[12026, 0]",1,156,64,0
30881,"[12027, 0]",1,0,0,0
30882,"[12027, 1]",2,158,64,0
30883,"[12028, 0]",1,0,0,0
30884,"[12028, 1]",2,53,24,0
30885,"[12029, 0]",1,0,0,0
30886,"[12029, 1]",8,0,0,0
30887,"[12029, 2]",7,0,0,0
30888,"[12029, 3]",5,0,0,0
30889,"[12029, 4]",4,0,0,0
30890,"[12029, 5]",3,0,0,0
30891,"[12029, 6]",2,0,0,0
30892,"[12029, 7]",84,158,64,-1
30893,"[12029, 8]",83,0,0,-1
30894,"[12029, 9]",82,158,64,-1
30895,"[12029, 10]",80,0,0,-1
30896,"[12029, 11]",77,51,24,0
30897,"[12029, 12]",76,59,28,0
30898,"[12029, 13]",73,0,0,0
30899,"[12029, 14]",69,57,26,0
30900,"[12029, 15]",68,158,64,0
30901,"[12029, 16]",67,158,64,0
30902,"[12029, 17]",66,0,0,0
30903,"[12029, 18]",61,57,26,0
30904,"[12029, 19]",60,158,64,0
30905,"[12029, 20]",53,0,0,0
30906,"[12029, 21]",49,0,0,0
30907,"[12029, 22]",291,158,64,0
30908,"[12029, 23]",272,158,64,8
30909,"[12029, 24]",201,156,64,0
30910,"[12029, 25]",176,158,64,0
30911,"[12029, 26]",175,158,64,0
30912,"[12029, 27]",174,0,0,0
30913,"[12029, 28]",173,0,0,0
30914,"[12029, 29]",172,0,0,0
30915,"[12029, 30]",142,0,0,-1
30916,"[12029, 31]",134,158,64,-1
30917,"[12029, 32]",634,158,64,-1
30918,"[12029, 33]",572,0,0,0
30919,"[12029, 34]",571,0,0,0
30920,"[12029, 35]",570,0,0,0
30921,"[12029, 36]",563,0,0,0
30922,"[12029, 37]",560,41,18,0
30923,"[12029, 38]",919,158,64,0
30924,"[12029, 39]",892,0,0,0
30925,"[12029, 40]",888,158,64,0
30926,"[12029, 41]",885,158,64,0
30927,"[12029, 42]",1471,41,18,0
30928,"[12030, 0]",1,0,0,0
30929,"[12030, 1]",6,0,0,0
30930,"[12030, 2]",4,0,0,0
30931,"[12030, 3]",3,0,0,0
30932,"[12030, 4]",57,0,0,0
30933,"[12030, 5]",52,41,18,0
30934,"[12030, 6]",44,59,28,0
30935,"[12030, 7]",86,158,64,0
30936,"[12030, 8]",85,158,64,0
30937,"[12031, 0]",1,0,0,0
30938,"[12031, 1]",2,158,64,0
30939,"[12032, 0]",1,0,0,1
30940,"[12032, 1]",2,158,64,-1
30941,"[12033, 0]",1,0,0,0
30942,"[12033, 1]",2,0,0,0
30943,"[12033, 2]",16,158,64,0
30944,"[12034, 0]",1,0,0,0
30945,"[12034, 1]",2,41,18,0
30946,"[12035, 0]",1,0,0,0
30947,"[12035, 1]",2,158,64,1
30948,"[12036, 0]",1,41,18,0
30949,"[12037, 0]",1,0,0,0
30950,"[12037, 1]",2,41,18,0
30951,"[12038, 0]",1,158,64,0
30952,"[12039, 0]",1,156,64,0
30953,"[12040, 0]",1,158,64,0
30954,"[12041, 0]",1,0,0,0
30955,"[12041, 1]",2,0,0,0
30956,"[12041, 2]",31,158,64,0
30957,"[12042, 0]",1,158,64,0
30958,"[12043, 0]",1,0,0,0
30959,"[12043, 1]",2,0,0,0
30960,"[12043, 2]",26,2,1,0
30961,"[12044, 0]",1,158,64,0
30962,"[12045, 0]",1,158,64,0
30963,"[12046, 0]",1,158,64,0
30964,"[12047, 0]",1,41,18,0
30965,"[12048, 0]",1,0,0,0
30966,"[12048, 1]",2,57,26,0
30967,"[12049, 0]",1,41,18,0
30968,"[12050, 0]",1,0,0,0
30969,"[12050, 1]",4,0,0,-1
30970,"[12050, 2]",2,0,0,-1
30971,"[12050, 3]",45,0,0,-1
30972,"[12050, 4]",42,158,64,-1
30973,"[12050, 5]",79,158,64,-1
30974,"[12051, 0]",1,0,0,0
30975,"[12051, 1]",6,0,0,0
30976,"[12051, 2]",5,0,0,0
30977,"[12051, 3]",2,0,0,0
30978,"[12051, 4]",48,158,64,-1
30979,"[12051, 5]",23,156,64,0
30980,"[12051, 6]",20,158,64,-1
30981,"[12052, 0]",1,158,64,0
30982,"[12053, 0]",1,0,0,0
30983,"[12053, 1]",2,2,1,-1
30984,"[12054, 0]",1,0,0,0
30985,"[12054, 1]",2,41,18,0
30986,"[12055, 0]",1,158,64,0
30987,"[12056, 0]",1,0,0,0
30988,"[12056, 1]",6,0,0,0
30989,"[12056, 2]",4,0,0,0
30990,"[12056, 3]",42,0,0,0
30991,"[12056, 4]",41,0,0,0
30992,"[12056, 5]",23,158,64,0
30993,"[12056, 6]",78,156,64,1
30994,"[12056, 7]",74,57,26,0
30995,"[12056, 8]",73,158,64,0
30996,"[12057, 0]",1,57,26,0
30997,"[12058, 0]",1,0,0,0
30998,"[12058, 1]",2,0,0,0
30999,"[12058, 2]",23,41,18,0
31000,"[12059, 0]",1,0,0,0
31001,"[12059, 1]",5,55,26,0
31002,"[12059, 2]",3,0,0,0
31003,"[12059, 3]",2,0,0,0
31004,"[12059, 4]",39,41,18,0
31005,"[12059, 5]",37,0,0,0
31006,"[12059, 6]",36,0,0,0
31007,"[12059, 7]",33,0,0,0
31008,"[12059, 8]",81,158,64,0
31009,"[12059, 9]",67,53,24,0
31010,"[12059, 10]",66,0,0,0
31011,"[12059, 11]",62,0,0,0
31012,"[12059, 12]",61,0,0,0
31013,"[12059, 13]",60,0,0,0
31014,"[12059, 14]",56,57,26,0
31015,"[12059, 15]",54,0,0,0
31016,"[12059, 16]",53,0,0,0
31017,"[12059, 17]",199,2,1,0
31018,"[12059, 18]",198,0,0,0
31019,"[12059, 19]",192,2,1,0
31020,"[12059, 20]",172,41,18,0
31021,"[12059, 21]",171,57,26,0
31022,"[12059, 22]",169,0,0,0
31023,"[12059, 23]",165,0,0,0
31024,"[12059, 24]",164,0,0,0
31025,"[12059, 25]",156,41,18,0
31026,"[12059, 26]",136,58,26,0
31027,"[12059, 27]",371,41,18,0
31028,"[12059, 28]",368,156,64,0
31029,"[12059, 29]",341,0,0,0
31030,"[12059, 30]",253,41,18,0
31031,"[12059, 31]",659,41,18,0
31032,"[12060, 0]",1,57,26,0
31033,"[12061, 0]",1,0,0,0
31034,"[12061, 1]",2,158,64,-1
31035,"[12062, 0]",1,0,0,0
31036,"[12062, 1]",2,158,64,0
31037,"[12063, 0]",1,0,0,0
31038,"[12063, 1]",2,41,18,0
31039,"[12064, 0]",1,156,64,0
31040,"[12065, 0]",1,41,18,0
31041,"[12066, 0]",1,156,64,0
31042,"[12067, 0]",1,2,1,0
31043,"[12068, 0]",1,0,0,0
31044,"[12068, 1]",2,158,64,-1
31045,"[12069, 0]",1,41,18,0
31046,"[12070, 0]",1,0,0,0
31047,"[12070, 1]",13,0,0,0
31048,"[12070, 2]",11,0,0,0
31049,"[12070, 3]",9,0,0,0
31050,"[12070, 4]",6,0,0,0
31051,"[12070, 5]",5,0,0,0
31052,"[12070, 6]",4,0,0,0
31053,"[12070, 7]",3,0,0,0
31054,"[12070, 8]",2,0,0,0
31055,"[12070, 9]",99,57,26,0
31056,"[12070, 10]",97,0,0,0
31057,"[12070, 11]",96,0,0,0
31058,"[12070, 12]",94,158,64,0
31059,"[12070, 13]",90,0,0,0
31060,"[12070, 14]",88,0,0,0
31061,"[12070, 15]",83,0,0,0
31062,"[12070, 16]",82,0,0,0
31063,"[12070, 17]",81,0,0,0
31064,"[12070, 18]",78,59,28,0
31065,"[12070, 19]",76,0,0,0
31066,"[12070, 20]",72,54,24,0
31067,"[12070, 21]",71,41,18,0
31068,"[12070, 22]",64,0,0,0
31069,"[12070, 23]",58,41,18,0
31070,"[12070, 24]",51,0,0,0
31071,"[12070, 25]",400,158,64,0
31072,"[12070, 26]",333,57,26,0
31073,"[12070, 27]",265,0,0,0
31074,"[12070, 28]",264,0,0,0
31075,"[12070, 29]",235,41,18,0
31076,"[12070, 30]",230,41,18,0
31077,"[12070, 31]",227,0,0,0
31078,"[12070, 32]",183,41,18,0
31079,"[12070, 33]",152,158,64,0
31080,"[12070, 34]",146,156,64,0
31081,"[12070, 35]",716,41,18,0
31082,"[12070, 36]",577,41,18,0
31083,"[12070, 37]",574,158,64,0
31084,"[12071, 0]",1,0,0,0
31085,"[12071, 1]",2,0,0,0
31086,"[12071, 2]",77,156,64,0
31087,"[12072, 0]",1,57,26,0
31088,"[12073, 0]",1,57,26,0
31089,"[12074, 0]",1,0,0,0
31090,"[12074, 1]",2,0,0,0
31091,"[12074, 2]",39,158,64,0
31092,"[12075, 0]",1,0,0,0
31093,"[12075, 1]",2,158,64,0
31094,"[12076, 0]",1,41,18,0
31095,"[12077, 0]",1,0,0,0
31096,"[12077, 1]",2,158,64,0
31097,"[12078, 0]",1,0,0,0
31098,"[12078, 1]",2,57,26,1
31099,"[12079, 0]",1,0,0,0
31100,"[12079, 1]",2,0,0,0
31101,"[12079, 2]",25,156,64,5
31102,"[12080, 0]",1,57,26,0
31103,"[12081, 0]",1,0,0,0
31104,"[12081, 1]",2,0,0,0
31105,"[12081, 2]",12,158,64,0
31106,"[12082, 0]",1,2,1,0
31107,"[12083, 0]",1,59,28,1
31108,"[12084, 0]",1,59,28,0
31109,"[12085, 0]",1,0,0,0
31110,"[12085, 1]",2,0,0,0
31111,"[12085, 2]",17,41,18,0
31112,"[12086, 0]",1,0,0,0
31113,"[12086, 1]",2,0,0,0
31114,"[12086, 2]",13,158,64,0
31115,"[12087, 0]",1,158,64,0
31116,"[12088, 0]",1,41,18,0
31117,"[12089, 0]",1,0,0,0
31118,"[12089, 1]",2,57,26,-1
31119,"[12090, 0]",1,158,64,0
31120,"[12091, 0]",1,0,0,0
31121,"[12091, 1]",5,156,64,0
31122,"[12091, 2]",4,2,1,0
31123,"[12091, 3]",2,0,0,0
31124,"[12091, 4]",17,158,64,0
31125,"[12091, 5]",16,0,0,0
31126,"[12091, 6]",40,2,1,0
31127,"[12092, 0]",1,158,64,0
31128,"[12093, 0]",1,158,64,0
31129,"[12094, 0]",1,158,64,0
31130,"[12095, 0]",1,41,18,0
31131,"[12096, 0]",1,0,0,0
31132,"[12096, 1]",2,41,18,0
31133,"[12097, 0]",1,0,0,0
31134,"[12097, 1]",2,0,0,0
31135,"[12097, 2]",20,53,24,0
31136,"[12098, 0]",1,0,0,0
31137,"[12098, 1]",7,0,0,0
31138,"[12098, 2]",6,0,0,0
31139,"[12098, 3]",5,0,0,0
31140,"[12098, 4]",4,0,0,0
31141,"[12098, 5]",50,158,64,0
31142,"[12098, 6]",49,0,0,0
31143,"[12098, 7]",46,41,18,0
31144,"[12098, 8]",43,2,1,0
31145,"[12098, 9]",40,41,18,0
31146,"[12098, 10]",81,41,18,0
31147,"[12099, 0]",1,0,0,0
31148,"[12099, 1]",2,2,1,0
31149,"[12100, 0]",1,158,64,0
31150,"[12101, 0]",1,53,24,0
31151,"[12102, 0]",1,0,0,0
31152,"[12102, 1]",2,0,0,0
31153,"[12102, 2]",60,156,64,0
31154,"[12103, 0]",1,0,0,0
31155,"[12103, 1]",2,0,0,0
31156,"[12103, 2]",26,57,26,0
31157,"[12103, 3]",24,0,0,0
31158,"[12103, 4]",23,0,0,0
31159,"[12103, 5]",52,54,24,0
31160,"[12103, 6]",49,0,0,0
31161,"[12103, 7]",112,41,18,0
31162,"[12104, 0]",1,0,0,0
31163,"[12104, 1]",3,158,64,0
31164,"[12104, 2]",2,51,24,0
31165,"[12105, 0]",1,0,0,0
31166,"[12105, 1]",2,0,0,0
31167,"[12105, 2]",25,0,0,-1
31168,"[12105, 3]",61,158,64,-1
31169,"[12106, 0]",1,2,1,0
31170,"[12107, 0]",1,57,26,0
31171,"[12108, 0]",1,0,0,0
31172,"[12108, 1]",4,0,0,0
31173,"[12108, 2]",3,0,0,0
31174,"[12108, 3]",2,0,0,0
31175,"[12108, 4]",56,158,64,0
31176,"[12108, 5]",54,0,0,0
31177,"[12108, 6]",53,0,0,0
31178,"[12108, 7]",49,158,64,0
31179,"[12108, 8]",48,158,64,0
31180,"[12108, 9]",46,0,0,0
31181,"[12108, 10]",45,0,0,0
31182,"[12108, 11]",120,158,64,0
31183,"[12108, 12]",116,41,18,0
31184,"[12108, 13]",81,158,64,0
31185,"[12108, 14]",80,0,0,0
31186,"[12108, 15]",79,0,0,0
31187,"[12108, 16]",78,0,0,0
31188,"[12108, 17]",75,41,18,0
31189,"[12108, 18]",267,158,64,0
31190,"[12108, 19]",263,0,0,0
31191,"[12108, 20]",261,0,0,0
31192,"[12108, 21]",258,59,28,0
31193,"[12108, 22]",254,158,64,0
31194,"[12108, 23]",409,0,0,0
31195,"[12108, 24]",407,0,0,0
31196,"[12108, 25]",390,0,0,0
31197,"[12108, 26]",699,158,64,1
31198,"[12108, 27]",676,57,26,0
31199,"[12108, 28]",664,158,64,-1
31200,"[12109, 0]",1,158,64,0
31201,"[12110, 0]",1,0,0,0
31202,"[12110, 1]",2,158,64,0
31203,"[12111, 0]",1,2,1,0
31204,"[12112, 0]",1,41,18,0
31205,"[12113, 0]",1,158,64,0
31206,"[12114, 0]",1,41,18,0
31207,"[12115, 0]",1,0,0,0
31208,"[12115, 1]",2,158,64,-1
31209,"[12116, 0]",1,0,0,0
31210,"[12116, 1]",2,0,0,0
31211,"[12116, 2]",32,2,1,0
31212,"[12117, 0]",1,0,0,0
31213,"[12117, 1]",3,41,18,0
31214,"[12117, 2]",2,0,0,0
31215,"[12117, 3]",48,0,0,0
31216,"[12117, 4]",87,57,26,0
31217,"[12117, 5]",86,156,64,0
31218,"[12117, 6]",85,158,64,0
31219,"[12118, 0]",1,41,18,0
31220,"[12119, 0]",1,41,18,0
31221,"[12120, 0]",1,0,0,0
31222,"[12120, 1]",2,0,0,0
31223,"[12120, 2]",50,2,1,-1
31224,"[12121, 0]",1,41,18,0
31225,"[12122, 0]",1,156,64,0
31226,"[12123, 0]",1,41,18,0
31227,"[12124, 0]",1,158,64,0
31228,"[12125, 0]",1,0,0,0
31229,"[12125, 1]",4,156,64,-1
31230,"[12126, 0]",1,0,0,0
31231,"[12126, 1]",6,2,1,0
31232,"[12126, 2]",5,0,0,0
31233,"[12126, 3]",4,0,0,0
31234,"[12126, 4]",2,0,0,0
31235,"[12126, 5]",28,0,0,0
31236,"[12126, 6]",19,2,1,0
31237,"[12126, 7]",16,41,18,2
31238,"[12126, 8]",59,158,64,4
31239,"[12127, 0]",1,0,0,0
31240,"[12127, 1]",2,158,64,0
31241,"[12128, 0]",1,0,0,0
31242,"[12128, 1]",2,2,1,0
31243,"[12129, 0]",1,0,0,0
31244,"[12129, 1]",2,158,64,0
31245,"[12130, 0]",1,0,0,0
31246,"[12130, 1]",9,158,64,0
31247,"[12130, 2]",7,0,0,0
31248,"[12130, 3]",6,0,0,0
31249,"[12130, 4]",4,0,0,0
31250,"[12130, 5]",2,0,0,0
31251,"[12130, 6]",62,0,0,0
31252,"[12130, 7]",56,158,64,0
31253,"[12130, 8]",39,158,64,0
31254,"[12130, 9]",36,41,18,0
31255,"[12130, 10]",89,0,0,0
31256,"[12130, 11]",374,158,64,0
31257,"[12131, 0]",1,158,64,0
31258,"[12132, 0]",1,158,64,0
31259,"[12133, 0]",1,2,1,0
31260,"[12134, 0]",1,57,26,0
31261,"[12135, 0]",1,0,0,0
31262,"[12135, 1]",2,0,0,0
31263,"[12135, 2]",24,41,18,0
31264,"[12136, 0]",1,0,0,0
31265,"[12136, 1]",11,0,0,0
31266,"[12136, 2]",9,0,0,0
31267,"[12136, 3]",7,0,0,0
31268,"[12136, 4]",6,0,0,0
31269,"[12136, 5]",5,0,0,0
31270,"[12136, 6]",4,0,0,0
31271,"[12136, 7]",3,0,0,0
31272,"[12136, 8]",61,158,64,-1
31273,"[12136, 9]",60,156,64,-1
31274,"[12136, 10]",58,158,64,-1
31275,"[12136, 11]",57,0,0,5
31276,"[12136, 12]",55,2,1,-1
31277,"[12136, 13]",53,158,64,-1
31278,"[12136, 14]",52,158,64,-1
31279,"[12136, 15]",50,0,0,0
31280,"[12136, 16]",49,158,64,0
31281,"[12136, 17]",40,158,64,0
31282,"[12136, 18]",36,0,0,0
31283,"[12136, 19]",33,158,64,0
31284,"[12136, 20]",30,41,18,1
31285,"[12136, 21]",256,158,64,0
31286,"[12136, 22]",153,158,64,0
31287,"[12136, 23]",126,0,0,0
31288,"[12136, 24]",666,59,28,0
31289,"[12137, 0]",1,156,64,0
31290,"[12138, 0]",1,156,64,0
31291,"[12139, 0]",1,0,0,0
31292,"[12139, 1]",2,158,64,0
31293,"[12140, 0]",1,0,0,0
31294,"[12140, 1]",2,0,0,0
31295,"[12140, 2]",22,41,18,0
31296,"[12141, 0]",1,0,0,0
31297,"[12141, 1]",6,0,0,-1
31298,"[12141, 2]",4,0,0,-1
31299,"[12141, 3]",3,0,0,-1
31300,"[12141, 4]",26,156,64,-1
31301,"[12141, 5]",18,158,64,-1
31302,"[12142, 0]",1,0,0,0
31303,"[12142, 1]",2,0,0,0
31304,"[12142, 2]",20,156,64,10
31305,"[12143, 0]",1,0,0,0
31306,"[12143, 1]",2,0,0,0
31307,"[12143, 2]",64,156,64,0
31308,"[12144, 0]",1,0,0,0
31309,"[12144, 1]",3,0,0,0
31310,"[12144, 2]",2,0,0,0
31311,"[12144, 3]",38,156,64,0
31312,"[12144, 4]",36,0,0,0
31313,"[12144, 5]",33,0,0,0
31314,"[12144, 6]",28,0,0,0
31315,"[12144, 7]",27,0,0,0
31316,"[12144, 8]",25,0,0,0
31317,"[12144, 9]",132,41,18,0
31318,"[12144, 10]",130,0,0,0
31319,"[12144, 11]",120,156,64,0
31320,"[12144, 12]",117,54,24,0
31321,"[12144, 13]",86,57,26,0
31322,"[12144, 14]",73,41,18,0
31323,"[12144, 15]",153,0,0,0
31324,"[12144, 16]",565,158,64,4
31325,"[12145, 0]",1,0,0,0
31326,"[12145, 1]",2,158,64,0
31327,"[12146, 0]",1,0,0,0
31328,"[12146, 1]",5,0,0,0
31329,"[12146, 2]",4,0,0,0
31330,"[12146, 3]",2,0,0,0
31331,"[12146, 4]",30,0,0,0
31332,"[12146, 5]",21,53,24,0
31333,"[12146, 6]",18,158,64,0
31334,"[12146, 7]",101,0,0,0
31335,"[12146, 8]",201,0,0,0
31336,"[12146, 9]",249,57,26,0
31337,"[12147, 0]",1,57,26,0
31338,"[12148, 0]",1,0,0,0
31339,"[12148, 1]",2,158,64,7
31340,"[12149, 0]",1,158,64,0
31341,"[12150, 0]",1,0,0,0
31342,"[12150, 1]",2,158,64,0
31343,"[12151, 0]",1,158,64,0
31344,"[12152, 0]",1,0,0,0
31345,"[12152, 1]",2,41,18,0
31346,"[12153, 0]",1,57,26,0
31347,"[12154, 0]",1,54,24,0
31348,"[12155, 0]",1,41,18,1
31349,"[12156, 0]",1,158,64,0
31350,"[12157, 0]",1,55,26,0
31351,"[12158, 0]",1,0,0,1
31352,"[12158, 1]",2,57,26,0
31353,"[12159, 0]",1,0,0,0
31354,"[12159, 1]",2,156,64,0
31355,"[12160, 0]",1,0,0,0
31356,"[12160, 1]",2,158,64,0
31357,"[12161, 0]",1,54,24,1
31358,"[12162, 0]",1,41,18,0
31359,"[12163, 0]",1,158,64,0
31360,"[12164, 0]",1,0,0,0
31361,"[12165, 0]",1,0,0,0
31362,"[12165, 1]",2,158,64,0
31363,"[12166, 0]",1,0,0,0
31364,"[12166, 1]",2,0,0,0
31365,"[12166, 2]",97,0,0,3
31366,"[12166, 3]",114,156,64,1
31367,"[12167, 0]",1,0,0,0
31368,"[12167, 1]",2,0,0,0
31369,"[12167, 2]",14,158,64,0
31370,"[12168, 0]",1,158,64,0
31371,"[12169, 0]",1,158,64,0
31372,"[12170, 0]",1,0,0,0
31373,"[12170, 1]",2,0,0,0
31374,"[12170, 2]",70,0,0,0
31375,"[12170, 3]",87,0,0,0
31376,"[12170, 4]",125,156,64,0
31377,"[12171, 0]",1,0,0,0
31378,"[12171, 1]",2,156,64,0
31379,"[12172, 0]",1,2,1,0
31380,"[12173, 0]",1,0,0,0
31381,"[12173, 1]",2,0,0,0
31382,"[12173, 2]",30,0,0,0
31383,"[12173, 3]",44,41,18,0
31384,"[12174, 0]",1,158,64,0
31385,"[12175, 0]",1,0,0,0
31386,"[12175, 1]",2,158,64,0
31387,"[12176, 0]",1,0,0,0
31388,"[12176, 1]",7,2,1,0
31389,"[12176, 2]",4,0,0,0
31390,"[12176, 3]",3,0,0,0
31391,"[12176, 4]",2,0,0,0
31392,"[12176, 5]",50,41,18,0
31393,"[12176, 6]",49,0,0,0
31394,"[12176, 7]",44,0,0,0
31395,"[12176, 8]",38,0,0,0
31396,"[12176, 9]",126,156,64,-1
31397,"[12176, 10]",93,57,26,0
31398,"[12176, 11]",63,63,28,0
31399,"[12177, 0]",1,156,64,0
31400,"[12178, 0]",1,158,64,0
31401,"[12179, 0]",1,0,0,0
31402,"[12179, 1]",2,0,0,0
31403,"[12179, 2]",38,2,1,0
31404,"[12180, 0]",1,59,28,0
31405,"[12181, 0]",1,0,0,0
31406,"[12181, 1]",6,41,18,0
31407,"[12181, 2]",5,0,0,0
31408,"[12181, 3]",4,158,64,0
31409,"[12181, 4]",3,0,0,0
31410,"[12181, 5]",37,156,64,0
31411,"[12181, 6]",30,156,64,0
31412,"[12182, 0]",1,0,0,0
31413,"[12182, 1]",8,2,1,0
31414,"[12182, 2]",6,0,0,0
31415,"[12182, 3]",3,0,0,0
31416,"[12182, 4]",2,0,0,0
31417,"[12182, 5]",58,0,0,0
31418,"[12182, 6]",57,0,0,0
31419,"[12182, 7]",55,0,0,0
31420,"[12182, 8]",52,0,0,0
31421,"[12182, 9]",51,57,26,0
31422,"[12182, 10]",50,41,18,0
31423,"[12182, 11]",32,0,0,0
31424,"[12182, 12]",145,158,64,0
31425,"[12182, 13]",124,2,1,0
31426,"[12182, 14]",109,41,18,0
31427,"[12182, 15]",96,158,64,0
31428,"[12182, 16]",92,0,0,-1
31429,"[12182, 17]",296,2,1,3
31430,"[12183, 0]",1,0,0,0
31431,"[12183, 1]",2,156,64,0
31432,"[12184, 0]",1,0,0,0
31433,"[12184, 1]",2,61,28,0
31434,"[12185, 0]",1,0,0,0
31435,"[12185, 1]",2,158,64,0
31436,"[12186, 0]",1,41,18,0
31437,"[12187, 0]",1,0,0,0
31438,"[12187, 1]",2,0,0,0
31439,"[12187, 2]",28,0,0,0
31440,"[12187, 3]",41,0,0,0
31441,"[12187, 4]",79,0,0,0
31442,"[12187, 5]",78,158,64,0
31443,"[12187, 6]",135,0,0,0
31444,"[12187, 7]",227,156,64,0
31445,"[12188, 0]",1,0,0,0
31446,"[12188, 1]",2,2,1,6
31447,"[12189, 0]",1,158,64,0
31448,"[12190, 0]",1,0,0,0
31449,"[12190, 1]",2,0,0,0
31450,"[12190, 2]",38,0,0,0
31451,"[12190, 3]",57,158,64,0
31452,"[12191, 0]",1,0,0,0
31453,"[12191, 1]",2,0,0,0
31454,"[12191, 2]",27,156,64,0
31455,"[12191, 3]",24,0,0,0
31456,"[12191, 4]",66,41,18,0
31457,"[12191, 5]",64,0,0,0
31458,"[12191, 6]",159,0,0,0
31459,"[12191, 7]",218,158,64,0
31460,"[12192, 0]",1,158,64,0
31461,"[12193, 0]",1,55,26,0
31462,"[12194, 0]",1,158,64,1
31463,"[12195, 0]",1,2,1,0
31464,"[12196, 0]",1,0,0,0
31465,"[12196, 1]",5,158,64,0
31466,"[12196, 2]",2,0,0,0
31467,"[12196, 3]",48,57,26,0
31468,"[12196, 4]",45,0,0,0
31469,"[12196, 5]",83,0,0,0
31470,"[12196, 6]",152,2,1,0
31471,"[12197, 0]",1,57,26,0
31472,"[12198, 0]",1,57,26,0
31473,"[12199, 0]",1,0,0,0
31474,"[12199, 1]",2,53,24,0
31475,"[12200, 0]",1,57,26,0
31476,"[12201, 0]",1,57,26,0
31477,"[12202, 0]",1,0,0,0
31478,"[12202, 1]",6,41,18,1
31479,"[12202, 2]",4,158,64,-1
31480,"[12202, 3]",2,0,0,-1
31481,"[12202, 4]",34,158,64,-1
31482,"[12202, 5]",33,0,0,-1
31483,"[12202, 6]",31,2,1,-1
31484,"[12202, 7]",61,156,64,-1
31485,"[12203, 0]",1,158,64,0
31486,"[12204, 0]",1,0,0,0
31487,"[12204, 1]",8,158,64,0
31488,"[12204, 2]",7,158,64,0
31489,"[12204, 3]",5,0,0,0
31490,"[12204, 4]",4,0,0,0
31491,"[12204, 5]",2,0,0,0
31492,"[12204, 6]",52,41,18,0
31493,"[12204, 7]",48,158,64,0
31494,"[12204, 8]",43,156,64,0
31495,"[12205, 0]",1,0,0,0
31496,"[12205, 1]",5,41,18,0
31497,"[12205, 2]",4,158,64,0
31498,"[12205, 3]",2,54,24,0
31499,"[12206, 0]",1,156,64,0
31500,"[12207, 0]",1,41,18,1
31501,"[12208, 0]",1,158,64,0
31502,"[12209, 0]",1,0,0,0
31503,"[12209, 1]",7,158,64,0
31504,"[12209, 2]",6,41,18,0
31505,"[12209, 3]",4,0,0,0
31506,"[12209, 4]",3,0,0,0
31507,"[12209, 5]",2,0,0,0
31508,"[12209, 6]",61,158,64,0
31509,"[12209, 7]",50,57,26,0
31510,"[12209, 8]",47,57,26,0
31511,"[12210, 0]",1,158,64,0
31512,"[12211, 0]",1,2,1,0
31513,"[12212, 0]",1,0,0,0
31514,"[12212, 1]",2,2,1,0
31515,"[12213, 0]",1,0,0,0
31516,"[12213, 1]",2,156,64,0
31517,"[12214, 0]",1,0,0,0
31518,"[12214, 1]",2,0,0,0
31519,"[12214, 2]",72,158,64,0
31520,"[12215, 0]",1,41,18,0
31521,"[12216, 0]",1,158,64,0
31522,"[12217, 0]",1,158,64,0
31523,"[12218, 0]",1,0,0,0
31524,"[12218, 1]",2,0,0,0
31525,"[12218, 2]",40,158,64,0
31526,"[12219, 0]",1,0,0,1
31527,"[12219, 1]",2,158,64,0
31528,"[12220, 0]",1,0,0,0
31529,"[12220, 1]",2,0,0,0
31530,"[12220, 2]",19,2,1,0
31531,"[12221, 0]",1,41,18,0
31532,"[12222, 0]",1,0,0,0
31533,"[12222, 1]",3,158,64,0
31534,"[12222, 2]",2,59,28,0
31535,"[12223, 0]",1,0,0,0
31536,"[12223, 1]",2,0,0,0
31537,"[12223, 2]",20,158,64,2
31538,"[12224, 0]",1,2,1,0
31539,"[12225, 0]",1,0,0,0
31540,"[12225, 1]",2,158,64,1
31541,"[12226, 0]",1,41,18,0
31542,"[12227, 0]",1,0,0,0
31543,"[12227, 1]",2,0,0,0
31544,"[12227, 2]",27,156,64,0
31545,"[12228, 0]",1,158,64,0
31546,"[12229, 0]",1,51,24,0
31547,"[12230, 0]",1,0,0,0
31548,"[12230, 1]",2,156,64,0
31549,"[12231, 0]",1,0,0,0
31550,"[12231, 1]",5,2,1,0
31551,"[12231, 2]",2,0,0,0
31552,"[12231, 3]",33,158,64,0
31553,"[12232, 0]",1,41,18,0
31554,"[12233, 0]",1,57,26,0
31555,"[12234, 0]",1,0,0,0
31556,"[12234, 1]",2,0,0,5
31557,"[12234, 2]",27,158,64,0
31558,"[12235, 0]",1,156,64,0
31559,"[12236, 0]",1,0,0,0
31560,"[12236, 1]",2,156,64,0
31561,"[12237, 0]",1,0,0,0
31562,"[12237, 1]",2,2,1,-1
31563,"[12238, 0]",1,0,0,0
31564,"[12238, 1]",2,156,64,0
31565,"[12239, 0]",1,0,0,0
31566,"[12239, 1]",2,158,64,0
31567,"[12240, 0]",1,158,64,0
31568,"[12241, 0]",1,0,0,0
31569,"[12241, 1]",2,0,0,0
31570,"[12241, 2]",31,0,0,0
31571,"[12241, 3]",51,41,18,0
31572,"[12242, 0]",1,0,0,0
31573,"[12242, 1]",4,0,0,0
31574,"[12242, 2]",3,0,0,0
31575,"[12242, 3]",2,0,0,0
31576,"[12242, 4]",34,0,0,0
31577,"[12242, 5]",33,0,0,0
31578,"[12242, 6]",28,158,64,0
31579,"[12242, 7]",27,0,0,0
31580,"[12242, 8]",19,57,26,0
31581,"[12242, 9]",111,41,18,0
31582,"[12242, 10]",74,57,26,0
31583,"[12242, 11]",73,0,0,0
31584,"[12242, 12]",70,0,0,0
31585,"[12242, 13]",63,41,18,1
31586,"[12242, 14]",62,41,18,1
31587,"[12242, 15]",330,158,64,0
31588,"[12242, 16]",312,158,64,0
31589,"[12243, 0]",1,158,64,0
31590,"[12244, 0]",1,0,0,0
31591,"[12244, 1]",2,0,0,0
31592,"[12244, 2]",31,158,64,0
31593,"[12244, 3]",29,0,0,0
31594,"[12244, 4]",64,0,0,0
31595,"[12244, 5]",94,0,0,0
31596,"[12245, 0]",1,0,0,0
31597,"[12245, 1]",2,156,64,0
31598,"[12246, 0]",1,0,0,0
31599,"[12246, 1]",9,158,64,0
31600,"[12246, 2]",7,2,1,0
31601,"[12246, 3]",6,0,0,0
31602,"[12246, 4]",2,0,0,0
31603,"[12246, 5]",63,59,28,0
31604,"[12246, 6]",62,0,0,0
31605,"[12246, 7]",61,0,0,0
31606,"[12246, 8]",59,0,0,0
31607,"[12246, 9]",57,0,0,0
31608,"[12246, 10]",55,0,0,0
31609,"[12246, 11]",53,0,0,0
31610,"[12246, 12]",52,0,0,0
31611,"[12246, 13]",49,0,0,0
31612,"[12246, 14]",48,0,0,0
31613,"[12246, 15]",47,0,0,0
31614,"[12246, 16]",41,41,18,0
31615,"[12246, 17]",40,158,64,0
31616,"[12246, 18]",36,0,0,0
31617,"[12246, 19]",35,0,0,0
31618,"[12246, 20]",32,158,64,0
31619,"[12246, 21]",210,158,64,0
31620,"[12246, 22]",207,0,0,0
31621,"[12246, 23]",206,0,0,0
31622,"[12246, 24]",204,156,64,0
31623,"[12246, 25]",201,0,0,0
31624,"[12246, 26]",200,0,0,0
31625,"[12246, 27]",157,158,64,0
31626,"[12246, 28]",155,0,0,0
31627,"[12246, 29]",154,0,0,0
31628,"[12246, 30]",149,37,18,0
31629,"[12246, 31]",148,158,64,0
31630,"[12246, 32]",146,0,0,0
31631,"[12246, 33]",143,158,64,0
31632,"[12246, 34]",142,2,1,0
31633,"[12246, 35]",140,0,0,0
31634,"[12246, 36]",138,0,0,0
31635,"[12246, 37]",135,158,64,0
31636,"[12246, 38]",134,41,18,0
31637,"[12246, 39]",133,0,0,0
31638,"[12246, 40]",131,2,1,0
31639,"[12246, 41]",130,158,64,0
31640,"[12246, 42]",128,0,0,0
31641,"[12246, 43]",124,0,0,0
31642,"[12246, 44]",123,41,18,0
31643,"[12246, 45]",114,0,0,0
31644,"[12246, 46]",104,57,26,0
31645,"[12246, 47]",99,57,26,0
31646,"[12246, 48]",96,158,64,0
31647,"[12246, 49]",699,158,64,0
31648,"[12246, 50]",616,0,0,0
31649,"[12246, 51]",594,158,64,0
31650,"[12246, 52]",566,158,64,0
31651,"[12246, 53]",544,158,64,0
31652,"[12246, 54]",543,0,0,0
31653,"[12246, 55]",540,0,0,0
31654,"[12246, 56]",535,0,0,0
31655,"[12246, 57]",502,158,64,-1
31656,"[12246, 58]",500,0,0,-1
31657,"[12246, 59]",465,0,0,0
31658,"[12246, 60]",459,156,64,0
31659,"[12246, 61]",356,0,0,0
31660,"[12246, 62]",352,0,0,0
31661,"[12246, 63]",325,0,0,0
31662,"[12246, 64]",319,158,64,0
31663,"[12246, 65]",1996,0,0,-1
31664,"[12246, 66]",1916,158,64,0
31665,"[12246, 67]",1886,158,64,0
31666,"[12246, 68]",1556,0,0,0
31667,"[12246, 69]",1471,0,0,-1
31668,"[12246, 70]",1381,57,26,0
31669,"[12246, 71]",1362,59,28,0
31670,"[12246, 72]",1345,0,0,0
31671,"[12246, 73]",1075,158,64,0
31672,"[12246, 74]",2554,51,24,-1
31673,"[12246, 75]",2450,0,0,-1
31674,"[12246, 76]",2380,158,64,0
31675,"[12246, 77]",2198,0,0,-1
31676,"[12246, 78]",3906,158,64,-1
31677,"[12246, 79]",3221,0,0,-1
31678,"[12246, 80]",4160,156,64,-1
31679,"[12246, 81]",4159,158,64,-1
31680,"[12246, 82]",4157,0,0,-1
31681,"[12246, 83]",4394,158,64,-1
31682,"[12247, 0]",1,156,64,0
31683,"[12248, 0]",1,2,1,0
31684,"[12249, 0]",1,57,26,0
31685,"[12250, 0]",1,0,0,0
31686,"[12250, 1]",2,2,1,0
31687,"[12251, 0]",1,0,0,0
31688,"[12251, 1]",6,158,64,0
31689,"[12251, 2]",4,158,64,0
31690,"[12251, 3]",3,0,0,0
31691,"[12251, 4]",25,158,64,0
31692,"[12252, 0]",1,0,0,0
31693,"[12252, 1]",2,0,0,0
31694,"[12252, 2]",20,59,28,0
31695,"[12253, 0]",1,158,64,0
31696,"[12254, 0]",1,0,0,0
31697,"[12254, 1]",3,156,64,-1
31698,"[12255, 0]",1,0,0,0
31699,"[12255, 1]",2,41,18,0
31700,"[12256, 0]",1,41,18,0
31701,"[12257, 0]",1,57,26,0
31702,"[12258, 0]",1,158,64,0
31703,"[12259, 0]",1,41,18,0
31704,"[12260, 0]",1,41,18,0
31705,"[12261, 0]",1,156,64,1
31706,"[12262, 0]",1,158,64,1
31707,"[12263, 0]",1,158,64,0
31708,"[12264, 0]",1,2,1,0
31709,"[12265, 0]",1,0,0,0
31710,"[12265, 1]",2,158,64,1
31711,"[12266, 0]",1,158,64,0
31712,"[12267, 0]",1,0,0,0
31713,"[12267, 1]",2,156,64,0
31714,"[12268, 0]",1,0,0,0
31715,"[12268, 1]",2,0,0,0
31716,"[12268, 2]",27,158,64,8
31717,"[12269, 0]",1,41,18,1
31718,"[12270, 0]",1,0,0,0
31719,"[12270, 1]",2,158,64,0
31720,"[12271, 0]",1,41,18,0
31721,"[12272, 0]",1,59,28,0
31722,"[12273, 0]",1,0,0,0
31723,"[12273, 1]",5,158,64,0
31724,"[12273, 2]",3,0,0,0
31725,"[12273, 3]",2,0,0,0
31726,"[12273, 4]",29,0,0,0
31727,"[12273, 5]",28,0,0,0
31728,"[12273, 6]",24,158,64,0
31729,"[12273, 7]",61,0,0,0
31730,"[12273, 8]",58,158,64,0
31731,"[12273, 9]",167,0,0,0
31732,"[12273, 10]",165,0,0,0
31733,"[12273, 11]",164,0,0,0
31734,"[12273, 12]",163,0,0,0
31735,"[12273, 13]",162,0,0,0
31736,"[12273, 14]",244,156,64,0
31737,"[12273, 15]",243,0,0,0
31738,"[12273, 16]",239,158,64,0
31739,"[12273, 17]",234,158,64,0
31740,"[12273, 18]",231,58,26,0
31741,"[12273, 19]",216,158,64,3
31742,"[12273, 20]",319,158,64,7
31743,"[12274, 0]",1,158,64,0
31744,"[12275, 0]",1,41,18,0
31745,"[12276, 0]",1,41,18,0
31746,"[12277, 0]",1,0,0,0
31747,"[12277, 1]",2,0,0,0
31748,"[12277, 2]",34,158,64,0
31749,"[12278, 0]",1,156,64,0
31750,"[12279, 0]",1,0,0,0
31751,"[12279, 1]",2,0,0,0
31752,"[12279, 2]",68,41,18,0
31753,"[12280, 0]",1,0,0,0
31754,"[12280, 1]",2,0,0,0
31755,"[12280, 2]",21,0,0,0
31756,"[12280, 3]",48,158,64,0
31757,"[12281, 0]",1,156,64,1
31758,"[12282, 0]",1,0,0,0
31759,"[12282, 1]",6,158,64,0
31760,"[12282, 2]",4,0,0,0
31761,"[12282, 3]",3,0,0,0
31762,"[12282, 4]",2,0,0,0
31763,"[12282, 5]",41,0,0,0
31764,"[12282, 6]",32,0,0,0
31765,"[12282, 7]",27,41,18,0
31766,"[12282, 8]",130,158,64,0
31767,"[12282, 9]",53,2,1,0
31768,"[12283, 0]",1,41,18,0
31769,"[12284, 0]",1,0,0,0
31770,"[12284, 1]",3,156,64,0
31771,"[12284, 2]",2,158,64,0
31772,"[12285, 0]",1,0,0,0
31773,"[12285, 1]",2,156,64,0
31774,"[12286, 0]",1,156,64,0
31775,"[12287, 0]",1,0,0,0
31776,"[12287, 1]",2,2,1,0
31777,"[12288, 0]",1,0,0,0
31778,"[12288, 1]",2,41,18,0
31779,"[12289, 0]",1,0,0,1
31780,"[12289, 1]",2,0,0,0
31781,"[12289, 2]",17,0,0,0
31782,"[12289, 3]",43,57,26,0
31783,"[12290, 0]",1,158,64,0
31784,"[12291, 0]",1,0,0,0
31785,"[12291, 1]",6,156,64,0
31786,"[12291, 2]",4,0,0,0
31787,"[12291, 3]",2,0,0,0
31788,"[12291, 4]",57,0,0,0
31789,"[12291, 5]",41,158,64,0
31790,"[12291, 6]",137,158,64,4
31791,"[12292, 0]",1,156,64,0
31792,"[12293, 0]",1,158,64,0
31793,"[12294, 0]",1,41,18,1
31794,"[12295, 0]",1,158,64,0
31795,"[12296, 0]",1,0,0,0
31796,"[12296, 1]",2,54,24,0
31797,"[12297, 0]",1,0,0,0
31798,"[12297, 1]",2,0,0,0
31799,"[12297, 2]",19,158,64,0
31800,"[12298, 0]",1,0,0,1
31801,"[12298, 1]",2,57,26,0
31802,"[12299, 0]",1,0,0,0
31803,"[12299, 1]",2,41,18,4
31804,"[12300, 0]",1,0,0,0
31805,"[12300, 1]",2,156,64,0
31806,"[12301, 0]",1,0,0,0
31807,"[12301, 1]",2,158,64,0
31808,"[12302, 0]",1,0,0,0
31809,"[12302, 1]",2,158,64,7
31810,"[12303, 0]",1,2,1,0
31811,"[12304, 0]",1,156,64,0
31812,"[12305, 0]",1,158,64,0
31813,"[12306, 0]",1,57,26,0
31814,"[12307, 0]",1,158,64,0
31815,"[12308, 0]",1,0,0,0
31816,"[12308, 1]",2,41,18,0
31817,"[12309, 0]",1,0,0,0
31818,"[12309, 1]",2,158,64,0
31819,"[12310, 0]",1,0,0,0
31820,"[12310, 1]",2,53,24,0
31821,"[12311, 0]",1,156,64,0
31822,"[12312, 0]",1,0,0,0
31823,"[12312, 1]",2,0,0,-1
31824,"[12312, 2]",17,0,0,-1
31825,"[12312, 3]",37,158,64,2
31826,"[12313, 0]",1,158,64,0
31827,"[12314, 0]",1,2,1,0
31828,"[12315, 0]",1,158,64,0
31829,"[12316, 0]",1,57,26,0
31830,"[12317, 0]",1,0,0,0
31831,"[12317, 1]",3,0,0,0
31832,"[12317, 2]",2,0,0,0
31833,"[12317, 3]",53,158,64,0
31834,"[12317, 4]",50,0,0,0
31835,"[12317, 5]",110,51,24,0
31836,"[12318, 0]",1,0,0,0
31837,"[12318, 1]",2,156,64,0
31838,"[12319, 0]",1,2,1,1
31839,"[12320, 0]",1,57,26,0
31840,"[12321, 0]",1,0,0,0
31841,"[12321, 1]",2,57,26,0
31842,"[12322, 0]",1,0,0,0
31843,"[12322, 1]",5,158,64,0
31844,"[12322, 2]",4,0,0,0
31845,"[12322, 3]",2,0,0,0
31846,"[12322, 4]",30,41,18,0
31847,"[12322, 5]",16,158,64,3
31848,"[12323, 0]",1,0,0,0
31849,"[12323, 1]",2,64,29,2
31850,"[12324, 0]",1,158,64,0
31851,"[12325, 0]",1,57,26,0
31852,"[12326, 0]",1,41,18,0
31853,"[12327, 0]",1,0,0,0
31854,"[12327, 1]",4,158,64,-1
31855,"[12327, 2]",2,0,0,2
31856,"[12327, 3]",34,0,0,0
31857,"[12327, 4]",62,57,26,0
31858,"[12328, 0]",1,0,0,1
31859,"[12328, 1]",2,0,0,0
31860,"[12328, 2]",15,158,64,13
31861,"[12329, 0]",1,41,18,0
31862,"[12330, 0]",1,57,26,0
31863,"[12331, 0]",1,158,64,0
31864,"[12332, 0]",1,0,0,0
31865,"[12332, 1]",4,158,64,0
31866,"[12332, 2]",3,41,18,0
31867,"[12333, 0]",1,51,24,0
31868,"[12334, 0]",1,0,0,0
31869,"[12334, 1]",4,0,0,0
31870,"[12334, 2]",2,0,0,0
31871,"[12334, 3]",50,0,0,0
31872,"[12334, 4]",49,0,0,0
31873,"[12334, 5]",35,158,64,0
31874,"[12334, 6]",85,158,64,0
31875,"[12334, 7]",79,0,0,0
31876,"[12334, 8]",224,41,18,0
31877,"[12335, 0]",1,41,18,0
31878,"[12336, 0]",1,57,26,0
31879,"[12337, 0]",1,0,0,0
31880,"[12337, 1]",2,158,64,-1
31881,"[12338, 0]",1,0,0,0
31882,"[12338, 1]",2,0,0,-1
31883,"[12338, 2]",37,158,64,-1
31884,"[12339, 0]",1,41,18,0
31885,"[12340, 0]",1,57,26,0
31886,"[12341, 0]",1,156,64,0
31887,"[12342, 0]",1,0,0,0
31888,"[12342, 1]",2,0,0,0
31889,"[12342, 2]",29,41,18,0
31890,"[12343, 0]",1,0,0,0
31891,"[12343, 1]",2,0,0,0
31892,"[12343, 2]",72,57,26,3
31893,"[12344, 0]",1,0,0,0
31894,"[12344, 1]",2,2,1,0
31895,"[12345, 0]",1,0,0,0
31896,"[12345, 1]",3,0,0,0
31897,"[12345, 2]",2,158,64,0
31898,"[12345, 3]",31,2,1,0
31899,"[12346, 0]",1,0,0,0
31900,"[12346, 1]",3,0,0,0
31901,"[12346, 2]",2,57,26,0
31902,"[12346, 3]",31,2,1,0
31903,"[12347, 0]",1,41,18,0
31904,"[12348, 0]",1,158,64,0
31905,"[12349, 0]",1,158,64,0
31906,"[12350, 0]",1,158,64,0
31907,"[12351, 0]",1,0,0,0
31908,"[12351, 1]",2,158,64,0
31909,"[12352, 0]",1,2,1,0
31910,"[12353, 0]",1,0,0,0
31911,"[12353, 1]",2,0,0,0
31912,"[12353, 2]",12,158,64,2
31913,"[12354, 0]",1,41,18,0
31914,"[12355, 0]",1,0,0,0
31915,"[12355, 1]",2,0,0,0
31916,"[12355, 2]",26,41,18,0
31917,"[12356, 0]",1,158,64,0
31918,"[12357, 0]",1,41,18,0
31919,"[12358, 0]",1,53,24,0
31920,"[12359, 0]",1,57,26,0
31921,"[12360, 0]",1,0,0,0
31922,"[12360, 1]",2,54,24,0
31923,"[12361, 0]",1,0,0,0
31924,"[12361, 1]",5,158,64,-1
31925,"[12361, 2]",2,0,0,-1
31926,"[12361, 3]",24,158,64,-1
31927,"[12362, 0]",1,0,0,0
31928,"[12362, 1]",2,41,18,0
31929,"[12363, 0]",1,156,64,0
31930,"[12364, 0]",1,0,0,0
31931,"[12364, 1]",5,0,0,0
31932,"[12364, 2]",4,0,0,0
31933,"[12364, 3]",2,0,0,0
31934,"[12364, 4]",37,0,0,0
31935,"[12364, 5]",20,57,26,0
31936,"[12364, 6]",15,158,64,0
31937,"[12364, 7]",68,0,0,0
31938,"[12364, 8]",200,0,0,0
31939,"[12364, 9]",199,0,0,0
31940,"[12364, 10]",250,158,64,0
31941,"[12364, 11]",244,53,24,0
31942,"[12365, 0]",1,0,0,0
31943,"[12365, 1]",7,156,64,0
31944,"[12365, 2]",5,0,0,0
31945,"[12365, 3]",2,0,0,0
31946,"[12365, 4]",64,0,0,0
31947,"[12365, 5]",36,158,64,0
31948,"[12365, 6]",81,0,0,0
31949,"[12365, 7]",266,158,64,-1
31950,"[12366, 0]",1,0,0,0
31951,"[12366, 1]",2,41,18,0
31952,"[12367, 0]",1,41,18,0
31953,"[12368, 0]",1,0,0,0
31954,"[12368, 1]",2,158,64,0
31955,"[12369, 0]",1,0,0,0
31956,"[12369, 1]",6,0,0,0
31957,"[12369, 2]",3,0,0,0
31958,"[12369, 3]",2,0,0,0
31959,"[12369, 4]",47,0,0,1
31960,"[12369, 5]",43,0,0,0
31961,"[12369, 6]",26,158,64,0
31962,"[12369, 7]",92,158,64,0
31963,"[12369, 8]",83,0,0,0
31964,"[12369, 9]",187,0,0,1
31965,"[12369, 10]",216,2,1,9
31966,"[12370, 0]",1,0,0,0
31967,"[12370, 1]",4,158,64,0
31968,"[12370, 2]",2,0,0,0
31969,"[12370, 3]",36,41,18,52
31970,"[12370, 4]",35,0,0,-1
31971,"[12370, 5]",32,0,0,-1
31972,"[12370, 6]",74,54,24,7
31973,"[12370, 7]",60,156,64,-1
31974,"[12371, 0]",1,0,0,0
31975,"[12371, 1]",2,59,28,0
31976,"[12372, 0]",1,0,0,0
31977,"[12372, 1]",2,0,0,0
31978,"[12372, 2]",21,158,64,-1
31979,"[12373, 0]",1,0,0,0
31980,"[12373, 1]",8,0,0,0
31981,"[12373, 2]",7,0,0,0
31982,"[12373, 3]",2,0,0,0
31983,"[12373, 4]",63,0,0,0
31984,"[12373, 5]",62,158,64,0
31985,"[12373, 6]",32,57,26,0
31986,"[12373, 7]",28,156,64,-1
31987,"[12373, 8]",76,158,64,0
31988,"[12374, 0]",1,0,0,0
31989,"[12374, 1]",2,0,0,0
31990,"[12374, 2]",65,0,0,0
31991,"[12374, 3]",127,158,64,-1
31992,"[12375, 0]",1,0,0,0
31993,"[12375, 1]",2,0,0,0
31994,"[12375, 2]",18,41,18,0
31995,"[12375, 3]",17,0,0,0
31996,"[12375, 4]",16,0,0,0
31997,"[12375, 5]",27,0,0,0
31998,"[12375, 6]",24,41,18,0
31999,"[12375, 7]",115,57,26,0
32000,"[12376, 0]",1,0,0,0
32001,"[12376, 1]",2,0,0,0
32002,"[12376, 2]",21,0,0,0
32003,"[12376, 3]",40,158,64,0
32004,"[12377, 0]",1,156,64,0
32005,"[12378, 0]",1,0,0,0
32006,"[12378, 1]",2,2,1,0
32007,"[12379, 0]",1,158,64,0
32008,"[12380, 0]",1,158,64,0
32009,"[12381, 0]",1,158,64,0
32010,"[12382, 0]",1,0,0,0
32011,"[12382, 1]",4,41,18,0
32012,"[12382, 2]",2,0,0,0
32013,"[12382, 3]",37,0,0,0
32014,"[12382, 4]",36,0,0,0
32015,"[12382, 5]",67,156,64,0
32016,"[12382, 6]",64,41,18,0
32017,"[12383, 0]",1,158,64,0
32018,"[12384, 0]",1,158,64,1
32019,"[12385, 0]",1,158,64,0
32020,"[12386, 0]",1,0,0,0
32021,"[12386, 1]",2,158,64,0
32022,"[12387, 0]",1,0,0,0
32023,"[12387, 1]",2,158,64,-1
32024,"[12388, 0]",1,0,0,0
32025,"[12388, 1]",2,41,18,0
32026,"[12389, 0]",1,0,0,0
32027,"[12389, 1]",2,158,64,0
32028,"[12390, 0]",1,158,64,0
32029,"[12391, 0]",1,57,26,0
32030,"[12392, 0]",1,0,0,0
32031,"[12392, 1]",6,0,0,0
32032,"[12392, 2]",5,0,0,0
32033,"[12392, 3]",3,0,0,0
32034,"[12392, 4]",42,0,0,0
32035,"[12392, 5]",30,0,0,0
32036,"[12392, 6]",27,0,0,-1
32037,"[12392, 7]",147,156,64,1
32038,"[12392, 8]",135,158,64,0
32039,"[12392, 9]",120,158,64,0
32040,"[12393, 0]",1,158,64,0
32041,"[12394, 0]",1,158,64,1
32042,"[12395, 0]",1,0,0,1
32043,"[12395, 1]",2,158,64,-1
32044,"[12396, 0]",1,0,0,0
32045,"[12396, 1]",2,158,64,0
32046,"[12397, 0]",1,0,0,0
32047,"[12397, 1]",2,0,0,0
32048,"[12397, 2]",27,0,0,1
32049,"[12397, 3]",53,41,18,0
32050,"[12398, 0]",1,0,0,0
32051,"[12398, 1]",2,158,64,13
32052,"[12399, 0]",1,0,0,0
32053,"[12399, 1]",2,57,26,5
32054,"[12400, 0]",1,41,18,0
32055,"[12401, 0]",1,0,0,0
32056,"[12401, 1]",5,59,28,0
32057,"[12401, 2]",3,0,0,0
32058,"[12401, 3]",2,0,0,0
32059,"[12401, 4]",34,0,0,-1
32060,"[12401, 5]",29,0,0,0
32061,"[12401, 6]",104,158,64,0
32062,"[12401, 7]",80,156,64,4
32063,"[12402, 0]",1,0,0,0
32064,"[12402, 1]",2,0,0,0
32065,"[12402, 2]",70,0,0,0
32066,"[12402, 3]",87,57,26,0
32067,"[12403, 0]",1,0,0,0
32068,"[12403, 1]",2,41,18,0
32069,"[12404, 0]",1,0,0,0
32070,"[12404, 1]",6,0,0,0
32071,"[12404, 2]",3,0,0,0
32072,"[12404, 3]",2,0,0,0
32073,"[12404, 4]",53,0,0,0
32074,"[12404, 5]",44,0,0,0
32075,"[12404, 6]",14,156,64,-1
32076,"[12404, 7]",165,0,0,0
32077,"[12404, 8]",95,0,0,0
32078,"[12404, 9]",340,2,1,0
32079,"[12404, 10]",272,2,1,0
32080,"[12405, 0]",1,158,64,0
32081,"[12406, 0]",1,57,26,0
32082,"[12407, 0]",1,2,1,0
32083,"[12408, 0]",1,158,64,0
32084,"[12409, 0]",1,0,0,0
32085,"[12409, 1]",2,0,0,0
32086,"[12409, 2]",28,158,64,0
32087,"[12410, 0]",1,0,0,0
32088,"[12410, 1]",7,61,28,0
32089,"[12410, 2]",5,158,64,0
32090,"[12410, 3]",3,0,0,0
32091,"[12410, 4]",29,0,0,0
32092,"[12410, 5]",46,41,18,0
32093,"[12411, 0]",1,0,0,0
32094,"[12411, 1]",2,0,0,0
32095,"[12411, 2]",41,51,24,0
32096,"[12412, 0]",1,57,26,0
32097,"[12413, 0]",1,158,64,0
32098,"[12414, 0]",1,156,64,0
32099,"[12415, 0]",1,0,0,0
32100,"[12415, 1]",4,41,18,0
32101,"[12415, 2]",3,156,64,0
32102,"[12415, 3]",2,0,0,0
32103,"[12415, 4]",45,158,64,0
32104,"[12415, 5]",44,0,0,0
32105,"[12415, 6]",43,0,0,0
32106,"[12415, 7]",73,158,64,0
32107,"[12415, 8]",69,158,64,0
32108,"[12416, 0]",1,0,0,0
32109,"[12416, 1]",2,57,26,18
32110,"[12417, 0]",1,156,64,0
32111,"[12418, 0]",1,0,0,0
32112,"[12418, 1]",2,57,26,0
32113,"[12419, 0]",1,0,0,0
32114,"[12419, 1]",3,0,0,-1
32115,"[12419, 2]",15,0,0,-1
32116,"[12419, 3]",63,0,0,-1
32117,"[12419, 4]",103,158,64,-1
32118,"[12420, 0]",1,0,0,0
32119,"[12420, 1]",2,57,26,0
32120,"[12421, 0]",1,57,26,0
32121,"[12422, 0]",1,0,0,0
32122,"[12422, 1]",4,0,0,0
32123,"[12422, 2]",3,0,0,0
32124,"[12422, 3]",2,0,0,0
32125,"[12422, 4]",48,158,64,0
32126,"[12422, 5]",47,0,0,0
32127,"[12422, 6]",43,158,64,0
32128,"[12422, 7]",42,158,64,0
32129,"[12422, 8]",33,41,18,0
32130,"[12422, 9]",67,158,64,0
32131,"[12422, 10]",65,41,18,0
32132,"[12422, 11]",64,0,0,0
32133,"[12422, 12]",262,158,64,-1
32134,"[12423, 0]",1,0,0,0
32135,"[12423, 1]",2,41,18,0
32136,"[12424, 0]",1,59,28,0
32137,"[12425, 0]",1,158,64,0
32138,"[12426, 0]",1,156,64,0
32139,"[12427, 0]",1,0,0,0
32140,"[12427, 1]",2,156,64,0
32141,"[12428, 0]",1,0,0,0
32142,"[12428, 1]",7,41,18,0
32143,"[12428, 2]",6,158,64,0
32144,"[12428, 3]",2,41,18,0
32145,"[12429, 0]",1,0,0,1
32146,"[12429, 1]",2,158,64,0
32147,"[12430, 0]",1,158,64,0
32148,"[12431, 0]",1,0,0,0
32149,"[12431, 1]",2,41,18,0
32150,"[12432, 0]",1,158,64,0
32151,"[12433, 0]",1,0,0,0
32152,"[12433, 1]",7,41,18,0
32153,"[12433, 2]",5,0,0,0
32154,"[12433, 3]",2,0,0,0
32155,"[12433, 4]",68,0,0,0
32156,"[12433, 5]",67,158,64,0
32157,"[12433, 6]",40,41,18,0
32158,"[12433, 7]",93,158,64,-1
32159,"[12434, 0]",1,2,1,0
32160,"[12435, 0]",1,57,26,0
32161,"[12436, 0]",1,156,64,0
32162,"[12437, 0]",1,158,64,0
32163,"[12438, 0]",1,158,64,0
32164,"[12439, 0]",1,0,0,0
32165,"[12439, 1]",3,2,1,0
32166,"[12439, 2]",2,0,0,0
32167,"[12439, 3]",27,2,1,0
32168,"[12439, 4]",25,158,64,0
32169,"[12439, 5]",24,0,0,0
32170,"[12439, 6]",23,0,0,0
32171,"[12439, 7]",68,158,64,0
32172,"[12439, 8]",64,156,64,0
32173,"[12440, 0]",1,158,64,0
32174,"[12441, 0]",1,158,64,0
32175,"[12442, 0]",1,158,64,0
32176,"[12443, 0]",1,158,64,1
32177,"[12444, 0]",1,0,0,0
32178,"[12444, 1]",2,156,64,0
32179,"[12445, 0]",1,156,64,0
32180,"[12446, 0]",1,0,0,0
32181,"[12446, 1]",2,156,64,0
32182,"[12447, 0]",1,2,1,0
32183,"[12448, 0]",1,41,18,0
32184,"[12449, 0]",1,158,64,0
32185,"[12450, 0]",1,59,28,0
32186,"[12451, 0]",1,54,24,0
32187,"[12452, 0]",1,0,0,0
32188,"[12452, 1]",2,0,0,0
32189,"[12452, 2]",46,0,0,0
32190,"[12452, 3]",59,158,64,-1
32191,"[12453, 0]",1,41,18,0
32192,"[12454, 0]",1,55,26,0
32193,"[12455, 0]",1,0,0,0
32194,"[12455, 1]",2,158,64,0
32195,"[12456, 0]",1,57,26,0
32196,"[12457, 0]",1,77,32,0
32197,"[12458, 0]",1,57,26,0
32198,"[12459, 0]",1,57,26,1
32199,"[12460, 0]",1,0,0,0
32200,"[12460, 1]",6,0,0,0
32201,"[12460, 2]",3,0,0,0
32202,"[12460, 3]",2,0,0,0
32203,"[12460, 4]",39,41,18,0
32204,"[12460, 5]",33,158,64,0
32205,"[12460, 6]",8,41,18,26
32206,"[12461, 0]",1,156,64,0
32207,"[12462, 0]",1,41,18,0
32208,"[12463, 0]",1,0,0,0
32209,"[12463, 1]",9,41,18,0
32210,"[12463, 2]",7,0,0,0
32211,"[12463, 3]",6,0,0,0
32212,"[12463, 4]",5,0,0,0
32213,"[12463, 5]",3,0,0,0
32214,"[12463, 6]",2,0,0,0
32215,"[12463, 7]",34,158,64,0
32216,"[12463, 8]",33,0,0,0
32217,"[12463, 9]",32,0,0,0
32218,"[12463, 10]",28,41,18,0
32219,"[12463, 11]",26,0,0,0
32220,"[12463, 12]",22,0,0,0
32221,"[12463, 13]",18,158,64,0
32222,"[12463, 14]",15,0,0,0
32223,"[12463, 15]",149,158,64,0
32224,"[12463, 16]",112,57,26,0
32225,"[12463, 17]",91,0,0,0
32226,"[12463, 18]",61,0,0,0
32227,"[12463, 19]",58,158,64,0
32228,"[12463, 20]",349,57,26,0
32229,"[12463, 21]",300,0,0,-1
32230,"[12463, 22]",468,41,18,7
32231,"[12464, 0]",1,0,0,0
32232,"[12464, 1]",2,158,64,1
32233,"[12465, 0]",1,41,18,0
32234,"[12466, 0]",1,54,24,0
32235,"[12467, 0]",1,158,64,0
32236,"[12468, 0]",1,0,0,0
32237,"[12468, 1]",5,57,26,0
32238,"[12468, 2]",4,0,0,0
32239,"[12468, 3]",3,0,0,0
32240,"[12468, 4]",2,158,64,0
32241,"[12468, 5]",18,41,18,0
32242,"[12468, 6]",15,41,18,0
32243,"[12469, 0]",1,41,18,0
32244,"[12470, 0]",1,51,24,0
32245,"[12471, 0]",1,0,0,0
32246,"[12471, 1]",2,158,64,2
32247,"[12472, 0]",1,156,64,0
32248,"[12473, 0]",1,158,64,0
32249,"[12474, 0]",1,158,64,0
32250,"[12475, 0]",1,0,0,0
32251,"[12475, 1]",2,158,64,0
32252,"[12476, 0]",1,158,64,0
32253,"[12477, 0]",1,0,0,0
32254,"[12477, 1]",2,158,64,0
32255,"[12478, 0]",1,2,1,0
32256,"[12479, 0]",1,158,64,1
32257,"[12480, 0]",1,0,0,0
32258,"[12480, 1]",3,0,0,0
32259,"[12480, 2]",2,0,0,0
32260,"[12480, 3]",33,41,18,0
32261,"[12480, 4]",32,158,64,0
32262,"[12480, 5]",30,0,0,0
32263,"[12480, 6]",24,158,64,0
32264,"[12480, 7]",64,41,18,0
32265,"[12481, 0]",1,158,64,0
32266,"[12482, 0]",1,0,0,0
32267,"[12482, 1]",7,156,64,0
32268,"[12482, 2]",6,158,64,0
32269,"[12482, 3]",4,0,0,0
32270,"[12482, 4]",2,0,0,0
32271,"[12482, 5]",60,0,0,0
32272,"[12482, 6]",41,57,26,0
32273,"[12482, 7]",102,59,28,0
32274,"[12483, 0]",1,158,64,0
32275,"[12484, 0]",1,158,64,0
32276,"[12485, 0]",1,58,26,0
32277,"[12486, 0]",1,158,64,0
32278,"[12487, 0]",1,0,0,0
32279,"[12487, 1]",5,158,64,0
32280,"[12487, 2]",4,0,0,0
32281,"[12487, 3]",3,0,0,0
32282,"[12487, 4]",2,0,0,0
32283,"[12487, 5]",33,156,64,0
32284,"[12487, 6]",30,0,0,0
32285,"[12487, 7]",27,156,64,0
32286,"[12487, 8]",57,158,64,-1
32287,"[12488, 0]",1,0,0,0
32288,"[12488, 1]",5,2,1,0
32289,"[12488, 2]",3,41,18,0
32290,"[12488, 3]",2,0,0,0
32291,"[12488, 4]",41,158,64,0
32292,"[12489, 0]",1,158,64,0
32293,"[12490, 0]",1,0,0,0
32294,"[12490, 1]",5,158,64,0
32295,"[12490, 2]",3,0,0,0
32296,"[12490, 3]",37,0,0,0
32297,"[12490, 4]",36,2,1,0
32298,"[12490, 5]",59,158,64,0
32299,"[12491, 0]",1,0,0,0
32300,"[12491, 1]",2,158,64,0
32301,"[12492, 0]",1,0,0,0
32302,"[12492, 1]",2,158,64,0
32303,"[12493, 0]",1,0,0,0
32304,"[12493, 1]",2,156,64,1
32305,"[12494, 0]",1,0,0,0
32306,"[12494, 1]",4,0,0,-1
32307,"[12494, 2]",2,0,0,-1
32308,"[12494, 3]",44,158,64,-1
32309,"[12494, 4]",43,158,64,-1
32310,"[12494, 5]",42,158,64,-1
32311,"[12494, 6]",35,156,64,3
32312,"[12495, 0]",1,0,0,0
32313,"[12495, 1]",6,0,0,6
32314,"[12495, 2]",4,0,0,-1
32315,"[12495, 3]",40,158,64,-1
32316,"[12495, 4]",26,2,1,14
32317,"[12496, 0]",1,2,1,0
32318,"[12497, 0]",1,0,0,0
32319,"[12497, 1]",2,41,18,58
32320,"[12498, 0]",1,158,64,0
32321,"[12499, 0]",1,158,64,0
32322,"[12500, 0]",1,158,64,0
32323,"[12501, 0]",1,158,64,0
32324,"[12502, 0]",1,0,0,0
32325,"[12502, 1]",3,0,0,0
32326,"[12502, 2]",2,158,64,0
32327,"[12502, 3]",20,158,64,0
32328,"[12503, 0]",1,156,64,0
32329,"[12504, 0]",1,57,26,0
32330,"[12505, 0]",1,158,64,0
32331,"[12506, 0]",1,0,0,0
32332,"[12506, 1]",2,41,18,0
32333,"[12507, 0]",1,158,64,0
32334,"[12508, 0]",1,0,0,0
32335,"[12508, 1]",2,41,18,0
32336,"[12509, 0]",1,0,0,0
32337,"[12509, 1]",2,41,18,0
32338,"[12510, 0]",1,156,64,0
32339,"[12511, 0]",1,158,64,0
32340,"[12512, 0]",1,61,28,0
32341,"[12513, 0]",1,156,64,0
32342,"[12514, 0]",1,0,0,0
32343,"[12514, 1]",2,41,18,0
32344,"[12515, 0]",1,41,18,0
32345,"[12516, 0]",1,156,64,0
32346,"[12517, 0]",1,158,64,0
32347,"[12518, 0]",1,0,0,0
32348,"[12518, 1]",4,158,64,0
32349,"[12518, 2]",3,0,0,0
32350,"[12518, 3]",2,0,0,0
32351,"[12518, 4]",37,156,64,0
32352,"[12518, 5]",36,41,18,0
32353,"[12518, 6]",33,0,0,0
32354,"[12518, 7]",27,57,26,0
32355,"[12518, 8]",74,41,18,0
32356,"[12519, 0]",1,0,0,0
32357,"[12519, 1]",2,158,64,0
32358,"[12520, 0]",1,0,0,1
32359,"[12521, 0]",1,57,26,0
32360,"[12522, 0]",1,2,1,1
32361,"[12523, 0]",1,0,0,0
32362,"[12523, 1]",4,158,64,-1
32363,"[12523, 2]",3,156,64,-1
32364,"[12524, 0]",1,0,0,0
32365,"[12524, 1]",2,41,18,0
32366,"[12525, 0]",1,0,0,0
32367,"[12525, 1]",4,2,1,0
32368,"[12525, 2]",3,41,18,0
32369,"[12525, 3]",2,0,0,0
32370,"[12525, 4]",25,158,64,0
32371,"[12525, 5]",24,0,0,0
32372,"[12525, 6]",20,0,0,0
32373,"[12525, 7]",66,57,26,0
32374,"[12525, 8]",65,0,0,0
32375,"[12525, 9]",34,156,64,0
32376,"[12525, 10]",135,158,64,-1
32377,"[12525, 11]",134,0,0,-1
32378,"[12526, 0]",1,0,0,0
32379,"[12526, 1]",2,158,64,-1
32380,"[12527, 0]",1,0,0,0
32381,"[12527, 1]",3,0,0,0
32382,"[12527, 2]",2,54,24,0
32383,"[12527, 3]",32,77,32,0
32384,"[12528, 0]",1,0,0,1
32385,"[12528, 1]",5,158,64,0
32386,"[12528, 2]",3,0,0,0
32387,"[12528, 3]",2,0,0,0
32388,"[12528, 4]",52,158,64,-1
32389,"[12528, 5]",51,0,0,3
32390,"[12528, 6]",49,0,0,-1
32391,"[12528, 7]",45,158,64,-1
32392,"[12528, 8]",44,0,0,-1
32393,"[12528, 9]",43,0,0,-1
32394,"[12528, 10]",42,0,0,4
32395,"[12528, 11]",40,0,0,1
32396,"[12528, 12]",36,0,0,0
32397,"[12528, 13]",35,0,0,0
32398,"[12528, 14]",191,0,0,-1
32399,"[12528, 15]",190,0,0,-1
32400,"[12528, 16]",189,0,0,-1
32401,"[12528, 17]",185,156,64,0
32402,"[12528, 18]",182,0,0,0
32403,"[12528, 19]",181,0,0,0
32404,"[12528, 20]",147,0,0,-1
32405,"[12528, 21]",143,2,1,-1
32406,"[12528, 22]",139,0,0,-1
32407,"[12528, 23]",133,2,1,1
32408,"[12528, 24]",120,59,28,-1
32409,"[12528, 25]",91,156,64,0
32410,"[12528, 26]",479,54,24,7
32411,"[12528, 27]",435,0,0,-1
32412,"[12528, 28]",434,0,0,-1
32413,"[12528, 29]",401,158,64,1
32414,"[12528, 30]",400,158,64,1
32415,"[12528, 31]",395,0,0,1
32416,"[12528, 32]",363,158,64,1
32417,"[12528, 33]",361,41,18,1
32418,"[12528, 34]",356,158,64,1
32419,"[12528, 35]",355,0,0,1
32420,"[12528, 36]",347,158,64,4
32421,"[12528, 37]",1104,0,0,0
32422,"[12528, 38]",1011,158,64,0
32423,"[12528, 39]",940,158,64,-1
32424,"[12528, 40]",939,158,64,-1
32425,"[12528, 41]",937,158,64,-1
32426,"[12528, 42]",930,0,0,-1
32427,"[12528, 43]",1636,0,0,-1
32428,"[12528, 44]",1277,158,64,0
32429,"[12528, 45]",1889,158,64,-1
32430,"[12529, 0]",1,0,0,0
32431,"[12529, 1]",2,0,0,0
32432,"[12529, 2]",14,158,64,0
32433,"[12530, 0]",1,59,28,0
32434,"[12531, 0]",1,0,0,0
32435,"[12531, 1]",2,158,64,1
32436,"[12532, 0]",1,0,0,0
32437,"[12532, 1]",6,57,26,0
32438,"[12532, 2]",3,0,0,0
32439,"[12532, 3]",2,0,0,0
32440,"[12532, 4]",49,156,64,0
32441,"[12532, 5]",47,0,0,0
32442,"[12532, 6]",44,0,0,0
32443,"[12532, 7]",43,0,0,0
32444,"[12532, 8]",42,0,0,0
32445,"[12532, 9]",40,0,0,0
32446,"[12532, 10]",97,0,0,0
32447,"[12532, 11]",94,0,0,0
32448,"[12532, 12]",86,41,18,0
32449,"[12532, 13]",80,0,0,0
32450,"[12532, 14]",68,0,0,0
32451,"[12532, 15]",309,41,18,0
32452,"[12532, 16]",291,2,1,0
32453,"[12532, 17]",170,57,26,0
32454,"[12532, 18]",155,158,64,0
32455,"[12533, 0]",1,0,0,0
32456,"[12533, 1]",2,2,1,0
32457,"[12534, 0]",1,158,64,0
32458,"[12535, 0]",1,0,0,0
32459,"[12535, 1]",2,158,64,0
32460,"[12536, 0]",1,41,18,0
32461,"[12537, 0]",1,41,18,0
32462,"[12538, 0]",1,0,0,0
32463,"[12538, 1]",2,158,64,0
32464,"[12539, 0]",1,158,64,0
32465,"[12540, 0]",1,0,0,0
32466,"[12540, 1]",2,158,64,0
32467,"[12541, 0]",1,158,64,0
32468,"[12542, 0]",1,57,26,0
32469,"[12543, 0]",1,41,18,0
32470,"[12544, 0]",1,156,64,0
32471,"[12545, 0]",1,0,0,0
32472,"[12545, 1]",2,0,0,0
32473,"[12545, 2]",53,0,0,0
32474,"[12545, 3]",76,0,0,0
32475,"[12545, 4]",146,0,0,0
32476,"[12545, 5]",188,41,18,0
32477,"[12546, 0]",1,158,64,0
32478,"[12547, 0]",1,0,0,0
32479,"[12547, 1]",6,158,64,0
32480,"[12547, 2]",3,0,0,0
32481,"[12547, 3]",2,0,0,0
32482,"[12547, 4]",66,0,0,0
32483,"[12547, 5]",64,0,0,0
32484,"[12547, 6]",63,0,0,0
32485,"[12547, 7]",54,0,0,0
32486,"[12547, 8]",151,0,0,0
32487,"[12547, 9]",89,158,64,0
32488,"[12547, 10]",81,0,0,0
32489,"[12547, 11]",76,158,64,-1
32490,"[12547, 12]",274,158,64,1
32491,"[12547, 13]",201,55,26,6
32492,"[12548, 0]",1,37,18,0
32493,"[12549, 0]",1,41,18,0
32494,"[12550, 0]",1,0,0,0
32495,"[12550, 1]",2,0,0,0
32496,"[12550, 2]",32,0,0,0
32497,"[12550, 3]",42,158,64,0
32498,"[12551, 0]",1,41,18,0
32499,"[12552, 0]",1,0,0,0
32500,"[12552, 1]",2,158,64,0
32501,"[12553, 0]",1,0,0,0
32502,"[12553, 1]",2,0,0,0
32503,"[12553, 2]",22,0,0,0
32504,"[12553, 3]",104,158,64,0
32505,"[12554, 0]",1,158,64,0
32506,"[12555, 0]",1,0,0,0
32507,"[12555, 1]",2,156,64,0
32508,"[12556, 0]",1,41,18,0
32509,"[12557, 0]",1,158,64,0
32510,"[12558, 0]",1,158,64,0
32511,"[12559, 0]",1,0,0,0
32512,"[12559, 1]",2,158,64,0
32513,"[12560, 0]",1,0,0,0
32514,"[12560, 1]",2,41,18,0
32515,"[12561, 0]",1,0,0,0
32516,"[12561, 1]",2,156,64,0
32517,"[12562, 0]",1,158,64,0
32518,"[12563, 0]",1,41,18,0
32519,"[12564, 0]",1,0,0,0
32520,"[12564, 1]",2,0,0,0
32521,"[12564, 2]",35,0,0,0
32522,"[12564, 3]",72,156,64,0
32523,"[12565, 0]",1,158,64,0
32524,"[12566, 0]",1,158,64,0
32525,"[12567, 0]",1,0,0,0
32526,"[12567, 1]",2,0,0,0
32527,"[12567, 2]",22,57,26,0
32528,"[12568, 0]",1,0,0,0
32529,"[12568, 1]",2,158,64,0
32530,"[12569, 0]",1,0,0,0
32531,"[12569, 1]",5,156,64,-1
32532,"[12569, 2]",3,156,64,-1
32533,"[12570, 0]",1,0,0,0
32534,"[12570, 1]",3,0,0,0
32535,"[12570, 2]",2,0,0,0
32536,"[12570, 3]",41,41,18,0
32537,"[12570, 4]",40,0,0,0
32538,"[12570, 5]",65,158,64,0
32539,"[12571, 0]",1,0,0,0
32540,"[12571, 1]",4,158,64,0
32541,"[12571, 2]",2,0,0,0
32542,"[12571, 3]",32,0,0,4
32543,"[12571, 4]",54,158,64,0
32544,"[12572, 0]",1,2,1,0
32545,"[12573, 0]",1,0,0,0
32546,"[12573, 1]",8,156,64,3
32547,"[12573, 2]",6,158,64,-1
32548,"[12573, 3]",3,0,0,9
32549,"[12573, 4]",2,0,0,1
32550,"[12573, 5]",53,2,1,0
32551,"[12573, 6]",52,158,64,0
32552,"[12573, 7]",50,0,0,0
32553,"[12573, 8]",46,158,64,0
32554,"[12573, 9]",45,0,0,0
32555,"[12573, 10]",114,0,0,0
32556,"[12573, 11]",85,156,64,0
32557,"[12573, 12]",255,158,64,7
32558,"[12574, 0]",1,158,64,0
32559,"[12575, 0]",1,158,64,0
32560,"[12576, 0]",1,41,18,0
32561,"[12577, 0]",1,158,64,0
32562,"[12578, 0]",1,158,64,0
32563,"[12579, 0]",1,0,0,0
32564,"[12579, 1]",2,2,1,0
32565,"[12580, 0]",1,158,64,0
32566,"[12581, 0]",1,158,64,0
32567,"[12582, 0]",1,41,18,0
32568,"[12583, 0]",1,0,0,0
32569,"[12583, 1]",3,158,64,0
32570,"[12583, 2]",2,158,64,0
32571,"[12584, 0]",1,158,64,1
32572,"[12585, 0]",1,0,0,0
32573,"[12585, 1]",2,57,26,0
32574,"[12586, 0]",1,0,0,0
32575,"[12586, 1]",2,41,18,9
32576,"[12587, 0]",1,158,64,0
32577,"[12588, 0]",1,156,64,0
32578,"[12589, 0]",1,0,0,0
32579,"[12589, 1]",6,41,18,0
32580,"[12589, 2]",4,0,0,0
32581,"[12589, 3]",3,0,0,0
32582,"[12589, 4]",33,41,18,0
32583,"[12589, 5]",26,41,18,0
32584,"[12590, 0]",1,0,0,0
32585,"[12590, 1]",5,158,64,0
32586,"[12590, 2]",3,57,26,0
32587,"[12590, 3]",2,0,0,0
32588,"[12590, 4]",34,158,64,0
32589,"[12591, 0]",1,158,64,0
32590,"[12592, 0]",1,0,0,0
32591,"[12592, 1]",2,0,0,0
32592,"[12592, 2]",33,57,26,-1
32593,"[12593, 0]",1,41,18,0
32594,"[12594, 0]",1,156,64,0
32595,"[12595, 0]",1,57,26,0
32596,"[12596, 0]",1,0,0,0
32597,"[12596, 1]",2,158,64,0
32598,"[12597, 0]",1,158,64,0
32599,"[12598, 0]",1,0,0,0
32600,"[12598, 1]",4,41,18,0
32601,"[12598, 2]",2,41,18,0
32602,"[12599, 0]",1,57,26,0
32603,"[12600, 0]",1,0,0,0
32604,"[12600, 1]",2,0,0,-1
32605,"[12600, 2]",11,158,64,-1
32606,"[12601, 0]",1,41,18,0
32607,"[12602, 0]",1,0,0,0
32608,"[12602, 1]",2,63,28,0
32609,"[12603, 0]",1,158,64,0
32610,"[12604, 0]",1,0,0,0
32611,"[12604, 1]",7,41,18,0
32612,"[12604, 2]",5,0,0,0
32613,"[12604, 3]",4,0,0,0
32614,"[12604, 4]",3,0,0,0
32615,"[12604, 5]",33,57,26,0
32616,"[12604, 6]",30,158,64,0
32617,"[12604, 7]",27,0,0,0
32618,"[12604, 8]",136,0,0,-1
32619,"[12604, 9]",181,0,0,3
32620,"[12605, 0]",1,0,0,0
32621,"[12605, 1]",2,59,28,0
32622,"[12606, 0]",1,2,1,0
32623,"[12607, 0]",1,156,64,0
32624,"[12608, 0]",1,0,0,0
32625,"[12608, 1]",2,57,26,0
32626,"[12609, 0]",1,0,0,0
32627,"[12609, 1]",2,57,26,0
32628,"[12610, 0]",1,158,64,0
32629,"[12611, 0]",1,41,18,0
32630,"[12612, 0]",1,0,0,0
32631,"[12612, 1]",2,0,0,0
32632,"[12612, 2]",41,0,0,0
32633,"[12612, 3]",56,41,18,2
32634,"[12613, 0]",1,2,1,0
32635,"[12614, 0]",1,158,64,0
32636,"[12615, 0]",1,57,26,0
32637,"[12616, 0]",1,57,26,0
32638,"[12617, 0]",1,158,64,0
32639,"[12618, 0]",1,158,64,0
32640,"[12619, 0]",1,41,18,0
32641,"[12620, 0]",1,41,18,0
32642,"[12621, 0]",1,0,0,0
32643,"[12621, 1]",5,0,0,0
32644,"[12621, 2]",4,41,18,0
32645,"[12621, 3]",3,41,18,0
32646,"[12621, 4]",2,0,0,0
32647,"[12621, 5]",37,41,18,0
32648,"[12621, 6]",26,41,18,0
32649,"[12622, 0]",1,0,0,0
32650,"[12622, 1]",2,41,18,0
32651,"[12623, 0]",1,158,64,0
32652,"[12624, 0]",1,156,64,1
32653,"[12625, 0]",1,158,64,0
32654,"[12626, 0]",1,0,0,0
32655,"[12626, 1]",2,41,18,0
32656,"[12627, 0]",1,158,64,0
32657,"[12628, 0]",1,0,0,0
32658,"[12628, 1]",2,158,64,0
32659,"[12629, 0]",1,0,0,0
32660,"[12629, 1]",2,0,0,0
32661,"[12629, 2]",34,41,18,0
32662,"[12630, 0]",1,158,64,0
32663,"[12631, 0]",1,158,64,0
32664,"[12632, 0]",1,0,0,0
32665,"[12632, 1]",2,158,64,0
32666,"[12633, 0]",1,0,0,1
32667,"[12633, 1]",2,41,18,3
32668,"[12634, 0]",1,156,64,0
32669,"[12635, 0]",1,158,64,0
32670,"[12636, 0]",1,2,1,0
32671,"[12637, 0]",1,0,0,0
32672,"[12637, 1]",2,0,0,0
32673,"[12637, 2]",17,0,0,0
32674,"[12637, 3]",22,158,64,3
32675,"[12638, 0]",1,0,0,0
32676,"[12638, 1]",2,158,64,0
32677,"[12639, 0]",1,0,0,0
32678,"[12639, 1]",2,0,0,0
32679,"[12639, 2]",23,0,0,1
32680,"[12639, 3]",61,158,64,-1
32681,"[12640, 0]",1,0,0,0
32682,"[12640, 1]",2,0,0,0
32683,"[12640, 2]",38,41,18,0
32684,"[12641, 0]",1,0,0,0
32685,"[12642, 0]",1,0,0,0
32686,"[12642, 1]",2,57,26,-1
32687,"[12643, 0]",1,41,18,0
32688,"[12644, 0]",1,0,0,0
32689,"[12644, 1]",8,2,1,0
32690,"[12644, 2]",3,0,0,0
32691,"[12644, 3]",2,0,0,0
32692,"[12644, 4]",53,0,0,0
32693,"[12644, 5]",49,158,64,0
32694,"[12644, 6]",92,158,64,0
32695,"[12644, 7]",91,41,18,0
32696,"[12645, 0]",1,58,26,0
32697,"[12646, 0]",1,41,18,0
32698,"[12647, 0]",1,158,64,0
32699,"[12648, 0]",1,41,18,0
32700,"[12649, 0]",1,158,64,0
32701,"[12650, 0]",1,158,64,0
32702,"[12651, 0]",1,0,0,0
32703,"[12651, 1]",2,41,18,0
32704,"[12652, 0]",1,158,64,0
32705,"[12653, 0]",1,0,0,0
32706,"[12653, 1]",6,41,18,0
32707,"[12653, 2]",5,0,0,0
32708,"[12653, 3]",4,0,0,0
32709,"[12653, 4]",3,0,0,0
32710,"[12653, 5]",2,0,0,0
32711,"[12653, 6]",38,0,0,0
32712,"[12653, 7]",36,41,18,0
32713,"[12653, 8]",35,41,18,0
32714,"[12653, 9]",30,0,0,0
32715,"[12653, 10]",26,158,64,0
32716,"[12653, 11]",139,158,64,0
32717,"[12653, 12]",110,41,18,0
32718,"[12654, 0]",1,158,64,0
32719,"[12655, 0]",1,2,1,0
32720,"[12656, 0]",1,158,64,1
32721,"[12657, 0]",1,158,64,0
32722,"[12658, 0]",1,156,64,1
32723,"[12659, 0]",1,2,1,0
32724,"[12660, 0]",1,0,0,0
32725,"[12660, 1]",2,156,64,0
32726,"[12661, 0]",1,156,64,0
32727,"[12662, 0]",1,158,64,0
32728,"[12663, 0]",1,0,0,0
32729,"[12663, 1]",2,156,64,0
32730,"[12664, 0]",1,2,1,0
32731,"[12665, 0]",1,41,18,1
32732,"[12666, 0]",1,57,26,0
32733,"[12667, 0]",1,0,0,0
32734,"[12667, 1]",2,158,64,9
32735,"[12668, 0]",1,41,18,0
32736,"[12669, 0]",1,158,64,0
32737,"[12670, 0]",1,158,64,1
32738,"[12671, 0]",1,57,26,0
32739,"[12672, 0]",1,158,64,0
32740,"[12673, 0]",1,41,18,0
32741,"[12674, 0]",1,156,64,0
32742,"[12675, 0]",1,0,0,0
32743,"[12675, 1]",2,0,0,-1
32744,"[12675, 2]",39,0,0,-1
32745,"[12676, 0]",1,0,0,0
32746,"[12676, 1]",6,0,0,0
32747,"[12676, 2]",5,0,0,0
32748,"[12676, 3]",2,0,0,0
32749,"[12676, 4]",36,0,0,0
32750,"[12676, 5]",29,158,64,0
32751,"[12676, 6]",26,41,18,0
32752,"[12676, 7]",104,158,64,0
32753,"[12677, 0]",1,2,1,0
32754,"[12678, 0]",1,0,0,0
32755,"[12678, 1]",4,0,0,0
32756,"[12678, 2]",3,0,0,0
32757,"[12678, 3]",2,0,0,0
32758,"[12678, 4]",25,158,64,0
32759,"[12678, 5]",19,0,0,0
32760,"[12678, 6]",16,41,18,0
32761,"[12678, 7]",75,57,26,-1
32762,"[12679, 0]",1,51,24,0
32763,"[12680, 0]",1,158,64,0
32764,"[12681, 0]",1,41,18,0
32765,"[12682, 0]",1,0,0,0
32766,"[12682, 1]",3,156,64,0
32767,"[12682, 2]",2,158,64,0
32768,"[12683, 0]",1,0,0,0
32769,"[12683, 1]",2,57,26,3
32770,"[12684, 0]",1,0,0,0
32771,"[12684, 1]",2,0,0,0
32772,"[12684, 2]",33,0,0,0
32773,"[12684, 3]",95,2,1,2
32774,"[12685, 0]",1,0,0,0
32775,"[12685, 1]",2,158,64,10
32776,"[12686, 0]",1,158,64,0
32777,"[12687, 0]",1,0,0,0
32778,"[12687, 1]",2,57,26,0
32779,"[12688, 0]",1,156,64,0
32780,"[12689, 0]",1,0,0,0
32781,"[12689, 1]",2,41,18,9
32782,"[12690, 0]",1,0,0,0
32783,"[12690, 1]",2,0,0,0
32784,"[12690, 2]",58,41,18,0
32785,"[12691, 0]",1,158,64,0
32786,"[12692, 0]",1,158,64,0
32787,"[12693, 0]",1,0,0,0
32788,"[12693, 1]",2,156,64,21
32789,"[12694, 0]",1,0,0,0
32790,"[12694, 1]",2,0,0,0
32791,"[12694, 2]",38,0,0,0
32792,"[12694, 3]",49,41,18,0
32793,"[12695, 0]",1,41,18,0
32794,"[12696, 0]",1,57,26,0
32795,"[12697, 0]",1,158,64,0
32796,"[12698, 0]",1,41,18,0
32797,"[12699, 0]",1,158,64,0
32798,"[12700, 0]",1,0,0,0
32799,"[12700, 1]",2,158,64,0
32800,"[12701, 0]",1,0,0,0
32801,"[12701, 1]",2,41,18,0
32802,"[12702, 0]",1,0,0,0
32803,"[12702, 1]",2,158,64,0
32804,"[12703, 0]",1,0,0,0
32805,"[12703, 1]",2,57,26,0
32806,"[12704, 0]",1,0,0,0
32807,"[12704, 1]",2,0,0,0
32808,"[12704, 2]",25,158,64,0
32809,"[12705, 0]",1,0,0,0
32810,"[12705, 1]",3,0,0,0
32811,"[12705, 2]",2,158,64,0
32812,"[12705, 3]",32,59,28,0
32813,"[12706, 0]",1,0,0,0
32814,"[12706, 1]",2,158,64,-1
32815,"[12707, 0]",1,0,0,0
32816,"[12707, 1]",6,158,64,0
32817,"[12707, 2]",3,0,0,0
32818,"[12707, 3]",2,0,0,0
32819,"[12707, 4]",47,0,0,0
32820,"[12707, 5]",38,158,64,0
32821,"[12707, 6]",87,0,0,0
32822,"[12707, 7]",452,57,26,0
32823,"[12708, 0]",1,2,1,0
32824,"[12709, 0]",1,0,0,0
32825,"[12709, 1]",2,0,0,0
32826,"[12709, 2]",17,2,1,0
32827,"[12710, 0]",1,0,0,0
32828,"[12710, 1]",2,158,64,0
32829,"[12711, 0]",1,0,0,0
32830,"[12711, 1]",5,0,0,0
32831,"[12711, 2]",4,0,0,0
32832,"[12711, 3]",2,0,0,0
32833,"[12711, 4]",21,41,18,0
32834,"[12711, 5]",17,0,0,0
32835,"[12711, 6]",10,0,0,0
32836,"[12711, 7]",7,37,18,0
32837,"[12711, 8]",64,41,18,0
32838,"[12711, 9]",49,41,18,0
32839,"[12711, 10]",48,0,0,0
32840,"[12711, 11]",186,41,18,0
32841,"[12712, 0]",1,0,0,0
32842,"[12712, 1]",2,0,0,0
32843,"[12712, 2]",20,0,0,0
32844,"[12712, 3]",52,41,18,3
32845,"[12713, 0]",1,158,64,0
32846,"[12714, 0]",1,158,64,0
32847,"[12715, 0]",1,41,18,1
32848,"[12716, 0]",1,41,18,0
32849,"[12717, 0]",1,0,0,0
32850,"[12717, 1]",3,158,64,0
32851,"[12717, 2]",2,0,0,0
32852,"[12717, 3]",37,41,18,0
32853,"[12718, 0]",1,0,0,0
32854,"[12718, 1]",2,0,0,0
32855,"[12718, 2]",17,57,26,0
32856,"[12719, 0]",1,41,18,0
32857,"[12720, 0]",1,2,1,0
32858,"[12721, 0]",1,2,1,0
32859,"[12722, 0]",1,158,64,0
32860,"[12723, 0]",1,158,64,0
32861,"[12724, 0]",1,0,0,0
32862,"[12724, 1]",2,0,0,0
32863,"[12724, 2]",14,158,64,0
32864,"[12724, 3]",13,158,64,0
32865,"[12725, 0]",1,0,0,0
32866,"[12725, 1]",3,158,64,0
32867,"[12725, 2]",2,41,18,0
32868,"[12726, 0]",1,158,64,0
32869,"[12727, 0]",1,41,18,0
32870,"[12728, 0]",1,0,0,0
32871,"[12728, 1]",2,0,0,-1
32872,"[12728, 2]",64,156,64,-1
32873,"[12729, 0]",1,41,18,0
32874,"[12730, 0]",1,0,0,0
32875,"[12730, 1]",2,158,64,0
32876,"[12731, 0]",1,0,0,0
32877,"[12731, 1]",2,156,64,0
32878,"[12732, 0]",1,0,0,0
32879,"[12732, 1]",2,158,64,16
32880,"[12733, 0]",1,158,64,0
32881,"[12734, 0]",1,0,0,0
32882,"[12734, 1]",2,0,0,0
32883,"[12734, 2]",25,0,0,0
32884,"[12734, 3]",24,57,26,0
32885,"[12734, 4]",30,158,64,0
32886,"[12735, 0]",1,0,0,0
32887,"[12735, 1]",2,158,64,1
32888,"[12736, 0]",1,0,0,0
32889,"[12736, 1]",4,57,26,0
32890,"[12737, 0]",1,41,18,0
32891,"[12738, 0]",1,0,0,0
32892,"[12738, 1]",2,54,24,8
32893,"[12739, 0]",1,158,64,0
32894,"[12740, 0]",1,57,26,0
32895,"[12741, 0]",1,158,64,0
32896,"[12742, 0]",1,158,64,0
32897,"[12743, 0]",1,57,26,1
32898,"[12744, 0]",1,0,0,0
32899,"[12744, 1]",2,0,0,0
32900,"[12744, 2]",37,2,1,0
32901,"[12745, 0]",1,158,64,0
32902,"[12746, 0]",1,2,1,0
32903,"[12747, 0]",1,41,18,0
32904,"[12748, 0]",1,0,0,0
32905,"[12748, 1]",2,41,18,0
32906,"[12749, 0]",1,0,0,0
32907,"[12749, 1]",2,158,64,0
32908,"[12750, 0]",1,41,18,0
32909,"[12751, 0]",1,2,1,0
32910,"[12752, 0]",1,2,1,0
32911,"[12753, 0]",1,2,1,0
32912,"[12754, 0]",1,0,0,0
32913,"[12754, 1]",2,41,18,0
32914,"[12755, 0]",1,51,24,1
32915,"[12756, 0]",1,0,0,0
32916,"[12756, 1]",2,0,0,0
32917,"[12756, 2]",20,0,0,0
32918,"[12756, 3]",45,156,64,0
32919,"[12757, 0]",1,0,0,0
32920,"[12757, 1]",2,41,18,0
32921,"[12758, 0]",1,0,0,0
32922,"[12758, 1]",2,158,64,0
32923,"[12759, 0]",1,0,0,0
32924,"[12759, 1]",2,0,0,0
32925,"[12759, 2]",26,54,24,0
32926,"[12760, 0]",1,158,64,0
32927,"[12761, 0]",1,0,0,0
32928,"[12761, 1]",2,158,64,0
32929,"[12762, 0]",1,0,0,0
32930,"[12762, 1]",2,2,1,0
32931,"[12763, 0]",1,0,0,0
32932,"[12763, 1]",2,158,64,0
32933,"[12764, 0]",1,0,0,0
32934,"[12764, 1]",2,2,1,0
32935,"[12765, 0]",1,0,0,0
32936,"[12765, 1]",4,158,64,0
32937,"[12765, 2]",3,0,0,0
32938,"[12765, 3]",2,0,0,0
32939,"[12765, 4]",30,66,29,0
32940,"[12765, 5]",28,158,64,0
32941,"[12765, 6]",27,57,26,0
32942,"[12765, 7]",22,53,24,0
32943,"[12766, 0]",1,0,0,0
32944,"[12766, 1]",3,0,0,0
32945,"[12766, 2]",2,0,0,0
32946,"[12766, 3]",32,2,1,0
32947,"[12766, 4]",29,158,64,3
32948,"[12767, 0]",1,55,26,0
32949,"[12768, 0]",1,41,18,0
32950,"[12769, 0]",1,41,18,0
32951,"[12770, 0]",1,0,0,0
32952,"[12770, 1]",2,158,64,0
32953,"[12771, 0]",1,57,26,0
32954,"[12772, 0]",1,158,64,0
32955,"[12773, 0]",1,0,0,0
32956,"[12773, 1]",2,158,64,0
32957,"[12774, 0]",1,0,0,0
32958,"[12774, 1]",2,0,0,0
32959,"[12774, 2]",35,57,26,0
32960,"[12775, 0]",1,156,64,0
32961,"[12776, 0]",1,158,64,1
32962,"[12777, 0]",1,2,1,0
32963,"[12778, 0]",1,0,0,1
32964,"[12778, 1]",2,158,64,0
32965,"[12779, 0]",1,158,64,0
32966,"[12780, 0]",1,158,64,0
32967,"[12781, 0]",1,0,0,0
32968,"[12781, 1]",2,0,0,0
32969,"[12781, 2]",70,158,64,-1
32970,"[12782, 0]",1,0,0,0
32971,"[12782, 1]",2,59,28,0
32972,"[12783, 0]",1,0,0,0
32973,"[12783, 1]",2,158,64,0
32974,"[12784, 0]",1,0,0,0
32975,"[12784, 1]",4,0,0,0
32976,"[12784, 2]",3,0,0,0
32977,"[12784, 3]",30,57,26,10
32978,"[12784, 4]",25,0,0,0
32979,"[12784, 5]",72,156,64,-1
32980,"[12785, 0]",1,156,64,0
32981,"[12786, 0]",1,0,0,0
32982,"[12786, 1]",2,158,64,0
32983,"[12787, 0]",1,0,0,0
32984,"[12787, 1]",2,158,64,-1
32985,"[12788, 0]",1,0,0,0
32986,"[12788, 1]",2,37,18,0
32987,"[12789, 0]",1,156,64,0
32988,"[12790, 0]",1,0,0,0
32989,"[12790, 1]",2,57,26,0
32990,"[12791, 0]",1,0,0,0
32991,"[12791, 1]",2,156,64,0
32992,"[12792, 0]",1,0,0,0
32993,"[12792, 1]",2,2,1,0
32994,"[12793, 0]",1,41,18,0
32995,"[12794, 0]",1,0,0,0
32996,"[12794, 1]",2,158,64,3
32997,"[12795, 0]",1,158,64,0
32998,"[12796, 0]",1,156,64,0
32999,"[12797, 0]",1,0,0,0
33000,"[12797, 1]",2,158,64,0
33001,"[12798, 0]",1,0,0,0
33002,"[12798, 1]",3,0,0,0
33003,"[12798, 2]",2,158,64,0
33004,"[12798, 3]",8,158,64,1
33005,"[12799, 0]",1,158,64,0
33006,"[12800, 0]",1,41,18,0
33007,"[12801, 0]",1,0,0,0
33008,"[12801, 1]",2,53,24,0
33009,"[12802, 0]",1,0,0,0
33010,"[12802, 1]",2,57,26,21
33011,"[12803, 0]",1,0,0,0
33012,"[12803, 1]",2,0,0,0
33013,"[12803, 2]",37,2,1,-1
33014,"[12804, 0]",1,57,26,0
33015,"[12805, 0]",1,2,1,0
33016,"[12806, 0]",1,0,0,0
33017,"[12806, 1]",6,41,18,0
33018,"[12806, 2]",4,158,64,0
33019,"[12806, 3]",3,0,0,0
33020,"[12806, 4]",35,0,0,0
33021,"[12806, 5]",62,156,64,0
33022,"[12807, 0]",1,158,64,0
33023,"[12808, 0]",1,0,0,0
33024,"[12808, 1]",2,158,64,0
33025,"[12809, 0]",1,54,24,0
33026,"[12810, 0]",1,41,18,0
33027,"[12811, 0]",1,55,26,0
33028,"[12812, 0]",1,41,18,0
33029,"[12813, 0]",1,158,64,0
33030,"[12814, 0]",1,158,64,0
33031,"[12815, 0]",1,41,18,1
33032,"[12816, 0]",1,158,64,0
33033,"[12817, 0]",1,158,64,0
33034,"[12818, 0]",1,75,32,0
33035,"[12819, 0]",1,41,18,0
33036,"[12820, 0]",1,0,0,0
33037,"[12820, 1]",7,158,64,0
33038,"[12820, 2]",3,0,0,0
33039,"[12820, 3]",46,158,64,0
33040,"[12821, 0]",1,0,0,0
33041,"[12821, 1]",6,158,64,0
33042,"[12821, 2]",4,0,0,0
33043,"[12821, 3]",2,0,0,0
33044,"[12821, 4]",64,2,1,0
33045,"[12821, 5]",47,158,64,0
33046,"[12822, 0]",1,158,64,0
33047,"[12823, 0]",1,0,0,0
33048,"[12823, 1]",2,158,64,0
33049,"[12824, 0]",1,0,0,0
33050,"[12824, 1]",2,57,26,0
33051,"[12825, 0]",1,156,64,0
33052,"[12826, 0]",1,2,1,0
33053,"[12827, 0]",1,156,64,0
33054,"[12828, 0]",1,41,18,0
33055,"[12829, 0]",1,158,64,0
33056,"[12830, 0]",1,0,0,0
33057,"[12830, 1]",2,0,0,0
33058,"[12830, 2]",66,158,64,0
33059,"[12831, 0]",1,0,0,0
33060,"[12831, 1]",3,158,64,0
33061,"[12831, 2]",2,0,0,0
33062,"[12831, 3]",43,57,26,0
33063,"[12831, 4]",39,0,0,0
33064,"[12831, 5]",38,0,0,0
33065,"[12831, 6]",98,0,0,3
33066,"[12831, 7]",94,0,0,0
33067,"[12831, 8]",265,57,26,-1
33068,"[12831, 9]",251,158,64,0
33069,"[12831, 10]",249,0,0,0
33070,"[12831, 11]",392,0,0,0
33071,"[12831, 12]",454,41,18,3
33072,"[12832, 0]",1,41,18,0
33073,"[12833, 0]",1,158,64,0
33074,"[12834, 0]",1,53,24,1
33075,"[12835, 0]",1,57,26,0
33076,"[12836, 0]",1,54,24,0
33077,"[12837, 0]",1,41,18,0
33078,"[12838, 0]",1,0,0,0
33079,"[12838, 1]",5,57,26,1
33080,"[12838, 2]",2,0,0,4
33081,"[12838, 3]",57,59,28,0
33082,"[12838, 4]",56,0,0,0
33083,"[12838, 5]",55,0,0,0
33084,"[12838, 6]",95,158,64,16
33085,"[12838, 7]",92,0,0,7
33086,"[12838, 8]",222,158,64,0
33087,"[12839, 0]",1,158,64,0
33088,"[12840, 0]",1,0,0,0
33089,"[12840, 1]",2,0,0,-1
33090,"[12840, 2]",14,0,0,5
33091,"[12840, 3]",31,2,1,8
33092,"[12841, 0]",1,0,0,0
33093,"[12841, 1]",3,0,0,-1
33094,"[12841, 2]",2,0,0,3
33095,"[12841, 3]",80,0,0,-1
33096,"[12841, 4]",75,0,0,1
33097,"[12841, 5]",154,156,64,0
33098,"[12841, 6]",123,2,1,-1
33099,"[12842, 0]",1,158,64,0
33100,"[12843, 0]",1,0,0,0
33101,"[12843, 1]",3,53,24,0
33102,"[12843, 2]",2,0,0,0
33103,"[12843, 3]",10,158,64,0
33104,"[12844, 0]",1,2,1,0
33105,"[12845, 0]",1,0,0,0
33106,"[12845, 1]",2,0,0,0
33107,"[12845, 2]",36,0,0,0
33108,"[12845, 3]",57,158,64,0
33109,"[12846, 0]",1,53,24,0
33110,"[12847, 0]",1,57,26,0
33111,"[12848, 0]",1,57,26,0
33112,"[12849, 0]",1,0,0,0
33113,"[12849, 1]",3,0,0,0
33114,"[12849, 2]",2,0,0,0
33115,"[12849, 3]",26,158,64,4
33116,"[12849, 4]",22,0,0,-1
33117,"[12849, 5]",21,0,0,4
33118,"[12849, 6]",17,158,64,0
33119,"[12849, 7]",16,0,0,0
33120,"[12849, 8]",94,0,0,0
33121,"[12849, 9]",63,0,0,0
33122,"[12849, 10]",59,156,64,-1
33123,"[12849, 11]",205,158,64,0
33124,"[12849, 12]",203,0,0,0
33125,"[12849, 13]",202,0,0,0
33126,"[12849, 14]",170,158,64,0
33127,"[12849, 15]",449,0,0,0
33128,"[12849, 16]",446,156,64,-1
33129,"[12849, 17]",587,158,64,-1
33130,"[12850, 0]",1,0,0,0
33131,"[12850, 1]",2,0,0,0
33132,"[12851, 0]",1,0,0,0
33133,"[12851, 1]",2,0,0,6
33134,"[12851, 2]",52,0,0,0
33135,"[12851, 3]",124,0,0,0
33136,"[12851, 4]",136,41,18,0
33137,"[12852, 0]",1,158,64,0
33138,"[12853, 0]",1,158,64,1
33139,"[12854, 0]",1,0,0,0
33140,"[12854, 1]",2,0,0,0
33141,"[12854, 2]",19,41,18,0
33142,"[12855, 0]",1,0,0,0
33143,"[12855, 1]",6,0,0,-1
33144,"[12855, 2]",3,0,0,-1
33145,"[12855, 3]",2,0,0,1
33146,"[12855, 4]",52,53,24,0
33147,"[12855, 5]",50,0,0,0
33148,"[12855, 6]",49,0,0,0
33149,"[12855, 7]",46,156,64,-1
33150,"[12855, 8]",45,57,26,2
33151,"[12855, 9]",44,0,0,-1
33152,"[12855, 10]",27,158,64,1
33153,"[12855, 11]",89,158,64,8
33154,"[12855, 12]",85,158,64,6
33155,"[12855, 13]",60,0,0,0
33156,"[12855, 14]",56,0,0,0
33157,"[12855, 15]",398,0,0,0
33158,"[12855, 16]",364,0,0,0
33159,"[12855, 17]",487,158,64,-1
33160,"[12855, 18]",426,158,64,0
33161,"[12856, 0]",1,156,64,0
33162,"[12857, 0]",1,156,64,0
33163,"[12858, 0]",1,0,0,0
33164,"[12858, 1]",3,158,64,0
33165,"[12858, 2]",2,0,0,0
33166,"[12858, 3]",41,2,1,0
33167,"[12859, 0]",1,0,0,0
33168,"[12859, 1]",2,0,0,0
33169,"[12859, 2]",36,158,64,30
33170,"[12860, 0]",1,158,64,0
33171,"[12861, 0]",1,156,64,0
33172,"[12862, 0]",1,41,18,0
33173,"[12863, 0]",1,0,0,0
33174,"[12863, 1]",2,158,64,0
33175,"[12864, 0]",1,158,64,0
33176,"[12865, 0]",1,2,1,0
33177,"[12866, 0]",1,0,0,0
33178,"[12866, 1]",3,0,0,0
33179,"[12866, 2]",2,0,0,0
33180,"[12866, 3]",11,158,64,0
33181,"[12866, 4]",8,41,18,0
33182,"[12867, 0]",1,0,0,0
33183,"[12867, 1]",2,0,0,-1
33184,"[12867, 2]",14,0,0,-1
33185,"[12867, 3]",27,158,64,-1
33186,"[12868, 0]",1,0,0,0
33187,"[12868, 1]",4,0,0,0
33188,"[12868, 2]",2,0,0,0
33189,"[12868, 3]",45,0,0,-1
33190,"[12868, 4]",44,0,0,3
33191,"[12868, 5]",29,158,64,0
33192,"[12868, 6]",80,158,64,-1
33193,"[12868, 7]",79,158,64,-1
33194,"[12868, 8]",78,158,64,-1
33195,"[12868, 9]",73,158,64,3
33196,"[12868, 10]",71,0,0,-1
33197,"[12868, 11]",197,158,64,3
33198,"[12869, 0]",1,0,0,0
33199,"[12869, 1]",3,41,18,0
33200,"[12870, 0]",1,51,24,0
33201,"[12871, 0]",1,41,18,0
33202,"[12872, 0]",1,41,18,0
33203,"[12873, 0]",1,0,0,0
33204,"[12873, 1]",2,0,0,0
33205,"[12873, 2]",15,158,64,0
33206,"[12874, 0]",1,156,64,0
33207,"[12875, 0]",1,158,64,0
33208,"[12876, 0]",1,158,64,0
33209,"[12877, 0]",1,57,26,0
33210,"[12878, 0]",1,0,0,0
33211,"[12878, 1]",3,2,1,0
33212,"[12878, 2]",2,0,0,0
33213,"[12878, 3]",41,0,0,0
33214,"[12878, 4]",40,158,64,0
33215,"[12878, 5]",69,41,18,0
33216,"[12879, 0]",1,41,18,0
33217,"[12880, 0]",1,0,0,0
33218,"[12880, 1]",3,158,64,0
33219,"[12880, 2]",2,41,18,0
33220,"[12881, 0]",1,57,26,0
33221,"[12882, 0]",1,158,64,0
33222,"[12883, 0]",1,0,0,0
33223,"[12883, 1]",3,2,1,0
33224,"[12883, 2]",2,41,18,0
33225,"[12884, 0]",1,41,18,0
33226,"[12885, 0]",1,158,64,0
33227,"[12886, 0]",1,0,0,0
33228,"[12886, 1]",2,57,26,0
33229,"[12887, 0]",1,41,18,0
33230,"[12888, 0]",1,158,64,0
33231,"[12889, 0]",1,41,18,0
33232,"[12890, 0]",1,158,64,0
33233,"[12891, 0]",1,0,0,1
33234,"[12891, 1]",2,0,0,0
33235,"[12891, 2]",17,0,0,-1
33236,"[12891, 3]",30,41,18,2
33237,"[12892, 0]",1,57,26,0
33238,"[12893, 0]",1,0,0,0
33239,"[12893, 1]",2,41,18,0
33240,"[12894, 0]",1,41,18,0
33241,"[12895, 0]",1,0,0,0
33242,"[12895, 1]",8,2,1,0
33243,"[12895, 2]",6,0,0,0
33244,"[12895, 3]",5,0,0,0
33245,"[12895, 4]",3,0,0,0
33246,"[12895, 5]",2,0,0,0
33247,"[12895, 6]",64,158,64,-1
33248,"[12895, 7]",63,57,26,1
33249,"[12895, 8]",61,0,0,-1
33250,"[12895, 9]",58,0,0,1
33251,"[12895, 10]",41,158,64,3
33252,"[12895, 11]",38,156,64,1
33253,"[12895, 12]",115,156,64,-1
33254,"[12896, 0]",1,0,0,0
33255,"[12896, 1]",2,0,0,0
33256,"[12896, 2]",19,158,64,-1
33257,"[12897, 0]",1,0,0,0
33258,"[12897, 1]",2,55,26,0
33259,"[12898, 0]",1,0,0,0
33260,"[12898, 1]",2,158,64,0
33261,"[12899, 0]",1,57,26,0
33262,"[12900, 0]",1,0,0,0
33263,"[12900, 1]",2,158,64,0
33264,"[12901, 0]",1,0,0,0
33265,"[12901, 1]",3,158,64,0
33266,"[12901, 2]",2,0,0,0
33267,"[12901, 3]",50,156,64,0
33268,"[12901, 4]",48,0,0,0
33269,"[12901, 5]",46,0,0,0
33270,"[12901, 6]",79,57,26,0
33271,"[12901, 7]",78,41,18,0
33272,"[12901, 8]",77,0,0,0
33273,"[12901, 9]",69,2,1,0
33274,"[12901, 10]",139,61,28,0
33275,"[12902, 0]",1,158,64,0
33276,"[12903, 0]",1,0,0,0
33277,"[12903, 1]",2,0,0,0
33278,"[12903, 2]",18,158,64,0
33279,"[12904, 0]",1,0,0,0
33280,"[12904, 1]",2,0,0,0
33281,"[12904, 2]",15,57,26,-1
33282,"[12905, 0]",1,41,18,1
33283,"[12906, 0]",1,0,0,0
33284,"[12906, 1]",2,158,64,11
33285,"[12907, 0]",1,51,24,0
33286,"[12908, 0]",1,0,0,0
33287,"[12908, 1]",3,0,0,0
33288,"[12908, 2]",2,0,0,0
33289,"[12908, 3]",35,0,0,0
33290,"[12908, 4]",34,0,0,0
33291,"[12908, 5]",30,0,0,0
33292,"[12908, 6]",28,0,0,0
33293,"[12908, 7]",109,41,18,0
33294,"[12908, 8]",97,0,0,0
33295,"[12908, 9]",82,0,0,0
33296,"[12908, 10]",78,0,0,0
33297,"[12908, 11]",77,0,0,0
33298,"[12908, 12]",76,0,0,0
33299,"[12908, 13]",236,158,64,0
33300,"[12908, 14]",232,0,0,0
33301,"[12908, 15]",228,57,26,0
33302,"[12908, 16]",206,158,64,0
33303,"[12908, 17]",204,0,0,0
33304,"[12908, 18]",203,0,0,0
33305,"[12908, 19]",168,0,0,0
33306,"[12908, 20]",407,2,1,-1
33307,"[12908, 21]",386,0,0,0
33308,"[12908, 22]",385,0,0,0
33309,"[12908, 23]",382,0,0,0
33310,"[12908, 24]",376,0,0,0
33311,"[12908, 25]",309,57,26,0
33312,"[12908, 26]",532,0,0,0
33313,"[12908, 27]",496,158,64,0
33314,"[12908, 28]",495,57,26,0
33315,"[12908, 29]",482,0,0,0
33316,"[12908, 30]",478,156,64,0
33317,"[12908, 31]",821,57,26,0
33318,"[12908, 32]",779,61,28,0
33319,"[12909, 0]",1,0,0,0
33320,"[12909, 1]",2,2,1,0
33321,"[12910, 0]",1,0,0,1
33322,"[12910, 1]",2,158,64,1
33323,"[12911, 0]",1,0,0,0
33324,"[12911, 1]",3,158,64,0
33325,"[12911, 2]",2,0,0,0
33326,"[12911, 3]",14,158,64,0
33327,"[12911, 4]",12,156,64,0
33328,"[12911, 5]",10,0,0,0
33329,"[12912, 0]",1,0,0,0
33330,"[12912, 1]",2,0,0,0
33331,"[12912, 2]",21,59,28,0
33332,"[12913, 0]",1,57,26,1
33333,"[12914, 0]",1,0,0,0
33334,"[12914, 1]",3,156,64,0
33335,"[12914, 2]",2,41,18,0
33336,"[12915, 0]",1,0,0,0
33337,"[12915, 1]",2,0,0,0
33338,"[12915, 2]",21,41,18,0
33339,"[12916, 0]",1,158,64,0
33340,"[12917, 0]",1,41,18,0
33341,"[12918, 0]",1,158,64,0
33342,"[12919, 0]",1,0,0,0
33343,"[12919, 1]",2,158,64,0
33344,"[12920, 0]",1,41,18,0
33345,"[12921, 0]",1,0,0,0
33346,"[12922, 0]",1,0,0,0
33347,"[12922, 1]",4,158,64,6
33348,"[12922, 2]",2,0,0,-1
33349,"[12922, 3]",24,158,64,-1
33350,"[12922, 4]",23,0,0,-1
33351,"[12922, 5]",88,2,1,-1
33352,"[12923, 0]",1,0,0,0
33353,"[12923, 1]",2,0,0,0
33354,"[12923, 2]",53,0,0,0
33355,"[12923, 3]",52,158,64,0
33356,"[12923, 4]",58,57,26,0
33357,"[12924, 0]",1,156,64,0
33358,"[12925, 0]",1,158,64,0
33359,"[12926, 0]",1,158,64,0
33360,"[12927, 0]",1,0,0,0
33361,"[12927, 1]",2,41,18,0
33362,"[12928, 0]",1,0,0,0
33363,"[12928, 1]",2,41,18,0
33364,"[12929, 0]",1,41,18,0
33365,"[12930, 0]",1,0,0,0
33366,"[12930, 1]",2,158,64,1
33367,"[12931, 0]",1,158,64,0
33368,"[12932, 0]",1,55,26,0
33369,"[12933, 0]",1,0,0,0
33370,"[12933, 1]",4,158,64,0
33371,"[12933, 2]",2,0,0,0
33372,"[12933, 3]",43,41,18,0
33373,"[12934, 0]",1,0,0,0
33374,"[12934, 1]",6,57,26,0
33375,"[12934, 2]",2,0,0,0
33376,"[12934, 3]",54,0,0,0
33377,"[12934, 4]",90,158,64,0
33378,"[12934, 5]",88,0,0,0
33379,"[12934, 6]",180,64,29,0
33380,"[12935, 0]",1,158,64,0
33381,"[12936, 0]",1,158,64,0
33382,"[12937, 0]",1,158,64,0
33383,"[12938, 0]",1,158,64,0
33384,"[12939, 0]",1,0,0,0
33385,"[12939, 1]",2,158,64,0
33386,"[12940, 0]",1,158,64,1
33387,"[12941, 0]",1,51,24,0
33388,"[12942, 0]",1,41,18,1
33389,"[12943, 0]",1,0,0,0
33390,"[12943, 1]",2,158,64,0
33391,"[12944, 0]",1,0,0,0
33392,"[12944, 1]",2,57,26,0
33393,"[12945, 0]",1,158,64,0
33394,"[12946, 0]",1,158,64,0
33395,"[12947, 0]",1,0,0,0
33396,"[12947, 1]",2,41,18,0
33397,"[12948, 0]",1,0,0,0
33398,"[12948, 1]",2,158,64,0
33399,"[12949, 0]",1,0,0,0
33400,"[12949, 1]",2,158,64,0
33401,"[12950, 0]",1,0,0,0
33402,"[12950, 1]",47,158,64,0
33403,"[12950, 2]",46,0,0,0
33404,"[12950, 3]",45,0,0,0
33405,"[12950, 4]",43,0,0,0
33406,"[12950, 5]",41,0,0,0
33407,"[12950, 6]",39,0,0,0
33408,"[12950, 7]",98,158,64,0
33409,"[12950, 8]",97,158,64,0
33410,"[12950, 9]",96,0,0,0
33411,"[12950, 10]",93,54,24,0
33412,"[12950, 11]",92,0,0,0
33413,"[12950, 12]",90,51,24,0
33414,"[12950, 13]",88,0,0,0
33415,"[12950, 14]",87,0,0,0
33416,"[12950, 15]",86,0,0,0
33417,"[12950, 16]",79,0,0,0
33418,"[12950, 17]",76,158,64,0
33419,"[12950, 18]",72,54,24,0
33420,"[12950, 19]",257,57,26,0
33421,"[12950, 20]",220,156,64,0
33422,"[12950, 21]",218,158,64,0
33423,"[12950, 22]",212,0,0,0
33424,"[12950, 23]",208,158,64,0
33425,"[12950, 24]",187,0,0,0
33426,"[12950, 25]",186,0,0,0
33427,"[12950, 26]",172,0,0,0
33428,"[12950, 27]",168,2,1,0
33429,"[12950, 28]",646,0,0,-1
33430,"[12950, 29]",573,0,0,0
33431,"[12950, 30]",571,0,0,0
33432,"[12950, 31]",569,0,0,0
33433,"[12950, 32]",565,158,64,0
33434,"[12950, 33]",486,158,64,0
33435,"[12950, 34]",871,41,18,0
33436,"[12950, 35]",870,41,18,0
33437,"[12950, 36]",863,156,64,0
33438,"[12950, 37]",848,41,18,0
33439,"[12951, 0]",1,158,64,0
33440,"[12952, 0]",1,0,0,0
33441,"[12952, 1]",2,158,64,0
33442,"[12953, 0]",1,0,0,0
33443,"[12953, 1]",2,0,0,0
33444,"[12953, 2]",24,0,0,-1
33445,"[12953, 3]",30,41,18,4
33446,"[12954, 0]",1,0,0,0
33447,"[12954, 1]",2,158,64,0
33448,"[12955, 0]",1,0,0,0
33449,"[12955, 1]",2,158,64,0
33450,"[12956, 0]",1,51,24,0
33451,"[12957, 0]",1,0,0,0
33452,"[12957, 1]",6,0,0,0
33453,"[12957, 2]",5,0,0,0
33454,"[12957, 3]",3,0,0,0
33455,"[12957, 4]",2,0,0,0
33456,"[12957, 5]",46,158,64,0
33457,"[12957, 6]",40,158,64,0
33458,"[12957, 7]",25,158,64,0
33459,"[12957, 8]",22,156,64,0
33460,"[12958, 0]",1,0,0,0
33461,"[12958, 1]",2,0,0,0
33462,"[12958, 2]",22,41,18,0
33463,"[12959, 0]",1,0,0,0
33464,"[12959, 1]",2,158,64,0
33465,"[12960, 0]",1,158,64,0
33466,"[12961, 0]",1,156,64,0
33467,"[12962, 0]",1,158,64,0
33468,"[12963, 0]",1,0,0,0
33469,"[12964, 0]",1,156,64,0
33470,"[12965, 0]",1,0,0,0
33471,"[12965, 1]",4,158,64,0
33472,"[12965, 2]",2,0,0,0
33473,"[12965, 3]",38,156,64,0
33474,"[12966, 0]",1,0,0,0
33475,"[12966, 1]",7,156,64,0
33476,"[12966, 2]",3,0,0,0
33477,"[12966, 3]",2,0,0,0
33478,"[12966, 4]",58,2,1,0
33479,"[12966, 5]",57,0,0,0
33480,"[12966, 6]",50,156,64,0
33481,"[12966, 7]",80,0,0,0
33482,"[12966, 8]",79,0,0,0
33483,"[12966, 9]",78,0,0,0
33484,"[12966, 10]",283,158,64,0
33485,"[12966, 11]",280,158,64,0
33486,"[12966, 12]",277,59,28,0
33487,"[12967, 0]",1,0,0,0
33488,"[12968, 0]",1,0,0,0
33489,"[12968, 1]",3,158,64,0
33490,"[12968, 2]",2,0,0,0
33491,"[12968, 3]",11,158,64,0
33492,"[12969, 0]",1,57,26,0
33493,"[12970, 0]",1,158,64,0
33494,"[12971, 0]",1,0,0,0
33495,"[12971, 1]",2,158,64,-1
33496,"[12972, 0]",1,156,64,0
33497,"[12973, 0]",1,158,64,0
33498,"[12974, 0]",1,0,0,0
33499,"[12974, 1]",6,57,26,0
33500,"[12974, 2]",3,0,0,0
33501,"[12974, 3]",2,0,0,0
33502,"[12974, 4]",43,0,0,3
33503,"[12974, 5]",38,156,64,0
33504,"[12974, 6]",109,156,64,0
33505,"[12975, 0]",1,59,28,0
33506,"[12976, 0]",1,158,64,0
33507,"[12977, 0]",1,2,1,1
33508,"[12978, 0]",1,0,0,0
33509,"[12978, 1]",5,0,0,0
33510,"[12978, 2]",4,158,64,0
33511,"[12978, 3]",3,54,24,0
33512,"[12978, 4]",7,41,18,1
33513,"[12979, 0]",1,51,24,0
33514,"[12980, 0]",1,0,0,0
33515,"[12980, 1]",2,0,0,0
33516,"[12980, 2]",52,57,26,2
33517,"[12980, 3]",50,158,64,1
33518,"[12980, 4]",47,0,0,1
33519,"[12980, 5]",101,158,64,0
33520,"[12981, 0]",1,0,0,0
33521,"[12981, 1]",2,0,0,0
33522,"[12981, 2]",22,0,0,0
33523,"[12981, 3]",38,158,64,1
33524,"[12982, 0]",1,41,18,0
33525,"[12983, 0]",1,0,0,0
33526,"[12983, 1]",5,0,0,0
33527,"[12983, 2]",3,0,0,0
33528,"[12983, 3]",2,0,0,0
33529,"[12983, 4]",33,158,64,-1
33530,"[12983, 5]",28,41,18,0
33531,"[12983, 6]",27,41,18,0
33532,"[12983, 7]",22,158,64,37
33533,"[12984, 0]",1,158,64,0
33534,"[12985, 0]",1,158,64,0
33535,"[12986, 0]",1,0,0,0
33536,"[12986, 1]",3,158,64,0
33537,"[12986, 2]",2,0,0,0
33538,"[12986, 3]",33,41,18,0
33539,"[12986, 4]",31,158,64,0
33540,"[12986, 5]",30,0,0,0
33541,"[12986, 6]",64,0,0,0
33542,"[12986, 7]",181,0,0,0
33543,"[12986, 8]",282,158,64,0
33544,"[12987, 0]",1,158,64,0
33545,"[12988, 0]",1,41,18,0
33546,"[12989, 0]",1,158,64,0
33547,"[12990, 0]",1,158,64,0
33548,"[12991, 0]",1,0,0,0
33549,"[12991, 1]",2,158,64,0
33550,"[12992, 0]",1,0,0,0
33551,"[12992, 1]",2,0,0,0
33552,"[12992, 2]",46,158,64,0
33553,"[12992, 3]",45,41,18,0
33554,"[12992, 4]",42,0,0,0
33555,"[12992, 5]",75,57,26,0
33556,"[12993, 0]",1,158,64,0
33557,"[12994, 0]",1,0,0,0
33558,"[12994, 1]",2,158,64,0
33559,"[12995, 0]",1,41,18,0
33560,"[12996, 0]",1,0,0,0
33561,"[12996, 1]",2,158,64,12
33562,"[12997, 0]",1,57,26,0
33563,"[12998, 0]",1,158,64,0
33564,"[12999, 0]",1,41,18,0
33565,"[13000, 0]",1,0,0,0
33566,"[13000, 1]",2,57,26,0
33567,"[13001, 0]",1,57,26,0
33568,"[13002, 0]",1,158,64,0
33569,"[13003, 0]",1,158,64,0
33570,"[13004, 0]",1,41,18,0
33571,"[13005, 0]",1,0,0,0
33572,"[13005, 1]",2,57,26,0
33573,"[13006, 0]",1,2,1,0
33574,"[13007, 0]",1,2,1,1
33575,"[13008, 0]",1,41,18,0
33576,"[13009, 0]",1,0,0,0
33577,"[13009, 1]",7,41,18,0
33578,"[13009, 2]",6,158,64,0
33579,"[13009, 3]",4,0,0,0
33580,"[13009, 4]",37,158,64,-1
33581,"[13010, 0]",1,156,64,0
33582,"[13011, 0]",1,158,64,0
33583,"[13012, 0]",1,156,64,0
33584,"[13013, 0]",1,158,64,0
33585,"[13014, 0]",1,158,64,0
33586,"[13015, 0]",1,0,0,0
33587,"[13015, 1]",2,158,64,0
33588,"[13016, 0]",1,0,0,0
33589,"[13016, 1]",2,158,64,2
33590,"[13017, 0]",1,0,0,0
33591,"[13017, 1]",2,57,26,0
33592,"[13018, 0]",1,2,1,0
33593,"[13019, 0]",1,0,0,0
33594,"[13019, 1]",2,2,1,0
33595,"[13020, 0]",1,156,64,0
33596,"[13021, 0]",1,0,0,0
33597,"[13021, 1]",2,59,28,0
33598,"[13022, 0]",1,0,0,0
33599,"[13022, 1]",2,158,64,0
33600,"[13023, 0]",1,0,0,0
33601,"[13023, 1]",2,158,64,0
33602,"[13024, 0]",1,0,0,0
33603,"[13024, 1]",2,156,64,0
33604,"[13025, 0]",1,0,0,0
33605,"[13025, 1]",4,158,64,0
33606,"[13025, 2]",2,0,0,0
33607,"[13025, 3]",38,158,64,0
33608,"[13025, 4]",35,0,0,0
33609,"[13025, 5]",82,57,26,0
33610,"[13025, 6]",81,0,0,0
33611,"[13025, 7]",79,0,0,0
33612,"[13025, 8]",147,158,64,0
33613,"[13025, 9]",131,158,64,0
33614,"[13026, 0]",1,0,0,0
33615,"[13026, 1]",2,0,0,0
33616,"[13026, 2]",27,158,64,0
33617,"[13027, 0]",1,61,28,0
33618,"[13028, 0]",1,57,26,0
33619,"[13029, 0]",1,0,0,0
33620,"[13029, 1]",2,41,18,0
33621,"[13030, 0]",1,156,64,0
33622,"[13031, 0]",1,0,0,0
33623,"[13031, 1]",4,2,1,0
33624,"[13031, 2]",3,0,0,0
33625,"[13031, 3]",2,0,0,0
33626,"[13031, 4]",29,0,0,0
33627,"[13031, 5]",27,0,0,0
33628,"[13031, 6]",23,41,18,0
33629,"[13031, 7]",22,158,64,0
33630,"[13031, 8]",61,0,0,0
33631,"[13031, 9]",57,41,18,0
33632,"[13031, 10]",226,0,0,0
33633,"[13031, 11]",291,41,18,0
33634,"[13032, 0]",1,0,0,0
33635,"[13032, 1]",5,2,1,0
33636,"[13032, 2]",4,0,0,0
33637,"[13032, 3]",2,0,0,0
33638,"[13032, 4]",38,41,18,0
33639,"[13032, 5]",15,158,64,0
33640,"[13033, 0]",1,0,0,0
33641,"[13033, 1]",2,57,26,-1
33642,"[13034, 0]",1,0,0,0
33643,"[13034, 1]",4,2,1,-1
33644,"[13034, 2]",3,158,64,-1
33645,"[13035, 0]",1,158,64,0
33646,"[13036, 0]",1,41,18,0
33647,"[13037, 0]",1,158,64,1
33648,"[13038, 0]",1,0,0,0
33649,"[13038, 1]",2,64,29,0
33650,"[13039, 0]",1,0,0,0
33651,"[13039, 1]",7,158,64,0
33652,"[13039, 2]",5,0,0,0
33653,"[13039, 3]",4,0,0,0
33654,"[13039, 4]",2,0,0,0
33655,"[13039, 5]",45,0,0,0
33656,"[13039, 6]",35,2,1,0
33657,"[13039, 7]",31,2,1,0
33658,"[13039, 8]",68,37,18,0
33659,"[13040, 0]",1,0,0,0
33660,"[13040, 1]",2,41,18,0
33661,"[13041, 0]",1,41,18,0
33662,"[13042, 0]",1,0,0,0
33663,"[13042, 1]",2,156,64,0
33664,"[13043, 0]",1,0,0,0
33665,"[13043, 1]",2,0,0,0
33666,"[13043, 2]",10,158,64,0
33667,"[13044, 0]",1,158,64,0
33668,"[13045, 0]",1,37,18,0
33669,"[13046, 0]",1,0,0,0
33670,"[13046, 1]",2,51,24,0
33671,"[13047, 0]",1,0,0,0
33672,"[13047, 1]",2,2,1,0
33673,"[13048, 0]",1,0,0,0
33674,"[13048, 1]",4,158,64,-1
33675,"[13048, 2]",3,158,64,-1
33676,"[13049, 0]",1,156,64,0
33677,"[13050, 0]",1,158,64,0
33678,"[13051, 0]",1,57,26,0
33679,"[13052, 0]",1,0,0,0
33680,"[13052, 1]",2,0,0,0
33681,"[13052, 2]",31,0,0,0
33682,"[13052, 3]",28,0,0,0
33683,"[13052, 4]",27,0,0,0
33684,"[13052, 5]",26,0,0,0
33685,"[13052, 6]",25,0,0,0
33686,"[13052, 7]",70,158,64,0
33687,"[13052, 8]",69,0,0,0
33688,"[13052, 9]",67,0,0,0
33689,"[13052, 10]",62,156,64,0
33690,"[13052, 11]",53,158,64,0
33691,"[13052, 12]",46,51,24,0
33692,"[13052, 13]",42,0,0,0
33693,"[13052, 14]",284,158,64,0
33694,"[13052, 15]",133,156,64,0
33695,"[13052, 16]",132,0,0,0
33696,"[13052, 17]",131,0,0,0
33697,"[13052, 18]",125,0,0,0
33698,"[13052, 19]",424,158,64,6
33699,"[13052, 20]",406,41,18,0
33700,"[13052, 21]",402,41,18,0
33701,"[13053, 0]",1,0,0,0
33702,"[13053, 1]",2,158,64,13
33703,"[13054, 0]",1,0,0,0
33704,"[13054, 1]",2,156,64,0
33705,"[13055, 0]",1,41,18,0
33706,"[13056, 0]",1,0,0,0
33707,"[13056, 1]",2,41,18,0
33708,"[13057, 0]",1,0,0,0
33709,"[13057, 1]",2,57,26,0
33710,"[13058, 0]",1,0,0,0
33711,"[13058, 1]",2,57,26,0
33712,"[13059, 0]",1,41,18,0
33713,"[13060, 0]",1,158,64,0
33714,"[13061, 0]",1,0,0,0
33715,"[13061, 1]",2,158,64,0
33716,"[13062, 0]",1,41,18,0
33717,"[13063, 0]",1,0,0,0
33718,"[13063, 1]",2,57,26,0
33719,"[13064, 0]",1,57,26,0
33720,"[13065, 0]",1,0,0,0
33721,"[13065, 1]",2,0,0,0
33722,"[13065, 2]",29,0,0,0
33723,"[13065, 3]",73,0,0,0
33724,"[13065, 4]",137,54,24,0
33725,"[13065, 5]",135,0,0,0
33726,"[13065, 6]",134,0,0,0
33727,"[13065, 7]",168,0,0,0
33728,"[13065, 8]",164,0,0,0
33729,"[13065, 9]",264,158,64,0
33730,"[13065, 10]",235,0,0,0
33731,"[13065, 11]",312,0,0,0
33732,"[13065, 12]",377,0,0,-1
33733,"[13065, 13]",426,158,64,1
33734,"[13066, 0]",1,0,0,0
33735,"[13066, 1]",5,2,1,0
33736,"[13066, 2]",4,0,0,0
33737,"[13066, 3]",2,0,0,0
33738,"[13066, 4]",55,57,26,0
33739,"[13066, 5]",36,158,64,0
33740,"[13067, 0]",1,2,1,0
33741,"[13068, 0]",1,0,0,0
33742,"[13068, 1]",2,57,26,0
33743,"[13069, 0]",1,0,0,0
33744,"[13069, 1]",5,41,18,0
33745,"[13069, 2]",2,0,0,0
33746,"[13069, 3]",41,158,64,0
33747,"[13069, 4]",39,41,18,0
33748,"[13069, 5]",38,0,0,0
33749,"[13069, 6]",37,0,0,0
33750,"[13069, 7]",71,0,0,0
33751,"[13069, 8]",64,2,1,0
33752,"[13069, 9]",162,41,18,0
33753,"[13070, 0]",1,0,0,0
33754,"[13070, 1]",2,158,64,0
33755,"[13071, 0]",1,158,64,0
33756,"[13072, 0]",1,158,64,0
33757,"[13073, 0]",1,0,0,0
33758,"[13073, 1]",5,0,0,0
33759,"[13073, 2]",4,2,1,0
33760,"[13073, 3]",3,0,0,0
33761,"[13073, 4]",26,2,1,0
33762,"[13073, 5]",21,158,64,4
33763,"[13074, 0]",1,158,64,0
33764,"[13075, 0]",1,0,0,0
33765,"[13075, 1]",2,57,26,9
33766,"[13076, 0]",1,0,0,0
33767,"[13076, 1]",4,41,18,0
33768,"[13076, 2]",2,0,0,0
33769,"[13076, 3]",37,41,18,0
33770,"[13076, 4]",36,57,26,0
33771,"[13076, 5]",35,0,0,0
33772,"[13076, 6]",56,41,18,0
33773,"[13076, 7]",54,0,0,0
33774,"[13076, 8]",53,0,0,0
33775,"[13076, 9]",126,0,0,0
33776,"[13076, 10]",123,158,64,0
33777,"[13076, 11]",202,0,0,0
33778,"[13076, 12]",304,0,0,0
33779,"[13076, 13]",368,2,1,-1
33780,"[13077, 0]",1,158,64,0
33781,"[13078, 0]",1,0,0,0
33782,"[13078, 1]",5,158,64,0
33783,"[13078, 2]",3,156,64,0
33784,"[13078, 3]",2,0,0,0
33785,"[13078, 4]",43,2,1,0
33786,"[13079, 0]",1,0,0,0
33787,"[13079, 1]",2,41,18,9
33788,"[13080, 0]",1,0,0,0
33789,"[13080, 1]",2,158,64,0
33790,"[13081, 0]",1,0,0,0
33791,"[13081, 1]",2,0,0,0
33792,"[13081, 2]",73,0,0,0
33793,"[13081, 3]",96,158,64,0
33794,"[13082, 0]",1,0,0,0
33795,"[13082, 1]",2,0,0,0
33796,"[13082, 2]",21,41,18,0
33797,"[13083, 0]",1,156,64,0
33798,"[13084, 0]",1,0,0,0
33799,"[13084, 1]",2,158,64,0
33800,"[13085, 0]",1,41,18,0
33801,"[13086, 0]",1,0,0,0
33802,"[13086, 1]",3,41,18,0
33803,"[13086, 2]",2,0,0,0
33804,"[13086, 3]",34,158,64,0
33805,"[13087, 0]",1,0,0,0
33806,"[13087, 1]",2,57,26,0
33807,"[13088, 0]",1,0,0,0
33808,"[13088, 1]",8,156,64,0
33809,"[13088, 2]",5,0,0,0
33810,"[13088, 3]",4,0,0,0
33811,"[13088, 4]",2,0,0,0
33812,"[13088, 5]",59,0,0,0
33813,"[13088, 6]",58,0,0,0
33814,"[13088, 7]",55,41,18,0
33815,"[13088, 8]",53,0,0,0
33816,"[13088, 9]",46,0,0,0
33817,"[13088, 10]",168,2,1,0
33818,"[13088, 11]",108,0,0,0
33819,"[13088, 12]",75,59,28,0
33820,"[13088, 13]",74,41,18,0
33821,"[13088, 14]",72,0,0,0
33822,"[13088, 15]",68,41,18,0
33823,"[13088, 16]",338,0,0,0
33824,"[13088, 17]",269,156,64,0
33825,"[13088, 18]",425,158,64,0
33826,"[13089, 0]",1,0,0,0
33827,"[13089, 1]",6,0,0,0
33828,"[13089, 2]",5,0,0,0
33829,"[13089, 3]",3,0,0,0
33830,"[13089, 4]",27,158,64,0
33831,"[13089, 5]",16,41,18,0
33832,"[13089, 6]",13,41,18,0
33833,"[13090, 0]",1,0,0,0
33834,"[13090, 1]",6,0,0,0
33835,"[13090, 2]",5,0,0,0
33836,"[13090, 3]",3,0,0,0
33837,"[13090, 4]",2,0,0,0
33838,"[13090, 5]",44,57,26,0
33839,"[13090, 6]",40,158,64,0
33840,"[13090, 7]",37,53,24,0
33841,"[13090, 8]",34,0,0,1
33842,"[13090, 9]",150,57,26,1
33843,"[13091, 0]",1,158,64,0
33844,"[13092, 0]",1,0,0,0
33845,"[13092, 1]",2,158,64,0
33846,"[13093, 0]",1,156,64,0
33847,"[13094, 0]",1,77,32,0
33848,"[13095, 0]",1,0,0,0
33849,"[13095, 1]",2,51,24,0
33850,"[13096, 0]",1,0,0,0
33851,"[13096, 1]",2,57,26,0
33852,"[13097, 0]",1,0,0,0
33853,"[13097, 1]",2,156,64,-1
33854,"[13098, 0]",1,0,0,0
33855,"[13098, 1]",6,158,64,3
33856,"[13098, 2]",5,0,0,1
33857,"[13098, 3]",3,0,0,1
33858,"[13098, 4]",24,158,64,0
33859,"[13098, 5]",10,156,64,2
33860,"[13099, 0]",1,0,0,0
33861,"[13099, 1]",2,57,26,0
33862,"[13100, 0]",1,0,0,0
33863,"[13100, 1]",4,158,64,0
33864,"[13100, 2]",3,158,64,0
33865,"[13100, 3]",2,0,0,0
33866,"[13100, 4]",12,0,0,0
33867,"[13100, 5]",31,156,64,-1
33868,"[13101, 0]",1,0,0,0
33869,"[13101, 1]",2,158,64,0
33870,"[13102, 0]",1,156,64,1
33871,"[13103, 0]",1,41,18,0
33872,"[13104, 0]",1,158,64,0
33873,"[13105, 0]",1,158,64,0
33874,"[13106, 0]",1,0,0,0
33875,"[13106, 1]",5,57,26,0
33876,"[13106, 2]",3,0,0,0
33877,"[13106, 3]",2,0,0,0
33878,"[13106, 4]",49,0,0,0
33879,"[13106, 5]",48,0,0,0
33880,"[13106, 6]",43,0,0,0
33881,"[13106, 7]",91,57,26,0
33882,"[13106, 8]",57,0,0,0
33883,"[13106, 9]",54,158,64,0
33884,"[13106, 10]",179,41,18,0
33885,"[13107, 0]",1,0,0,0
33886,"[13107, 1]",2,0,0,0
33887,"[13107, 2]",17,41,18,0
33888,"[13108, 0]",1,41,18,0
33889,"[13109, 0]",1,158,64,0
33890,"[13110, 0]",1,158,64,0
33891,"[13111, 0]",1,2,1,0
33892,"[13112, 0]",1,0,0,0
33893,"[13112, 1]",2,158,64,0
33894,"[13113, 0]",1,158,64,0
33895,"[13114, 0]",1,158,64,0
33896,"[13115, 0]",1,158,64,0
33897,"[13116, 0]",1,41,18,0
33898,"[13117, 0]",1,41,18,0
33899,"[13118, 0]",1,0,0,0
33900,"[13118, 1]",2,41,18,0
33901,"[13119, 0]",1,158,64,0
33902,"[13120, 0]",1,0,0,0
33903,"[13120, 1]",2,158,64,0
33904,"[13121, 0]",1,57,26,0
33905,"[13122, 0]",1,2,1,0
33906,"[13123, 0]",1,41,18,0
33907,"[13124, 0]",1,0,0,0
33908,"[13124, 1]",2,0,0,0
33909,"[13124, 2]",13,41,18,0
33910,"[13125, 0]",1,0,0,0
33911,"[13125, 1]",5,57,26,0
33912,"[13125, 2]",3,0,0,0
33913,"[13125, 3]",2,0,0,0
33914,"[13125, 4]",48,0,0,-1
33915,"[13125, 5]",42,158,64,0
33916,"[13125, 6]",70,158,64,1
33917,"[13126, 0]",1,54,24,0
33918,"[13127, 0]",1,57,26,0
33919,"[13128, 0]",1,0,0,0
33920,"[13128, 1]",2,158,64,0
33921,"[13129, 0]",1,41,18,0
33922,"[13130, 0]",1,0,0,0
33923,"[13130, 1]",2,57,26,0
33924,"[13131, 0]",1,156,64,0
33925,"[13132, 0]",1,57,26,0
33926,"[13133, 0]",1,0,0,0
33927,"[13133, 1]",2,158,64,0
33928,"[13134, 0]",1,0,0,0
33929,"[13134, 1]",2,0,0,0
33930,"[13134, 2]",16,0,0,0
33931,"[13134, 3]",33,54,24,0
33932,"[13135, 0]",1,0,0,0
33933,"[13135, 1]",3,0,0,0
33934,"[13135, 2]",25,0,0,0
33935,"[13135, 3]",24,156,64,0
33936,"[13135, 4]",30,158,64,0
33937,"[13136, 0]",1,54,24,0
33938,"[13137, 0]",1,158,64,0
33939,"[13138, 0]",1,0,0,0
33940,"[13138, 1]",2,158,64,0
33941,"[13139, 0]",1,0,0,0
33942,"[13139, 1]",2,0,0,0
33943,"[13139, 2]",21,0,0,0
33944,"[13139, 3]",33,158,64,0
33945,"[13140, 0]",1,158,64,1
33946,"[13141, 0]",1,158,64,0
33947,"[13142, 0]",1,0,0,0
33948,"[13142, 1]",3,0,0,0
33949,"[13142, 2]",2,0,0,0
33950,"[13142, 3]",47,0,0,0
33951,"[13142, 4]",40,158,64,0
33952,"[13142, 5]",121,158,64,0
33953,"[13143, 0]",1,0,0,0
33954,"[13143, 1]",6,158,64,0
33955,"[13143, 2]",5,158,64,0
33956,"[13144, 0]",1,41,18,0
33957,"[13145, 0]",1,0,0,0
33958,"[13145, 1]",2,156,64,0
33959,"[13146, 0]",1,0,0,0
33960,"[13147, 0]",1,0,0,0
33961,"[13147, 1]",6,158,64,0
33962,"[13147, 2]",2,0,0,0
33963,"[13147, 3]",45,2,1,0
33964,"[13147, 4]",44,0,0,0
33965,"[13147, 5]",62,57,26,0
33966,"[13148, 0]",1,0,0,0
33967,"[13148, 1]",3,0,0,0
33968,"[13148, 2]",2,158,64,0
33969,"[13148, 3]",30,158,64,0
33970,"[13149, 0]",1,0,0,0
33971,"[13149, 1]",2,0,0,-1
33972,"[13149, 2]",56,0,0,-1
33973,"[13149, 3]",55,158,64,-1
33974,"[13149, 4]",104,158,64,-1
33975,"[13150, 0]",1,41,18,0
33976,"[13151, 0]",1,41,18,0
33977,"[13152, 0]",1,0,0,0
33978,"[13152, 1]",2,0,0,0
33979,"[13152, 2]",43,59,28,0
33980,"[13153, 0]",1,0,0,0
33981,"[13153, 1]",2,0,0,0
33982,"[13153, 2]",17,2,1,0
33983,"[13154, 0]",1,158,64,0
33984,"[13155, 0]",1,0,0,0
33985,"[13155, 1]",2,0,0,0
33986,"[13155, 2]",18,41,18,0
33987,"[13156, 0]",1,2,1,0
33988,"[13157, 0]",1,0,0,0
33989,"[13157, 1]",2,0,0,0
33990,"[13157, 2]",18,158,64,0
33991,"[13158, 0]",1,57,26,0
33992,"[13159, 0]",1,61,28,0
33993,"[13160, 0]",1,0,0,0
33994,"[13160, 1]",2,57,26,0
33995,"[13161, 0]",1,41,18,0
33996,"[13162, 0]",1,158,64,0
33997,"[13163, 0]",1,156,64,0
33998,"[13164, 0]",1,0,0,0
33999,"[13164, 1]",2,41,18,3
34000,"[13165, 0]",1,0,0,0
34001,"[13165, 1]",2,158,64,0
34002,"[13166, 0]",1,158,64,0
34003,"[13167, 0]",1,0,0,0
34004,"[13167, 1]",2,158,64,3
34005,"[13168, 0]",1,59,28,0
34006,"[13169, 0]",1,41,18,0
34007,"[13170, 0]",1,158,64,0
34008,"[13171, 0]",1,59,28,0
34009,"[13172, 0]",1,57,26,0
34010,"[13173, 0]",1,0,0,0
34011,"[13173, 1]",2,0,0,-1
34012,"[13173, 2]",44,158,64,4
34013,"[13174, 0]",1,41,18,0
34014,"[13175, 0]",1,0,0,0
34015,"[13175, 1]",2,158,64,0
34016,"[13176, 0]",1,158,64,0
34017,"[13177, 0]",1,0,0,0
34018,"[13177, 1]",2,158,64,-1
34019,"[13178, 0]",1,0,0,0
34020,"[13178, 1]",2,0,0,0
34021,"[13178, 2]",14,0,0,0
34022,"[13178, 3]",61,53,24,0
34023,"[13179, 0]",1,0,0,0
34024,"[13179, 1]",2,158,64,0
34025,"[13180, 0]",1,0,0,0
34026,"[13180, 1]",2,0,0,0
34027,"[13180, 2]",13,158,64,6
34028,"[13181, 0]",1,0,0,0
34029,"[13181, 1]",6,156,64,0
34030,"[13181, 2]",5,158,64,0
34031,"[13181, 3]",2,0,0,0
34032,"[13181, 4]",63,41,18,4
34033,"[13181, 5]",61,0,0,-1
34034,"[13181, 6]",60,0,0,-1
34035,"[13181, 7]",59,158,64,-1
34036,"[13181, 8]",95,158,64,4
34037,"[13181, 9]",92,156,64,-1
34038,"[13182, 0]",1,0,0,0
34039,"[13182, 1]",2,158,64,0
34040,"[13183, 0]",1,158,64,0
34041,"[13184, 0]",1,0,0,0
34042,"[13184, 1]",2,77,32,0
34043,"[13185, 0]",1,0,0,0
34044,"[13185, 1]",2,0,0,-1
34045,"[13185, 2]",13,156,64,6
34046,"[13186, 0]",1,158,64,1
34047,"[13187, 0]",1,57,26,0
34048,"[13188, 0]",1,158,64,0
34049,"[13189, 0]",1,0,0,0
34050,"[13189, 1]",2,61,28,0
34051,"[13190, 0]",1,158,64,0
34052,"[13191, 0]",1,41,18,0
34053,"[13192, 0]",1,0,0,0
34054,"[13192, 1]",2,158,64,0
34055,"[13193, 0]",1,0,0,-1
34056,"[13193, 1]",4,158,64,5
34057,"[13193, 2]",3,158,64,3
34058,"[13193, 3]",2,0,0,-1
34059,"[13193, 4]",38,158,64,8
34060,"[13194, 0]",1,158,64,0
34061,"[13195, 0]",1,0,0,0
34062,"[13195, 1]",3,2,1,-1
34063,"[13196, 0]",1,0,0,0
34064,"[13196, 1]",2,158,64,-1
34065,"[13197, 0]",1,156,64,0
34066,"[13198, 0]",1,156,64,0
34067,"[13199, 0]",1,158,64,0
34068,"[13200, 0]",1,0,0,0
34069,"[13200, 1]",7,0,0,0
34070,"[13200, 2]",6,0,0,0
34071,"[13200, 3]",5,0,0,0
34072,"[13200, 4]",2,0,0,0
34073,"[13200, 5]",51,63,28,0
34074,"[13200, 6]",50,156,64,0
34075,"[13200, 7]",32,158,64,0
34076,"[13200, 8]",29,57,26,0
34077,"[13200, 9]",26,158,64,13
34078,"[13201, 0]",1,0,0,0
34079,"[13201, 1]",2,0,0,0
34080,"[13201, 2]",10,57,26,0
34081,"[13202, 0]",1,156,64,0
34082,"[13203, 0]",1,158,64,0
34083,"[13204, 0]",1,0,0,0
34084,"[13204, 1]",2,41,18,0
34085,"[13205, 0]",1,41,18,0
34086,"[13206, 0]",1,0,0,0
34087,"[13206, 1]",4,0,0,0
34088,"[13206, 2]",3,0,0,0
34089,"[13206, 3]",42,158,64,0
34090,"[13206, 4]",39,158,64,0
34091,"[13207, 0]",1,57,26,0
34092,"[13208, 0]",1,0,0,0
34093,"[13208, 1]",7,158,64,2
34094,"[13208, 2]",3,0,0,2
34095,"[13208, 3]",2,0,0,-1
34096,"[13208, 4]",70,57,26,1
34097,"[13208, 5]",66,57,26,0
34098,"[13209, 0]",1,158,64,0
34099,"[13210, 0]",1,0,0,0
34100,"[13210, 1]",2,156,64,0
34101,"[13211, 0]",1,58,26,0
34102,"[13212, 0]",1,0,0,1
34103,"[13212, 1]",2,158,64,7
34104,"[13213, 0]",1,158,64,0
34105,"[13214, 0]",1,0,0,0
34106,"[13214, 1]",2,0,0,0
34107,"[13214, 2]",16,2,1,0
34108,"[13215, 0]",1,57,26,0
34109,"[13216, 0]",1,158,64,0
34110,"[13217, 0]",1,158,64,0
34111,"[13218, 0]",1,0,0,0
34112,"[13218, 1]",6,156,64,0
34113,"[13218, 2]",4,0,0,0
34114,"[13218, 3]",2,0,0,0
34115,"[13218, 4]",57,0,0,0
34116,"[13218, 5]",46,158,64,0
34117,"[13218, 6]",130,2,1,0
34118,"[13219, 0]",1,158,64,0
34119,"[13220, 0]",1,0,0,0
34120,"[13220, 1]",4,0,0,0
34121,"[13220, 2]",3,0,0,0
34122,"[13220, 3]",2,0,0,0
34123,"[13220, 4]",45,0,0,0
34124,"[13220, 5]",39,0,0,0
34125,"[13220, 6]",35,158,64,0
34126,"[13220, 7]",78,41,18,0
34127,"[13220, 8]",61,158,64,0
34128,"[13221, 0]",1,0,0,0
34129,"[13221, 1]",2,0,0,0
34130,"[13221, 2]",14,2,1,3
34131,"[13222, 0]",1,2,1,0
34132,"[13223, 0]",1,0,0,0
34133,"[13223, 1]",2,58,26,0
34134,"[13224, 0]",1,158,64,0
34135,"[13225, 0]",1,0,0,0
34136,"[13225, 1]",2,158,64,0
34137,"[13226, 0]",1,0,0,0
34138,"[13226, 1]",2,0,0,0
34139,"[13226, 2]",13,158,64,0
34140,"[13227, 0]",1,158,64,0
34141,"[13228, 0]",1,0,0,0
34142,"[13228, 1]",3,0,0,-1
34143,"[13228, 2]",2,0,0,-1
34144,"[13228, 3]",58,158,64,1
34145,"[13228, 4]",55,0,0,1
34146,"[13228, 5]",49,0,0,-1
34147,"[13228, 6]",48,158,64,2
34148,"[13228, 7]",159,57,26,-1
34149,"[13229, 0]",1,158,64,0
34150,"[13230, 0]",1,158,64,0
34151,"[13231, 0]",1,0,0,0
34152,"[13231, 1]",4,158,64,0
34153,"[13231, 2]",2,0,0,0
34154,"[13231, 3]",49,41,18,0
34155,"[13231, 4]",47,0,0,0
34156,"[13231, 5]",46,0,0,0
34157,"[13231, 6]",45,0,0,0
34158,"[13231, 7]",107,156,64,0
34159,"[13231, 8]",103,0,0,0
34160,"[13231, 9]",99,0,0,0
34161,"[13231, 10]",96,0,0,0
34162,"[13231, 11]",95,0,0,0
34163,"[13231, 12]",93,41,18,0
34164,"[13231, 13]",90,0,0,0
34165,"[13231, 14]",313,54,24,0
34166,"[13231, 15]",286,0,0,-1
34167,"[13231, 16]",280,2,1,0
34168,"[13231, 17]",234,57,26,0
34169,"[13231, 18]",211,2,1,12
34170,"[13231, 19]",210,0,0,-1
34171,"[13231, 20]",509,55,26,1
34172,"[13231, 21]",427,0,0,-1
34173,"[13231, 22]",633,156,64,1
34174,"[13232, 0]",1,0,0,0
34175,"[13232, 1]",2,41,18,5
34176,"[13233, 0]",1,41,18,0
34177,"[13234, 0]",1,158,64,0
34178,"[13235, 0]",1,156,64,0
34179,"[13236, 0]",1,0,0,0
34180,"[13236, 1]",2,0,0,0
34181,"[13236, 2]",30,158,64,0
34182,"[13237, 0]",1,0,0,0
34183,"[13237, 1]",2,158,64,0
34184,"[13238, 0]",1,158,64,0
34185,"[13239, 0]",1,0,0,0
34186,"[13239, 1]",2,41,18,10
34187,"[13240, 0]",1,57,26,0
34188,"[13241, 0]",1,41,18,0
34189,"[13242, 0]",1,0,0,0
34190,"[13242, 1]",2,41,18,0
34191,"[13243, 0]",1,158,64,0
34192,"[13244, 0]",1,57,26,0
34193,"[13245, 0]",1,158,64,0
34194,"[13246, 0]",1,158,64,0
34195,"[13247, 0]",1,0,0,0
34196,"[13247, 1]",6,158,64,-1
34197,"[13247, 2]",3,158,64,-1
34198,"[13248, 0]",1,41,18,0
34199,"[13249, 0]",1,0,0,0
34200,"[13249, 1]",7,158,64,2
34201,"[13249, 2]",3,0,0,-1
34202,"[13249, 3]",2,0,0,-1
34203,"[13249, 4]",65,0,0,3
34204,"[13249, 5]",62,158,64,-1
34205,"[13249, 6]",91,156,64,0
34206,"[13250, 0]",1,41,18,0
34207,"[13251, 0]",1,158,64,0
34208,"[13252, 0]",1,0,0,0
34209,"[13252, 1]",2,0,0,0
34210,"[13252, 2]",10,158,64,10
34211,"[13253, 0]",1,2,1,0
34212,"[13254, 0]",1,0,0,0
34213,"[13254, 1]",2,158,64,0
34214,"[13255, 0]",1,156,64,0
34215,"[13256, 0]",1,57,26,0
34216,"[13257, 0]",1,41,18,0
34217,"[13258, 0]",1,0,0,0
34218,"[13258, 1]",2,2,1,0
34219,"[13259, 0]",1,0,0,0
34220,"[13259, 1]",2,2,1,1
34221,"[13260, 0]",1,41,18,0
34222,"[13261, 0]",1,2,1,0
34223,"[13262, 0]",1,0,0,0
34224,"[13262, 1]",2,41,18,1
34225,"[13263, 0]",1,158,64,0
34226,"[13264, 0]",1,0,0,0
34227,"[13264, 1]",2,57,26,0
34228,"[13265, 0]",1,158,64,0
34229,"[13266, 0]",1,0,0,0
34230,"[13266, 1]",2,0,0,0
34231,"[13267, 0]",1,158,64,0
34232,"[13268, 0]",1,0,0,0
34233,"[13268, 1]",2,158,64,0
34234,"[13269, 0]",1,0,0,0
34235,"[13269, 1]",6,57,26,0
34236,"[13269, 2]",4,0,0,0
34237,"[13269, 3]",2,0,0,0
34238,"[13269, 4]",40,156,64,0
34239,"[13269, 5]",37,2,1,0
34240,"[13269, 6]",36,0,0,0
34241,"[13269, 7]",30,41,18,0
34242,"[13269, 8]",69,0,0,0
34243,"[13269, 9]",68,158,64,0
34244,"[13269, 10]",214,2,1,0
34245,"[13270, 0]",1,57,26,0
34246,"[13271, 0]",1,55,26,0
34247,"[13272, 0]",1,0,0,0
34248,"[13272, 1]",2,156,64,0
34249,"[13273, 0]",1,0,0,0
34250,"[13273, 1]",2,158,64,-1
34251,"[13274, 0]",1,41,18,0
34252,"[13275, 0]",1,0,0,0
34253,"[13275, 1]",2,2,1,0
34254,"[13276, 0]",1,0,0,0
34255,"[13276, 1]",6,158,64,0
34256,"[13276, 2]",5,0,0,0
34257,"[13276, 3]",15,41,18,0
34258,"[13277, 0]",1,0,0,0
34259,"[13277, 1]",3,0,0,0
34260,"[13277, 2]",2,0,0,0
34261,"[13277, 3]",45,0,0,6
34262,"[13277, 4]",40,0,0,-1
34263,"[13277, 5]",39,0,0,3
34264,"[13277, 6]",36,0,0,-1
34265,"[13277, 7]",34,0,0,-1
34266,"[13277, 8]",186,158,64,-1
34267,"[13277, 9]",168,158,64,3
34268,"[13277, 10]",139,0,0,0
34269,"[13277, 11]",136,158,64,22
34270,"[13277, 12]",134,0,0,-1
34271,"[13277, 13]",133,0,0,-1
34272,"[13277, 14]",72,158,64,0
34273,"[13277, 15]",297,0,0,-1
34274,"[13277, 16]",294,2,1,-1
34275,"[13277, 17]",274,57,26,0
34276,"[13277, 18]",416,158,64,-1
34277,"[13278, 0]",1,0,0,0
34278,"[13278, 1]",2,41,18,0
34279,"[13279, 0]",1,158,64,1
34280,"[13280, 0]",1,0,0,0
34281,"[13280, 1]",2,158,64,0
34282,"[13281, 0]",1,0,0,0
34283,"[13281, 1]",2,156,64,0
34284,"[13282, 0]",1,0,0,0
34285,"[13282, 1]",3,57,26,0
34286,"[13282, 2]",2,41,18,0
34287,"[13283, 0]",1,158,64,0
34288,"[13284, 0]",1,0,0,0
34289,"[13284, 1]",2,158,64,0
34290,"[13285, 0]",1,0,0,0
34291,"[13285, 1]",2,158,64,0
34292,"[13286, 0]",1,55,26,0
34293,"[13287, 0]",1,2,1,0
34294,"[13288, 0]",1,158,64,0
34295,"[13289, 0]",1,0,0,0
34296,"[13289, 1]",5,158,64,0
34297,"[13289, 2]",2,0,0,0
34298,"[13289, 3]",47,158,64,0
34299,"[13290, 0]",1,57,26,0
34300,"[13291, 0]",1,0,0,0
34301,"[13291, 1]",2,57,26,1
34302,"[13292, 0]",1,2,1,0
34303,"[13293, 0]",1,54,24,0
34304,"[13294, 0]",1,0,0,0
34305,"[13294, 1]",2,158,64,2
34306,"[13295, 0]",1,2,1,0
34307,"[13296, 0]",1,2,1,0
34308,"[13297, 0]",1,0,0,0
34309,"[13297, 1]",2,0,0,0
34310,"[13297, 2]",20,158,64,0
34311,"[13298, 0]",1,2,1,0
34312,"[13299, 0]",1,0,0,0
34313,"[13299, 1]",5,156,64,0
34314,"[13299, 2]",4,41,18,0
34315,"[13299, 3]",2,0,0,0
34316,"[13299, 4]",31,0,0,0
34317,"[13299, 5]",30,0,0,0
34318,"[13299, 6]",61,2,1,0
34319,"[13299, 7]",57,0,0,0
34320,"[13299, 8]",56,0,0,0
34321,"[13299, 9]",54,0,0,0
34322,"[13299, 10]",52,158,64,-1
34323,"[13299, 11]",50,0,0,-1
34324,"[13299, 12]",198,2,1,2
34325,"[13299, 13]",197,0,0,2
34326,"[13299, 14]",178,0,0,-1
34327,"[13299, 15]",175,0,0,-1
34328,"[13299, 16]",173,0,0,2
34329,"[13299, 17]",169,0,0,0
34330,"[13299, 18]",166,41,18,0
34331,"[13299, 19]",349,156,64,1
34332,"[13299, 20]",312,0,0,0
34333,"[13299, 21]",306,158,64,6
34334,"[13299, 22]",295,156,64,4
34335,"[13299, 23]",228,158,64,0
34336,"[13299, 24]",498,158,64,0
34337,"[13300, 0]",1,158,64,0
34338,"[13301, 0]",1,2,1,1
34339,"[13302, 0]",1,0,0,0
34340,"[13302, 1]",3,158,64,0
34341,"[13302, 2]",2,158,64,0
34342,"[13303, 0]",1,158,64,0
34343,"[13304, 0]",1,158,64,0
34344,"[13305, 0]",1,0,0,0
34345,"[13305, 1]",2,156,64,0
34346,"[13306, 0]",1,41,18,0
34347,"[13307, 0]",1,0,0,0
34348,"[13307, 1]",2,156,64,0
34349,"[13308, 0]",1,0,0,0
34350,"[13308, 1]",7,158,64,0
34351,"[13308, 2]",5,158,64,0
34352,"[13308, 3]",2,0,0,0
34353,"[13308, 4]",66,158,64,0
34354,"[13308, 5]",64,0,0,0
34355,"[13308, 6]",63,0,0,0
34356,"[13308, 7]",96,158,64,0
34357,"[13308, 8]",93,156,64,1
34358,"[13309, 0]",1,0,0,0
34359,"[13309, 1]",2,158,64,0
34360,"[13310, 0]",1,64,29,0
34361,"[13311, 0]",1,41,18,0
34362,"[13312, 0]",1,158,64,0
34363,"[13313, 0]",1,41,18,1
34364,"[13314, 0]",1,0,0,0
34365,"[13314, 1]",15,158,64,0
34366,"[13314, 2]",13,0,0,0
34367,"[13314, 3]",12,0,0,0
34368,"[13314, 4]",11,0,0,0
34369,"[13314, 5]",9,0,0,0
34370,"[13314, 6]",8,0,0,0
34371,"[13314, 7]",5,0,0,0
34372,"[13314, 8]",92,0,0,0
34373,"[13314, 9]",87,0,0,-1
34374,"[13314, 10]",80,0,0,0
34375,"[13314, 11]",79,0,0,0
34376,"[13314, 12]",78,158,64,0
34377,"[13314, 13]",77,0,0,0
34378,"[13314, 14]",70,158,64,0
34379,"[13314, 15]",69,0,0,0
34380,"[13314, 16]",65,0,0,0
34381,"[13314, 17]",59,41,18,0
34382,"[13314, 18]",55,158,64,0
34383,"[13314, 19]",50,2,1,0
34384,"[13314, 20]",266,0,0,0
34385,"[13314, 21]",245,2,1,0
34386,"[13314, 22]",200,0,0,-1
34387,"[13314, 23]",193,158,64,0
34388,"[13314, 24]",188,158,64,0
34389,"[13314, 25]",170,0,0,-1
34390,"[13314, 26]",135,0,0,0
34391,"[13314, 27]",134,0,0,0
34392,"[13314, 28]",129,0,0,0
34393,"[13314, 29]",126,158,64,1
34394,"[13314, 30]",125,57,26,1
34395,"[13314, 31]",123,0,0,5
34396,"[13314, 32]",878,41,18,0
34397,"[13314, 33]",834,0,0,-1
34398,"[13314, 34]",822,158,64,0
34399,"[13314, 35]",819,158,64,0
34400,"[13314, 36]",764,158,64,-1
34401,"[13314, 37]",762,158,64,-1
34402,"[13314, 38]",620,2,1,10
34403,"[13314, 39]",619,158,64,1
34404,"[13314, 40]",617,0,0,1
34405,"[13314, 41]",466,158,64,11
34406,"[13314, 42]",1846,156,64,6
34407,"[13314, 43]",1551,158,64,-1
34408,"[13314, 44]",1550,0,0,-1
34409,"[13314, 45]",971,57,26,0
34410,"[13315, 0]",1,0,0,0
34411,"[13315, 1]",2,158,64,0
34412,"[13316, 0]",1,158,64,0
34413,"[13317, 0]",1,0,0,1
34414,"[13317, 1]",2,158,64,0
34415,"[13318, 0]",1,2,1,0
34416,"[13319, 0]",1,158,64,0
34417,"[13320, 0]",1,57,26,0
34418,"[13321, 0]",1,57,26,0
34419,"[13322, 0]",1,41,18,0
34420,"[13323, 0]",1,0,0,0
34421,"[13323, 1]",2,0,0,0
34422,"[13323, 2]",42,158,64,7
34423,"[13324, 0]",1,158,64,0
34424,"[13325, 0]",1,57,26,0
34425,"[13326, 0]",1,55,26,0
34426,"[13327, 0]",1,0,0,0
34427,"[13327, 1]",4,0,0,1
34428,"[13327, 2]",21,41,18,8
34429,"[13328, 0]",1,0,0,0
34430,"[13328, 1]",2,41,18,0
34431,"[13329, 0]",1,158,64,0
34432,"[13330, 0]",1,57,26,0
34433,"[13331, 0]",1,57,26,0
34434,"[13332, 0]",1,158,64,0
34435,"[13333, 0]",1,0,0,0
34436,"[13333, 1]",2,158,64,0
34437,"[13334, 0]",1,158,64,0
34438,"[13335, 0]",1,0,0,0
34439,"[13335, 1]",2,41,18,0
34440,"[13336, 0]",1,0,0,0
34441,"[13336, 1]",2,57,26,0
34442,"[13337, 0]",1,0,0,0
34443,"[13337, 1]",2,41,18,0
34444,"[13338, 0]",1,158,64,0
34445,"[13339, 0]",1,0,0,0
34446,"[13339, 1]",3,0,0,0
34447,"[13339, 2]",2,0,0,0
34448,"[13339, 3]",36,0,0,-1
34449,"[13339, 4]",35,0,0,-1
34450,"[13339, 5]",32,0,0,1
34451,"[13339, 6]",102,158,64,0
34452,"[13339, 7]",90,0,0,1
34453,"[13339, 8]",87,2,1,-1
34454,"[13339, 9]",154,2,1,0
34455,"[13339, 10]",151,0,0,0
34456,"[13339, 11]",290,158,64,12
34457,"[13339, 12]",288,158,64,1
34458,"[13339, 13]",285,0,0,1
34459,"[13339, 14]",284,0,0,1
34460,"[13339, 15]",398,2,1,0
34461,"[13339, 16]",396,158,64,0
34462,"[13339, 17]",395,0,0,0
34463,"[13339, 18]",392,2,1,0
34464,"[13339, 19]",474,0,0,0
34465,"[13339, 20]",649,158,64,10
34466,"[13340, 0]",1,57,26,0
34467,"[13341, 0]",1,158,64,0
34468,"[13342, 0]",1,0,0,0
34469,"[13342, 1]",2,0,0,0
34470,"[13342, 2]",24,156,64,1
34471,"[13343, 0]",1,57,26,0
34472,"[13344, 0]",1,158,64,0
34473,"[13345, 0]",1,0,0,0
34474,"[13345, 1]",2,61,28,0
34475,"[13346, 0]",1,2,1,0
34476,"[13347, 0]",1,158,64,0
34477,"[13348, 0]",1,0,0,0
34478,"[13348, 1]",4,0,0,0
34479,"[13348, 2]",3,0,0,0
34480,"[13348, 3]",2,0,0,0
34481,"[13348, 4]",32,41,18,0
34482,"[13348, 5]",28,158,64,0
34483,"[13348, 6]",25,158,64,0
34484,"[13349, 0]",1,158,64,0
34485,"[13350, 0]",1,57,26,0
34486,"[13351, 0]",1,158,64,0
34487,"[13352, 0]",1,57,26,0
34488,"[13353, 0]",1,0,0,0
34489,"[13353, 1]",2,158,64,0
34490,"[13354, 0]",1,0,0,0
34491,"[13354, 1]",2,158,64,0
34492,"[13355, 0]",1,0,0,0
34493,"[13355, 1]",5,0,0,-1
34494,"[13355, 2]",4,158,64,1
34495,"[13355, 3]",3,0,0,-1
34496,"[13355, 4]",20,156,64,1
34497,"[13355, 5]",15,156,64,-1
34498,"[13356, 0]",1,2,1,0
34499,"[13357, 0]",1,158,64,0
34500,"[13358, 0]",1,57,26,0
34501,"[13359, 0]",1,158,64,0
34502,"[13360, 0]",1,41,18,0
34503,"[13361, 0]",1,41,18,0
34504,"[13362, 0]",1,0,0,0
34505,"[13362, 1]",2,158,64,0
34506,"[13363, 0]",1,0,0,0
34507,"[13363, 1]",2,41,18,0
34508,"[13364, 0]",1,0,0,0
34509,"[13364, 1]",2,158,64,0
34510,"[13365, 0]",1,37,18,0
34511,"[13366, 0]",1,0,0,0
34512,"[13366, 1]",2,41,18,0
34513,"[13367, 0]",1,158,64,0
34514,"[13368, 0]",1,0,0,0
34515,"[13368, 1]",2,0,0,0
34516,"[13368, 2]",59,158,64,0
34517,"[13368, 3]",58,0,0,0
34518,"[13368, 4]",89,0,0,0
34519,"[13368, 5]",101,57,26,0
34520,"[13369, 0]",1,0,0,0
34521,"[13369, 1]",2,41,18,0
34522,"[13370, 0]",1,41,18,0
34523,"[13371, 0]",1,59,28,0
34524,"[13372, 0]",1,2,1,0
34525,"[13373, 0]",1,0,0,0
34526,"[13373, 1]",2,41,18,0
34527,"[13374, 0]",1,158,64,0
34528,"[13375, 0]",1,0,0,0
34529,"[13375, 1]",3,158,64,0
34530,"[13375, 2]",2,158,64,0
34531,"[13376, 0]",1,156,64,0
34532,"[13377, 0]",1,158,64,0
34533,"[13378, 0]",1,0,0,0
34534,"[13378, 1]",2,158,64,0
34535,"[13379, 0]",1,158,64,0
34536,"[13380, 0]",1,57,26,0
34537,"[13381, 0]",1,0,0,0
34538,"[13381, 1]",2,158,64,0
34539,"[13382, 0]",1,41,18,1
34540,"[13383, 0]",1,158,64,0
34541,"[13384, 0]",1,156,64,0
34542,"[13385, 0]",1,57,26,0
34543,"[13386, 0]",1,0,0,0
34544,"[13386, 1]",2,156,64,0
34545,"[13387, 0]",1,158,64,0
34546,"[13388, 0]",1,0,0,0
34547,"[13388, 1]",10,158,64,0
34548,"[13388, 2]",9,0,0,0
34549,"[13388, 3]",7,0,0,0
34550,"[13388, 4]",5,0,0,0
34551,"[13388, 5]",3,0,0,0
34552,"[13388, 6]",2,0,0,0
34553,"[13388, 7]",57,41,18,0
34554,"[13388, 8]",56,158,64,0
34555,"[13388, 9]",47,57,26,0
34556,"[13388, 10]",42,0,0,0
34557,"[13388, 11]",35,0,0,2
34558,"[13388, 12]",31,2,1,0
34559,"[13388, 13]",210,59,28,0
34560,"[13388, 14]",181,41,18,0
34561,"[13389, 0]",1,0,0,0
34562,"[13389, 1]",2,0,0,0
34563,"[13389, 2]",66,0,0,0
34564,"[13389, 3]",85,158,64,1
34565,"[13390, 0]",1,2,1,0
34566,"[13391, 0]",1,0,0,0
34567,"[13391, 1]",2,2,1,0
34568,"[13392, 0]",1,156,64,0
34569,"[13393, 0]",1,0,0,0
34570,"[13393, 1]",3,0,0,0
34571,"[13393, 2]",2,0,0,0
34572,"[13393, 3]",22,0,0,0
34573,"[13393, 4]",15,158,64,0
34574,"[13393, 5]",48,57,26,0
34575,"[13394, 0]",1,156,64,2
34576,"[13395, 0]",1,0,0,0
34577,"[13395, 1]",2,158,64,0
34578,"[13396, 0]",1,158,64,0
34579,"[13397, 0]",1,0,0,0
34580,"[13397, 1]",3,0,0,0
34581,"[13397, 2]",2,41,18,0
34582,"[13397, 3]",32,54,24,-1
34583,"[13398, 0]",1,2,1,0
34584,"[13399, 0]",1,0,0,0
34585,"[13399, 1]",2,41,18,4
34586,"[13400, 0]",1,2,1,0
34587,"[13401, 0]",1,2,1,0
34588,"[13402, 0]",1,0,0,0
34589,"[13402, 1]",2,57,26,0
34590,"[13403, 0]",1,41,18,0
34591,"[13404, 0]",1,156,64,0
34592,"[13405, 0]",1,158,64,0
34593,"[13406, 0]",1,0,0,0
34594,"[13406, 1]",2,57,26,-1
34595,"[13407, 0]",1,2,1,0
34596,"[13408, 0]",1,0,0,0
34597,"[13408, 1]",2,54,24,0
34598,"[13409, 0]",1,0,0,0
34599,"[13409, 1]",3,0,0,0
34600,"[13409, 2]",2,0,0,0
34601,"[13409, 3]",38,158,64,0
34602,"[13409, 4]",35,0,0,0
34603,"[13409, 5]",67,2,1,2
34604,"[13410, 0]",1,0,0,0
34605,"[13410, 1]",2,0,0,0
34606,"[13410, 2]",66,2,1,0
34607,"[13411, 0]",1,0,0,0
34608,"[13411, 1]",4,158,64,0
34609,"[13411, 2]",2,0,0,0
34610,"[13411, 3]",24,0,0,0
34611,"[13411, 4]",68,0,0,0
34612,"[13411, 5]",136,158,64,0
34613,"[13412, 0]",1,0,0,0
34614,"[13412, 1]",2,0,0,0
34615,"[13412, 2]",59,41,18,0
34616,"[13413, 0]",1,158,64,0
34617,"[13414, 0]",1,158,64,0
34618,"[13415, 0]",1,41,18,0
34619,"[13416, 0]",1,41,18,0
34620,"[13417, 0]",1,41,18,0
34621,"[13418, 0]",1,0,0,0
34622,"[13418, 1]",6,158,64,0
34623,"[13418, 2]",3,0,0,0
34624,"[13418, 3]",2,0,0,0
34625,"[13418, 4]",43,0,0,0
34626,"[13418, 5]",35,0,0,-1
34627,"[13418, 6]",173,158,64,1
34628,"[13418, 7]",93,0,0,1
34629,"[13418, 8]",91,0,0,1
34630,"[13418, 9]",310,158,64,0
34631,"[13418, 10]",309,0,0,0
34632,"[13418, 11]",308,0,0,0
34633,"[13418, 12]",297,158,64,-1
34634,"[13418, 13]",326,158,64,0
34635,"[13418, 14]",323,0,0,0
34636,"[13418, 15]",320,0,0,-1
34637,"[13418, 16]",318,0,0,-1
34638,"[13418, 17]",471,0,0,-1
34639,"[13418, 18]",458,0,0,-1
34640,"[13418, 19]",437,57,26,0
34641,"[13418, 20]",435,2,1,0
34642,"[13418, 21]",434,0,0,0
34643,"[13418, 22]",630,0,0,0
34644,"[13418, 23]",610,158,64,-1
34645,"[13418, 24]",594,0,0,-1
34646,"[13418, 25]",753,37,18,10
34647,"[13418, 26]",711,0,0,0
34648,"[13418, 27]",842,158,64,0
34649,"[13419, 0]",1,0,0,0
34650,"[13419, 1]",2,0,0,0
34651,"[13419, 2]",21,41,18,0
34652,"[13420, 0]",1,57,26,0
34653,"[13421, 0]",1,158,64,1
34654,"[13422, 0]",1,41,18,0
34655,"[13423, 0]",1,41,18,0
34656,"[13424, 0]",1,156,64,0
34657,"[13425, 0]",1,0,0,0
34658,"[13425, 1]",2,158,64,-1
34659,"[13426, 0]",1,0,0,0
34660,"[13426, 1]",2,158,64,0
34661,"[13427, 0]",1,0,0,0
34662,"[13427, 1]",2,158,64,0
34663,"[13428, 0]",1,0,0,0
34664,"[13428, 1]",3,158,64,-1
34665,"[13429, 0]",1,57,26,0
34666,"[13430, 0]",1,0,0,0
34667,"[13430, 1]",3,158,64,0
34668,"[13431, 0]",1,0,0,0
34669,"[13431, 1]",2,2,1,0
34670,"[13432, 0]",1,158,64,0
34671,"[13433, 0]",1,158,64,0
34672,"[13434, 0]",1,0,0,0
34673,"[13434, 1]",2,0,0,0
34674,"[13434, 2]",16,158,64,0
34675,"[13435, 0]",1,0,0,0
34676,"[13435, 1]",2,158,64,0
34677,"[13436, 0]",1,0,0,0
34678,"[13436, 1]",2,158,64,0
34679,"[13437, 0]",1,158,64,0
34680,"[13438, 0]",1,2,1,0
34681,"[13439, 0]",1,0,0,0
34682,"[13439, 1]",2,0,0,0
34683,"[13439, 2]",31,156,64,0
34684,"[13440, 0]",1,0,0,0
34685,"[13440, 1]",6,158,64,0
34686,"[13440, 2]",4,0,0,0
34687,"[13440, 3]",2,0,0,0
34688,"[13440, 4]",36,158,64,0
34689,"[13440, 5]",35,0,0,0
34690,"[13440, 6]",34,51,24,0
34691,"[13440, 7]",22,41,18,0
34692,"[13440, 8]",53,57,26,5
34693,"[13441, 0]",1,0,0,0
34694,"[13441, 1]",2,57,26,0
34695,"[13442, 0]",1,57,26,0
34696,"[13443, 0]",1,158,64,0
34697,"[13444, 0]",1,0,0,0
34698,"[13444, 1]",2,158,64,5
34699,"[13445, 0]",1,158,64,0
34700,"[13446, 0]",1,0,0,0
34701,"[13446, 1]",3,158,64,0
34702,"[13446, 2]",2,158,64,0
34703,"[13447, 0]",1,156,64,0
34704,"[13448, 0]",1,158,64,0
34705,"[13449, 0]",1,158,64,0
34706,"[13450, 0]",1,41,18,0
34707,"[13451, 0]",1,0,0,0
34708,"[13451, 1]",2,158,64,4
34709,"[13452, 0]",1,41,18,0
34710,"[13453, 0]",1,0,0,0
34711,"[13453, 1]",2,2,1,0
34712,"[13454, 0]",1,0,0,0
34713,"[13454, 1]",2,158,64,10
34714,"[13455, 0]",1,41,18,0
34715,"[13456, 0]",1,0,0,0
34716,"[13456, 1]",2,2,1,0
34717,"[13457, 0]",1,0,0,0
34718,"[13457, 1]",2,2,1,0
34719,"[13458, 0]",1,0,0,0
34720,"[13458, 1]",2,158,64,0
34721,"[13459, 0]",1,158,64,0
34722,"[13460, 0]",1,0,0,0
34723,"[13460, 1]",2,0,0,0
34724,"[13460, 2]",19,158,64,0
34725,"[13461, 0]",1,0,0,0
34726,"[13461, 1]",6,158,64,0
34727,"[13461, 2]",5,0,0,0
34728,"[13461, 3]",2,0,0,0
34729,"[13461, 4]",36,41,18,0
34730,"[13461, 5]",35,0,0,0
34731,"[13461, 6]",19,158,64,0
34732,"[13461, 7]",71,0,0,0
34733,"[13461, 8]",209,0,0,0
34734,"[13461, 9]",269,158,64,44
34735,"[13462, 0]",1,0,0,0
34736,"[13462, 1]",2,0,0,0
34737,"[13462, 2]",14,0,0,0
34738,"[13462, 3]",26,158,64,-1
34739,"[13463, 0]",1,156,64,0
34740,"[13464, 0]",1,0,0,0
34741,"[13464, 1]",2,0,0,-1
34742,"[13464, 2]",14,158,64,2
34743,"[13465, 0]",1,41,18,0
34744,"[13466, 0]",1,0,0,0
34745,"[13466, 1]",2,53,24,11
34746,"[13467, 0]",1,158,64,0
34747,"[13468, 0]",1,0,0,0
34748,"[13468, 1]",5,0,0,0
34749,"[13468, 2]",3,0,0,0
34750,"[13468, 3]",2,0,0,0
34751,"[13468, 4]",40,0,0,0
34752,"[13468, 5]",33,156,64,0
34753,"[13468, 6]",26,2,1,0
34754,"[13468, 7]",59,57,26,0
34755,"[13468, 8]",58,41,18,0
34756,"[13469, 0]",1,0,0,0
34757,"[13469, 1]",2,0,0,-1
34758,"[13469, 2]",50,156,64,-1
34759,"[13470, 0]",1,2,1,0
34760,"[13471, 0]",1,0,0,0
34761,"[13472, 0]",1,41,18,0
34762,"[13473, 0]",1,0,0,0
34763,"[13473, 1]",2,41,18,0
34764,"[13474, 0]",1,0,0,0
34765,"[13474, 1]",6,0,0,0
34766,"[13474, 2]",4,57,26,0
34767,"[13474, 3]",2,0,0,0
34768,"[13474, 4]",31,57,26,0
34769,"[13474, 5]",8,2,1,1
34770,"[13475, 0]",1,41,18,0
34771,"[13476, 0]",1,158,64,0
34772,"[13477, 0]",1,158,64,0
34773,"[13478, 0]",1,156,64,0
34774,"[13479, 0]",1,0,0,0
34775,"[13479, 1]",2,0,0,0
34776,"[13479, 2]",58,158,64,0
34777,"[13480, 0]",1,41,18,0
34778,"[13481, 0]",1,57,26,0
34779,"[13482, 0]",1,0,0,0
34780,"[13482, 1]",8,0,0,0
34781,"[13482, 2]",7,0,0,0
34782,"[13482, 3]",6,0,0,0
34783,"[13482, 4]",5,0,0,0
34784,"[13482, 5]",4,0,0,0
34785,"[13482, 6]",43,0,0,0
34786,"[13482, 7]",37,156,64,0
34787,"[13482, 8]",33,57,26,0
34788,"[13482, 9]",29,0,0,0
34789,"[13482, 10]",25,0,0,0
34790,"[13482, 11]",171,158,64,0
34791,"[13482, 12]",157,158,64,0
34792,"[13482, 13]",75,158,64,1
34793,"[13483, 0]",1,0,0,0
34794,"[13483, 1]",2,158,64,-1
34795,"[13484, 0]",1,41,18,0
34796,"[13485, 0]",1,158,64,0
34797,"[13486, 0]",1,0,0,0
34798,"[13486, 1]",2,53,24,9
34799,"[13487, 0]",1,158,64,0
34800,"[13488, 0]",1,0,0,0
34801,"[13488, 1]",3,0,0,0
34802,"[13488, 2]",2,158,64,0
34803,"[13488, 3]",8,158,64,4
34804,"[13489, 0]",1,0,0,0
34805,"[13489, 1]",2,0,0,0
34806,"[13489, 2]",75,0,0,0
34807,"[13489, 3]",150,2,1,0
34808,"[13490, 0]",1,0,0,0
34809,"[13490, 1]",2,41,18,0
34810,"[13491, 0]",1,156,64,0
34811,"[13492, 0]",1,158,64,0
34812,"[13493, 0]",1,57,26,0
34813,"[13494, 0]",1,41,18,0
34814,"[13495, 0]",1,158,64,0
34815,"[13496, 0]",1,41,18,0
34816,"[13497, 0]",1,0,0,0
34817,"[13497, 1]",2,0,0,0
34818,"[13498, 0]",1,2,1,0
34819,"[13499, 0]",1,0,0,0
34820,"[13499, 1]",4,0,0,0
34821,"[13499, 2]",2,0,0,0
34822,"[13499, 3]",38,41,18,0
34823,"[13499, 4]",32,41,18,0
34824,"[13500, 0]",1,59,28,0
34825,"[13501, 0]",1,41,18,0
34826,"[13502, 0]",1,158,64,0
34827,"[13503, 0]",1,0,0,0
34828,"[13503, 1]",2,59,28,0
34829,"[13504, 0]",1,0,0,0
34830,"[13504, 1]",2,158,64,0
34831,"[13505, 0]",1,37,18,0
34832,"[13506, 0]",1,41,18,0
34833,"[13507, 0]",1,0,0,0
34834,"[13507, 1]",2,156,64,4
34835,"[13508, 0]",1,0,0,0
34836,"[13508, 1]",2,41,18,0
34837,"[13509, 0]",1,0,0,0
34838,"[13509, 1]",2,57,26,0
34839,"[13510, 0]",1,0,0,0
34840,"[13510, 1]",2,158,64,-1
34841,"[13511, 0]",1,51,24,0
34842,"[13512, 0]",1,0,0,0
34843,"[13512, 1]",2,0,0,0
34844,"[13512, 2]",32,37,18,0
34845,"[13513, 0]",1,0,0,0
34846,"[13513, 1]",2,58,26,0
34847,"[13514, 0]",1,0,0,0
34848,"[13514, 1]",2,156,64,10
34849,"[13515, 0]",1,0,0,0
34850,"[13515, 1]",5,57,26,0
34851,"[13515, 2]",4,0,0,0
34852,"[13515, 3]",3,0,0,0
34853,"[13515, 4]",2,0,0,0
34854,"[13515, 5]",41,0,0,5
34855,"[13515, 6]",40,0,0,-1
34856,"[13515, 7]",35,158,64,0
34857,"[13515, 8]",32,158,64,0
34858,"[13515, 9]",76,0,0,10
34859,"[13515, 10]",72,2,1,0
34860,"[13515, 11]",311,0,0,0
34861,"[13515, 12]",358,158,64,0
34862,"[13516, 0]",1,41,18,0
34863,"[13517, 0]",1,158,64,0
34864,"[13518, 0]",1,0,0,0
34865,"[13518, 1]",2,41,18,0
34866,"[13519, 0]",1,0,0,0
34867,"[13519, 1]",2,0,0,0
34868,"[13519, 2]",33,0,0,3
34869,"[13519, 3]",40,57,26,-1
34870,"[13520, 0]",1,0,0,0
34871,"[13520, 1]",3,158,64,0
34872,"[13520, 2]",2,156,64,0
34873,"[13521, 0]",1,57,26,0
34874,"[13522, 0]",1,0,0,0
34875,"[13522, 1]",2,0,0,0
34876,"[13522, 2]",39,158,64,0
34877,"[13523, 0]",1,0,0,0
34878,"[13523, 1]",2,2,1,0
34879,"[13524, 0]",1,0,0,0
34880,"[13524, 1]",2,158,64,0
34881,"[13525, 0]",1,0,0,0
34882,"[13525, 1]",4,0,0,0
34883,"[13525, 2]",2,0,0,0
34884,"[13525, 3]",32,158,64,0
34885,"[13525, 4]",19,158,64,3
34886,"[13526, 0]",1,156,64,0
34887,"[13527, 0]",1,2,1,0
34888,"[13528, 0]",1,158,64,0
34889,"[13529, 0]",1,0,0,0
34890,"[13529, 1]",2,0,0,0
34891,"[13529, 2]",24,156,64,0
34892,"[13530, 0]",1,41,18,0
34893,"[13531, 0]",1,158,64,0
34894,"[13532, 0]",1,0,0,0
34895,"[13532, 1]",2,57,26,0
34896,"[13533, 0]",1,158,64,0
34897,"[13534, 0]",1,53,24,0
34898,"[13535, 0]",1,158,64,0
34899,"[13536, 0]",1,158,64,0
34900,"[13537, 0]",1,41,18,0
34901,"[13538, 0]",1,158,64,0
34902,"[13539, 0]",1,158,64,0
34903,"[13540, 0]",1,0,0,0
34904,"[13540, 1]",2,75,32,0
34905,"[13541, 0]",1,0,0,0
34906,"[13541, 1]",2,0,0,0
34907,"[13541, 2]",19,0,0,-1
34908,"[13541, 3]",60,0,0,-1
34909,"[13541, 4]",101,158,64,3
34910,"[13542, 0]",1,41,18,0
34911,"[13543, 0]",1,2,1,0
34912,"[13544, 0]",1,0,0,0
34913,"[13544, 1]",2,0,0,0
34914,"[13544, 2]",31,0,0,0
34915,"[13544, 3]",30,0,0,0
34916,"[13544, 4]",28,0,0,0
34917,"[13544, 5]",54,64,29,0
34918,"[13544, 6]",37,158,64,2
34919,"[13545, 0]",1,156,64,0
34920,"[13546, 0]",1,0,0,0
34921,"[13546, 1]",5,57,26,0
34922,"[13546, 2]",4,158,64,0
34923,"[13546, 3]",2,156,64,0
34924,"[13547, 0]",1,2,1,0
34925,"[13548, 0]",1,0,0,0
34926,"[13548, 1]",2,158,64,0
34927,"[13549, 0]",1,0,0,0
34928,"[13549, 1]",2,0,0,0
34929,"[13549, 2]",14,158,64,1
34930,"[13550, 0]",1,0,0,0
34931,"[13550, 1]",5,158,64,1
34932,"[13550, 2]",2,0,0,-1
34933,"[13550, 3]",53,0,0,-1
34934,"[13550, 4]",98,57,26,-1
34935,"[13551, 0]",1,158,64,0
34936,"[13552, 0]",1,158,64,0
34937,"[13553, 0]",1,59,28,0
34938,"[13554, 0]",1,0,0,0
34939,"[13554, 1]",2,0,0,0
34940,"[13554, 2]",13,158,64,-1
34941,"[13555, 0]",1,0,0,1
34942,"[13555, 1]",2,57,26,7
34943,"[13556, 0]",1,0,0,0
34944,"[13556, 1]",2,158,64,0
34945,"[13557, 0]",1,158,64,0
34946,"[13558, 0]",1,0,0,0
34947,"[13558, 1]",2,41,18,0
34948,"[13559, 0]",1,41,18,0
34949,"[13560, 0]",1,41,18,0
34950,"[13561, 0]",1,41,18,0
34951,"[13562, 0]",1,158,64,0
34952,"[13563, 0]",1,156,64,0
34953,"[13564, 0]",1,0,0,0
34954,"[13564, 1]",2,158,64,0
34955,"[13565, 0]",1,0,0,0
34956,"[13565, 1]",4,0,0,0
34957,"[13565, 2]",3,0,0,0
34958,"[13565, 3]",2,0,0,0
34959,"[13565, 4]",29,0,0,0
34960,"[13565, 5]",28,0,0,0
34961,"[13565, 6]",24,158,64,0
34962,"[13565, 7]",20,41,18,0
34963,"[13565, 8]",69,158,64,0
34964,"[13565, 9]",65,0,0,0
34965,"[13565, 10]",214,57,26,0
34966,"[13566, 0]",1,0,0,0
34967,"[13566, 1]",2,158,64,0
34968,"[13567, 0]",1,158,64,0
34969,"[13568, 0]",1,0,0,0
34970,"[13568, 1]",2,0,0,0
34971,"[13568, 2]",26,158,64,0
34972,"[13569, 0]",1,158,64,0
34973,"[13570, 0]",1,0,0,0
34974,"[13570, 1]",2,0,0,0
34975,"[13570, 2]",71,57,26,-1
34976,"[13571, 0]",1,158,64,0
34977,"[13572, 0]",1,0,0,0
34978,"[13572, 1]",2,158,64,3
34979,"[13573, 0]",1,0,0,0
34980,"[13573, 1]",2,156,64,0
34981,"[13574, 0]",1,0,0,0
34982,"[13574, 1]",2,57,26,0
34983,"[13575, 0]",1,158,64,0
34984,"[13576, 0]",1,41,18,0
34985,"[13577, 0]",1,37,18,0
34986,"[13578, 0]",1,156,64,0
34987,"[13579, 0]",1,0,0,0
34988,"[13579, 1]",2,0,0,0
34989,"[13579, 2]",78,158,64,0
34990,"[13580, 0]",1,158,64,0
34991,"[13581, 0]",1,0,0,0
34992,"[13581, 1]",2,156,64,0
34993,"[13582, 0]",1,0,0,0
34994,"[13582, 1]",2,158,64,0
34995,"[13583, 0]",1,57,26,0
34996,"[13584, 0]",1,0,0,0
34997,"[13584, 1]",2,158,64,-1
34998,"[13585, 0]",1,0,0,0
34999,"[13585, 1]",2,51,24,0
35000,"[13586, 0]",1,57,26,0
35001,"[13587, 0]",1,0,0,0
35002,"[13587, 1]",2,59,28,0
35003,"[13588, 0]",1,158,64,0
35004,"[13589, 0]",1,0,0,0
35005,"[13589, 1]",2,158,64,2
35006,"[13590, 0]",1,0,0,0
35007,"[13590, 1]",2,158,64,0
35008,"[13591, 0]",1,0,0,0
35009,"[13591, 1]",2,0,0,0
35010,"[13591, 2]",27,41,18,0
35011,"[13592, 0]",1,0,0,0
35012,"[13592, 1]",2,0,0,0
35013,"[13592, 2]",27,41,18,0
35014,"[13593, 0]",1,0,0,0
35015,"[13593, 1]",2,0,0,0
35016,"[13593, 2]",35,0,0,0
35017,"[13593, 3]",102,37,18,73
35018,"[13594, 0]",1,41,18,0
35019,"[13595, 0]",1,0,0,0
35020,"[13595, 1]",3,57,26,0
35021,"[13595, 2]",2,0,0,0
35022,"[13595, 3]",34,156,64,2
35023,"[13596, 0]",1,0,0,0
35024,"[13596, 1]",2,77,32,0
35025,"[13597, 0]",1,158,64,0
35026,"[13598, 0]",1,0,0,0
35027,"[13598, 1]",2,158,64,0
35028,"[13599, 0]",1,158,64,0
35029,"[13600, 0]",1,2,1,0
35030,"[13601, 0]",1,0,0,0
35031,"[13601, 1]",2,156,64,0
35032,"[13602, 0]",1,0,0,0
35033,"[13602, 1]",2,0,0,1
35034,"[13602, 2]",33,2,1,-1
35035,"[13603, 0]",1,156,64,0
35036,"[13604, 0]",1,0,0,0
35037,"[13604, 1]",2,158,64,0
35038,"[13605, 0]",1,0,0,0
35039,"[13605, 1]",2,0,0,0
35040,"[13605, 2]",16,158,64,-1
35041,"[13606, 0]",1,59,28,0
35042,"[13607, 0]",1,2,1,0
35043,"[13608, 0]",1,0,0,0
35044,"[13608, 1]",2,158,64,0
35045,"[13609, 0]",1,158,64,0
35046,"[13610, 0]",1,0,0,0
35047,"[13610, 1]",2,0,0,0
35048,"[13610, 2]",14,41,18,0
35049,"[13611, 0]",1,0,0,0
35050,"[13611, 1]",2,41,18,0
35051,"[13612, 0]",1,41,18,0
35052,"[13613, 0]",1,158,64,0
35053,"[13614, 0]",1,158,64,0
35054,"[13615, 0]",1,158,64,0
35055,"[13616, 0]",1,57,26,0
35056,"[13617, 0]",1,0,0,0
35057,"[13617, 1]",6,156,64,0
35058,"[13617, 2]",4,41,18,0
35059,"[13617, 3]",3,156,64,0
35060,"[13618, 0]",1,2,1,0
35061,"[13619, 0]",1,0,0,0
35062,"[13619, 1]",2,156,64,0
35063,"[13620, 0]",1,0,0,0
35064,"[13620, 1]",2,0,0,0
35065,"[13620, 2]",21,158,64,14
35066,"[13621, 0]",1,0,0,0
35067,"[13621, 1]",3,0,0,0
35068,"[13621, 2]",2,2,1,0
35069,"[13621, 3]",20,2,1,0
35070,"[13622, 0]",1,0,0,0
35071,"[13622, 1]",2,158,64,0
35072,"[13623, 0]",1,57,26,0
35073,"[13624, 0]",1,41,18,0
35074,"[13625, 0]",1,0,0,0
35075,"[13625, 1]",3,53,24,0
35076,"[13625, 2]",2,41,18,0
35077,"[13626, 0]",1,41,18,0
35078,"[13627, 0]",1,156,64,0
35079,"[13628, 0]",1,158,64,0
35080,"[13629, 0]",1,158,64,1
35081,"[13630, 0]",1,0,0,0
35082,"[13630, 1]",3,0,0,0
35083,"[13630, 2]",2,0,0,0
35084,"[13630, 3]",36,158,64,0
35085,"[13630, 4]",35,0,0,0
35086,"[13630, 5]",31,0,0,0
35087,"[13630, 6]",80,158,64,0
35088,"[13630, 7]",53,0,0,0
35089,"[13630, 8]",148,41,18,0
35090,"[13631, 0]",1,158,64,0
35091,"[13632, 0]",1,57,26,0
35092,"[13633, 0]",1,41,18,0
35093,"[13634, 0]",1,158,64,0
35094,"[13635, 0]",1,2,1,0
35095,"[13636, 0]",1,41,18,0
35096,"[13637, 0]",1,158,64,0
35097,"[13638, 0]",1,2,1,0
35098,"[13639, 0]",1,0,0,0
35099,"[13639, 1]",6,158,64,0
35100,"[13639, 2]",5,0,0,0
35101,"[13639, 3]",3,0,0,0
35102,"[13639, 4]",2,0,0,0
35103,"[13639, 5]",65,57,26,0
35104,"[13639, 6]",63,0,0,0
35105,"[13639, 7]",59,0,0,0
35106,"[13639, 8]",58,41,18,0
35107,"[13639, 9]",40,57,26,0
35108,"[13639, 10]",128,158,64,8
35109,"[13639, 11]",102,158,64,0
35110,"[13639, 12]",101,156,64,0
35111,"[13640, 0]",1,0,0,0
35112,"[13640, 1]",2,57,26,0
35113,"[13641, 0]",1,156,64,0
35114,"[13642, 0]",1,0,0,0
35115,"[13642, 1]",3,0,0,0
35116,"[13642, 2]",2,0,0,0
35117,"[13642, 3]",66,158,64,0
35118,"[13642, 4]",62,158,64,0
35119,"[13643, 0]",1,41,18,0
35120,"[13644, 0]",1,0,0,0
35121,"[13644, 1]",2,158,64,9
35122,"[13645, 0]",1,158,64,0
35123,"[13646, 0]",1,0,0,0
35124,"[13646, 1]",2,158,64,0
35125,"[13647, 0]",1,57,26,0
35126,"[13648, 0]",1,0,0,0
35127,"[13648, 1]",2,41,18,0
35128,"[13649, 0]",1,41,18,0
35129,"[13650, 0]",1,57,26,0
35130,"[13651, 0]",1,57,26,0
35131,"[13652, 0]",1,57,26,0
35132,"[13653, 0]",1,0,0,0
35133,"[13653, 1]",5,41,18,0
35134,"[13653, 2]",4,0,0,0
35135,"[13653, 3]",3,0,0,0
35136,"[13653, 4]",2,0,0,0
35137,"[13653, 5]",23,158,64,0
35138,"[13653, 6]",20,0,0,0
35139,"[13653, 7]",16,158,64,0
35140,"[13653, 8]",95,57,26,0
35141,"[13654, 0]",1,54,24,0
35142,"[13655, 0]",1,0,0,0
35143,"[13655, 1]",2,158,64,4
35144,"[13656, 0]",1,158,64,0
35145,"[13657, 0]",1,0,0,0
35146,"[13657, 1]",2,0,0,0
35147,"[13657, 2]",15,0,0,-1
35148,"[13657, 3]",31,158,64,6
35149,"[13658, 0]",1,0,0,0
35150,"[13658, 1]",2,158,64,0
35151,"[13659, 0]",1,0,0,0
35152,"[13659, 1]",2,2,1,0
35153,"[13660, 0]",1,0,0,0
35154,"[13660, 1]",2,0,0,0
35155,"[13660, 2]",19,158,64,0
35156,"[13661, 0]",1,0,0,0
35157,"[13661, 1]",2,2,1,0
35158,"[13662, 0]",1,53,24,0
35159,"[13663, 0]",1,158,64,0
35160,"[13664, 0]",1,158,64,0
35161,"[13665, 0]",1,158,64,0
35162,"[13666, 0]",1,158,64,0
35163,"[13667, 0]",1,57,26,0
35164,"[13668, 0]",1,0,0,0
35165,"[13668, 1]",2,57,26,0
35166,"[13669, 0]",1,2,1,0
35167,"[13670, 0]",1,0,0,0
35168,"[13670, 1]",2,158,64,2
35169,"[13671, 0]",1,0,0,0
35170,"[13671, 1]",2,57,26,1
35171,"[13672, 0]",1,158,64,0
35172,"[13673, 0]",1,0,0,0
35173,"[13673, 1]",2,158,64,0
35174,"[13674, 0]",1,41,18,0
35175,"[13675, 0]",1,41,18,0
35176,"[13676, 0]",1,0,0,0
35177,"[13676, 1]",2,41,18,0
35178,"[13677, 0]",1,0,0,0
35179,"[13677, 1]",2,0,0,0
35180,"[13677, 2]",14,64,29,0
35181,"[13678, 0]",1,0,0,0
35182,"[13678, 1]",2,158,64,8
35183,"[13679, 0]",1,158,64,0
35184,"[13680, 0]",1,158,64,0
35185,"[13681, 0]",1,57,26,1
35186,"[13682, 0]",1,0,0,0
35187,"[13682, 1]",7,0,0,0
35188,"[13682, 2]",6,158,64,0
35189,"[13682, 3]",4,0,0,0
35190,"[13682, 4]",3,0,0,0
35191,"[13682, 5]",2,0,0,0
35192,"[13682, 6]",56,0,0,0
35193,"[13682, 7]",55,0,0,0
35194,"[13682, 8]",53,0,0,0
35195,"[13682, 9]",48,158,64,0
35196,"[13682, 10]",44,0,0,0
35197,"[13682, 11]",23,59,26,0
35198,"[13682, 12]",114,0,0,4
35199,"[13682, 13]",83,0,0,0
35200,"[13682, 14]",78,0,0,0
35201,"[13682, 15]",75,0,0,0
35202,"[13682, 16]",341,156,64,0
35203,"[13682, 17]",327,158,64,8
35204,"[13682, 18]",307,158,64,9
35205,"[13682, 19]",251,158,64,2
35206,"[13683, 0]",1,0,0,0
35207,"[13683, 1]",2,158,64,0
35208,"[13684, 0]",1,0,0,0
35209,"[13684, 1]",2,64,29,0
35210,"[13685, 0]",1,0,0,0
35211,"[13685, 1]",2,57,26,0
35212,"[13686, 0]",1,54,24,0
35213,"[13687, 0]",1,0,0,0
35214,"[13687, 1]",4,0,0,0
35215,"[13687, 2]",2,0,0,0
35216,"[13687, 3]",45,0,0,-1
35217,"[13687, 4]",34,57,26,4
35218,"[13687, 5]",87,156,64,-1
35219,"[13687, 6]",86,0,0,-1
35220,"[13687, 7]",160,156,64,-1
35221,"[13688, 0]",1,0,0,0
35222,"[13688, 1]",2,0,0,0
35223,"[13688, 2]",22,57,26,0
35224,"[13689, 0]",1,0,0,0
35225,"[13689, 1]",2,41,18,0
35226,"[13690, 0]",1,158,64,0
35227,"[13691, 0]",1,0,0,0
35228,"[13692, 0]",1,0,0,0
35229,"[13692, 1]",6,57,26,0
35230,"[13692, 2]",5,0,0,0
35231,"[13692, 3]",4,156,64,0
35232,"[13692, 4]",3,0,0,0
35233,"[13692, 5]",20,57,26,0
35234,"[13692, 6]",14,158,64,0
35235,"[13693, 0]",1,57,26,0
35236,"[13694, 0]",1,158,64,0
35237,"[13695, 0]",1,0,0,0
35238,"[13695, 1]",2,0,0,0
35239,"[13695, 2]",14,0,0,0
35240,"[13695, 3]",33,158,64,0
35241,"[13696, 0]",1,0,0,0
35242,"[13696, 1]",2,0,0,0
35243,"[13696, 2]",15,57,26,0
35244,"[13697, 0]",1,0,0,0
35245,"[13697, 1]",2,158,64,0
35246,"[13698, 0]",1,0,0,0
35247,"[13698, 1]",2,158,64,0
35248,"[13699, 0]",1,2,1,0
35249,"[13700, 0]",1,158,64,0
35250,"[13701, 0]",1,75,32,0
35251,"[13702, 0]",1,0,0,0
35252,"[13702, 1]",2,158,64,0
35253,"[13703, 0]",1,158,64,0
35254,"[13704, 0]",1,158,64,0
35255,"[13705, 0]",1,0,0,0
35256,"[13705, 1]",6,158,64,0
35257,"[13705, 2]",3,0,0,0
35258,"[13705, 3]",38,158,64,0
35259,"[13705, 4]",37,158,64,0
35260,"[13706, 0]",1,158,64,0
35261,"[13707, 0]",1,0,0,0
35262,"[13707, 1]",2,0,0,0
35263,"[13707, 2]",20,158,64,-1
35264,"[13708, 0]",1,0,0,0
35265,"[13708, 1]",2,0,0,0
35266,"[13709, 0]",1,0,0,0
35267,"[13709, 1]",2,158,64,-1
35268,"[13710, 0]",1,0,0,0
35269,"[13710, 1]",2,41,18,0
35270,"[13711, 0]",1,61,28,1
35271,"[13712, 0]",1,156,64,0
35272,"[13713, 0]",1,0,0,0
35273,"[13713, 1]",2,0,0,23
35274,"[13713, 2]",33,57,26,0
35275,"[13714, 0]",1,41,18,0
35276,"[13715, 0]",1,0,0,0
35277,"[13715, 1]",2,41,18,0
35278,"[13716, 0]",1,41,18,0
35279,"[13717, 0]",1,0,0,0
35280,"[13717, 1]",2,158,64,0
35281,"[13718, 0]",1,0,0,0
35282,"[13718, 1]",2,0,0,0
35283,"[13718, 2]",21,0,0,0
35284,"[13718, 3]",29,158,64,0
35285,"[13719, 0]",1,158,64,0
35286,"[13720, 0]",1,0,0,0
35287,"[13720, 1]",5,158,64,0
35288,"[13720, 2]",4,0,0,0
35289,"[13720, 3]",2,0,0,0
35290,"[13720, 4]",55,0,0,0
35291,"[13720, 5]",37,41,18,0
35292,"[13720, 6]",64,0,0,0
35293,"[13720, 7]",228,158,64,1
35294,"[13721, 0]",1,0,0,0
35295,"[13722, 0]",1,0,0,0
35296,"[13722, 1]",2,41,18,0
35297,"[13723, 0]",1,158,64,0
35298,"[13724, 0]",1,0,0,0
35299,"[13724, 1]",2,158,64,0
35300,"[13725, 0]",1,54,24,0
35301,"[13726, 0]",1,2,1,0
35302,"[13727, 0]",1,54,24,0
35303,"[13728, 0]",1,0,0,0
35304,"[13728, 1]",2,41,18,0
35305,"[13729, 0]",1,57,26,0
35306,"[13730, 0]",1,158,64,0
35307,"[13731, 0]",1,57,26,0
35308,"[13732, 0]",1,0,0,0
35309,"[13732, 1]",2,0,0,0
35310,"[13732, 2]",43,158,64,-1
35311,"[13733, 0]",1,0,0,0
35312,"[13733, 1]",2,2,1,-1
35313,"[13734, 0]",1,0,0,0
35314,"[13734, 1]",2,0,0,0
35315,"[13734, 2]",15,41,18,0
35316,"[13735, 0]",1,0,0,0
35317,"[13735, 1]",2,41,18,0
35318,"[13736, 0]",1,57,26,0
35319,"[13737, 0]",1,0,0,0
35320,"[13737, 1]",2,0,0,0
35321,"[13737, 2]",20,0,0,0
35322,"[13737, 3]",49,57,26,0
35323,"[13738, 0]",1,54,24,0
35324,"[13739, 0]",1,57,26,0
35325,"[13740, 0]",1,0,0,0
35326,"[13740, 1]",2,57,26,0
35327,"[13741, 0]",1,156,64,0
35328,"[13742, 0]",1,0,0,0
35329,"[13742, 1]",2,2,1,0
35330,"[13743, 0]",1,0,0,0
35331,"[13743, 1]",2,51,24,-1
35332,"[13744, 0]",1,158,64,0
35333,"[13745, 0]",1,0,0,0
35334,"[13745, 1]",2,158,64,25
35335,"[13746, 0]",1,2,1,0
35336,"[13747, 0]",1,158,64,0
35337,"[13748, 0]",1,0,0,0
35338,"[13748, 1]",2,0,0,0
35339,"[13748, 2]",34,158,64,0
35340,"[13749, 0]",1,0,0,0
35341,"[13749, 1]",2,0,0,0
35342,"[13749, 2]",17,158,64,0
35343,"[13749, 3]",16,156,64,0
35344,"[13750, 0]",1,0,0,0
35345,"[13750, 1]",2,158,64,3
35346,"[13751, 0]",1,0,0,0
35347,"[13751, 1]",2,0,0,0
35348,"[13751, 2]",24,41,18,0
35349,"[13752, 0]",1,158,64,0
35350,"[13753, 0]",1,156,64,0
35351,"[13754, 0]",1,53,24,0
35352,"[13755, 0]",1,158,64,0
35353,"[13756, 0]",1,64,29,0
35354,"[13757, 0]",1,0,0,0
35355,"[13757, 1]",2,0,0,0
35356,"[13757, 2]",19,57,26,0
35357,"[13758, 0]",1,158,64,0
35358,"[13759, 0]",1,156,64,0
35359,"[13760, 0]",1,41,18,0
35360,"[13761, 0]",1,0,0,0
35361,"[13761, 1]",2,158,64,0
35362,"[13762, 0]",1,0,0,0
35363,"[13762, 1]",2,0,0,0
35364,"[13762, 2]",18,41,18,0
35365,"[13763, 0]",1,0,0,0
35366,"[13763, 1]",2,41,18,0
35367,"[13764, 0]",1,0,0,0
35368,"[13764, 1]",2,158,64,0
35369,"[13765, 0]",1,158,64,0
35370,"[13766, 0]",1,2,1,0
35371,"[13767, 0]",1,0,0,0
35372,"[13767, 1]",4,0,0,0
35373,"[13767, 2]",3,0,0,0
35374,"[13767, 3]",2,0,0,0
35375,"[13767, 4]",49,158,64,0
35376,"[13767, 5]",44,41,18,0
35377,"[13767, 6]",41,158,64,0
35378,"[13768, 0]",1,0,0,0
35379,"[13768, 1]",2,158,64,16
35380,"[13769, 0]",1,0,0,0
35381,"[13769, 1]",2,59,28,0
35382,"[13770, 0]",1,41,18,0
35383,"[13771, 0]",1,0,0,0
35384,"[13771, 1]",2,41,18,0
35385,"[13772, 0]",1,41,18,0
35386,"[13773, 0]",1,41,18,0
35387,"[13774, 0]",1,41,18,0
35388,"[13775, 0]",1,41,18,0
35389,"[13776, 0]",1,0,0,0
35390,"[13776, 1]",2,41,18,0
35391,"[13777, 0]",1,0,0,0
35392,"[13777, 1]",2,41,18,0
35393,"[13778, 0]",1,0,0,0
35394,"[13778, 1]",2,57,26,0
35395,"[13779, 0]",1,41,18,0
35396,"[13780, 0]",1,41,18,0
35397,"[13781, 0]",1,156,64,0
35398,"[13782, 0]",1,41,18,1
35399,"[13783, 0]",1,0,0,0
35400,"[13783, 1]",2,41,18,0
35401,"[13784, 0]",1,2,1,0
35402,"[13785, 0]",1,0,0,0
35403,"[13785, 1]",2,158,64,-1
35404,"[13786, 0]",1,158,64,0
35405,"[13787, 0]",1,158,64,0
35406,"[13788, 0]",1,0,0,0
35407,"[13788, 1]",2,41,18,0
35408,"[13789, 0]",1,0,0,0
35409,"[13789, 1]",5,0,0,0
35410,"[13789, 2]",2,0,0,0
35411,"[13789, 3]",67,0,0,0
35412,"[13789, 4]",38,158,64,0
35413,"[13789, 5]",79,57,26,0
35414,"[13790, 0]",1,158,64,0
35415,"[13791, 0]",1,0,0,0
35416,"[13791, 1]",2,158,64,1
35417,"[13792, 0]",1,0,0,0
35418,"[13792, 1]",2,55,26,0
35419,"[13793, 0]",1,156,64,0
35420,"[13794, 0]",1,41,18,0
35421,"[13795, 0]",1,158,64,0
35422,"[13796, 0]",1,0,0,0
35423,"[13796, 1]",7,57,26,0
35424,"[13796, 2]",6,0,0,0
35425,"[13796, 3]",5,41,18,0
35426,"[13796, 4]",2,0,0,0
35427,"[13796, 5]",66,0,0,0
35428,"[13796, 6]",51,41,18,0
35429,"[13796, 7]",84,0,0,0
35430,"[13796, 8]",83,0,0,0
35431,"[13796, 9]",82,0,0,0
35432,"[13796, 10]",272,0,0,0
35433,"[13796, 11]",267,0,0,0
35434,"[13796, 12]",264,41,18,0
35435,"[13796, 13]",339,156,64,0
35436,"[13796, 14]",313,158,64,0
35437,"[13797, 0]",1,158,64,0
35438,"[13798, 0]",1,41,18,0
35439,"[13799, 0]",1,0,0,0
35440,"[13799, 1]",2,158,64,0
35441,"[13800, 0]",1,0,0,0
35442,"[13800, 1]",2,158,64,7
35443,"[13801, 0]",1,0,0,0
35444,"[13801, 1]",3,41,18,0
35445,"[13801, 2]",2,158,64,0
35446,"[13802, 0]",1,0,0,0
35447,"[13802, 1]",2,158,64,0
35448,"[13803, 0]",1,0,0,0
35449,"[13803, 1]",6,158,64,0
35450,"[13803, 2]",5,0,0,0
35451,"[13803, 3]",2,0,0,0
35452,"[13803, 4]",52,0,0,0
35453,"[13803, 5]",40,158,64,0
35454,"[13803, 6]",86,0,0,0
35455,"[13803, 7]",254,41,18,0
35456,"[13804, 0]",1,158,64,0
35457,"[13805, 0]",1,0,0,0
35458,"[13805, 1]",6,57,26,14
35459,"[13805, 2]",3,158,64,-1
35460,"[13805, 3]",2,0,0,-1
35461,"[13805, 4]",62,156,64,-1
35462,"[13805, 5]",60,0,0,9
35463,"[13805, 6]",58,0,0,-1
35464,"[13805, 7]",121,158,64,2
35465,"[13805, 8]",97,57,26,0
35466,"[13806, 0]",1,156,64,0
35467,"[13807, 0]",1,158,64,0
35468,"[13808, 0]",1,158,64,0
35469,"[13809, 0]",1,0,0,0
35470,"[13809, 1]",2,158,64,0
35471,"[13810, 0]",1,0,0,0
35472,"[13810, 1]",2,2,1,0
35473,"[13811, 0]",1,0,0,0
35474,"[13811, 1]",2,0,0,0
35475,"[13811, 2]",28,2,1,-1
35476,"[13812, 0]",1,158,64,0
35477,"[13813, 0]",1,0,0,1
35478,"[13813, 1]",3,0,0,0
35479,"[13813, 2]",2,0,0,0
35480,"[13813, 3]",49,0,0,0
35481,"[13813, 4]",45,158,64,0
35482,"[13813, 5]",64,0,0,0
35483,"[13813, 6]",63,57,26,0
35484,"[13813, 7]",162,0,0,4
35485,"[13813, 8]",182,158,64,0
35486,"[13814, 0]",1,158,64,0
35487,"[13815, 0]",1,158,64,0
35488,"[13816, 0]",1,0,0,0
35489,"[13816, 1]",2,0,0,0
35490,"[13816, 2]",20,158,64,0
35491,"[13817, 0]",1,0,0,0
35492,"[13817, 1]",2,158,64,0
35493,"[13818, 0]",1,0,0,0
35494,"[13818, 1]",2,41,18,0
35495,"[13819, 0]",1,0,0,0
35496,"[13819, 1]",2,0,0,0
35497,"[13819, 2]",29,0,0,0
35498,"[13819, 3]",48,156,64,1
35499,"[13820, 0]",1,0,0,0
35500,"[13820, 1]",2,158,64,0
35501,"[13821, 0]",1,41,18,0
35502,"[13822, 0]",1,0,0,0
35503,"[13822, 1]",2,0,0,0
35504,"[13822, 2]",23,0,0,0
35505,"[13822, 3]",53,158,64,-1
35506,"[13823, 0]",1,0,0,0
35507,"[13823, 1]",3,0,0,0
35508,"[13823, 2]",2,57,26,0
35509,"[13823, 3]",8,0,0,0
35510,"[13823, 4]",69,158,64,0
35511,"[13824, 0]",1,158,64,0
35512,"[13825, 0]",1,158,64,0
35513,"[13826, 0]",1,0,0,0
35514,"[13826, 1]",2,156,64,8
35515,"[13827, 0]",1,0,0,0
35516,"[13827, 1]",2,0,0,0
35517,"[13827, 2]",17,158,64,-1
35518,"[13828, 0]",1,0,0,0
35519,"[13828, 1]",2,0,0,0
35520,"[13828, 2]",20,158,64,0
35521,"[13829, 0]",1,158,64,0
35522,"[13830, 0]",1,0,0,0
35523,"[13830, 1]",2,0,0,0
35524,"[13830, 2]",19,0,0,0
35525,"[13830, 3]",35,156,64,0
35526,"[13831, 0]",1,156,64,0
35527,"[13832, 0]",1,2,1,0
35528,"[13833, 0]",1,0,0,0
35529,"[13833, 1]",2,0,0,0
35530,"[13833, 2]",24,0,0,-1
35531,"[13833, 3]",57,59,26,1
35532,"[13834, 0]",1,0,0,0
35533,"[13834, 1]",2,158,64,0
35534,"[13835, 0]",1,0,0,0
35535,"[13835, 1]",2,41,18,0
35536,"[13836, 0]",1,41,18,0
35537,"[13837, 0]",1,41,18,0
35538,"[13838, 0]",1,158,64,1
35539,"[13839, 0]",1,158,64,0
35540,"[13840, 0]",1,0,0,0
35541,"[13840, 1]",2,0,0,0
35542,"[13840, 2]",18,53,24,0
35543,"[13841, 0]",1,0,0,0
35544,"[13841, 1]",2,2,1,2
35545,"[13842, 0]",1,0,0,0
35546,"[13842, 1]",2,0,0,0
35547,"[13842, 2]",39,57,26,0
35548,"[13843, 0]",1,2,1,0
35549,"[13844, 0]",1,158,64,0
35550,"[13845, 0]",1,0,0,0
35551,"[13845, 1]",3,0,0,0
35552,"[13845, 2]",2,0,0,0
35553,"[13845, 3]",51,0,0,0
35554,"[13845, 4]",47,156,64,0
35555,"[13845, 5]",56,158,64,0
35556,"[13846, 0]",1,0,0,0
35557,"[13846, 1]",2,158,64,0
35558,"[13847, 0]",1,41,18,0
35559,"[13848, 0]",1,0,0,0
35560,"[13848, 1]",2,0,0,0
35561,"[13848, 2]",37,156,64,0
35562,"[13848, 3]",34,0,0,0
35563,"[13848, 4]",32,0,0,0
35564,"[13848, 5]",79,158,64,0
35565,"[13848, 6]",76,0,0,0
35566,"[13848, 7]",70,158,64,0
35567,"[13848, 8]",119,158,64,0
35568,"[13849, 0]",1,0,0,0
35569,"[13849, 1]",2,0,0,0
35570,"[13849, 2]",25,0,0,0
35571,"[13849, 3]",35,0,0,0
35572,"[13849, 4]",56,158,64,0
35573,"[13850, 0]",1,158,64,0
35574,"[13851, 0]",1,0,0,0
35575,"[13851, 1]",2,57,26,-1
35576,"[13852, 0]",1,158,64,0
35577,"[13853, 0]",1,0,0,0
35578,"[13853, 1]",5,158,64,0
35579,"[13853, 2]",4,0,0,0
35580,"[13853, 3]",2,0,0,0
35581,"[13853, 4]",45,51,24,0
35582,"[13853, 5]",44,158,64,0
35583,"[13853, 6]",41,0,0,0
35584,"[13853, 7]",26,2,1,0
35585,"[13853, 8]",83,0,0,-1
35586,"[13853, 9]",246,41,18,2
35587,"[13854, 0]",1,0,0,0
35588,"[13854, 1]",5,0,0,0
35589,"[13854, 2]",3,0,0,0
35590,"[13854, 3]",2,0,0,0
35591,"[13854, 4]",39,0,0,0
35592,"[13854, 5]",37,0,0,0
35593,"[13854, 6]",35,0,0,0
35594,"[13854, 7]",33,0,0,0
35595,"[13854, 8]",16,0,0,0
35596,"[13854, 9]",109,158,64,8
35597,"[13854, 10]",88,0,0,0
35598,"[13854, 11]",73,156,64,1
35599,"[13854, 12]",67,158,64,0
35600,"[13854, 13]",65,0,0,0
35601,"[13854, 14]",64,0,0,0
35602,"[13854, 15]",54,158,64,1
35603,"[13854, 16]",187,158,64,0
35604,"[13854, 17]",184,158,64,0
35605,"[13854, 18]",128,0,0,0
35606,"[13854, 19]",394,0,0,0
35607,"[13854, 20]",459,158,64,6
35608,"[13855, 0]",1,0,0,0
35609,"[13855, 1]",5,0,0,0
35610,"[13855, 2]",4,0,0,0
35611,"[13855, 3]",2,0,0,0
35612,"[13855, 4]",29,158,64,0
35613,"[13855, 5]",28,0,0,0
35614,"[13855, 6]",21,0,0,0
35615,"[13855, 7]",17,41,18,0
35616,"[13855, 8]",95,57,26,0
35617,"[13855, 9]",55,59,28,0
35618,"[13856, 0]",1,0,0,0
35619,"[13856, 1]",2,158,64,-1
35620,"[13857, 0]",1,0,0,0
35621,"[13857, 1]",2,0,0,0
35622,"[13857, 2]",19,158,64,-1
35623,"[13858, 0]",1,0,0,0
35624,"[13858, 1]",2,41,18,0
35625,"[13859, 0]",1,158,64,0
35626,"[13860, 0]",1,158,64,0
35627,"[13861, 0]",1,0,0,0
35628,"[13861, 1]",2,158,64,0
35629,"[13862, 0]",1,57,26,0
35630,"[13863, 0]",1,0,0,0
35631,"[13863, 1]",2,57,26,0
35632,"[13864, 0]",1,41,18,0
35633,"[13865, 0]",1,0,0,0
35634,"[13865, 1]",2,57,26,0
35635,"[13866, 0]",1,54,24,0
35636,"[13867, 0]",1,156,64,0
35637,"[13868, 0]",1,0,0,0
35638,"[13868, 1]",10,158,64,0
35639,"[13868, 2]",7,37,18,0
35640,"[13868, 3]",5,0,0,0
35641,"[13868, 4]",4,0,0,0
35642,"[13868, 5]",2,0,0,0
35643,"[13868, 6]",58,158,64,0
35644,"[13868, 7]",55,0,0,0
35645,"[13868, 8]",53,0,0,0
35646,"[13868, 9]",52,0,0,0
35647,"[13868, 10]",51,0,0,0
35648,"[13868, 11]",44,0,0,0
35649,"[13868, 12]",40,41,18,0
35650,"[13868, 13]",175,54,24,0
35651,"[13868, 14]",136,158,64,0
35652,"[13868, 15]",133,0,0,0
35653,"[13868, 16]",128,0,0,0
35654,"[13868, 17]",126,0,0,0
35655,"[13868, 18]",122,57,26,0
35656,"[13868, 19]",121,158,64,0
35657,"[13868, 20]",107,41,18,0
35658,"[13868, 21]",411,158,64,0
35659,"[13868, 22]",395,41,18,0
35660,"[13868, 23]",357,157,64,0
35661,"[13869, 0]",1,0,0,0
35662,"[13869, 1]",2,0,0,-1
35663,"[13869, 2]",61,53,24,50
35664,"[13870, 0]",1,0,0,0
35665,"[13870, 1]",2,158,64,0
35666,"[13871, 0]",1,0,0,0
35667,"[13871, 1]",2,158,64,0
35668,"[13872, 0]",1,158,64,0
35669,"[13873, 0]",1,77,32,0
35670,"[13874, 0]",1,0,0,0
35671,"[13874, 1]",2,0,0,0
35672,"[13874, 2]",63,158,64,-1
35673,"[13875, 0]",1,156,64,0
35674,"[13876, 0]",1,57,26,0
35675,"[13877, 0]",1,57,26,0
35676,"[13878, 0]",1,0,0,0
35677,"[13878, 1]",2,0,0,-1
35678,"[13878, 2]",56,0,0,-1
35679,"[13878, 3]",80,158,64,7
35680,"[13879, 0]",1,0,0,0
35681,"[13879, 1]",2,0,0,0
35682,"[13879, 2]",73,158,64,1
35683,"[13880, 0]",1,0,0,0
35684,"[13880, 1]",2,0,0,-1
35685,"[13880, 2]",33,156,64,3
35686,"[13881, 0]",1,58,26,0
35687,"[13882, 0]",1,156,64,0
35688,"[13883, 0]",1,0,0,0
35689,"[13883, 1]",2,158,64,0
35690,"[13884, 0]",1,158,64,0
35691,"[13885, 0]",1,41,18,0
35692,"[13886, 0]",1,156,64,0
35693,"[13887, 0]",1,0,0,0
35694,"[13887, 1]",2,57,26,0
35695,"[13888, 0]",1,0,0,0
35696,"[13888, 1]",2,2,1,0
35697,"[13889, 0]",1,59,28,0
35698,"[13890, 0]",1,41,18,0
35699,"[13891, 0]",1,0,0,1
35700,"[13891, 1]",2,57,26,0
35701,"[13892, 0]",1,0,0,3
35702,"[13892, 1]",2,41,18,0
35703,"[13893, 0]",1,41,18,0
35704,"[13894, 0]",1,158,64,0
35705,"[13895, 0]",1,158,64,0
35706,"[13896, 0]",1,41,18,0
35707,"[13897, 0]",1,53,24,0
35708,"[13898, 0]",1,0,0,0
35709,"[13898, 1]",2,0,0,0
35710,"[13898, 2]",95,0,0,0
35711,"[13898, 3]",118,2,1,0
35712,"[13899, 0]",1,158,64,0
35713,"[13900, 0]",1,0,0,1
35714,"[13900, 1]",5,0,0,0
35715,"[13900, 2]",3,0,0,0
35716,"[13900, 3]",2,0,0,0
35717,"[13900, 4]",38,0,0,0
35718,"[13900, 5]",33,2,1,0
35719,"[13900, 6]",22,2,1,0
35720,"[13900, 7]",63,0,0,0
35721,"[13900, 8]",205,158,64,0
35722,"[13901, 0]",1,0,0,0
35723,"[13901, 1]",4,0,0,0
35724,"[13901, 2]",3,0,0,0
35725,"[13901, 3]",2,0,0,0
35726,"[13901, 4]",39,41,18,0
35727,"[13901, 5]",38,0,0,0
35728,"[13901, 6]",37,0,0,0
35729,"[13901, 7]",34,0,0,0
35730,"[13901, 8]",25,41,18,0
35731,"[13901, 9]",97,41,18,0
35732,"[13901, 10]",96,0,0,0
35733,"[13901, 11]",77,41,18,0
35734,"[13901, 12]",76,41,18,0
35735,"[13901, 13]",75,0,0,0
35736,"[13901, 14]",71,158,64,0
35737,"[13901, 15]",227,41,18,0
35738,"[13901, 16]",216,41,18,0
35739,"[13901, 17]",215,0,0,0
35740,"[13901, 18]",214,2,1,0
35741,"[13901, 19]",419,158,64,0
35742,"[13902, 0]",1,156,64,0
35743,"[13903, 0]",1,0,0,0
35744,"[13903, 1]",4,41,18,0
35745,"[13903, 2]",2,0,0,0
35746,"[13903, 3]",38,41,18,0
35747,"[13903, 4]",37,0,0,0
35748,"[13903, 5]",34,0,0,0
35749,"[13903, 6]",83,54,24,0
35750,"[13903, 7]",56,57,26,0
35751,"[13904, 0]",1,0,0,0
35752,"[13904, 1]",2,158,64,0
35753,"[13905, 0]",1,0,0,0
35754,"[13905, 1]",2,41,18,0
35755,"[13906, 0]",1,0,0,0
35756,"[13906, 1]",2,158,64,0
35757,"[13907, 0]",1,2,1,0
35758,"[13908, 0]",1,0,0,0
35759,"[13908, 1]",2,0,0,0
35760,"[13908, 2]",25,0,0,0
35761,"[13908, 3]",41,158,64,0
35762,"[13909, 0]",1,54,24,0
35763,"[13910, 0]",1,158,64,0
35764,"[13911, 0]",1,158,64,0
35765,"[13912, 0]",1,0,0,0
35766,"[13912, 1]",2,0,0,0
35767,"[13912, 2]",29,158,64,1
35768,"[13913, 0]",1,158,64,0
35769,"[13914, 0]",1,0,0,0
35770,"[13914, 1]",2,0,0,0
35771,"[13914, 2]",14,158,64,0
35772,"[13915, 0]",1,0,0,0
35773,"[13915, 1]",2,0,0,0
35774,"[13915, 2]",14,158,64,0
35775,"[13916, 0]",1,0,0,0
35776,"[13916, 1]",3,0,0,0
35777,"[13916, 2]",2,158,64,0
35778,"[13916, 3]",22,0,0,0
35779,"[13916, 4]",113,57,26,0
35780,"[13917, 0]",1,0,0,0
35781,"[13917, 1]",2,156,64,0
35782,"[13918, 0]",1,0,0,0
35783,"[13918, 1]",2,0,0,0
35784,"[13918, 2]",16,158,64,7
35785,"[13919, 0]",1,156,64,0
35786,"[13920, 0]",1,158,64,0
35787,"[13921, 0]",1,0,0,0
35788,"[13922, 0]",1,0,0,0
35789,"[13922, 1]",2,41,18,0
35790,"[13923, 0]",1,158,64,0
35791,"[13924, 0]",1,0,0,0
35792,"[13924, 1]",3,57,26,0
35793,"[13924, 2]",2,57,26,0
35794,"[13925, 0]",1,158,64,0
35795,"[13926, 0]",1,158,64,0
35796,"[13927, 0]",1,2,1,0
35797,"[13928, 0]",1,156,64,0
35798,"[13929, 0]",1,0,0,0
35799,"[13929, 1]",3,0,0,0
35800,"[13929, 2]",2,0,0,0
35801,"[13929, 3]",39,158,64,-1
35802,"[13929, 4]",35,156,64,2
35803,"[13930, 0]",1,0,0,0
35804,"[13930, 1]",2,0,0,0
35805,"[13930, 2]",24,158,64,0
35806,"[13931, 0]",1,41,18,0
35807,"[13932, 0]",1,0,0,0
35808,"[13932, 1]",2,158,64,0
35809,"[13933, 0]",1,158,64,0
35810,"[13934, 0]",1,41,18,0
35811,"[13935, 0]",1,0,0,1
35812,"[13935, 1]",2,158,64,0
35813,"[13936, 0]",1,0,0,0
35814,"[13936, 1]",2,158,64,0
35815,"[13937, 0]",1,158,64,0
35816,"[13938, 0]",1,57,26,0
35817,"[13939, 0]",1,158,64,0
35818,"[13940, 0]",1,0,0,0
35819,"[13940, 1]",2,0,0,0
35820,"[13940, 2]",51,51,24,36
35821,"[13941, 0]",1,0,0,0
35822,"[13941, 1]",2,158,64,0
35823,"[13942, 0]",1,158,64,0
35824,"[13943, 0]",1,0,0,0
35825,"[13943, 1]",2,156,64,0
35826,"[13944, 0]",1,0,0,0
35827,"[13944, 1]",2,156,64,0
35828,"[13945, 0]",1,41,18,0
35829,"[13946, 0]",1,2,1,0
35830,"[13947, 0]",1,0,0,0
35831,"[13947, 1]",5,156,64,0
35832,"[13947, 2]",4,0,0,0
35833,"[13947, 3]",3,0,0,0
35834,"[13947, 4]",2,0,0,0
35835,"[13947, 5]",33,0,0,0
35836,"[13947, 6]",28,158,64,-1
35837,"[13947, 7]",23,158,64,0
35838,"[13947, 8]",45,158,64,0
35839,"[13948, 0]",1,41,18,0
35840,"[13949, 0]",1,0,0,0
35841,"[13949, 1]",2,158,64,0
35842,"[13950, 0]",1,0,0,0
35843,"[13950, 1]",2,57,26,2
35844,"[13951, 0]",1,0,0,0
35845,"[13951, 1]",2,0,0,0
35846,"[13952, 0]",1,0,0,0
35847,"[13952, 1]",5,158,64,0
35848,"[13952, 2]",4,57,26,0
35849,"[13952, 3]",2,0,0,0
35850,"[13952, 4]",26,0,0,0
35851,"[13952, 5]",38,2,1,0
35852,"[13953, 0]",1,41,18,0
35853,"[13954, 0]",1,158,64,0
35854,"[13955, 0]",1,57,26,0
35855,"[13956, 0]",1,0,0,0
35856,"[13956, 1]",2,0,0,0
35857,"[13956, 2]",26,2,1,0
35858,"[13957, 0]",1,0,0,1
35859,"[13957, 1]",3,158,64,0
35860,"[13957, 2]",2,0,0,0
35861,"[13957, 3]",38,158,64,0
35862,"[13957, 4]",37,41,18,0
35863,"[13957, 5]",36,2,1,0
35864,"[13957, 6]",33,0,0,0
35865,"[13957, 7]",82,0,0,0
35866,"[13957, 8]",169,0,0,0
35867,"[13957, 9]",349,41,18,0
35868,"[13957, 10]",348,2,1,0
35869,"[13958, 0]",1,158,64,0
35870,"[13959, 0]",1,156,64,0
35871,"[13960, 0]",1,0,0,0
35872,"[13960, 1]",2,0,0,0
35873,"[13960, 2]",23,158,64,0
35874,"[13961, 0]",1,158,64,0
35875,"[13962, 0]",1,158,64,0
35876,"[13963, 0]",1,158,64,0
35877,"[13964, 0]",1,64,29,0
35878,"[13965, 0]",1,0,0,0
35879,"[13965, 1]",6,57,26,0
35880,"[13965, 2]",3,0,0,0
35881,"[13965, 3]",2,0,0,0
35882,"[13965, 4]",38,158,64,0
35883,"[13965, 5]",37,158,64,0
35884,"[13965, 6]",33,0,0,0
35885,"[13965, 7]",69,57,26,0
35886,"[13966, 0]",1,54,24,0
35887,"[13967, 0]",1,0,0,0
35888,"[13967, 1]",7,158,64,0
35889,"[13967, 2]",5,158,64,0
35890,"[13967, 3]",4,0,0,0
35891,"[13967, 4]",2,0,0,0
35892,"[13967, 5]",45,41,18,0
35893,"[13967, 6]",44,0,0,0
35894,"[13967, 7]",43,0,0,0
35895,"[13967, 8]",30,158,64,0
35896,"[13967, 9]",62,57,26,0
35897,"[13967, 10]",61,158,64,0
35898,"[13967, 11]",58,158,64,0
35899,"[13968, 0]",1,41,18,0
35900,"[13969, 0]",1,57,26,0
35901,"[13970, 0]",1,158,64,0
35902,"[13971, 0]",1,0,0,0
35903,"[13971, 1]",2,158,64,0
35904,"[13972, 0]",1,57,26,0
35905,"[13973, 0]",1,156,64,0
35906,"[13974, 0]",1,0,0,0
35907,"[13974, 1]",2,54,24,0
35908,"[13975, 0]",1,0,0,0
35909,"[13975, 1]",2,158,64,0
35910,"[13976, 0]",1,158,64,0
35911,"[13977, 0]",1,158,64,0
35912,"[13978, 0]",1,57,26,0
35913,"[13979, 0]",1,0,0,0
35914,"[13979, 1]",10,53,24,0
35915,"[13979, 2]",9,41,18,0
35916,"[13979, 3]",4,0,0,0
35917,"[13979, 4]",3,0,0,0
35918,"[13979, 5]",2,0,0,0
35919,"[13979, 6]",59,158,64,0
35920,"[13979, 7]",58,41,18,0
35921,"[13979, 8]",49,156,64,0
35922,"[13980, 0]",1,0,0,0
35923,"[13980, 1]",2,0,0,0
35924,"[13980, 2]",15,158,64,0
35925,"[13981, 0]",1,57,26,0
35926,"[13982, 0]",1,64,29,0
35927,"[13983, 0]",1,0,0,0
35928,"[13983, 1]",2,158,64,0
35929,"[13984, 0]",1,0,0,0
35930,"[13984, 1]",2,0,0,1
35931,"[13984, 2]",16,158,64,-1
35932,"[13985, 0]",1,158,64,0
35933,"[13986, 0]",1,41,18,0
35934,"[13987, 0]",1,41,18,0
35935,"[13988, 0]",1,51,24,0
35936,"[13989, 0]",1,156,64,0
35937,"[13990, 0]",1,0,0,0
35938,"[13990, 1]",6,57,26,0
35939,"[13990, 2]",5,0,0,0
35940,"[13990, 3]",2,0,0,0
35941,"[13990, 4]",56,0,0,0
35942,"[13990, 5]",32,158,64,0
35943,"[13990, 6]",104,0,0,0
35944,"[13990, 7]",248,55,26,0
35945,"[13991, 0]",1,158,64,0
35946,"[13992, 0]",1,0,0,0
35947,"[13992, 1]",3,156,64,0
35948,"[13992, 2]",2,158,64,0
35949,"[13993, 0]",1,0,0,0
35950,"[13993, 1]",2,158,64,6
35951,"[13994, 0]",1,0,0,0
35952,"[13994, 1]",2,158,64,0
35953,"[13995, 0]",1,0,0,0
35954,"[13995, 1]",2,41,18,0
35955,"[13996, 0]",1,0,0,0
35956,"[13996, 1]",3,158,64,0
35957,"[13996, 2]",2,158,64,0
35958,"[13997, 0]",1,0,0,0
35959,"[13997, 1]",2,158,64,-1
35960,"[13998, 0]",1,0,0,0
35961,"[13998, 1]",2,0,0,0
35962,"[13998, 2]",16,156,64,0
35963,"[13999, 0]",1,158,64,0
35964,"[14000, 0]",1,0,0,0
35965,"[14000, 1]",2,0,0,0
35966,"[14000, 2]",15,41,18,2
35967,"[14001, 0]",1,0,0,0
35968,"[14001, 1]",2,158,64,0
35969,"[14002, 0]",1,158,64,0
35970,"[14003, 0]",1,57,26,0
35971,"[14004, 0]",1,158,64,0
35972,"[14005, 0]",1,0,0,1
35973,"[14005, 1]",8,158,64,0
35974,"[14005, 2]",6,57,26,0
35975,"[14005, 3]",4,0,0,0
35976,"[14005, 4]",3,0,0,0
35977,"[14005, 5]",37,158,64,-1
35978,"[14005, 6]",35,2,1,-1
35979,"[14005, 7]",28,0,0,0
35980,"[14005, 8]",27,57,26,0
35981,"[14005, 9]",78,158,64,0
35982,"[14006, 0]",1,0,0,0
35983,"[14006, 1]",4,156,64,13
35984,"[14006, 2]",2,0,0,1
35985,"[14006, 3]",38,2,1,0
35986,"[14006, 4]",36,0,0,0
35987,"[14006, 5]",82,0,0,0
35988,"[14006, 6]",241,57,26,0
35989,"[14007, 0]",1,0,0,0
35990,"[14007, 1]",3,158,64,0
35991,"[14007, 2]",2,158,64,0
35992,"[14008, 0]",1,0,0,0
35993,"[14008, 1]",4,0,0,0
35994,"[14008, 2]",2,0,0,0
35995,"[14008, 3]",40,41,18,0
35996,"[14008, 4]",39,0,0,0
35997,"[14008, 5]",37,0,0,0
35998,"[14008, 6]",36,0,0,0
35999,"[14008, 7]",30,41,18,0
36000,"[14008, 8]",96,57,26,0
36001,"[14008, 9]",89,158,64,0
36002,"[14009, 0]",1,0,0,0
36003,"[14009, 1]",2,41,18,0
36004,"[14010, 0]",1,0,0,0
36005,"[14010, 1]",3,0,0,0
36006,"[14010, 2]",2,0,0,0
36007,"[14010, 3]",13,0,0,0
36008,"[14010, 4]",12,0,0,0
36009,"[14010, 5]",8,156,64,4
36010,"[14010, 6]",22,0,0,0
36011,"[14010, 7]",18,158,64,0
36012,"[14010, 8]",144,41,18,0
36013,"[14011, 0]",1,0,0,0
36014,"[14011, 1]",3,41,18,0
36015,"[14011, 2]",2,59,28,0
36016,"[14012, 0]",1,156,64,0
36017,"[14013, 0]",1,156,64,0
36018,"[14014, 0]",1,0,0,0
36019,"[14014, 1]",2,158,64,0
36020,"[14015, 0]",1,0,0,0
36021,"[14015, 1]",2,0,0,0
36022,"[14015, 2]",75,156,64,4
36023,"[14016, 0]",1,0,0,0
36024,"[14016, 1]",2,0,0,0
36025,"[14016, 2]",19,41,18,1
36026,"[14017, 0]",1,158,64,0
36027,"[14018, 0]",1,2,1,0
36028,"[14019, 0]",1,58,26,0
36029,"[14020, 0]",1,54,24,0
36030,"[14021, 0]",1,0,0,0
36031,"[14022, 0]",1,41,18,0
36032,"[14023, 0]",1,158,64,0
36033,"[14024, 0]",1,41,18,0
36034,"[14025, 0]",1,0,0,0
36035,"[14025, 1]",2,41,18,0
36036,"[14026, 0]",1,0,0,0
36037,"[14026, 1]",3,41,18,0
36038,"[14026, 2]",2,0,0,0
36039,"[14026, 3]",44,0,0,0
36040,"[14026, 4]",43,0,0,0
36041,"[14026, 5]",78,158,64,12
36042,"[14026, 6]",74,41,18,0
36043,"[14027, 0]",1,0,0,1
36044,"[14027, 1]",2,57,26,0
36045,"[14028, 0]",1,158,64,0
36046,"[14029, 0]",1,158,64,0
36047,"[14030, 0]",1,0,0,0
36048,"[14030, 1]",2,158,64,0
36049,"[14031, 0]",1,0,0,0
36050,"[14031, 1]",2,2,1,0
36051,"[14032, 0]",1,41,18,0
36052,"[14033, 0]",1,57,26,0
36053,"[14034, 0]",1,0,0,0
36054,"[14034, 1]",2,158,64,2
36055,"[14035, 0]",1,158,64,0
36056,"[14036, 0]",1,0,0,0
36057,"[14036, 1]",2,41,18,0
36058,"[14037, 0]",1,156,64,0
36059,"[14038, 0]",1,55,26,0
36060,"[14039, 0]",1,0,0,0
36061,"[14039, 1]",2,41,18,0
36062,"[14040, 0]",1,156,64,0
36063,"[14041, 0]",1,0,0,0
36064,"[14041, 1]",7,158,64,0
36065,"[14041, 2]",5,0,0,0
36066,"[14041, 3]",3,0,0,0
36067,"[14041, 4]",2,0,0,0
36068,"[14041, 5]",62,158,64,0
36069,"[14041, 6]",61,156,64,0
36070,"[14041, 7]",59,0,0,0
36071,"[14041, 8]",54,156,64,0
36072,"[14041, 9]",38,158,64,0
36073,"[14041, 10]",118,64,29,0
36074,"[14042, 0]",1,2,1,0
36075,"[14043, 0]",1,41,18,0
36076,"[14044, 0]",1,0,0,0
36077,"[14045, 0]",1,0,0,0
36078,"[14045, 1]",4,57,26,0
36079,"[14045, 2]",3,0,0,0
36080,"[14045, 3]",2,0,0,0
36081,"[14045, 4]",22,0,0,0
36082,"[14045, 5]",19,158,64,0
36083,"[14045, 6]",68,57,26,0
36084,"[14045, 7]",67,158,64,0
36085,"[14045, 8]",65,0,0,0
36086,"[14045, 9]",211,41,18,0
36087,"[14046, 0]",1,41,18,0
36088,"[14047, 0]",1,57,26,1
36089,"[14048, 0]",1,0,0,1
36090,"[14048, 1]",2,41,18,0
36091,"[14049, 0]",1,156,64,0
36092,"[14050, 0]",1,158,64,0
36093,"[14051, 0]",1,0,0,0
36094,"[14051, 1]",2,0,0,-1
36095,"[14051, 2]",10,0,0,-1
36096,"[14051, 3]",44,2,1,-1
36097,"[14052, 0]",1,158,64,0
36098,"[14053, 0]",1,0,0,0
36099,"[14053, 1]",2,0,0,-1
36100,"[14053, 2]",16,54,24,10
36101,"[14054, 0]",1,0,0,0
36102,"[14054, 1]",2,158,64,0
36103,"[14055, 0]",1,0,0,0
36104,"[14055, 1]",2,0,0,0
36105,"[14055, 2]",12,158,64,0
36106,"[14056, 0]",1,158,64,0
36107,"[14057, 0]",1,158,64,0
36108,"[14058, 0]",1,0,0,0
36109,"[14058, 1]",2,41,18,9
36110,"[14059, 0]",1,0,0,0
36111,"[14059, 1]",2,0,0,0
36112,"[14059, 2]",20,0,0,0
36113,"[14059, 3]",34,158,64,0
36114,"[14060, 0]",1,158,64,0
36115,"[14061, 0]",1,0,0,0
36116,"[14061, 1]",2,158,64,3
36117,"[14062, 0]",1,0,0,0
36118,"[14062, 1]",2,2,1,0
36119,"[14063, 0]",1,57,26,0
36120,"[14064, 0]",1,0,0,0
36121,"[14064, 1]",2,158,64,8
36122,"[14065, 0]",1,158,64,0
36123,"[14066, 0]",1,41,18,0
36124,"[14067, 0]",1,0,0,0
36125,"[14067, 1]",3,0,0,0
36126,"[14067, 2]",2,0,0,0
36127,"[14067, 3]",23,0,0,-1
36128,"[14067, 4]",19,158,64,0
36129,"[14067, 5]",18,0,0,0
36130,"[14067, 6]",70,0,0,0
36131,"[14067, 7]",84,0,0,0
36132,"[14067, 8]",192,158,64,-1
36133,"[14068, 0]",1,0,0,0
36134,"[14068, 1]",2,0,0,-1
36135,"[14068, 2]",13,158,64,-1
36136,"[14069, 0]",1,0,0,0
36137,"[14069, 1]",2,41,18,7
36138,"[14070, 0]",1,158,64,0
36139,"[14071, 0]",1,0,0,0
36140,"[14071, 1]",3,0,0,0
36141,"[14071, 2]",2,0,0,0
36142,"[14071, 3]",54,41,18,0
36143,"[14071, 4]",51,0,0,0
36144,"[14071, 5]",42,0,0,0
36145,"[14071, 6]",171,158,64,0
36146,"[14071, 7]",94,64,29,0
36147,"[14072, 0]",1,0,0,0
36148,"[14072, 1]",3,0,0,0
36149,"[14072, 2]",2,0,0,0
36150,"[14072, 3]",29,0,0,0
36151,"[14072, 4]",25,41,18,0
36152,"[14072, 5]",98,158,64,0
36153,"[14073, 0]",1,59,28,0
36154,"[14074, 0]",1,2,1,0
36155,"[14075, 0]",1,0,0,0
36156,"[14075, 1]",6,57,26,0
36157,"[14075, 2]",4,0,0,0
36158,"[14075, 3]",3,2,1,0
36159,"[14075, 4]",2,0,0,0
36160,"[14075, 5]",42,41,18,0
36161,"[14075, 6]",40,0,0,0
36162,"[14075, 7]",35,158,64,0
36163,"[14075, 8]",73,77,32,0
36164,"[14076, 0]",1,41,18,0
36165,"[14077, 0]",1,156,64,0
36166,"[14078, 0]",1,158,64,0
36167,"[14079, 0]",1,0,0,0
36168,"[14079, 1]",3,156,64,0
36169,"[14079, 2]",2,0,0,0
36170,"[14079, 3]",28,2,1,0
36171,"[14079, 4]",26,0,0,0
36172,"[14079, 5]",25,158,64,0
36173,"[14079, 6]",39,41,18,0
36174,"[14080, 0]",1,0,0,0
36175,"[14080, 1]",2,2,1,0
36176,"[14081, 0]",1,0,0,0
36177,"[14081, 1]",2,158,64,0
36178,"[14082, 0]",1,41,18,0
36179,"[14083, 0]",1,0,0,0
36180,"[14083, 1]",2,156,64,0
36181,"[14084, 0]",1,158,64,0
36182,"[14085, 0]",1,0,0,0
36183,"[14085, 1]",2,156,64,0
36184,"[14086, 0]",1,41,18,0
36185,"[14087, 0]",1,0,0,0
36186,"[14087, 1]",2,156,64,0
36187,"[14088, 0]",1,0,0,0
36188,"[14088, 1]",6,158,64,0
36189,"[14088, 2]",3,0,0,0
36190,"[14088, 3]",2,0,0,0
36191,"[14088, 4]",47,0,0,0
36192,"[14088, 5]",46,0,0,0
36193,"[14088, 6]",40,158,64,0
36194,"[14088, 7]",80,53,24,0
36195,"[14088, 8]",76,2,1,0
36196,"[14089, 0]",1,0,0,0
36197,"[14089, 1]",2,158,64,0
36198,"[14090, 0]",1,0,0,0
36199,"[14090, 1]",2,158,64,0
36200,"[14091, 0]",1,158,64,0
36201,"[14092, 0]",1,158,64,0
36202,"[14093, 0]",1,0,0,0
36203,"[14093, 1]",2,158,64,0
36204,"[14094, 0]",1,41,18,0
36205,"[14095, 0]",1,0,0,0
36206,"[14095, 1]",3,158,64,0
36207,"[14095, 2]",2,158,64,0
36208,"[14096, 0]",1,0,0,0
36209,"[14096, 1]",2,156,64,0
36210,"[14097, 0]",1,158,64,0
36211,"[14098, 0]",1,0,0,0
36212,"[14098, 1]",2,0,0,0
36213,"[14098, 2]",13,58,26,0
36214,"[14099, 0]",1,0,0,0
36215,"[14099, 1]",3,0,0,0
36216,"[14099, 2]",2,41,18,0
36217,"[14099, 3]",33,158,64,0
36218,"[14100, 0]",1,0,0,0
36219,"[14100, 1]",2,158,64,0
36220,"[14101, 0]",1,158,64,0
36221,"[14102, 0]",1,0,0,0
36222,"[14102, 1]",6,57,26,0
36223,"[14102, 2]",4,158,64,0
36224,"[14102, 3]",3,0,0,0
36225,"[14102, 4]",2,0,0,0
36226,"[14102, 5]",36,158,64,0
36227,"[14102, 6]",35,158,64,0
36228,"[14102, 7]",33,0,0,0
36229,"[14102, 8]",30,57,26,-1
36230,"[14102, 9]",69,0,0,0
36231,"[14102, 10]",68,0,0,0
36232,"[14102, 11]",66,0,0,0
36233,"[14102, 12]",262,0,0,0
36234,"[14102, 13]",261,0,0,0
36235,"[14102, 14]",244,0,0,0
36236,"[14102, 15]",241,158,64,0
36237,"[14102, 16]",459,2,1,0
36238,"[14102, 17]",438,0,0,0
36239,"[14102, 18]",437,0,0,0
36240,"[14102, 19]",434,0,0,0
36241,"[14102, 20]",660,41,18,1
36242,"[14102, 21]",649,158,64,0
36243,"[14102, 22]",645,158,64,0
36244,"[14103, 0]",1,0,0,0
36245,"[14103, 1]",2,0,0,4
36246,"[14103, 2]",17,2,1,-1
36247,"[14104, 0]",1,158,64,0
36248,"[14105, 0]",1,158,64,0
36249,"[14106, 0]",1,0,0,1
36250,"[14106, 1]",3,0,0,0
36251,"[14106, 2]",2,158,64,0
36252,"[14106, 3]",18,156,64,0
36253,"[14107, 0]",1,0,0,0
36254,"[14107, 1]",3,0,0,0
36255,"[14107, 2]",2,158,64,0
36256,"[14107, 3]",26,2,1,6
36257,"[14108, 0]",1,0,0,0
36258,"[14108, 1]",2,156,64,0
36259,"[14109, 0]",1,41,18,1
36260,"[14110, 0]",1,156,64,0
36261,"[14111, 0]",1,41,18,0
36262,"[14112, 0]",1,59,28,0
36263,"[14113, 0]",1,0,0,0
36264,"[14113, 1]",2,158,64,3
36265,"[14114, 0]",1,0,0,0
36266,"[14114, 1]",2,156,64,0
36267,"[14115, 0]",1,57,26,0
36268,"[14116, 0]",1,0,0,0
36269,"[14116, 1]",2,41,18,0
36270,"[14117, 0]",1,0,0,0
36271,"[14117, 1]",2,0,0,0
36272,"[14117, 2]",55,158,64,0
36273,"[14118, 0]",1,41,18,0
36274,"[14119, 0]",1,2,1,0
36275,"[14120, 0]",1,57,26,0
36276,"[14121, 0]",1,0,0,0
36277,"[14121, 1]",2,41,18,0
36278,"[14122, 0]",1,0,0,0
36279,"[14122, 1]",2,0,0,0
36280,"[14122, 2]",39,158,64,0
36281,"[14123, 0]",1,0,0,0
36282,"[14123, 1]",2,0,0,0
36283,"[14123, 2]",30,2,1,0
36284,"[14124, 0]",1,158,64,0
36285,"[14125, 0]",1,57,26,0
36286,"[14126, 0]",1,158,64,0
36287,"[14127, 0]",1,0,0,0
36288,"[14127, 1]",3,0,0,0
36289,"[14127, 2]",2,0,0,0
36290,"[14127, 3]",12,2,1,4
36291,"[14127, 4]",8,41,18,0
36292,"[14128, 0]",1,0,0,1
36293,"[14128, 1]",2,57,26,6
36294,"[14129, 0]",1,156,64,0
36295,"[14130, 0]",1,0,0,0
36296,"[14130, 1]",5,0,0,0
36297,"[14130, 2]",3,0,0,0
36298,"[14130, 3]",2,0,0,0
36299,"[14130, 4]",38,158,64,0
36300,"[14130, 5]",35,0,0,0
36301,"[14130, 6]",26,57,26,0
36302,"[14130, 7]",21,158,64,0
36303,"[14130, 8]",73,0,0,0
36304,"[14130, 9]",70,0,0,0
36305,"[14130, 10]",246,158,64,0
36306,"[14130, 11]",219,57,26,0
36307,"[14131, 0]",1,2,1,0
36308,"[14132, 0]",1,0,0,0
36309,"[14132, 1]",4,0,0,0
36310,"[14132, 2]",19,158,64,34
36311,"[14133, 0]",1,158,64,0
36312,"[14134, 0]",1,2,1,0
36313,"[14135, 0]",1,41,18,0
36314,"[14136, 0]",1,0,0,0
36315,"[14136, 1]",2,158,64,0
36316,"[14137, 0]",1,0,0,0
36317,"[14137, 1]",3,158,64,0
36318,"[14137, 2]",2,158,64,0
36319,"[14138, 0]",1,158,64,0
36320,"[14139, 0]",1,158,64,0
36321,"[14140, 0]",1,0,0,0
36322,"[14140, 1]",4,0,0,0
36323,"[14140, 2]",3,54,24,0
36324,"[14140, 3]",2,0,0,0
36325,"[14140, 4]",28,158,64,0
36326,"[14140, 5]",19,59,28,0
36327,"[14141, 0]",1,0,0,0
36328,"[14141, 1]",2,0,0,6
36329,"[14141, 2]",76,158,64,7
36330,"[14142, 0]",1,0,0,0
36331,"[14142, 1]",2,0,0,-1
36332,"[14142, 2]",38,0,0,-1
36333,"[14142, 3]",64,156,64,-1
36334,"[14142, 4]",63,2,1,-1
36335,"[14143, 0]",1,0,0,0
36336,"[14144, 0]",1,0,0,0
36337,"[14144, 1]",2,158,64,4
36338,"[14145, 0]",1,158,64,0
36339,"[14146, 0]",1,0,0,0
36340,"[14146, 1]",2,158,64,0
36341,"[14147, 0]",1,0,0,0
36342,"[14147, 1]",2,156,64,0
36343,"[14148, 0]",1,0,0,0
36344,"[14148, 1]",2,0,0,0
36345,"[14148, 2]",88,54,24,0
36346,"[14149, 0]",1,156,64,1
36347,"[14150, 0]",1,41,18,0
36348,"[14151, 0]",1,0,0,1
36349,"[14151, 1]",2,156,64,0
36350,"[14152, 0]",1,57,26,0
36351,"[14153, 0]",1,156,64,0
36352,"[14154, 0]",1,156,64,0
36353,"[14155, 0]",1,0,0,0
36354,"[14155, 1]",2,0,0,0
36355,"[14155, 2]",16,61,28,0
36356,"[14156, 0]",1,158,64,0
36357,"[14157, 0]",1,158,64,0
36358,"[14158, 0]",1,57,26,0
36359,"[14159, 0]",1,158,64,0
36360,"[14160, 0]",1,41,18,0
36361,"[14161, 0]",1,0,0,0
36362,"[14161, 1]",2,0,0,0
36363,"[14161, 2]",48,158,64,-1
36364,"[14162, 0]",1,0,0,0
36365,"[14162, 1]",2,158,64,0
36366,"[14163, 0]",1,158,64,0
36367,"[14164, 0]",1,59,28,1
36368,"[14165, 0]",1,0,0,0
36369,"[14165, 1]",2,57,26,0
36370,"[14166, 0]",1,0,0,0
36371,"[14166, 1]",2,0,0,0
36372,"[14166, 2]",16,158,64,0
36373,"[14167, 0]",1,0,0,0
36374,"[14167, 1]",2,0,0,0
36375,"[14167, 2]",15,2,1,0
36376,"[14168, 0]",1,0,0,0
36377,"[14168, 1]",4,53,24,0
36378,"[14168, 2]",2,0,0,0
36379,"[14168, 3]",20,0,0,0
36380,"[14168, 4]",77,158,64,0
36381,"[14169, 0]",1,0,0,0
36382,"[14169, 1]",2,0,0,0
36383,"[14169, 2]",42,158,64,2
36384,"[14170, 0]",1,0,0,0
36385,"[14170, 1]",2,57,26,0
36386,"[14171, 0]",1,57,26,0
36387,"[14172, 0]",1,0,0,0
36388,"[14172, 1]",2,158,64,6
36389,"[14173, 0]",1,0,0,0
36390,"[14173, 1]",2,41,18,0
36391,"[14174, 0]",1,0,0,0
36392,"[14174, 1]",2,158,64,6
36393,"[14175, 0]",1,0,0,0
36394,"[14175, 1]",4,0,0,-1
36395,"[14175, 2]",2,0,0,-1
36396,"[14175, 3]",38,2,1,1
36397,"[14175, 4]",26,57,26,6
36398,"[14176, 0]",1,158,64,0
36399,"[14177, 0]",1,0,0,0
36400,"[14177, 1]",6,57,26,0
36401,"[14177, 2]",4,156,64,0
36402,"[14177, 3]",2,0,0,0
36403,"[14177, 4]",37,0,0,0
36404,"[14177, 5]",55,57,26,0
36405,"[14178, 0]",1,0,0,0
36406,"[14178, 1]",2,0,0,0
36407,"[14178, 2]",42,0,0,0
36408,"[14178, 3]",50,158,64,5
36409,"[14179, 0]",1,51,24,0
36410,"[14180, 0]",1,158,64,1
36411,"[14181, 0]",1,158,64,1
36412,"[14182, 0]",1,158,64,0
36413,"[14183, 0]",1,158,64,0
36414,"[14184, 0]",1,41,18,0
36415,"[14185, 0]",1,0,0,0
36416,"[14185, 1]",2,41,18,0
36417,"[14186, 0]",1,41,18,0
36418,"[14187, 0]",1,2,1,0
36419,"[14188, 0]",1,41,18,0
36420,"[14189, 0]",1,0,0,0
36421,"[14189, 1]",5,158,64,0
36422,"[14189, 2]",3,158,64,0
36423,"[14189, 3]",2,0,0,0
36424,"[14189, 4]",59,0,0,0
36425,"[14189, 5]",58,0,0,0
36426,"[14189, 6]",67,0,0,0
36427,"[14189, 7]",64,156,64,0
36428,"[14189, 8]",199,0,0,0
36429,"[14189, 9]",256,158,64,-1
36430,"[14190, 0]",1,0,0,0
36431,"[14190, 1]",4,0,0,0
36432,"[14190, 2]",3,158,64,0
36433,"[14190, 3]",2,0,0,0
36434,"[14190, 4]",42,158,64,0
36435,"[14190, 5]",41,57,26,0
36436,"[14190, 6]",34,158,64,-1
36437,"[14191, 0]",1,156,64,0
36438,"[14192, 0]",1,0,0,0
36439,"[14192, 1]",3,0,0,0
36440,"[14192, 2]",2,0,0,0
36441,"[14192, 3]",36,0,0,-1
36442,"[14192, 4]",34,0,0,-1
36443,"[14192, 5]",32,0,0,3
36444,"[14192, 6]",28,0,0,0
36445,"[14192, 7]",133,158,64,0
36446,"[14192, 8]",105,0,0,0
36447,"[14192, 9]",104,0,0,0
36448,"[14192, 10]",103,0,0,0
36449,"[14192, 11]",98,57,26,0
36450,"[14192, 12]",96,0,0,0
36451,"[14192, 13]",90,0,0,-1
36452,"[14192, 14]",84,2,1,1
36453,"[14192, 15]",189,2,1,-1
36454,"[14192, 16]",188,0,0,-1
36455,"[14192, 17]",169,0,0,0
36456,"[14192, 18]",166,41,18,0
36457,"[14192, 19]",162,59,28,9
36458,"[14192, 20]",379,41,18,10
36459,"[14192, 21]",359,156,64,-1
36460,"[14192, 22]",358,158,64,-1
36461,"[14193, 0]",1,0,0,0
36462,"[14194, 0]",1,0,0,0
36463,"[14194, 1]",2,158,64,0
36464,"[14195, 0]",1,0,0,0
36465,"[14195, 1]",2,57,26,0
36466,"[14196, 0]",1,57,26,0
36467,"[14197, 0]",1,2,1,0
36468,"[14198, 0]",1,0,0,0
36469,"[14198, 1]",5,156,64,0
36470,"[14198, 2]",4,0,0,0
36471,"[14198, 3]",2,0,0,0
36472,"[14198, 4]",38,158,64,0
36473,"[14199, 0]",1,156,64,0
36474,"[14200, 0]",1,0,0,0
36475,"[14200, 1]",2,0,0,0
36476,"[14200, 2]",21,41,18,0
36477,"[14201, 0]",1,0,0,0
36478,"[14201, 1]",6,158,64,0
36479,"[14201, 2]",4,0,0,0
36480,"[14201, 3]",3,0,0,0
36481,"[14201, 4]",31,156,64,0
36482,"[14201, 5]",28,41,18,3
36483,"[14202, 0]",1,0,0,0
36484,"[14202, 1]",2,158,64,0
36485,"[14203, 0]",1,0,0,0
36486,"[14203, 1]",2,0,0,0
36487,"[14203, 2]",30,59,28,0
36488,"[14204, 0]",1,158,64,0
36489,"[14205, 0]",1,0,0,0
36490,"[14205, 1]",2,0,0,0
36491,"[14205, 2]",19,158,64,0
36492,"[14206, 0]",1,0,0,0
36493,"[14206, 1]",2,156,64,0
36494,"[14207, 0]",1,158,64,0
36495,"[14208, 0]",1,158,64,0
36496,"[14209, 0]",1,0,0,0
36497,"[14209, 1]",2,41,18,0
36498,"[14210, 0]",1,0,0,0
36499,"[14210, 1]",2,41,18,1
36500,"[14211, 0]",1,0,0,0
36501,"[14211, 1]",2,0,0,0
36502,"[14211, 2]",24,158,64,0
36503,"[14212, 0]",1,0,0,0
36504,"[14212, 1]",4,0,0,0
36505,"[14212, 2]",3,0,0,0
36506,"[14212, 3]",21,158,64,1
36507,"[14212, 4]",17,0,0,0
36508,"[14212, 5]",84,58,26,1
36509,"[14213, 0]",1,0,0,0
36510,"[14213, 1]",2,158,64,0
36511,"[14214, 0]",1,0,0,0
36512,"[14214, 1]",6,41,18,0
36513,"[14214, 2]",3,0,0,0
36514,"[14214, 3]",2,0,0,0
36515,"[14214, 4]",51,0,0,0
36516,"[14214, 5]",48,57,26,0
36517,"[14214, 6]",61,158,64,0
36518,"[14215, 0]",1,0,0,0
36519,"[14215, 1]",2,158,64,0
36520,"[14216, 0]",1,158,64,0
36521,"[14217, 0]",1,0,0,0
36522,"[14217, 1]",2,156,64,0
36523,"[14218, 0]",1,58,26,1
36524,"[14219, 0]",1,0,0,0
36525,"[14219, 1]",2,57,26,0
36526,"[14220, 0]",1,2,1,0
36527,"[14221, 0]",1,156,64,0
36528,"[14222, 0]",1,158,64,0
36529,"[14223, 0]",1,0,0,0
36530,"[14223, 1]",2,41,18,0
36531,"[14224, 0]",1,0,0,0
36532,"[14224, 1]",2,2,1,0
36533,"[14225, 0]",1,0,0,0
36534,"[14225, 1]",2,158,64,0
36535,"[14226, 0]",1,0,0,0
36536,"[14226, 1]",2,158,64,0
36537,"[14227, 0]",1,158,64,0
36538,"[14228, 0]",1,0,0,0
36539,"[14228, 1]",2,0,0,0
36540,"[14228, 2]",22,41,18,5
36541,"[14229, 0]",1,0,0,0
36542,"[14229, 1]",2,158,64,0
36543,"[14230, 0]",1,41,18,0
36544,"[14231, 0]",1,0,0,0
36545,"[14231, 1]",2,0,0,0
36546,"[14231, 2]",18,158,64,0
36547,"[14232, 0]",1,41,18,0
36548,"[14233, 0]",1,158,64,0
36549,"[14234, 0]",1,41,18,0
36550,"[14235, 0]",1,0,0,0
36551,"[14235, 1]",2,158,64,0
36552,"[14236, 0]",1,0,0,0
36553,"[14236, 1]",2,41,18,0
36554,"[14237, 0]",1,0,0,0
36555,"[14237, 1]",3,0,0,0
36556,"[14237, 2]",2,0,0,0
36557,"[14237, 3]",28,0,0,0
36558,"[14237, 4]",26,0,0,0
36559,"[14237, 5]",22,0,0,0
36560,"[14237, 6]",20,0,0,0
36561,"[14237, 7]",94,158,64,-1
36562,"[14237, 8]",93,0,0,2
36563,"[14237, 9]",90,0,0,-1
36564,"[14237, 10]",72,158,64,0
36565,"[14237, 11]",50,0,0,0
36566,"[14237, 12]",49,0,0,0
36567,"[14237, 13]",40,41,18,0
36568,"[14237, 14]",238,0,0,-1
36569,"[14237, 15]",231,2,1,0
36570,"[14237, 16]",158,0,0,1
36571,"[14237, 17]",127,41,18,4
36572,"[14237, 18]",507,158,64,0
36573,"[14237, 19]",378,156,64,-1
36574,"[14238, 0]",1,158,64,0
36575,"[14239, 0]",1,0,0,0
36576,"[14239, 1]",2,158,64,0
36577,"[14240, 0]",1,0,0,0
36578,"[14240, 1]",2,57,26,-1
36579,"[14241, 0]",1,0,0,0
36580,"[14241, 1]",2,0,0,0
36581,"[14241, 2]",31,158,64,0
36582,"[14242, 0]",1,57,26,1
36583,"[14243, 0]",1,57,26,0
36584,"[14244, 0]",1,158,64,0
36585,"[14245, 0]",1,0,0,0
36586,"[14245, 1]",2,158,64,8
36587,"[14246, 0]",1,0,0,0
36588,"[14246, 1]",2,158,64,0
36589,"[14247, 0]",1,158,64,0
36590,"[14248, 0]",1,0,0,0
36591,"[14248, 1]",2,158,64,0
36592,"[14249, 0]",1,0,0,0
36593,"[14249, 1]",9,158,64,0
36594,"[14249, 2]",8,158,64,0
36595,"[14249, 3]",7,158,64,0
36596,"[14249, 4]",4,0,0,0
36597,"[14249, 5]",2,0,0,0
36598,"[14249, 6]",64,0,0,0
36599,"[14249, 7]",58,158,64,0
36600,"[14249, 8]",96,0,0,0
36601,"[14249, 9]",344,0,0,0
36602,"[14249, 10]",384,0,0,0
36603,"[14249, 11]",449,0,0,0
36604,"[14249, 12]",490,158,64,0
36605,"[14250, 0]",1,57,26,0
36606,"[14251, 0]",1,0,0,0
36607,"[14251, 1]",2,0,0,0
36608,"[14251, 2]",68,41,18,3
36609,"[14252, 0]",1,156,64,0
36610,"[14253, 0]",1,0,0,0
36611,"[14253, 1]",2,158,64,0
36612,"[14254, 0]",1,0,0,0
36613,"[14254, 1]",2,158,64,4
36614,"[14255, 0]",1,158,64,0
36615,"[14256, 0]",1,0,0,0
36616,"[14256, 1]",2,0,0,0
36617,"[14256, 2]",39,158,64,0
36618,"[14257, 0]",1,0,0,0
36619,"[14257, 1]",2,0,0,0
36620,"[14257, 2]",14,41,18,0
36621,"[14258, 0]",1,57,26,0
36622,"[14259, 0]",1,0,0,0
36623,"[14259, 1]",2,0,0,0
36624,"[14259, 2]",20,158,64,0
36625,"[14259, 3]",19,0,0,0
36626,"[14259, 4]",18,0,0,0
36627,"[14259, 5]",48,158,64,0
36628,"[14259, 6]",45,0,0,0
36629,"[14259, 7]",125,158,64,0
36630,"[14260, 0]",1,66,29,0
36631,"[14261, 0]",1,156,64,0
36632,"[14262, 0]",1,57,26,0
36633,"[14263, 0]",1,57,26,0
36634,"[14264, 0]",1,0,0,0
36635,"[14264, 1]",2,158,64,0
36636,"[14265, 0]",1,158,64,0
36637,"[14266, 0]",1,0,0,0
36638,"[14266, 1]",2,37,18,0
36639,"[14267, 0]",1,0,0,0
36640,"[14267, 1]",2,158,64,0
36641,"[14268, 0]",1,0,0,0
36642,"[14268, 1]",4,158,64,0
36643,"[14268, 2]",3,0,0,0
36644,"[14268, 3]",26,57,26,0
36645,"[14269, 0]",1,41,18,0
36646,"[14270, 0]",1,158,64,0
36647,"[14271, 0]",1,2,1,0
36648,"[14272, 0]",1,41,18,0
36649,"[14273, 0]",1,51,24,0
36650,"[14274, 0]",1,0,0,0
36651,"[14274, 1]",2,0,0,0
36652,"[14274, 2]",22,158,64,0
36653,"[14275, 0]",1,0,0,0
36654,"[14275, 1]",6,41,18,0
36655,"[14275, 2]",5,0,0,0
36656,"[14275, 3]",3,0,0,0
36657,"[14275, 4]",2,0,0,0
36658,"[14275, 5]",22,0,0,0
36659,"[14275, 6]",19,0,0,0
36660,"[14275, 7]",15,158,64,0
36661,"[14275, 8]",67,156,64,-1
36662,"[14275, 9]",58,158,64,-1
36663,"[14276, 0]",1,0,0,0
36664,"[14276, 1]",2,0,0,0
36665,"[14276, 2]",37,0,0,1
36666,"[14276, 3]",50,158,64,-1
36667,"[14277, 0]",1,158,64,0
36668,"[14278, 0]",1,0,0,0
36669,"[14278, 1]",2,158,64,1
36670,"[14279, 0]",1,0,0,0
36671,"[14279, 1]",3,57,26,0
36672,"[14279, 2]",2,0,0,0
36673,"[14279, 3]",24,57,26,0
36674,"[14279, 4]",23,158,64,0
36675,"[14280, 0]",1,0,0,0
36676,"[14280, 1]",2,0,0,0
36677,"[14280, 2]",64,158,64,0
36678,"[14281, 0]",1,0,0,0
36679,"[14281, 1]",2,0,0,0
36680,"[14281, 2]",27,57,26,-1
36681,"[14282, 0]",1,0,0,0
36682,"[14282, 1]",2,41,18,0
36683,"[14283, 0]",1,0,0,0
36684,"[14283, 1]",2,0,0,0
36685,"[14283, 2]",17,64,29,0
36686,"[14284, 0]",1,158,64,1
36687,"[14285, 0]",1,0,0,0
36688,"[14285, 1]",2,158,64,0
36689,"[14286, 0]",1,57,26,0
36690,"[14287, 0]",1,2,1,0
36691,"[14288, 0]",1,0,0,0
36692,"[14288, 1]",2,41,18,0
36693,"[14289, 0]",1,0,0,0
36694,"[14289, 1]",2,66,29,0
36695,"[14290, 0]",1,156,64,0
36696,"[14291, 0]",1,158,64,0
36697,"[14292, 0]",1,158,64,0
36698,"[14293, 0]",1,0,0,0
36699,"[14293, 1]",2,158,64,2
36700,"[14294, 0]",1,0,0,0
36701,"[14294, 1]",2,0,0,0
36702,"[14294, 2]",16,158,64,0
36703,"[14295, 0]",1,57,26,0
36704,"[14296, 0]",1,0,0,0
36705,"[14296, 1]",2,41,18,0
36706,"[14297, 0]",1,0,0,0
36707,"[14297, 1]",2,57,26,0
36708,"[14298, 0]",1,0,0,0
36709,"[14298, 1]",3,0,0,-1
36710,"[14298, 2]",49,158,64,-1
36711,"[14299, 0]",1,0,0,0
36712,"[14299, 1]",2,0,0,-1
36713,"[14299, 2]",39,158,64,-1
36714,"[14300, 0]",1,0,0,0
36715,"[14300, 1]",2,158,64,5
36716,"[14301, 0]",1,0,0,0
36717,"[14301, 1]",2,53,24,0
36718,"[14302, 0]",1,0,0,0
36719,"[14302, 1]",5,158,64,1
36720,"[14302, 2]",4,158,64,-1
36721,"[14302, 3]",2,158,64,-1
36722,"[14303, 0]",1,0,0,0
36723,"[14303, 1]",6,41,18,0
36724,"[14303, 2]",5,158,64,0
36725,"[14303, 3]",3,0,0,0
36726,"[14303, 4]",34,0,0,-1
36727,"[14303, 5]",69,2,1,4
36728,"[14304, 0]",1,57,26,0
36729,"[14305, 0]",1,41,18,0
36730,"[14306, 0]",1,0,0,0
36731,"[14306, 1]",9,0,0,0
36732,"[14306, 2]",7,0,0,0
36733,"[14306, 3]",4,0,0,0
36734,"[14306, 4]",3,0,0,0
36735,"[14306, 5]",2,0,0,0
36736,"[14306, 6]",59,0,0,0
36737,"[14306, 7]",57,0,0,0
36738,"[14306, 8]",56,0,0,0
36739,"[14306, 9]",54,158,64,0
36740,"[14306, 10]",52,0,0,0
36741,"[14306, 11]",48,0,0,4
36742,"[14306, 12]",45,0,0,0
36743,"[14306, 13]",31,2,1,2
36744,"[14306, 14]",159,57,26,4
36745,"[14306, 15]",148,158,64,0
36746,"[14306, 16]",128,59,28,0
36747,"[14306, 17]",127,57,26,0
36748,"[14306, 18]",102,41,18,0
36749,"[14306, 19]",100,0,0,0
36750,"[14306, 20]",96,0,0,0
36751,"[14306, 21]",95,0,0,0
36752,"[14306, 22]",75,0,0,0
36753,"[14306, 23]",361,158,64,0
36754,"[14306, 24]",343,158,64,0
36755,"[14306, 25]",340,158,64,0
36756,"[14306, 26]",320,0,0,0
36757,"[14306, 27]",490,158,64,0
36758,"[14307, 0]",1,156,64,0
36759,"[14308, 0]",1,0,0,0
36760,"[14308, 1]",2,158,64,0
36761,"[14309, 0]",1,0,0,0
36762,"[14309, 1]",2,156,64,0
36763,"[14310, 0]",1,156,64,0
36764,"[14311, 0]",1,0,0,0
36765,"[14311, 1]",2,158,64,5
36766,"[14312, 0]",1,158,64,0
36767,"[14313, 0]",1,0,0,0
36768,"[14313, 1]",2,41,18,0
36769,"[14314, 0]",1,0,0,0
36770,"[14314, 1]",3,0,0,0
36771,"[14314, 2]",2,158,64,0
36772,"[14314, 3]",29,2,1,0
36773,"[14315, 0]",1,0,0,0
36774,"[14315, 1]",2,0,0,0
36775,"[14315, 2]",72,0,0,0
36776,"[14315, 3]",125,41,18,0
36777,"[14316, 0]",1,158,64,0
36778,"[14317, 0]",1,158,64,0
36779,"[14318, 0]",1,158,64,0
36780,"[14319, 0]",1,158,64,0
36781,"[14320, 0]",1,0,0,0
36782,"[14320, 1]",2,0,0,0
36783,"[14320, 2]",16,41,18,0
36784,"[14321, 0]",1,0,0,0
36785,"[14322, 0]",1,156,64,0
36786,"[14323, 0]",1,0,0,0
36787,"[14323, 1]",2,158,64,-1
36788,"[14324, 0]",1,158,64,0
36789,"[14325, 0]",1,0,0,0
36790,"[14325, 1]",4,158,64,0
36791,"[14325, 2]",3,41,18,0
36792,"[14325, 3]",2,158,64,0
36793,"[14326, 0]",1,158,64,0
36794,"[14327, 0]",1,158,64,0
36795,"[14328, 0]",1,0,0,0
36796,"[14328, 1]",2,0,0,0
36797,"[14328, 2]",28,0,0,0
36798,"[14328, 3]",50,0,0,0
36799,"[14329, 0]",1,0,0,0
36800,"[14329, 1]",2,0,0,0
36801,"[14329, 2]",39,156,64,9
36802,"[14329, 3]",38,0,0,2
36803,"[14329, 4]",36,0,0,1
36804,"[14329, 5]",35,0,0,-1
36805,"[14329, 6]",33,0,0,-1
36806,"[14329, 7]",32,0,0,-1
36807,"[14329, 8]",98,158,64,-1
36808,"[14329, 9]",95,2,1,-1
36809,"[14329, 10]",91,0,0,-1
36810,"[14329, 11]",88,0,0,-1
36811,"[14329, 12]",87,0,0,-1
36812,"[14329, 13]",81,0,0,5
36813,"[14329, 14]",77,158,64,0
36814,"[14329, 15]",73,0,0,0
36815,"[14329, 16]",256,158,64,-1
36816,"[14329, 17]",217,158,64,0
36817,"[14329, 18]",189,0,0,1
36818,"[14329, 19]",184,158,64,5
36819,"[14329, 20]",149,156,64,4
36820,"[14329, 21]",438,0,0,0
36821,"[14329, 22]",751,57,26,1
36822,"[14330, 0]",1,156,64,0
36823,"[14331, 0]",1,0,0,0
36824,"[14331, 1]",2,158,64,0
36825,"[14332, 0]",1,57,26,0
36826,"[14333, 0]",1,41,18,0
36827,"[14334, 0]",1,0,0,0
36828,"[14334, 1]",2,0,0,0
36829,"[14334, 2]",13,158,64,0
36830,"[14335, 0]",1,0,0,0
36831,"[14335, 1]",2,158,64,0
36832,"[14336, 0]",1,61,28,0
36833,"[14337, 0]",1,158,64,0
36834,"[14338, 0]",1,0,0,0
36835,"[14338, 1]",4,156,64,0
36836,"[14338, 2]",3,158,64,0
36837,"[14338, 3]",2,0,0,0
36838,"[14338, 4]",28,156,64,0
36839,"[14339, 0]",1,158,64,0
36840,"[14340, 0]",1,53,24,0
36841,"[14341, 0]",1,57,26,0
36842,"[14342, 0]",1,41,18,0
36843,"[14343, 0]",1,158,64,0
36844,"[14344, 0]",1,0,0,0
36845,"[14344, 1]",2,54,24,0
36846,"[14345, 0]",1,158,64,0
36847,"[14346, 0]",1,0,0,0
36848,"[14346, 1]",5,156,64,0
36849,"[14346, 2]",3,0,0,0
36850,"[14346, 3]",2,0,0,0
36851,"[14346, 4]",38,57,26,0
36852,"[14346, 5]",37,0,0,0
36853,"[14346, 6]",35,0,0,0
36854,"[14346, 7]",33,57,26,0
36855,"[14346, 8]",31,0,0,0
36856,"[14346, 9]",91,2,1,0
36857,"[14346, 10]",77,64,29,0
36858,"[14346, 11]",59,57,26,0
36859,"[14347, 0]",1,158,64,0
36860,"[14348, 0]",1,0,0,0
36861,"[14348, 1]",2,0,0,0
36862,"[14348, 2]",32,0,0,0
36863,"[14348, 3]",102,158,64,0
36864,"[14349, 0]",1,54,24,0
36865,"[14350, 0]",1,0,0,0
36866,"[14350, 1]",2,158,64,0
36867,"[14351, 0]",1,0,0,0
36868,"[14351, 1]",2,41,18,4
36869,"[14352, 0]",1,57,26,0
36870,"[14353, 0]",1,0,0,0
36871,"[14353, 1]",5,158,64,11
36872,"[14353, 2]",4,158,64,-1
36873,"[14354, 0]",1,0,0,0
36874,"[14354, 1]",2,158,64,0
36875,"[14355, 0]",1,0,0,0
36876,"[14355, 1]",2,0,0,0
36877,"[14355, 2]",26,156,64,0
36878,"[14356, 0]",1,0,0,0
36879,"[14356, 1]",2,0,0,0
36880,"[14356, 2]",25,0,0,0
36881,"[14356, 3]",45,0,0,0
36882,"[14356, 4]",44,0,0,0
36883,"[14356, 5]",85,158,64,0
36884,"[14356, 6]",82,2,1,0
36885,"[14357, 0]",1,0,0,0
36886,"[14357, 1]",2,0,0,0
36887,"[14357, 2]",26,0,0,0
36888,"[14357, 3]",40,158,64,0
36889,"[14358, 0]",1,0,0,0
36890,"[14358, 1]",2,158,64,0
36891,"[14359, 0]",1,2,1,0
36892,"[14360, 0]",1,59,28,0
36893,"[14361, 0]",1,0,0,0
36894,"[14361, 1]",2,41,18,0
36895,"[14362, 0]",1,0,0,0
36896,"[14362, 1]",5,41,18,0
36897,"[14362, 2]",3,0,0,0
36898,"[14362, 3]",2,0,0,0
36899,"[14362, 4]",30,158,64,0
36900,"[14362, 5]",29,0,0,0
36901,"[14362, 6]",26,0,0,0
36902,"[14362, 7]",22,0,0,0
36903,"[14362, 8]",21,0,0,0
36904,"[14362, 9]",86,0,0,0
36905,"[14362, 10]",82,0,0,0
36906,"[14362, 11]",58,37,18,0
36907,"[14362, 12]",57,59,26,0
36908,"[14362, 13]",38,41,18,0
36909,"[14362, 14]",171,41,18,0
36910,"[14362, 15]",153,158,64,0
36911,"[14363, 0]",1,0,0,0
36912,"[14363, 1]",2,156,64,0
36913,"[14364, 0]",1,0,0,0
36914,"[14364, 1]",2,54,24,0
36915,"[14365, 0]",1,0,0,0
36916,"[14365, 1]",4,158,64,-1
36917,"[14365, 2]",2,156,64,-1
36918,"[14366, 0]",1,158,64,0
36919,"[14367, 0]",1,57,26,0
36920,"[14368, 0]",1,0,0,0
36921,"[14368, 1]",2,2,1,0
36922,"[14369, 0]",1,0,0,0
36923,"[14369, 1]",2,41,18,0
36924,"[14370, 0]",1,0,0,0
36925,"[14370, 1]",2,0,0,0
36926,"[14370, 2]",20,0,0,0
36927,"[14370, 3]",35,41,18,0
36928,"[14371, 0]",1,0,0,0
36929,"[14371, 1]",2,2,1,0
36930,"[14372, 0]",1,57,26,1
36931,"[14373, 0]",1,0,0,0
36932,"[14373, 1]",2,41,18,2
36933,"[14374, 0]",1,0,0,0
36934,"[14374, 1]",5,156,64,0
36935,"[14374, 2]",4,57,26,0
36936,"[14374, 3]",2,0,0,0
36937,"[14374, 4]",29,57,26,0
36938,"[14375, 0]",1,0,0,0
36939,"[14375, 1]",2,158,64,0
36940,"[14376, 0]",1,0,0,0
36941,"[14376, 1]",3,158,64,0
36942,"[14376, 2]",2,41,18,0
36943,"[14377, 0]",1,158,64,0
36944,"[14378, 0]",1,158,64,0
36945,"[14379, 0]",1,0,0,0
36946,"[14379, 1]",2,0,0,0
36947,"[14379, 2]",82,156,64,0
36948,"[14380, 0]",1,0,0,0
36949,"[14380, 1]",6,0,0,0
36950,"[14380, 2]",3,0,0,0
36951,"[14380, 3]",2,0,0,0
36952,"[14380, 4]",56,0,0,-1
36953,"[14380, 5]",54,0,0,1
36954,"[14380, 6]",48,158,64,0
36955,"[14380, 7]",26,57,26,0
36956,"[14380, 8]",104,156,64,0
36957,"[14380, 9]",100,59,28,1
36958,"[14381, 0]",1,0,0,0
36959,"[14381, 1]",2,158,64,0
36960,"[14382, 0]",1,156,64,0
36961,"[14383, 0]",1,0,0,0
36962,"[14383, 1]",2,61,28,4
36963,"[14384, 0]",1,57,26,0
36964,"[14385, 0]",1,59,28,0
36965,"[14386, 0]",1,0,0,0
36966,"[14386, 1]",2,156,64,0
36967,"[14387, 0]",1,158,64,1
36968,"[14388, 0]",1,57,26,0
36969,"[14389, 0]",1,158,64,0
36970,"[14390, 0]",1,0,0,0
36971,"[14390, 1]",7,57,26,0
36972,"[14390, 2]",6,0,0,0
36973,"[14390, 3]",2,0,0,0
36974,"[14390, 4]",36,0,0,0
36975,"[14390, 5]",35,0,0,0
36976,"[14390, 6]",14,158,64,0
36977,"[14390, 7]",70,158,64,0
36978,"[14390, 8]",69,158,64,0
36979,"[14390, 9]",68,0,0,0
36980,"[14390, 10]",67,0,0,0
36981,"[14390, 11]",63,156,64,0
36982,"[14390, 12]",221,2,1,0
36983,"[14390, 13]",215,158,64,0
36984,"[14391, 0]",1,0,0,0
36985,"[14391, 1]",7,158,64,-1
36986,"[14391, 2]",6,2,1,-1
36987,"[14391, 3]",2,156,64,-1
36988,"[14392, 0]",1,0,0,0
36989,"[14392, 1]",2,0,0,0
36990,"[14392, 2]",33,41,18,0
36991,"[14392, 3]",32,0,0,0
36992,"[14392, 4]",31,0,0,0
36993,"[14392, 5]",63,41,18,0
36994,"[14392, 6]",62,0,0,0
36995,"[14392, 7]",56,41,18,0
36996,"[14392, 8]",99,41,18,0
36997,"[14393, 0]",1,158,64,0
36998,"[14394, 0]",1,0,0,0
36999,"[14394, 1]",2,0,0,0
37000,"[14394, 2]",11,41,18,0
37001,"[14395, 0]",1,41,18,0
37002,"[14396, 0]",1,0,0,0
37003,"[14396, 1]",3,0,0,0
37004,"[14396, 2]",2,156,64,0
37005,"[14396, 3]",22,158,64,6
37006,"[14397, 0]",1,0,0,0
37007,"[14397, 1]",5,41,18,0
37008,"[14397, 2]",3,158,64,0
37009,"[14397, 3]",2,0,0,0
37010,"[14397, 4]",31,0,0,0
37011,"[14397, 5]",29,0,0,0
37012,"[14397, 6]",88,0,0,0
37013,"[14397, 7]",69,158,64,0
37014,"[14397, 8]",150,158,64,0
37015,"[14398, 0]",1,0,0,0
37016,"[14398, 1]",2,41,18,0
37017,"[14399, 0]",1,0,0,0
37018,"[14399, 1]",2,158,64,0
37019,"[14400, 0]",1,0,0,0
37020,"[14400, 1]",2,158,64,0
37021,"[14401, 0]",1,0,0,0
37022,"[14401, 1]",2,77,32,0
37023,"[14402, 0]",1,158,64,0
37024,"[14403, 0]",1,0,0,0
37025,"[14403, 1]",2,0,0,0
37026,"[14403, 2]",38,158,64,0
37027,"[14404, 0]",1,0,0,0
37028,"[14404, 1]",2,41,18,0
37029,"[14405, 0]",1,57,26,0
37030,"[14406, 0]",1,0,0,0
37031,"[14406, 1]",2,0,0,0
37032,"[14406, 2]",12,57,26,0
37033,"[14407, 0]",1,2,1,0
37034,"[14408, 0]",1,0,0,0
37035,"[14408, 1]",2,158,64,0
37036,"[14409, 0]",1,158,64,0
37037,"[14410, 0]",1,0,0,0
37038,"[14410, 1]",2,156,64,14
37039,"[14411, 0]",1,0,0,0
37040,"[14411, 1]",2,0,0,0
37041,"[14411, 2]",13,41,18,0
37042,"[14412, 0]",1,0,0,0
37043,"[14412, 1]",4,41,18,0
37044,"[14412, 2]",2,0,0,0
37045,"[14412, 3]",29,41,18,0
37046,"[14412, 4]",26,0,0,0
37047,"[14412, 5]",59,0,0,0
37048,"[14412, 6]",113,51,24,0
37049,"[14413, 0]",1,158,64,0
37050,"[14414, 0]",1,158,64,0
37051,"[14415, 0]",1,41,18,0
37052,"[14416, 0]",1,0,0,0
37053,"[14416, 1]",6,158,64,8
37054,"[14416, 2]",2,0,0,-1
37055,"[14416, 3]",48,0,0,-1
37056,"[14416, 4]",47,0,0,1
37057,"[14416, 5]",99,158,64,0
37058,"[14416, 6]",96,0,0,0
37059,"[14416, 7]",95,0,0,0
37060,"[14416, 8]",92,51,24,9
37061,"[14416, 9]",91,0,0,6
37062,"[14416, 10]",89,41,18,36
37063,"[14416, 11]",231,2,1,0
37064,"[14416, 12]",211,0,0,-1
37065,"[14416, 13]",210,0,0,-1
37066,"[14416, 14]",204,158,64,0
37067,"[14416, 15]",375,54,24,3
37068,"[14416, 16]",372,158,64,-1
37069,"[14417, 0]",1,0,0,0
37070,"[14417, 1]",2,2,1,0
37071,"[14418, 0]",1,41,18,0
37072,"[14419, 0]",1,0,0,0
37073,"[14419, 1]",2,0,0,0
37074,"[14419, 2]",18,0,0,0
37075,"[14419, 3]",34,0,0,0
37076,"[14419, 4]",55,57,26,0
37077,"[14420, 0]",1,41,18,0
37078,"[14421, 0]",1,158,64,0
37079,"[14422, 0]",1,0,0,0
37080,"[14422, 1]",3,41,18,0
37081,"[14422, 2]",2,0,0,0
37082,"[14422, 3]",34,0,0,0
37083,"[14422, 4]",57,156,64,0
37084,"[14423, 0]",1,158,64,0
37085,"[14424, 0]",1,0,0,0
37086,"[14424, 1]",2,2,1,0
37087,"[14425, 0]",1,0,0,0
37088,"[14425, 1]",2,158,64,0
37089,"[14426, 0]",1,0,0,0
37090,"[14426, 1]",2,57,26,0
37091,"[14427, 0]",1,53,24,0
37092,"[14428, 0]",1,0,0,0
37093,"[14428, 1]",7,156,64,0
37094,"[14428, 2]",6,0,0,0
37095,"[14428, 3]",5,0,0,0
37096,"[14428, 4]",4,0,0,0
37097,"[14428, 5]",2,0,0,0
37098,"[14428, 6]",26,0,0,0
37099,"[14428, 7]",20,158,64,0
37100,"[14428, 8]",17,0,0,-1
37101,"[14428, 9]",14,0,0,0
37102,"[14428, 10]",101,158,64,1
37103,"[14428, 11]",84,158,64,4
37104,"[14428, 12]",52,158,64,6
37105,"[14429, 0]",1,0,0,0
37106,"[14429, 1]",2,2,1,0
37107,"[14430, 0]",1,51,24,0
37108,"[14431, 0]",1,158,64,0
37109,"[14432, 0]",1,0,0,0
37110,"[14432, 1]",5,0,0,0
37111,"[14432, 2]",4,0,0,0
37112,"[14432, 3]",2,0,0,0
37113,"[14432, 4]",50,0,0,0
37114,"[14432, 5]",49,0,0,0
37115,"[14432, 6]",48,0,0,0
37116,"[14432, 7]",32,54,24,0
37117,"[14432, 8]",29,0,0,3
37118,"[14432, 9]",155,41,18,1
37119,"[14432, 10]",89,2,1,0
37120,"[14432, 11]",88,0,0,0
37121,"[14432, 12]",84,0,0,0
37122,"[14432, 13]",78,0,0,0
37123,"[14432, 14]",71,0,0,0
37124,"[14432, 15]",333,0,0,0
37125,"[14432, 16]",284,158,64,0
37126,"[14432, 17]",282,0,0,0
37127,"[14432, 18]",240,57,26,0
37128,"[14432, 19]",214,158,64,0
37129,"[14432, 20]",405,0,0,0
37130,"[14432, 21]",361,57,26,0
37131,"[14432, 22]",655,156,64,0
37132,"[14433, 0]",1,0,0,0
37133,"[14433, 1]",2,2,1,0
37134,"[14434, 0]",1,58,26,0
37135,"[14435, 0]",1,158,64,0
37136,"[14436, 0]",1,158,64,1
37137,"[14437, 0]",1,57,26,0
37138,"[14438, 0]",1,41,18,0
37139,"[14439, 0]",1,156,64,0
37140,"[14440, 0]",1,0,0,0
37141,"[14440, 1]",2,63,28,0
37142,"[14441, 0]",1,0,0,0
37143,"[14441, 1]",6,156,64,0
37144,"[14441, 2]",2,0,0,0
37145,"[14441, 3]",32,2,1,0
37146,"[14442, 0]",1,41,18,0
37147,"[14443, 0]",1,156,64,0
37148,"[14444, 0]",1,0,0,0
37149,"[14444, 1]",2,0,0,0
37150,"[14444, 2]",10,158,64,1
37151,"[14445, 0]",1,0,0,0
37152,"[14445, 1]",2,2,1,0
37153,"[14446, 0]",1,0,0,0
37154,"[14446, 1]",5,54,24,0
37155,"[14447, 0]",1,0,0,0
37156,"[14447, 1]",2,158,64,0
37157,"[14448, 0]",1,0,0,0
37158,"[14448, 1]",2,0,0,0
37159,"[14448, 2]",35,0,0,0
37160,"[14448, 3]",55,158,64,0
37161,"[14449, 0]",1,158,64,0
37162,"[14450, 0]",1,0,0,0
37163,"[14450, 1]",2,0,0,0
37164,"[14450, 2]",32,0,0,0
37165,"[14450, 3]",67,57,26,0
37166,"[14451, 0]",1,158,64,0
37167,"[14452, 0]",1,0,0,0
37168,"[14452, 1]",2,158,64,0
37169,"[14453, 0]",1,158,64,0
37170,"[14454, 0]",1,0,0,0
37171,"[14454, 1]",2,156,64,-1
37172,"[14455, 0]",1,0,0,0
37173,"[14455, 1]",2,158,64,0
37174,"[14456, 0]",1,158,64,0
37175,"[14457, 0]",1,0,0,0
37176,"[14457, 1]",2,0,0,0
37177,"[14457, 2]",66,0,0,-1
37178,"[14457, 3]",64,0,0,-1
37179,"[14457, 4]",63,0,0,-1
37180,"[14457, 5]",131,158,64,2
37181,"[14457, 6]",130,158,64,-1
37182,"[14457, 7]",127,0,0,2
37183,"[14457, 8]",126,0,0,1
37184,"[14457, 9]",120,0,0,-1
37185,"[14457, 10]",117,158,64,-1
37186,"[14457, 11]",256,158,64,-1
37187,"[14457, 12]",217,0,0,0
37188,"[14457, 13]",214,0,0,0
37189,"[14457, 14]",400,158,64,1
37190,"[14457, 15]",383,158,64,0
37191,"[14458, 0]",1,0,0,0
37192,"[14458, 1]",2,0,0,0
37193,"[14458, 2]",15,0,0,0
37194,"[14458, 3]",31,156,64,0
37195,"[14459, 0]",1,0,0,0
37196,"[14459, 1]",6,41,18,0
37197,"[14459, 2]",3,0,0,0
37198,"[14459, 3]",34,158,64,0
37199,"[14460, 0]",1,0,0,1
37200,"[14460, 1]",5,2,1,0
37201,"[14460, 2]",2,0,0,0
37202,"[14460, 3]",34,0,0,0
37203,"[14460, 4]",58,41,18,0
37204,"[14461, 0]",1,158,64,0
37205,"[14462, 0]",1,0,0,0
37206,"[14462, 1]",2,158,64,0
37207,"[14463, 0]",1,156,64,0
37208,"[14464, 0]",1,0,0,0
37209,"[14464, 1]",7,37,18,0
37210,"[14464, 2]",5,0,0,0
37211,"[14464, 3]",3,0,0,0
37212,"[14464, 4]",59,57,26,0
37213,"[14464, 5]",55,0,0,0
37214,"[14464, 6]",54,0,0,0
37215,"[14464, 7]",53,0,0,0
37216,"[14464, 8]",46,0,0,0
37217,"[14464, 9]",45,0,0,0
37218,"[14464, 10]",43,0,0,0
37219,"[14464, 11]",40,158,64,0
37220,"[14464, 12]",144,0,0,0
37221,"[14464, 13]",143,0,0,0
37222,"[14464, 14]",142,0,0,0
37223,"[14464, 15]",138,0,0,0
37224,"[14464, 16]",137,0,0,0
37225,"[14464, 17]",135,0,0,0
37226,"[14464, 18]",133,0,0,0
37227,"[14464, 19]",132,0,0,0
37228,"[14464, 20]",107,0,0,0
37229,"[14464, 21]",106,0,0,0
37230,"[14464, 22]",100,0,0,-1
37231,"[14464, 23]",96,0,0,0
37232,"[14464, 24]",95,0,0,0
37233,"[14464, 25]",93,0,0,0
37234,"[14464, 26]",457,158,64,0
37235,"[14464, 27]",450,158,64,0
37236,"[14464, 28]",447,0,0,0
37237,"[14464, 29]",430,0,0,-1
37238,"[14464, 30]",397,158,64,-1
37239,"[14464, 31]",393,158,64,-1
37240,"[14464, 32]",391,0,0,-1
37241,"[14464, 33]",389,0,0,0
37242,"[14464, 34]",387,0,0,0
37243,"[14464, 35]",360,41,18,0
37244,"[14464, 36]",355,0,0,0
37245,"[14464, 37]",348,158,64,0
37246,"[14464, 38]",334,158,64,0
37247,"[14464, 39]",331,41,18,0
37248,"[14464, 40]",318,0,0,0
37249,"[14464, 41]",317,0,0,0
37250,"[14464, 42]",316,0,0,0
37251,"[14464, 43]",311,0,0,0
37252,"[14464, 44]",309,0,0,0
37253,"[14464, 45]",308,0,0,0
37254,"[14464, 46]",302,57,26,0
37255,"[14464, 47]",996,0,0,0
37256,"[14464, 48]",992,0,0,0
37257,"[14464, 49]",978,57,26,-1
37258,"[14464, 50]",936,0,0,0
37259,"[14464, 51]",932,0,0,0
37260,"[14464, 52]",928,57,26,0
37261,"[14464, 53]",852,156,64,0
37262,"[14464, 54]",776,156,64,-1
37263,"[14464, 55]",775,0,0,-1
37264,"[14464, 56]",774,0,0,-1
37265,"[14464, 57]",767,158,64,0
37266,"[14464, 58]",758,158,64,-1
37267,"[14464, 59]",693,158,64,-1
37268,"[14464, 60]",650,59,28,4
37269,"[14464, 61]",1480,158,64,-1
37270,"[14464, 62]",1475,156,64,-1
37271,"[14464, 63]",1216,41,18,0
37272,"[14464, 64]",1200,158,64,0
37273,"[14464, 65]",1137,158,64,0
37274,"[14464, 66]",1122,2,1,0
37275,"[14465, 0]",1,0,0,0
37276,"[14465, 1]",2,0,0,0
37277,"[14465, 2]",31,0,0,0
37278,"[14465, 3]",114,158,64,0
37279,"[14466, 0]",1,61,28,0
37280,"[14467, 0]",1,41,18,0
37281,"[14468, 0]",1,2,1,1
37282,"[14469, 0]",1,158,64,0
37283,"[14470, 0]",1,41,18,0
37284,"[14471, 0]",1,2,1,0
37285,"[14472, 0]",1,0,0,0
37286,"[14472, 1]",2,41,18,0
37287,"[14473, 0]",1,0,0,0
37288,"[14473, 1]",5,158,64,0
37289,"[14473, 2]",4,2,1,0
37290,"[14473, 3]",3,0,0,0
37291,"[14473, 4]",2,0,0,0
37292,"[14473, 5]",31,41,18,0
37293,"[14473, 6]",30,41,18,0
37294,"[14473, 7]",25,0,0,0
37295,"[14473, 8]",69,41,18,0
37296,"[14474, 0]",1,0,0,0
37297,"[14474, 1]",2,158,64,7
37298,"[14475, 0]",1,0,0,0
37299,"[14475, 1]",2,59,28,0
37300,"[14476, 0]",1,158,64,0
37301,"[14477, 0]",1,156,64,0
37302,"[14478, 0]",1,57,26,0
37303,"[14479, 0]",1,0,0,0
37304,"[14479, 1]",2,55,26,6
37305,"[14480, 0]",1,0,0,0
37306,"[14480, 1]",2,0,0,-1
37307,"[14480, 2]",12,0,0,2
37308,"[14480, 3]",29,0,0,0
37309,"[14480, 4]",49,158,64,0
37310,"[14481, 0]",1,0,0,0
37311,"[14481, 1]",2,41,18,0
37312,"[14482, 0]",1,158,64,0
37313,"[14483, 0]",1,0,0,0
37314,"[14483, 1]",2,0,0,0
37315,"[14483, 2]",16,57,26,0
37316,"[14484, 0]",1,0,0,0
37317,"[14484, 1]",2,0,0,0
37318,"[14484, 2]",26,0,0,0
37319,"[14484, 3]",39,158,64,0
37320,"[14485, 0]",1,158,64,0
37321,"[14486, 0]",1,0,0,0
37322,"[14486, 1]",2,0,0,0
37323,"[14486, 2]",20,2,1,0
37324,"[14487, 0]",1,0,0,1
37325,"[14487, 1]",2,158,64,0
37326,"[14488, 0]",1,0,0,0
37327,"[14488, 1]",2,59,28,0
37328,"[14489, 0]",1,41,18,0
37329,"[14490, 0]",1,158,64,0
37330,"[14491, 0]",1,158,64,0
37331,"[14492, 0]",1,158,64,0
37332,"[14493, 0]",1,0,0,0
37333,"[14493, 1]",2,57,26,0
37334,"[14494, 0]",1,0,0,0
37335,"[14494, 1]",2,41,18,0
37336,"[14495, 0]",1,54,24,0
37337,"[14496, 0]",1,0,0,0
37338,"[14496, 1]",3,0,0,0
37339,"[14496, 2]",2,41,18,0
37340,"[14496, 3]",27,57,26,-1
37341,"[14497, 0]",1,158,64,0
37342,"[14498, 0]",1,156,64,0
37343,"[14499, 0]",1,158,64,0
37344,"[14500, 0]",1,158,64,0
37345,"[14501, 0]",1,158,64,0
37346,"[14502, 0]",1,41,18,0
37347,"[14503, 0]",1,158,64,0
37348,"[14504, 0]",1,158,64,0
37349,"[14505, 0]",1,2,1,0
37350,"[14506, 0]",1,0,0,0
37351,"[14506, 1]",2,0,0,0
37352,"[14506, 2]",17,156,64,3
37353,"[14507, 0]",1,158,64,0
37354,"[14508, 0]",1,158,64,0
37355,"[14509, 0]",1,57,26,0
37356,"[14510, 0]",1,0,0,0
37357,"[14510, 1]",5,0,0,0
37358,"[14510, 2]",4,158,64,0
37359,"[14510, 3]",3,0,0,0
37360,"[14510, 4]",2,0,0,0
37361,"[14510, 5]",73,0,0,0
37362,"[14510, 6]",71,0,0,0
37363,"[14510, 7]",66,41,18,0
37364,"[14510, 8]",65,158,64,0
37365,"[14510, 9]",64,0,0,0
37366,"[14510, 10]",58,41,18,0
37367,"[14510, 11]",169,158,64,0
37368,"[14510, 12]",120,158,64,0
37369,"[14510, 13]",93,41,18,0
37370,"[14511, 0]",1,0,0,0
37371,"[14511, 1]",2,2,1,0
37372,"[14512, 0]",1,158,64,0
37373,"[14513, 0]",1,41,18,0
37374,"[14514, 0]",1,0,0,0
37375,"[14514, 1]",3,57,26,0
37376,"[14514, 2]",2,51,24,0
37377,"[14515, 0]",1,59,28,0
37378,"[14516, 0]",1,0,0,0
37379,"[14516, 1]",2,158,64,0
37380,"[14517, 0]",1,0,0,0
37381,"[14517, 1]",2,0,0,0
37382,"[14517, 2]",38,158,64,0
37383,"[14518, 0]",1,0,0,0
37384,"[14518, 1]",3,57,26,0
37385,"[14518, 2]",2,158,64,0
37386,"[14519, 0]",1,57,26,0
37387,"[14520, 0]",1,41,18,0
37388,"[14521, 0]",1,53,24,0
37389,"[14522, 0]",1,0,0,0
37390,"[14522, 1]",6,0,0,0
37391,"[14522, 2]",5,0,0,0
37392,"[14522, 3]",3,0,0,0
37393,"[14522, 4]",18,0,0,0
37394,"[14522, 5]",12,0,0,0
37395,"[14522, 6]",8,158,64,0
37396,"[14522, 7]",120,41,18,0
37397,"[14522, 8]",87,156,64,0
37398,"[14523, 0]",1,0,0,0
37399,"[14523, 1]",3,53,24,0
37400,"[14523, 2]",2,41,18,0
37401,"[14524, 0]",1,2,1,0
37402,"[14525, 0]",1,0,0,0
37403,"[14525, 1]",2,156,64,0
37404,"[14526, 0]",1,0,0,0
37405,"[14526, 1]",2,51,24,0
37406,"[14527, 0]",1,0,0,0
37407,"[14527, 1]",2,41,18,0
37408,"[14528, 0]",1,0,0,0
37409,"[14528, 1]",2,158,64,0
37410,"[14529, 0]",1,57,26,0
37411,"[14530, 0]",1,55,26,0
37412,"[14531, 0]",1,2,1,0
37413,"[14532, 0]",1,0,0,0
37414,"[14532, 1]",2,158,64,-1
37415,"[14533, 0]",1,0,0,0
37416,"[14533, 1]",2,2,1,31
37417,"[14534, 0]",1,0,0,0
37418,"[14534, 1]",2,158,64,0
37419,"[14535, 0]",1,0,0,0
37420,"[14535, 1]",5,2,1,0
37421,"[14535, 2]",3,0,0,0
37422,"[14535, 3]",2,0,0,0
37423,"[14535, 4]",30,57,26,0
37424,"[14535, 5]",29,0,0,0
37425,"[14535, 6]",27,0,0,0
37426,"[14535, 7]",18,0,0,0
37427,"[14535, 8]",96,158,64,0
37428,"[14535, 9]",58,158,64,0
37429,"[14535, 10]",43,57,26,3
37430,"[14536, 0]",1,0,0,0
37431,"[14536, 1]",2,158,64,0
37432,"[14537, 0]",1,0,0,0
37433,"[14537, 1]",2,158,64,0
37434,"[14538, 0]",1,0,0,0
37435,"[14538, 1]",2,158,64,-1
37436,"[14539, 0]",1,158,64,0
37437,"[14540, 0]",1,0,0,0
37438,"[14540, 1]",5,54,24,6
37439,"[14540, 2]",3,0,0,-1
37440,"[14540, 3]",40,0,0,-1
37441,"[14540, 4]",58,156,64,1
37442,"[14541, 0]",1,0,0,0
37443,"[14541, 1]",2,0,0,-1
37444,"[14541, 2]",29,2,1,-1
37445,"[14541, 3]",28,0,0,-1
37446,"[14541, 4]",69,158,64,-1
37447,"[14542, 0]",1,0,0,0
37448,"[14542, 1]",2,158,64,0
37449,"[14543, 0]",1,158,64,0
37450,"[14544, 0]",1,158,64,0
37451,"[14545, 0]",1,0,0,1
37452,"[14545, 1]",2,158,64,0
37453,"[14546, 0]",1,41,18,0
37454,"[14547, 0]",1,158,64,0
37455,"[14548, 0]",1,0,0,0
37456,"[14548, 1]",2,156,64,0
37457,"[14549, 0]",1,0,0,1
37458,"[14549, 1]",2,158,64,0
37459,"[14550, 0]",1,0,0,0
37460,"[14550, 1]",2,0,0,0
37461,"[14550, 2]",44,158,64,0
37462,"[14550, 3]",43,0,0,0
37463,"[14550, 4]",41,0,0,0
37464,"[14550, 5]",64,55,26,0
37465,"[14550, 6]",62,0,0,0
37466,"[14550, 7]",55,158,64,0
37467,"[14550, 8]",112,0,0,0
37468,"[14550, 9]",110,0,0,0
37469,"[14550, 10]",404,0,0,0
37470,"[14550, 11]",389,158,64,0
37471,"[14550, 12]",455,41,18,0
37472,"[14551, 0]",1,158,64,0
37473,"[14552, 0]",1,0,0,0
37474,"[14552, 1]",2,158,64,0
37475,"[14553, 0]",1,158,64,0
37476,"[14554, 0]",1,158,64,0
37477,"[14555, 0]",1,156,64,0
37478,"[14556, 0]",1,0,0,0
37479,"[14556, 1]",2,41,18,0
37480,"[14557, 0]",1,158,64,0
37481,"[14558, 0]",1,0,0,0
37482,"[14558, 1]",5,158,64,0
37483,"[14558, 2]",4,156,64,0
37484,"[14558, 3]",2,0,0,0
37485,"[14558, 4]",30,158,64,0
37486,"[14559, 0]",1,2,1,0
37487,"[14560, 0]",1,41,18,0
37488,"[14561, 0]",1,55,26,0
37489,"[14562, 0]",1,41,18,0
37490,"[14563, 0]",1,57,26,0
37491,"[14564, 0]",1,0,0,0
37492,"[14564, 1]",4,158,64,0
37493,"[14564, 2]",3,158,64,0
37494,"[14564, 3]",2,0,0,0
37495,"[14564, 4]",18,0,0,0
37496,"[14564, 5]",37,158,64,0
37497,"[14565, 0]",1,0,0,0
37498,"[14565, 1]",2,0,0,-1
37499,"[14565, 2]",36,0,0,-1
37500,"[14565, 3]",52,158,64,-1
37501,"[14566, 0]",1,0,0,0
37502,"[14566, 1]",6,41,18,0
37503,"[14566, 2]",5,0,0,0
37504,"[14566, 3]",3,0,0,0
37505,"[14566, 4]",2,0,0,0
37506,"[14566, 5]",54,158,64,0
37507,"[14566, 6]",51,41,18,0
37508,"[14566, 7]",38,41,18,0
37509,"[14567, 0]",1,0,0,0
37510,"[14567, 1]",2,158,64,0
37511,"[14568, 0]",1,41,18,0
37512,"[14569, 0]",1,0,0,0
37513,"[14569, 1]",2,0,0,-1
37514,"[14569, 2]",11,158,64,1
37515,"[14570, 0]",1,156,64,0
37516,"[14571, 0]",1,41,18,0
37517,"[14572, 0]",1,0,0,0
37518,"[14572, 1]",3,0,0,0
37519,"[14572, 2]",31,0,0,0
37520,"[14572, 3]",110,2,1,0
37521,"[14573, 0]",1,0,0,0
37522,"[14573, 1]",2,57,26,0
37523,"[14574, 0]",1,0,0,0
37524,"[14574, 1]",2,0,0,0
37525,"[14574, 2]",19,158,64,0
37526,"[14575, 0]",1,41,18,1
37527,"[14576, 0]",1,0,0,0
37528,"[14576, 1]",4,158,64,0
37529,"[14576, 2]",3,158,64,0
37530,"[14576, 3]",2,156,64,0
37531,"[14577, 0]",1,158,64,0
37532,"[14578, 0]",1,158,64,0
37533,"[14579, 0]",1,2,1,0
37534,"[14580, 0]",1,0,0,0
37535,"[14580, 1]",2,41,18,0
37536,"[14581, 0]",1,158,64,0
37537,"[14582, 0]",1,41,18,0
37538,"[14583, 0]",1,59,28,0
37539,"[14584, 0]",1,0,0,0
37540,"[14584, 1]",2,57,26,10
37541,"[14585, 0]",1,0,0,0
37542,"[14585, 1]",2,0,0,-1
37543,"[14585, 2]",34,158,64,-1
37544,"[14586, 0]",1,41,18,0
37545,"[14587, 0]",1,0,0,0
37546,"[14587, 1]",2,156,64,0
37547,"[14588, 0]",1,0,0,0
37548,"[14588, 1]",7,0,0,0
37549,"[14588, 2]",5,0,0,0
37550,"[14588, 3]",3,0,0,0
37551,"[14588, 4]",2,0,0,0
37552,"[14588, 5]",42,0,0,-1
37553,"[14588, 6]",41,0,0,-1
37554,"[14588, 7]",31,158,64,-1
37555,"[14588, 8]",28,0,0,0
37556,"[14588, 9]",15,158,64,10
37557,"[14588, 10]",204,0,0,-1
37558,"[14588, 11]",83,2,1,4
37559,"[14588, 12]",80,158,64,5
37560,"[14588, 13]",283,158,64,-1
37561,"[14589, 0]",1,59,28,0
37562,"[14590, 0]",1,41,18,0
37563,"[14591, 0]",1,158,64,0
37564,"[14592, 0]",1,0,0,0
37565,"[14592, 1]",3,158,64,0
37566,"[14592, 2]",2,0,0,0
37567,"[14592, 3]",31,0,0,0
37568,"[14592, 4]",62,2,1,0
37569,"[14593, 0]",1,0,0,0
37570,"[14593, 1]",2,2,1,0
37571,"[14594, 0]",1,2,1,0
37572,"[14595, 0]",1,0,0,0
37573,"[14595, 1]",2,0,0,0
37574,"[14595, 2]",41,2,1,0
37575,"[14596, 0]",1,2,1,0
37576,"[14597, 0]",1,0,0,0
37577,"[14597, 1]",2,53,24,2
37578,"[14598, 0]",1,41,18,0
37579,"[14599, 0]",1,0,0,0
37580,"[14599, 1]",2,41,18,0
37581,"[14600, 0]",1,57,26,0
37582,"[14601, 0]",1,41,18,0
37583,"[14602, 0]",1,0,0,0
37584,"[14602, 1]",2,57,26,0
37585,"[14603, 0]",1,41,18,0
37586,"[14604, 0]",1,158,64,0
37587,"[14605, 0]",1,0,0,0
37588,"[14605, 1]",2,54,24,0
37589,"[14606, 0]",1,57,26,0
37590,"[14607, 0]",1,0,0,0
37591,"[14607, 1]",6,41,18,0
37592,"[14607, 2]",5,0,0,0
37593,"[14607, 3]",4,0,0,0
37594,"[14607, 4]",3,0,0,0
37595,"[14607, 5]",2,0,0,0
37596,"[14607, 6]",48,0,0,0
37597,"[14607, 7]",47,0,0,0
37598,"[14607, 8]",43,158,64,0
37599,"[14607, 9]",39,0,0,0
37600,"[14607, 10]",35,57,26,0
37601,"[14607, 11]",125,41,18,0
37602,"[14607, 12]",73,41,18,0
37603,"[14607, 13]",68,158,64,0
37604,"[14608, 0]",1,0,0,1
37605,"[14608, 1]",2,0,0,0
37606,"[14608, 2]",31,0,0,0
37607,"[14608, 3]",41,158,64,0
37608,"[14609, 0]",1,0,0,0
37609,"[14609, 1]",2,158,64,0
37610,"[14610, 0]",1,0,0,0
37611,"[14610, 1]",2,158,64,8
37612,"[14611, 0]",1,0,0,0
37613,"[14611, 1]",3,2,1,0
37614,"[14611, 2]",2,158,64,0
37615,"[14612, 0]",1,0,0,0
37616,"[14612, 1]",2,158,64,0
37617,"[14613, 0]",1,158,64,0
37618,"[14614, 0]",1,158,64,0
37619,"[14615, 0]",1,0,0,0
37620,"[14615, 1]",2,41,18,0
37621,"[14616, 0]",1,59,28,0
37622,"[14617, 0]",1,158,64,1
37623,"[14618, 0]",1,57,26,0
37624,"[14619, 0]",1,0,0,0
37625,"[14619, 1]",4,0,0,0
37626,"[14619, 2]",3,0,0,0
37627,"[14619, 3]",2,0,0,0
37628,"[14619, 7]",22,158,64,8
37629,"[14619, 8]",19,0,0,2
37630,"[14619, 9]",129,158,64,2
37631,"[14620, 0]",1,156,64,0
37632,"[14621, 0]",1,51,24,0
37633,"[14622, 0]",1,158,64,1
37634,"[14623, 0]",1,156,64,0
37635,"[14624, 0]",1,53,24,0
37636,"[14625, 0]",1,158,64,0
37637,"[14626, 0]",1,0,0,0
37638,"[14626, 1]",2,0,0,0
37639,"[14626, 2]",28,158,64,2
37640,"[14627, 0]",1,158,64,0
37641,"[14628, 0]",1,0,0,0
37642,"[14628, 1]",2,41,18,0
37643,"[14629, 0]",1,0,0,0
37644,"[14629, 1]",4,41,18,0
37645,"[14629, 2]",3,0,0,0
37646,"[14629, 3]",2,0,0,0
37647,"[14629, 4]",24,0,0,0
37648,"[14629, 5]",22,0,0,0
37649,"[14629, 6]",19,0,0,0
37650,"[14629, 7]",72,41,18,0
37651,"[14629, 8]",59,2,1,0
37652,"[14629, 9]",57,0,0,0
37653,"[14629, 10]",44,158,64,0
37654,"[14629, 11]",151,41,18,0
37655,"[14629, 12]",150,0,0,0
37656,"[14629, 13]",228,0,0,0
37657,"[14629, 14]",322,41,18,0
37658,"[14630, 0]",1,57,26,0
37659,"[14631, 0]",1,0,0,0
37660,"[14631, 1]",2,158,64,0
37661,"[14632, 0]",1,0,0,0
37662,"[14632, 1]",2,0,0,0
37663,"[14632, 2]",33,41,18,0
37664,"[14633, 0]",1,158,64,0
37665,"[14634, 0]",1,41,18,0
37666,"[14635, 0]",1,0,0,0
37667,"[14635, 1]",2,158,64,0
37668,"[14636, 0]",1,0,0,0
37669,"[14636, 1]",2,0,0,0
37670,"[14636, 2]",24,41,18,0
37671,"[14637, 0]",1,0,0,0
37672,"[14637, 1]",2,158,64,0
37673,"[14638, 0]",1,0,0,0
37674,"[14638, 1]",2,158,64,0
37675,"[14639, 0]",1,0,0,0
37676,"[14639, 1]",2,158,64,0
37677,"[14640, 0]",1,0,0,0
37678,"[14640, 1]",2,158,64,4
37679,"[14641, 0]",1,158,64,0
37680,"[14642, 0]",1,0,0,0
37681,"[14642, 1]",2,41,18,0
37682,"[14643, 0]",1,57,26,1
37683,"[14644, 0]",1,0,0,0
37684,"[14644, 1]",2,0,0,0
37685,"[14644, 2]",37,0,0,0
37686,"[14644, 3]",50,57,26,0
37687,"[14645, 0]",1,0,0,0
37688,"[14645, 1]",4,158,64,0
37689,"[14645, 2]",2,0,0,0
37690,"[14646, 0]",1,158,64,0
37691,"[14647, 0]",1,0,0,0
37692,"[14647, 1]",2,0,0,0
37693,"[14647, 2]",19,0,0,0
37694,"[14647, 3]",18,0,0,0
37695,"[14647, 4]",58,57,26,1
37696,"[14647, 5]",51,158,64,0
37697,"[14648, 0]",1,0,0,0
37698,"[14648, 1]",2,158,64,0
37699,"[14649, 0]",1,0,0,0
37700,"[14649, 1]",3,0,0,0
37701,"[14649, 2]",36,158,64,0
37702,"[14650, 0]",1,156,64,0
37703,"[14651, 0]",1,55,26,0
37704,"[14652, 0]",1,0,0,0
37705,"[14652, 1]",2,2,1,0
37706,"[14653, 0]",1,0,0,0
37707,"[14653, 1]",2,156,64,0
37708,"[14654, 0]",1,158,64,0
37709,"[14655, 0]",1,0,0,0
37710,"[14655, 1]",7,41,18,0
37711,"[14655, 2]",5,0,0,0
37712,"[14655, 3]",3,0,0,0
37713,"[14655, 4]",2,0,0,0
37714,"[14655, 5]",52,2,1,0
37715,"[14655, 6]",50,57,26,0
37716,"[14655, 7]",49,158,64,0
37717,"[14655, 8]",41,0,0,0
37718,"[14655, 9]",25,57,26,0
37719,"[14655, 10]",146,41,18,3
37720,"[14656, 0]",1,158,64,0
37721,"[14657, 0]",1,0,0,0
37722,"[14657, 1]",6,2,1,-1
37723,"[14657, 2]",4,158,64,-1
37724,"[14657, 3]",3,0,0,1
37725,"[14657, 4]",2,0,0,-1
37726,"[14657, 5]",50,0,0,-1
37727,"[14657, 6]",49,59,28,1
37728,"[14657, 7]",47,0,0,3
37729,"[14657, 8]",41,158,64,0
37730,"[14657, 9]",90,57,26,0
37731,"[14657, 10]",74,57,26,52
37732,"[14658, 0]",1,158,64,0
37733,"[14659, 0]",1,59,28,0
37734,"[14660, 0]",1,0,0,0
37735,"[14660, 1]",2,158,64,1
37736,"[14661, 0]",1,158,64,0
37737,"[14662, 0]",1,2,1,0
37738,"[14663, 0]",1,0,0,0
37739,"[14663, 1]",5,158,64,7
37740,"[14663, 2]",4,158,64,3
37741,"[14664, 0]",1,0,0,0
37742,"[14664, 1]",7,0,0,3
37743,"[14664, 2]",3,0,0,-1
37744,"[14664, 3]",2,158,64,-1
37745,"[14664, 4]",72,2,1,-1
37746,"[14664, 5]",18,57,26,-1
37747,"[14665, 0]",1,57,26,0
37748,"[14666, 0]",1,0,0,0
37749,"[14667, 0]",1,0,0,0
37750,"[14667, 1]",7,0,0,0
37751,"[14667, 2]",4,0,0,0
37752,"[14667, 3]",2,0,0,0
37753,"[14667, 4]",52,53,24,0
37754,"[14667, 5]",39,0,0,-1
37755,"[14667, 6]",15,158,64,-1
37756,"[14667, 7]",79,158,64,1
37757,"[14668, 0]",1,158,64,0
37758,"[14669, 0]",1,0,0,0
37759,"[14669, 1]",6,41,18,0
37760,"[14669, 2]",5,158,64,0
37761,"[14669, 3]",3,0,0,0
37762,"[14669, 4]",2,0,0,0
37763,"[14669, 5]",39,158,64,0
37764,"[14669, 6]",38,53,24,0
37765,"[14669, 7]",35,54,24,0
37766,"[14670, 0]",1,2,1,0
37767,"[14671, 0]",1,158,64,0
37768,"[14672, 0]",1,158,64,0
37769,"[14673, 0]",1,158,64,0
37770,"[14674, 0]",1,0,0,0
37771,"[14674, 1]",3,0,0,0
37772,"[14674, 2]",2,156,64,0
37773,"[14674, 3]",39,41,18,0
37774,"[14675, 0]",1,0,0,0
37775,"[14675, 1]",2,158,64,0
37776,"[14676, 0]",1,156,64,0
37777,"[14677, 0]",1,2,1,0
37778,"[14678, 0]",1,0,0,0
37779,"[14678, 1]",2,0,0,0
37780,"[14678, 2]",78,158,64,0
37781,"[14679, 0]",1,156,64,1
37782,"[14680, 0]",1,158,64,0
37783,"[14681, 0]",1,41,18,0
37784,"[14682, 0]",1,0,0,0
37785,"[14682, 1]",2,57,26,0
37786,"[14683, 0]",1,59,28,0
37787,"[14684, 0]",1,0,0,0
37788,"[14684, 1]",4,0,0,0
37789,"[14684, 2]",3,0,0,0
37790,"[14684, 3]",2,0,0,0
37791,"[14684, 4]",21,0,0,0
37792,"[14684, 5]",18,41,18,0
37793,"[14684, 6]",14,158,64,4
37794,"[14684, 7]",55,0,0,0
37795,"[14684, 8]",225,41,18,0
37796,"[14685, 0]",1,0,0,0
37797,"[14685, 1]",2,2,1,0
37798,"[14686, 0]",1,0,0,0
37799,"[14686, 1]",2,158,64,-1
37800,"[14687, 0]",1,0,0,0
37801,"[14687, 1]",2,158,64,-1
37802,"[14688, 0]",1,0,0,0
37803,"[14688, 1]",2,0,0,0
37804,"[14688, 2]",25,158,64,0
37805,"[14689, 0]",1,156,64,0
37806,"[14690, 0]",1,158,64,0
37807,"[14691, 0]",1,0,0,0
37808,"[14691, 1]",3,158,64,0
37809,"[14691, 2]",2,0,0,0
37810,"[14691, 3]",15,0,0,0
37811,"[14691, 4]",30,158,64,-1
37812,"[14692, 0]",1,158,64,0
37813,"[14693, 0]",1,158,64,0
37814,"[14694, 0]",1,41,18,0
37815,"[14695, 0]",1,0,0,0
37816,"[14695, 1]",2,0,0,0
37817,"[14695, 2]",32,158,64,0
37818,"[14696, 0]",1,54,24,0
37819,"[14697, 0]",1,0,0,0
37820,"[14697, 1]",2,158,64,0
37821,"[14698, 0]",1,158,64,0
37822,"[14699, 0]",1,158,64,0
37823,"[14700, 0]",1,0,0,0
37824,"[14700, 1]",2,158,64,0
37825,"[14701, 0]",1,158,64,0
37826,"[14702, 0]",1,0,0,0
37827,"[14702, 1]",2,156,64,0
37828,"[14703, 0]",1,0,0,0
37829,"[14703, 1]",2,158,64,0
37830,"[14704, 0]",1,0,0,0
37831,"[14704, 1]",2,0,0,0
37832,"[14704, 2]",71,158,64,3
37833,"[14705, 0]",1,0,0,0
37834,"[14705, 1]",25,0,0,0
37835,"[14705, 2]",23,0,0,0
37836,"[14705, 3]",22,0,0,0
37837,"[14705, 4]",17,0,0,0
37838,"[14705, 5]",16,0,0,0
37839,"[14705, 6]",9,0,0,0
37840,"[14705, 7]",8,0,0,0
37841,"[14705, 8]",7,0,0,0
37842,"[14705, 9]",6,0,0,0
37843,"[14705, 10]",4,0,0,0
37844,"[14705, 11]",3,0,0,0
37845,"[14705, 12]",2,0,0,0
37846,"[14705, 13]",99,0,0,0
37847,"[14705, 14]",97,0,0,0
37848,"[14705, 15]",96,0,0,0
37849,"[14705, 17]",85,0,0,0
37850,"[14705, 18]",80,158,64,0
37851,"[14705, 19]",79,0,0,0
37852,"[14705, 20]",78,0,0,0
37853,"[14705, 21]",76,0,0,0
37854,"[14705, 22]",73,0,0,0
37855,"[14705, 23]",72,0,0,0
37856,"[14705, 24]",68,57,26,0
37857,"[14705, 25]",67,41,18,0
37858,"[14705, 26]",64,0,0,0
37859,"[14705, 27]",59,0,0,-1
37860,"[14705, 28]",55,0,0,0
37861,"[14705, 29]",51,0,0,0
37862,"[14705, 30]",47,156,64,0
37863,"[14705, 31]",46,0,0,0
37864,"[14705, 32]",44,0,0,0
37865,"[14705, 33]",43,0,0,0
37866,"[14705, 34]",41,2,1,0
37867,"[14705, 35]",39,0,0,0
37868,"[14705, 36]",33,158,64,0
37869,"[14705, 37]",32,158,64,0
37870,"[14705, 38]",429,156,64,0
37871,"[14705, 39]",413,0,0,0
37872,"[14705, 40]",408,158,64,0
37873,"[14705, 41]",391,2,1,0
37874,"[14705, 42]",374,41,18,0
37875,"[14705, 43]",358,41,18,0
37876,"[14705, 44]",356,2,1,0
37877,"[14705, 45]",355,0,0,0
37878,"[14705, 46]",354,0,0,0
37879,"[14705, 47]",331,2,1,-1
37880,"[14705, 48]",311,41,18,0
37881,"[14705, 49]",310,156,64,0
37882,"[14705, 50]",308,0,0,0
37883,"[14705, 51]",254,0,0,0
37884,"[14705, 52]",242,54,24,0
37885,"[14705, 53]",237,0,0,1
37886,"[14705, 54]",233,0,0,-1
37887,"[14705, 55]",212,0,0,0
37888,"[14705, 59]",133,158,64,0
37889,"[14705, 60]",132,41,18,0
37890,"[14705, 61]",129,156,64,1
37891,"[14705, 62]",1187,158,64,-1
37892,"[14705, 63]",1183,0,0,-1
37893,"[14705, 64]",1182,0,0,-1
37894,"[14705, 65]",1173,0,0,-1
37895,"[14705, 66]",1170,158,64,-1
37896,"[14705, 67]",1169,2,1,-1
37897,"[14705, 76]",1123,156,64,-1
37898,"[14705, 81]",1070,158,64,0
37899,"[14705, 82]",997,158,64,-1
37900,"[14705, 83]",982,0,0,0
37901,"[14705, 84]",980,0,0,0
37902,"[14705, 85]",926,158,64,0
37903,"[14705, 86]",801,0,0,0
37904,"[14705, 87]",728,0,0,0
37905,"[14705, 88]",725,2,1,0
37906,"[14705, 89]",600,156,64,0
37907,"[14705, 90]",2687,0,0,0
37908,"[14705, 91]",2537,41,18,0
37909,"[14705, 92]",2405,0,0,0
37910,"[14705, 93]",2390,158,64,0
37911,"[14705, 94]",2033,0,0,0
37912,"[14705, 117]",1593,0,0,-1
37913,"[14705, 129]",1522,158,64,-1
37914,"[14705, 130]",1500,0,0,-1
37915,"[14705, 131]",4889,0,0,-1
37916,"[14705, 147]",4559,2,1,-1
37917,"[14705, 150]",4248,158,64,-1
37918,"[14705, 151]",4247,156,64,-1
37919,"[14705, 152]",4246,156,64,-1
37920,"[14705, 170]",3491,158,64,0
37921,"[14705, 171]",3390,158,64,0
37922,"[14705, 172]",3219,158,64,0
37923,"[14705, 173]",6903,0,0,-1
37924,"[14705, 183]",5550,158,64,-1
37925,"[14705, 184]",5546,158,64,-1
37926,"[14705, 204]",10277,2,1,-1
37927,"[14705, 214]",8166,158,64,-1
37928,"[14706, 0]",1,0,0,1
37929,"[14706, 1]",8,0,0,0
37930,"[14706, 2]",6,0,0,0
37931,"[14706, 3]",5,158,64,0
37932,"[14706, 4]",4,0,0,0
37933,"[14706, 5]",2,0,0,0
37934,"[14706, 6]",35,0,0,0
37935,"[14706, 7]",31,0,0,0
37936,"[14706, 8]",22,0,0,0
37937,"[14706, 9]",18,59,28,0
37938,"[14706, 10]",161,156,64,0
37939,"[14706, 11]",114,0,0,0
37940,"[14706, 12]",96,0,0,0
37941,"[14706, 13]",275,158,64,0
37942,"[14706, 14]",258,41,18,1
37943,"[14707, 0]",1,0,0,0
37944,"[14707, 1]",2,2,1,0
37945,"[14708, 0]",1,61,28,0
37946,"[14709, 0]",1,158,64,0
37947,"[14710, 0]",1,0,0,0
37948,"[14710, 1]",3,156,64,0
37949,"[14710, 2]",2,0,0,0
37950,"[14710, 3]",37,158,64,0
37951,"[14711, 0]",1,57,26,0
37952,"[14712, 0]",1,0,0,0
37953,"[14712, 1]",2,0,0,0
37954,"[14712, 2]",26,158,64,0
37955,"[14713, 0]",1,0,0,0
37956,"[14713, 1]",6,158,64,0
37957,"[14713, 2]",4,0,0,0
37958,"[14713, 3]",3,0,0,0
37959,"[14713, 4]",21,0,0,0
37960,"[14713, 5]",18,158,64,0
37961,"[14713, 6]",56,41,18,0
37962,"[14714, 0]",1,0,0,0
37963,"[14714, 1]",3,2,1,0
37964,"[14714, 2]",2,57,26,0
37965,"[14715, 0]",1,0,0,0
37966,"[14715, 1]",3,158,64,0
37967,"[14715, 2]",2,156,64,0
37968,"[14716, 0]",1,0,0,0
37969,"[14716, 1]",6,57,26,0
37970,"[14716, 2]",3,158,64,0
37971,"[14716, 3]",2,0,0,0
37972,"[14716, 4]",36,41,18,0
37973,"[14717, 0]",1,158,64,0
37974,"[14718, 0]",1,156,64,0
37975,"[14719, 0]",1,0,0,0
37976,"[14719, 1]",2,158,64,0
37977,"[14720, 0]",1,0,0,0
37978,"[14720, 1]",5,57,26,0
37979,"[14720, 2]",3,0,0,0
37980,"[14720, 3]",2,0,0,0
37981,"[14720, 4]",37,158,64,0
37982,"[14720, 5]",36,158,64,0
37983,"[14720, 6]",35,0,0,0
37984,"[14720, 7]",26,0,0,0
37985,"[14720, 8]",117,0,0,0
37986,"[14720, 9]",50,41,18,0
37987,"[14720, 10]",198,54,24,0
37988,"[14721, 0]",1,0,0,0
37989,"[14721, 1]",2,158,64,0
37990,"[14722, 0]",1,0,0,0
37991,"[14722, 1]",2,57,26,0
37992,"[14723, 0]",1,0,0,0
37993,"[14723, 1]",2,0,0,0
37994,"[14723, 2]",42,158,64,0
37995,"[14724, 0]",1,41,18,0
37996,"[14725, 0]",1,156,64,0
37997,"[14726, 0]",1,41,18,0
37998,"[14727, 0]",1,0,0,0
37999,"[14727, 1]",5,158,64,0
38000,"[14727, 2]",3,156,64,0
38001,"[14727, 3]",2,0,0,0
38002,"[14727, 4]",35,57,26,0
38003,"[14728, 0]",1,0,0,0
38004,"[14728, 1]",2,51,24,0
38005,"[14729, 0]",1,158,64,0
38006,"[14730, 0]",1,0,0,0
38007,"[14730, 1]",3,41,18,0
38008,"[14730, 2]",2,41,18,0
38009,"[14731, 0]",1,158,64,0
38010,"[14732, 0]",1,0,0,0
38011,"[14732, 1]",6,158,64,0
38012,"[14732, 2]",3,158,64,0
38013,"[14732, 3]",2,0,0,0
38014,"[14732, 4]",44,158,64,-1
38015,"[14733, 0]",1,41,18,0
38016,"[14734, 0]",1,2,1,0
38017,"[14735, 0]",1,41,18,0
38018,"[14736, 0]",1,41,18,0
38019,"[14737, 0]",1,0,0,0
38020,"[14737, 1]",2,57,26,0
38021,"[14738, 0]",1,158,64,0
38022,"[14739, 0]",1,0,0,0
38023,"[14739, 1]",2,158,64,0
38024,"[14740, 0]",1,0,0,0
38025,"[14740, 1]",2,57,26,1
38026,"[14741, 0]",1,0,0,0
38027,"[14741, 1]",2,41,18,0
38028,"[14742, 0]",1,0,0,0
38029,"[14742, 1]",2,2,1,0
38030,"[14743, 0]",1,158,64,0
38031,"[14744, 0]",1,0,0,0
38032,"[14744, 1]",5,158,64,0
38033,"[14744, 2]",3,0,0,0
38034,"[14744, 3]",2,0,0,0
38035,"[14744, 4]",30,0,0,0
38036,"[14744, 5]",26,158,64,0
38037,"[14744, 6]",44,158,64,0
38038,"[14745, 0]",1,41,18,1
38039,"[14746, 0]",1,0,0,0
38040,"[14746, 1]",2,41,18,0
38041,"[14747, 0]",1,0,0,0
38042,"[14747, 1]",2,158,64,0
38043,"[14748, 0]",1,158,64,0
38044,"[14749, 0]",1,156,64,0
38045,"[14750, 0]",1,0,0,0
38046,"[14750, 1]",2,156,64,0
38047,"[14751, 0]",1,0,0,0
38048,"[14751, 1]",3,158,64,0
38049,"[14751, 2]",2,158,64,0
38050,"[14752, 0]",1,0,0,0
38051,"[14752, 1]",2,158,64,1
38052,"[14753, 0]",1,41,18,0
38053,"[14754, 0]",1,158,64,0
38054,"[14755, 0]",1,57,26,0
38055,"[14756, 0]",1,0,0,0
38056,"[14756, 1]",2,2,1,0
38057,"[14757, 0]",1,41,18,0
38058,"[14758, 0]",1,41,18,0
38059,"[14759, 0]",1,0,0,1
38060,"[14759, 1]",2,158,64,-1
38061,"[14760, 0]",1,57,26,0
38062,"[14761, 0]",1,0,0,0
38063,"[14761, 1]",7,156,64,-1
38064,"[14761, 2]",6,0,0,5
38065,"[14761, 3]",3,158,64,4
38066,"[14761, 4]",24,57,26,-1
38067,"[14762, 0]",1,156,64,0
38068,"[14763, 0]",1,0,0,0
38069,"[14763, 1]",2,158,64,0
38070,"[14764, 0]",1,158,64,0
38071,"[14765, 0]",1,0,0,0
38072,"[14765, 1]",2,158,64,0
38073,"[14766, 0]",1,158,64,0
38074,"[14767, 0]",1,0,0,0
38075,"[14767, 1]",2,158,64,0
38076,"[14768, 0]",1,158,64,0
38077,"[14769, 0]",1,57,26,0
38078,"[14770, 0]",1,41,18,0
38079,"[14771, 0]",1,0,0,0
38080,"[14771, 1]",2,158,64,0
38081,"[14772, 0]",1,2,1,0
38082,"[14773, 0]",1,0,0,0
38083,"[14773, 1]",2,57,26,0
38084,"[14774, 0]",1,0,0,0
38085,"[14774, 1]",2,158,64,0
38086,"[14775, 0]",1,0,0,0
38087,"[14775, 1]",2,158,64,0
38088,"[14776, 0]",1,158,64,0
38089,"[14777, 0]",1,0,0,0
38090,"[14777, 1]",6,0,0,0
38091,"[14777, 2]",5,0,0,0
38092,"[14777, 3]",4,0,0,0
38093,"[14777, 4]",3,0,0,0
38094,"[14777, 5]",2,0,0,0
38095,"[14777, 6]",65,158,64,0
38096,"[14777, 7]",64,158,64,0
38097,"[14777, 8]",50,54,24,0
38098,"[14777, 9]",45,0,0,0
38099,"[14777, 10]",42,158,64,0
38100,"[14777, 11]",183,2,1,0
38101,"[14778, 0]",1,156,64,0
38102,"[14779, 0]",1,41,18,0
38103,"[14780, 0]",1,0,0,0
38104,"[14780, 1]",2,158,64,6
38105,"[14781, 0]",1,0,0,0
38106,"[14781, 1]",4,158,64,1
38107,"[14781, 2]",3,0,0,-1
38108,"[14781, 3]",48,0,0,-1
38109,"[14781, 4]",69,156,64,1
38110,"[14782, 0]",1,41,18,0
38111,"[14783, 0]",1,0,0,0
38112,"[14783, 1]",2,57,26,4
38113,"[14784, 0]",1,2,1,0
38114,"[14785, 0]",1,0,0,0
38115,"[14785, 1]",2,55,26,0
38116,"[14786, 0]",1,158,64,0
38117,"[14787, 0]",1,158,64,0
38118,"[14788, 0]",1,0,0,0
38119,"[14788, 1]",5,158,64,1
38120,"[14788, 2]",4,158,64,9
38121,"[14788, 3]",2,0,0,-1
38122,"[14788, 4]",31,54,24,3
38123,"[14789, 0]",1,0,0,0
38124,"[14790, 0]",1,0,0,0
38125,"[14790, 1]",2,41,18,0
38126,"[14791, 0]",1,0,0,0
38127,"[14791, 1]",2,55,26,2
38128,"[14792, 0]",1,158,64,0
38129,"[14793, 0]",1,0,0,0
38130,"[14793, 1]",2,158,64,0
38131,"[14794, 0]",1,0,0,0
38132,"[14794, 1]",2,0,0,0
38133,"[14794, 2]",32,158,64,0
38134,"[14795, 0]",1,0,0,0
38135,"[14795, 1]",2,0,0,0
38136,"[14795, 2]",18,41,18,0
38137,"[14796, 0]",1,0,0,0
38138,"[14796, 1]",2,158,64,-1
38139,"[14797, 0]",1,0,0,0
38140,"[14797, 1]",2,41,18,0
38141,"[14798, 0]",1,41,18,0
38142,"[14799, 0]",1,158,64,0
38143,"[14800, 0]",1,0,0,0
38144,"[14800, 1]",2,53,24,0
38145,"[14801, 0]",1,57,26,0
38146,"[14802, 0]",1,158,64,0
38147,"[14803, 0]",1,0,0,0
38148,"[14803, 1]",2,0,0,0
38149,"[14803, 2]",15,0,0,-1
38150,"[14803, 3]",33,158,64,7
38151,"[14804, 0]",1,0,0,0
38152,"[14804, 1]",2,57,26,0
38153,"[14805, 0]",1,41,18,0
38154,"[14806, 0]",1,0,0,0
38155,"[14806, 1]",4,158,64,0
38156,"[14806, 2]",2,0,0,0
38157,"[14806, 3]",42,158,64,0
38158,"[14806, 4]",40,41,18,0
38159,"[14806, 5]",38,0,0,0
38160,"[14806, 6]",76,41,18,0
38161,"[14806, 7]",73,0,0,0
38162,"[14806, 8]",116,0,0,0
38163,"[14806, 9]",293,41,18,0
38164,"[14807, 0]",1,0,0,0
38165,"[14807, 1]",2,158,64,0
38166,"[14808, 0]",1,0,0,0
38167,"[14808, 1]",2,57,26,0
38168,"[14809, 0]",1,0,0,0
38169,"[14809, 1]",2,156,64,0
38170,"[14810, 0]",1,158,64,0
38171,"[14811, 0]",1,0,0,0
38172,"[14811, 1]",2,57,26,0
38173,"[14812, 0]",1,0,0,0
38174,"[14812, 1]",2,41,18,0
38175,"[14813, 0]",1,0,0,0
38176,"[14813, 1]",2,156,64,0
38177,"[14814, 0]",1,158,64,0
38178,"[14815, 0]",1,158,64,0
38179,"[14816, 0]",1,158,64,0
38180,"[14817, 0]",1,158,64,0
38181,"[14818, 0]",1,57,26,0
38182,"[14819, 0]",1,61,28,0
38183,"[14820, 0]",1,0,0,0
38184,"[14820, 1]",2,158,64,0
38185,"[14821, 0]",1,0,0,0
38186,"[14821, 1]",2,0,0,0
38187,"[14821, 2]",19,158,64,0
38188,"[14822, 0]",1,0,0,0
38189,"[14822, 1]",2,41,18,0
38190,"[14823, 0]",1,0,0,0
38191,"[14824, 0]",1,54,24,0
38192,"[14825, 0]",1,0,0,0
38193,"[14825, 1]",2,2,1,0
38194,"[14826, 0]",1,158,64,0
38195,"[14827, 0]",1,0,0,0
38196,"[14827, 1]",2,41,18,11
38197,"[14828, 0]",1,0,0,0
38198,"[14828, 1]",2,2,1,0
38199,"[14829, 0]",1,158,64,0
38200,"[14830, 0]",1,158,64,0
38201,"[14831, 0]",1,0,0,0
38202,"[14831, 1]",6,158,64,-1
38203,"[14831, 2]",4,0,0,-1
38204,"[14831, 3]",3,0,0,-1
38205,"[14831, 4]",41,2,1,7
38206,"[14831, 5]",38,2,1,2
38207,"[14832, 0]",1,0,0,0
38208,"[14832, 1]",7,158,64,-1
38209,"[14832, 2]",6,158,64,1
38210,"[14832, 3]",2,158,64,-1
38211,"[14833, 0]",1,0,0,0
38212,"[14833, 1]",2,156,64,0
38213,"[14834, 0]",1,0,0,0
38214,"[14834, 1]",2,158,64,0
38215,"[14835, 0]",1,158,64,1
38216,"[14836, 0]",1,0,0,0
38217,"[14836, 1]",5,158,64,-1
38218,"[14836, 2]",2,156,64,-1
38219,"[14837, 0]",1,0,0,0
38220,"[14837, 1]",2,41,18,0
38221,"[14838, 0]",1,57,26,0
38222,"[14839, 0]",1,158,64,0
38223,"[14840, 0]",1,0,0,0
38224,"[14840, 1]",2,158,64,0
38225,"[14841, 0]",1,0,0,0
38226,"[14841, 1]",2,0,0,0
38227,"[14841, 2]",23,158,64,0
38228,"[14842, 0]",1,0,0,0
38229,"[14842, 1]",2,0,0,0
38230,"[14842, 2]",26,158,64,0
38231,"[14843, 0]",1,0,0,0
38232,"[14843, 1]",2,41,18,0
38233,"[14844, 0]",1,158,64,0
38234,"[14845, 0]",1,156,64,0
38235,"[14846, 0]",1,158,64,0
38236,"[14847, 0]",1,158,64,1
38237,"[14848, 0]",1,156,64,0
38238,"[14849, 0]",1,0,0,0
38239,"[14849, 1]",2,41,18,0
38240,"[14850, 0]",1,2,1,0
38241,"[14851, 0]",1,0,0,0
38242,"[14851, 1]",2,158,64,0
38243,"[14852, 0]",1,0,0,0
38244,"[14852, 1]",2,158,64,10
38245,"[14853, 0]",1,0,0,0
38246,"[14853, 1]",2,0,0,0
38247,"[14853, 2]",34,41,18,0
38248,"[14854, 0]",1,158,64,0
38249,"[14855, 0]",1,41,18,0
38250,"[14856, 0]",1,0,0,0
38251,"[14856, 1]",3,0,0,0
38252,"[14856, 2]",2,0,0,0
38253,"[14856, 3]",36,57,26,0
38254,"[14856, 4]",30,41,18,0
38255,"[14857, 0]",1,0,0,0
38256,"[14857, 1]",2,158,64,0
38257,"[14858, 0]",1,156,64,0
38258,"[14859, 0]",1,158,64,0
38259,"[14860, 0]",1,0,0,0
38260,"[14860, 1]",2,41,18,0
38261,"[14861, 0]",1,0,0,0
38262,"[14861, 1]",5,0,0,0
38263,"[14861, 2]",3,0,0,0
38264,"[14861, 3]",2,0,0,0
38265,"[14861, 4]",46,0,0,0
38266,"[14861, 5]",44,0,0,0
38267,"[14861, 6]",43,0,0,0
38268,"[14861, 7]",39,0,0,0
38269,"[14861, 8]",23,0,0,0
38270,"[14861, 9]",100,57,26,0
38271,"[14861, 10]",70,158,64,0
38272,"[14861, 11]",69,41,18,0
38273,"[14861, 12]",66,0,0,0
38274,"[14861, 13]",63,0,0,0
38275,"[14861, 14]",57,158,64,0
38276,"[14861, 15]",199,41,18,0
38277,"[14861, 16]",184,0,0,0
38278,"[14861, 17]",338,0,0,0
38279,"[14861, 18]",442,41,18,6
38280,"[14862, 0]",1,41,18,0
38281,"[14863, 0]",1,57,26,0
38282,"[14864, 0]",1,0,0,0
38283,"[14864, 1]",6,0,0,0
38284,"[14864, 2]",3,0,0,0
38285,"[14864, 3]",2,0,0,0
38286,"[14864, 4]",38,158,64,0
38287,"[14864, 5]",37,158,64,0
38288,"[14864, 6]",36,0,0,0
38289,"[14864, 7]",31,158,64,0
38290,"[14864, 8]",8,57,26,0
38291,"[14864, 9]",74,2,1,0
38292,"[14865, 0]",1,41,18,0
38293,"[14866, 0]",1,57,26,0
38294,"[14867, 0]",1,57,26,0
38295,"[14868, 0]",1,158,64,0
38296,"[14869, 0]",1,0,0,0
38297,"[14869, 1]",2,0,0,0
38298,"[14869, 2]",12,158,64,0
38299,"[14870, 0]",1,156,64,0
38300,"[14871, 0]",1,0,0,0
38301,"[14871, 1]",2,158,64,0
38302,"[14872, 0]",1,156,64,0
38303,"[14873, 0]",1,2,1,0
38304,"[14874, 0]",1,0,0,0
38305,"[14874, 1]",2,41,18,0
38306,"[14875, 0]",1,158,64,0
38307,"[14876, 0]",1,0,0,0
38308,"[14876, 1]",7,0,0,0
38309,"[14876, 2]",6,0,0,0
38310,"[14876, 3]",4,0,0,0
38311,"[14876, 4]",2,0,0,0
38312,"[14876, 5]",51,158,64,0
38313,"[14876, 6]",50,0,0,0
38314,"[14876, 7]",49,0,0,0
38315,"[14876, 8]",48,0,0,0
38316,"[14876, 9]",43,0,0,0
38317,"[14876, 10]",37,2,1,0
38318,"[14876, 11]",31,0,0,0
38319,"[14876, 12]",183,57,26,0
38320,"[14876, 13]",132,41,18,0
38321,"[14876, 14]",103,158,64,0
38322,"[14876, 15]",102,156,64,0
38323,"[14876, 16]",101,0,0,0
38324,"[14876, 17]",94,0,0,0
38325,"[14876, 18]",90,158,64,0
38326,"[14876, 19]",272,41,18,0
38327,"[14876, 20]",233,41,18,0
38328,"[14877, 0]",1,0,0,0
38329,"[14877, 1]",2,158,64,0
38330,"[14878, 0]",1,0,0,0
38331,"[14878, 1]",2,41,18,0
38332,"[14879, 0]",1,0,0,0
38333,"[14879, 1]",2,0,0,0
38334,"[14879, 2]",31,41,18,0
38335,"[14880, 0]",1,0,0,0
38336,"[14880, 1]",2,158,64,2
38337,"[14881, 0]",1,0,0,0
38338,"[14881, 1]",2,0,0,0
38339,"[14881, 2]",25,158,64,0
38340,"[14882, 0]",1,158,64,0
38341,"[14883, 0]",1,0,0,0
38342,"[14883, 1]",2,156,64,-1
38343,"[14884, 0]",1,0,0,0
38344,"[14884, 1]",2,0,0,0
38345,"[14884, 2]",86,158,64,-1
38346,"[14885, 0]",1,0,0,0
38347,"[14885, 1]",2,0,0,0
38348,"[14885, 2]",23,156,64,-1
38349,"[14886, 0]",1,156,64,0
38350,"[14887, 0]",1,0,0,0
38351,"[14887, 1]",2,61,28,0
38352,"[14888, 0]",1,54,24,0
38353,"[14889, 0]",1,158,64,0
38354,"[14890, 0]",1,41,18,0
38355,"[14891, 0]",1,0,0,0
38356,"[14891, 1]",2,158,64,2
38357,"[14892, 0]",1,156,64,0
38358,"[14893, 0]",1,2,1,0
38359,"[14894, 0]",1,0,0,0
38360,"[14894, 1]",5,156,64,0
38361,"[14894, 2]",4,158,64,0
38362,"[14894, 3]",2,0,0,0
38363,"[14894, 4]",39,0,0,0
38364,"[14894, 5]",51,158,64,1
38365,"[14895, 0]",1,0,0,0
38366,"[14895, 1]",2,0,0,0
38367,"[14895, 2]",25,0,0,0
38368,"[14895, 3]",38,156,64,0
38369,"[14896, 0]",1,0,0,0
38370,"[14896, 1]",2,158,64,0
38371,"[14897, 0]",1,0,0,0
38372,"[14897, 1]",2,0,0,0
38373,"[14897, 2]",36,2,1,0
38374,"[14898, 0]",1,2,1,0
38375,"[14899, 0]",1,0,0,0
38376,"[14899, 1]",5,0,0,0
38377,"[14899, 2]",3,0,0,0
38378,"[14899, 3]",2,0,0,0
38379,"[14899, 4]",25,0,0,0
38380,"[14899, 5]",24,2,1,0
38381,"[14899, 6]",23,0,0,0
38382,"[14899, 7]",19,0,0,0
38383,"[14899, 8]",8,0,0,0
38384,"[14899, 9]",82,41,18,0
38385,"[14899, 10]",63,156,64,0
38386,"[14899, 11]",45,158,64,0
38387,"[14899, 12]",40,158,64,0
38388,"[14900, 0]",1,41,18,0
38389,"[14901, 0]",1,0,0,0
38390,"[14901, 1]",2,158,64,2
38391,"[14902, 0]",1,0,0,0
38392,"[14902, 1]",2,158,64,0
38393,"[14903, 0]",1,57,26,0
38394,"[14904, 0]",1,158,64,0
38395,"[14905, 0]",1,41,18,0
38396,"[14906, 0]",1,158,64,0
38397,"[14907, 0]",1,158,64,0
38398,"[14908, 0]",1,0,0,0
38399,"[14908, 1]",2,0,0,0
38400,"[14908, 2]",14,0,0,0
38401,"[14908, 3]",30,158,64,6
38402,"[14909, 0]",1,0,0,0
38403,"[14909, 1]",2,57,26,0
38404,"[14910, 0]",1,57,26,0
38405,"[14911, 0]",1,158,64,0
38406,"[14912, 0]",1,41,18,0
38407,"[14913, 0]",1,0,0,0
38408,"[14913, 1]",3,158,64,0
38409,"[14913, 2]",2,41,18,0
38410,"[14914, 0]",1,158,64,0
38411,"[14915, 0]",1,2,1,0
38412,"[14916, 0]",1,158,64,0
38413,"[14917, 0]",1,0,0,0
38414,"[14917, 1]",2,0,0,3
38415,"[14917, 2]",31,158,64,0
38416,"[14918, 0]",1,158,64,0
38417,"[14919, 0]",1,0,0,0
38418,"[14919, 1]",2,0,0,0
38419,"[14919, 2]",10,158,64,3
38420,"[14920, 0]",1,0,0,0
38421,"[14920, 1]",7,41,18,0
38422,"[14920, 2]",6,0,0,0
38423,"[14920, 3]",4,0,0,0
38424,"[14920, 4]",3,0,0,0
38425,"[14920, 5]",2,0,0,0
38426,"[14920, 6]",48,0,0,0
38427,"[14920, 7]",44,0,0,0
38428,"[14920, 8]",43,158,64,0
38429,"[14920, 9]",40,156,64,0
38430,"[14920, 10]",23,41,18,0
38431,"[14920, 11]",101,41,18,0
38432,"[14920, 12]",81,2,1,0
38433,"[14920, 13]",79,158,64,0
38434,"[14920, 14]",78,0,0,0
38435,"[14920, 15]",77,0,0,0
38436,"[14920, 16]",388,0,0,0
38437,"[14920, 17]",387,158,64,0
38438,"[14920, 18]",386,0,0,0
38439,"[14920, 19]",379,156,64,0
38440,"[14920, 20]",422,158,64,0
38441,"[14920, 21]",415,158,64,1
38442,"[14921, 0]",1,156,64,1
38443,"[14922, 0]",1,0,0,0
38444,"[14922, 1]",4,0,0,0
38445,"[14922, 2]",3,0,0,0
38446,"[14922, 3]",2,0,0,0
38447,"[14922, 4]",44,0,0,0
38448,"[14922, 5]",39,158,64,0
38449,"[14922, 6]",36,0,0,-1
38450,"[14922, 7]",125,158,64,-1
38451,"[14922, 8]",99,158,64,0
38452,"[14923, 0]",1,2,1,0
38453,"[14924, 0]",1,57,26,0
38454,"[14925, 0]",1,158,64,0
38455,"[14926, 0]",1,0,0,0
38456,"[14926, 1]",2,41,18,0
38457,"[14927, 0]",1,158,64,0
38458,"[14928, 0]",1,2,1,0
38459,"[14929, 0]",1,41,18,0
38460,"[14930, 0]",1,0,0,0
38461,"[14930, 1]",2,41,18,0
38462,"[14931, 0]",1,0,0,0
38463,"[14931, 1]",2,158,64,0
38464,"[14932, 0]",1,0,0,0
38465,"[14932, 1]",2,158,64,0
38466,"[14933, 0]",1,57,26,0
38467,"[14934, 0]",1,158,64,0
38468,"[14935, 0]",1,0,0,0
38469,"[14935, 1]",2,57,26,4
38470,"[14936, 0]",1,0,0,0
38471,"[14936, 1]",2,0,0,0
38472,"[14936, 2]",22,156,64,0
38473,"[14937, 0]",1,0,0,0
38474,"[14937, 1]",5,158,64,0
38475,"[14937, 2]",3,0,0,0
38476,"[14937, 3]",2,0,0,0
38477,"[14937, 4]",23,158,64,-1
38478,"[14937, 5]",19,156,64,0
38479,"[14938, 0]",1,57,26,0
38480,"[14939, 0]",1,0,0,0
38481,"[14939, 1]",2,41,18,0
38482,"[14940, 0]",1,158,64,0
38483,"[14941, 0]",1,158,64,0
38484,"[14942, 0]",1,158,64,0
38485,"[14943, 0]",1,0,0,0
38486,"[14943, 1]",2,158,64,0
38487,"[14944, 0]",1,0,0,1
38488,"[14944, 1]",2,41,18,19
38489,"[14945, 0]",1,158,64,0
38490,"[14946, 0]",1,2,1,0
38491,"[14947, 0]",1,0,0,0
38492,"[14947, 1]",2,41,18,0
38493,"[14948, 0]",1,57,26,0
38494,"[14949, 0]",1,41,18,0
38495,"[14950, 0]",1,0,0,0
38496,"[14950, 1]",2,0,0,0
38497,"[14950, 2]",24,158,64,2
38498,"[14951, 0]",1,0,0,0
38499,"[14951, 1]",3,57,26,0
38500,"[14951, 2]",2,0,0,0
38501,"[14951, 3]",43,158,64,0
38502,"[14952, 0]",1,0,0,0
38503,"[14952, 1]",2,0,0,0
38504,"[14952, 2]",14,158,64,0
38505,"[14953, 0]",1,158,64,0
38506,"[14954, 0]",1,158,64,0
38507,"[14955, 0]",1,41,18,0
38508,"[14956, 0]",1,0,0,0
38509,"[14956, 1]",5,156,64,0
38510,"[14956, 2]",2,0,0,0
38511,"[14956, 3]",38,156,64,0
38512,"[14957, 0]",1,61,28,0
38513,"[14958, 0]",1,2,1,0
38514,"[14959, 0]",1,158,64,0
38515,"[14960, 0]",1,0,0,0
38516,"[14960, 1]",2,156,64,0
38517,"[14961, 0]",1,0,0,0
38518,"[14961, 1]",2,2,1,0
38519,"[14962, 0]",1,156,64,0
38520,"[14963, 0]",1,0,0,1
38521,"[14963, 1]",2,158,64,0
38522,"[14964, 0]",1,0,0,0
38523,"[14964, 1]",2,158,64,0
38524,"[14965, 0]",1,41,18,0
38525,"[14966, 0]",1,0,0,0
38526,"[14966, 1]",7,0,0,-1
38527,"[14966, 2]",5,0,0,-1
38528,"[14966, 3]",4,0,0,-1
38529,"[14966, 4]",48,0,0,-1
38530,"[14966, 5]",45,158,64,1
38531,"[14966, 6]",26,158,64,-1
38532,"[14966, 7]",66,57,26,11
38533,"[14967, 0]",1,64,29,0
38534,"[14968, 0]",1,0,0,0
38535,"[14968, 1]",2,0,0,0
38536,"[14968, 2]",12,41,18,0
38537,"[14969, 0]",1,158,64,0
38538,"[14970, 0]",1,158,64,0
38539,"[14971, 0]",1,0,0,0
38540,"[14971, 1]",2,158,64,0
38541,"[14972, 0]",1,41,18,0
38542,"[14973, 0]",1,0,0,0
38543,"[14973, 1]",2,0,0,0
38544,"[14973, 2]",29,41,18,0
38545,"[14974, 0]",1,158,64,0
38546,"[14975, 0]",1,158,64,0
38547,"[14976, 0]",1,0,0,0
38548,"[14976, 1]",2,41,18,0
38549,"[14977, 0]",1,0,0,0
38550,"[14977, 1]",2,156,64,0
38551,"[14978, 0]",1,0,0,0
38552,"[14978, 1]",2,0,0,0
38553,"[14978, 2]",18,158,64,0
38554,"[14979, 0]",1,0,0,0
38555,"[14979, 1]",2,0,0,0
38556,"[14979, 2]",18,57,26,1
38557,"[14980, 0]",1,158,64,0
38558,"[14981, 0]",1,158,64,0
38559,"[14982, 0]",1,54,24,0
38560,"[14983, 0]",1,158,64,0
38561,"[14984, 0]",1,57,26,0
38562,"[14985, 0]",1,0,0,0
38563,"[14985, 1]",2,0,0,0
38564,"[14985, 2]",19,0,0,0
38565,"[14985, 3]",87,55,26,1
38566,"[14986, 0]",1,2,1,0
38567,"[14987, 0]",1,0,0,0
38568,"[14987, 1]",2,57,26,0
38569,"[14988, 0]",1,41,18,0
38570,"[14989, 0]",1,41,18,0
38571,"[14990, 0]",1,156,64,0
38572,"[14991, 0]",1,0,0,0
38573,"[14991, 1]",6,57,26,0
38574,"[14991, 2]",3,0,0,0
38575,"[14991, 3]",2,0,0,0
38576,"[14991, 4]",41,0,0,0
38577,"[14991, 5]",40,0,0,0
38578,"[14991, 6]",37,54,24,0
38579,"[14991, 7]",85,156,64,0
38580,"[14991, 8]",82,158,64,0
38581,"[14992, 0]",1,0,0,0
38582,"[14992, 1]",2,0,0,0
38583,"[14992, 2]",32,0,0,0
38584,"[14992, 3]",31,0,0,0
38585,"[14992, 4]",30,0,0,0
38586,"[14992, 5]",60,0,0,0
38587,"[14992, 6]",55,51,24,0
38588,"[14992, 7]",51,2,1,0
38589,"[14992, 8]",93,57,26,2
38590,"[14993, 0]",1,0,0,0
38591,"[14993, 1]",2,0,0,0
38592,"[14993, 2]",25,156,64,0
38593,"[14994, 0]",1,158,64,0
38594,"[14995, 0]",1,0,0,0
38595,"[14995, 1]",2,0,0,0
38596,"[14995, 2]",33,156,64,0
38597,"[14996, 0]",1,158,64,0
38598,"[14997, 0]",1,156,64,0
38599,"[14998, 0]",1,2,1,0
38600,"[14999, 0]",1,158,64,0
38601,"[15000, 0]",1,0,0,0
38602,"[15000, 1]",2,57,26,0
38603,"[15001, 0]",1,158,64,0
38604,"[15002, 0]",1,41,18,0
38605,"[15003, 0]",1,0,0,0
38606,"[15003, 1]",2,41,18,0
38607,"[15004, 0]",1,0,0,0
38608,"[15004, 1]",4,41,18,0
38609,"[15004, 2]",3,59,28,0
38610,"[15004, 3]",2,0,0,0
38611,"[15004, 4]",45,57,26,0
38612,"[15005, 0]",1,41,18,1
38613,"[15006, 0]",1,0,0,0
38614,"[15006, 1]",2,0,0,0
38615,"[15006, 2]",44,2,1,0
38616,"[15007, 0]",1,41,18,0
38617,"[15008, 0]",1,0,0,0
38618,"[15008, 1]",2,41,18,5
38619,"[15009, 0]",1,0,0,0
38620,"[15009, 1]",8,158,64,0
38621,"[15009, 2]",6,0,0,0
38622,"[15009, 3]",4,0,0,0
38623,"[15009, 4]",3,0,0,0
38624,"[15009, 5]",2,0,0,0
38625,"[15009, 6]",53,53,24,0
38626,"[15009, 7]",51,0,0,0
38627,"[15009, 8]",47,0,0,0
38628,"[15009, 9]",45,2,1,0
38629,"[15009, 10]",43,0,0,0
38630,"[15009, 11]",42,0,0,0
38631,"[15009, 12]",37,0,0,0
38632,"[15009, 13]",25,0,0,0
38633,"[15009, 14]",147,156,64,0
38634,"[15009, 15]",134,41,18,0
38635,"[15009, 16]",132,0,0,0
38636,"[15009, 17]",104,0,0,0
38637,"[15009, 18]",101,0,0,0
38638,"[15009, 19]",83,0,0,0
38639,"[15009, 20]",74,57,26,0
38640,"[15009, 21]",361,57,26,0
38641,"[15009, 22]",277,0,0,0
38642,"[15009, 23]",264,57,26,0
38643,"[15009, 24]",254,0,0,0
38644,"[15009, 25]",569,158,64,0
38645,"[15009, 26]",502,156,64,27
38646,"[15010, 0]",1,156,64,0
38647,"[15011, 0]",1,41,18,0
38648,"[15012, 0]",1,158,64,0
38649,"[15013, 0]",1,41,18,0
38650,"[15014, 0]",1,158,64,0
38651,"[15015, 0]",1,0,0,0
38652,"[15015, 1]",2,0,0,0
38653,"[15015, 2]",30,0,0,0
38654,"[15015, 3]",28,0,0,0
38655,"[15015, 4]",54,0,0,0
38656,"[15015, 5]",35,41,18,0
38657,"[15015, 6]",90,2,1,0
38658,"[15016, 0]",1,0,0,0
38659,"[15016, 1]",2,156,64,0
38660,"[15017, 0]",1,41,18,0
38661,"[15018, 0]",1,51,24,0
38662,"[15019, 0]",1,0,0,0
38663,"[15019, 1]",2,41,18,0
38664,"[15020, 0]",1,158,64,0
38665,"[15021, 0]",1,41,18,0
38666,"[15022, 0]",1,158,64,0
38667,"[15023, 0]",1,59,28,1
38668,"[15024, 0]",1,0,0,0
38669,"[15024, 1]",2,55,26,0
38670,"[15025, 0]",1,41,18,0
38671,"[15026, 0]",1,158,64,0
38672,"[15027, 0]",1,0,0,0
38673,"[15027, 1]",2,54,24,0
38674,"[15028, 0]",1,0,0,0
38675,"[15028, 1]",2,41,18,0
38676,"[15029, 0]",1,0,0,0
38677,"[15029, 1]",2,158,64,0
38678,"[15030, 0]",1,2,1,0
38679,"[15031, 0]",1,0,0,0
38680,"[15031, 1]",2,0,0,0
38681,"[15031, 2]",30,158,64,0
38682,"[15032, 0]",1,0,0,0
38683,"[15032, 1]",2,57,26,0
38684,"[15033, 0]",1,0,0,0
38685,"[15033, 1]",2,41,18,0
38686,"[15034, 0]",1,41,18,0
38687,"[15035, 0]",1,0,0,0
38688,"[15035, 1]",4,0,0,0
38689,"[15035, 2]",3,0,0,0
38690,"[15035, 3]",2,0,0,0
38691,"[15035, 4]",48,158,64,0
38692,"[15035, 5]",45,156,64,0
38693,"[15035, 6]",42,158,64,0
38694,"[15036, 0]",1,57,26,0
38695,"[15037, 0]",1,0,0,0
38696,"[15037, 1]",7,41,18,0
38697,"[15037, 2]",4,0,0,0
38698,"[15037, 3]",2,0,0,0
38699,"[15037, 4]",29,0,0,0
38700,"[15037, 5]",27,0,0,0
38701,"[15037, 6]",26,0,0,0
38702,"[15037, 7]",23,156,64,-1
38703,"[15037, 8]",59,158,64,-1
38704,"[15037, 9]",54,0,0,0
38705,"[15037, 10]",49,158,64,0
38706,"[15037, 11]",231,0,0,0
38707,"[15037, 12]",379,158,64,0
38708,"[15038, 0]",1,0,0,0
38709,"[15038, 1]",2,158,64,0
38710,"[15039, 0]",1,158,64,0
38711,"[15040, 0]",1,0,0,0
38712,"[15040, 1]",2,158,64,0
38713,"[15041, 0]",1,57,26,0
38714,"[15042, 0]",1,0,0,0
38715,"[15042, 1]",2,59,28,0
38716,"[15043, 0]",1,41,18,0
38717,"[15044, 0]",1,55,26,0
38718,"[15045, 0]",1,41,18,0
38719,"[15046, 0]",1,0,0,0
38720,"[15046, 1]",2,0,0,0
38721,"[15046, 2]",35,2,1,0
38722,"[15047, 0]",1,41,18,0
38723,"[15048, 0]",1,0,0,0
38724,"[15048, 1]",2,0,0,0
38725,"[15048, 2]",19,59,28,0
38726,"[15049, 0]",1,0,0,0
38727,"[15049, 1]",2,57,26,0
38728,"[15050, 0]",1,158,64,0
38729,"[15051, 0]",1,0,0,0
38730,"[15051, 1]",2,2,1,0
38731,"[15052, 0]",1,41,18,0
38732,"[15053, 0]",1,0,0,0
38733,"[15053, 1]",5,158,64,0
38734,"[15053, 2]",4,54,24,0
38735,"[15053, 3]",2,0,0,0
38736,"[15053, 4]",57,0,0,0
38737,"[15053, 5]",54,0,0,0
38738,"[15053, 6]",51,0,0,0
38739,"[15053, 7]",50,0,0,0
38740,"[15053, 8]",49,0,0,0
38741,"[15053, 9]",48,0,0,0
38742,"[15053, 10]",47,0,0,0
38743,"[15053, 11]",124,0,0,0
38744,"[15053, 12]",122,0,0,0
38745,"[15053, 13]",118,0,0,0
38746,"[15053, 14]",116,0,0,0
38747,"[15053, 15]",112,158,64,5
38748,"[15053, 16]",109,158,64,5
38749,"[15053, 17]",100,0,0,0
38750,"[15053, 18]",91,0,0,0
38751,"[15053, 19]",85,158,64,0
38752,"[15053, 20]",59,57,26,0
38753,"[15053, 21]",504,158,64,0
38754,"[15053, 22]",439,158,64,0
38755,"[15053, 23]",328,57,26,0
38756,"[15053, 24]",314,158,64,0
38757,"[15053, 25]",281,0,0,0
38758,"[15053, 26]",269,41,18,0
38759,"[15053, 27]",895,158,64,0
38760,"[15054, 0]",1,158,64,0
38761,"[15055, 0]",1,158,64,0
38762,"[15056, 0]",1,0,0,0
38763,"[15056, 1]",2,41,18,0
38764,"[15057, 0]",1,158,64,0
38765,"[15058, 0]",1,2,1,0
38766,"[15059, 0]",1,0,0,0
38767,"[15059, 1]",2,0,0,0
38768,"[15059, 2]",74,158,64,7
38769,"[15060, 0]",1,54,24,0
38770,"[15061, 0]",1,156,64,0
38771,"[15062, 0]",1,57,26,0
38772,"[15063, 0]",1,158,64,0
38773,"[15064, 0]",1,0,0,0
38774,"[15064, 1]",3,41,18,0
38775,"[15064, 2]",2,158,64,0
38776,"[15065, 0]",1,0,0,0
38777,"[15065, 1]",2,158,64,0
38778,"[15066, 0]",1,0,0,0
38779,"[15066, 1]",2,41,18,0
38780,"[15067, 0]",1,0,0,0
38781,"[15067, 1]",2,57,26,0
38782,"[15068, 0]",1,0,0,1
38783,"[15068, 1]",2,2,1,0
38784,"[15069, 0]",1,0,0,0
38785,"[15069, 1]",2,0,0,0
38786,"[15069, 2]",47,41,18,0
38787,"[15069, 3]",46,57,26,0
38788,"[15070, 0]",1,0,0,0
38789,"[15070, 1]",2,2,1,0
38790,"[15071, 0]",1,0,0,0
38791,"[15071, 1]",2,0,0,0
38792,"[15071, 2]",76,57,26,-1
38793,"[15072, 0]",1,57,26,0
38794,"[15073, 0]",1,158,64,0
38795,"[15074, 0]",1,57,26,0
38796,"[15075, 0]",1,57,26,0
38797,"[15076, 0]",1,0,0,0
38798,"[15076, 1]",3,0,0,-1
38799,"[15076, 2]",2,0,0,-1
38800,"[15076, 3]",47,156,64,-1
38801,"[15076, 4]",46,0,0,-1
38802,"[15076, 5]",41,158,64,-1
38803,"[15076, 6]",40,0,0,-1
38804,"[15076, 7]",100,158,64,-1
38805,"[15076, 8]",76,0,0,5
38806,"[15076, 9]",75,0,0,-1
38807,"[15076, 10]",276,0,0,-1
38808,"[15076, 11]",272,2,1,0
38809,"[15076, 12]",270,0,0,0
38810,"[15076, 13]",459,59,28,0
38811,"[15076, 14]",424,158,64,-1
38812,"[15077, 0]",1,0,0,0
38813,"[15077, 1]",2,158,64,0
38814,"[15078, 0]",1,0,0,0
38815,"[15078, 1]",2,41,18,0
38816,"[15079, 0]",1,0,0,0
38817,"[15079, 1]",6,158,64,0
38818,"[15079, 2]",4,41,18,0
38819,"[15079, 3]",3,0,0,0
38820,"[15079, 4]",27,41,18,0
38821,"[15080, 0]",1,41,18,0
38822,"[15081, 0]",1,158,64,0
38823,"[15082, 0]",1,158,64,0
38824,"[15083, 0]",1,41,18,0
38825,"[15084, 0]",1,158,64,0
38826,"[15085, 0]",1,0,0,0
38827,"[15085, 1]",2,0,0,-1
38828,"[15085, 2]",14,58,26,5
38829,"[15086, 0]",1,41,18,0
38830,"[15087, 0]",1,0,0,0
38831,"[15087, 1]",3,0,0,0
38832,"[15087, 2]",17,54,24,0
38833,"[15088, 0]",1,57,26,1
38834,"[15089, 0]",1,0,0,0
38835,"[15089, 1]",2,156,64,-1
38836,"[15090, 0]",1,41,18,0
38837,"[15091, 0]",1,59,28,0
38838,"[15092, 0]",1,0,0,0
38839,"[15092, 1]",2,59,28,0
38840,"[15093, 0]",1,0,0,0
38841,"[15093, 1]",2,158,64,0
38842,"[15094, 0]",1,0,0,0
38843,"[15094, 1]",2,0,0,-1
38844,"[15094, 2]",36,158,64,-1
38845,"[15094, 3]",34,158,64,-1
38846,"[15094, 4]",33,0,0,-1
38847,"[15094, 5]",82,158,64,7
38848,"[15094, 6]",78,0,0,-1
38849,"[15094, 7]",156,158,64,-1
38850,"[15094, 8]",154,156,64,-1
38851,"[15094, 9]",153,156,64,-1
38852,"[15095, 0]",1,0,0,0
38853,"[15095, 1]",2,158,64,0
38854,"[15096, 0]",1,158,64,0
38855,"[15097, 0]",1,158,64,0
38856,"[15098, 0]",1,158,64,0
38857,"[15099, 0]",1,158,64,0
38858,"[15100, 0]",1,0,0,0
38859,"[15100, 1]",2,158,64,4
38860,"[15101, 0]",1,158,64,0
38861,"[15102, 0]",1,0,0,0
38862,"[15102, 1]",6,0,0,-1
38863,"[15102, 2]",4,158,64,-1
38864,"[15102, 3]",2,0,0,-1
38865,"[15102, 4]",50,0,0,-1
38866,"[15102, 5]",48,158,64,-1
38867,"[15102, 6]",8,41,18,13
38868,"[15102, 7]",72,158,64,6
38869,"[15103, 0]",1,0,0,0
38870,"[15103, 1]",2,0,0,0
38871,"[15103, 2]",19,0,0,0
38872,"[15103, 3]",65,41,18,0
38873,"[15104, 0]",1,0,0,0
38874,"[15104, 1]",2,0,0,0
38875,"[15104, 2]",19,158,64,0
38876,"[15105, 0]",1,0,0,0
38877,"[15105, 1]",2,158,64,0
38878,"[15106, 0]",1,158,64,0
38879,"[15107, 0]",1,0,0,0
38880,"[15107, 1]",2,57,26,-1
38881,"[15108, 0]",1,0,0,0
38882,"[15108, 1]",2,156,64,0
38883,"[15109, 0]",1,0,0,0
38884,"[15109, 1]",4,41,18,0
38885,"[15109, 2]",2,0,0,0
38886,"[15109, 3]",17,41,18,0
38887,"[15110, 0]",1,0,0,0
38888,"[15110, 1]",2,0,0,0
38889,"[15110, 2]",77,0,0,0
38890,"[15110, 3]",127,158,64,0
38891,"[15111, 0]",1,0,0,0
38892,"[15111, 1]",2,0,0,0
38893,"[15111, 2]",15,57,26,6
38894,"[15112, 0]",1,158,64,0
38895,"[15113, 0]",1,0,0,0
38896,"[15114, 0]",1,37,18,0
38897,"[15115, 0]",1,158,64,0
38898,"[15116, 0]",1,0,0,0
38899,"[15116, 1]",2,158,64,-1
38900,"[15117, 0]",1,41,18,0
38901,"[15118, 0]",1,0,0,0
38902,"[15118, 1]",3,0,0,-1
38903,"[15118, 2]",2,0,0,-1
38904,"[15118, 3]",29,156,64,-1
38905,"[15118, 4]",23,158,64,-1
38906,"[15119, 0]",1,156,64,0
38907,"[15120, 0]",1,0,0,0
38908,"[15120, 1]",2,158,64,0
38909,"[15121, 0]",1,158,64,0
38910,"[15122, 0]",1,156,64,0
38911,"[15123, 0]",1,57,26,0
38912,"[15124, 0]",1,41,18,1
38913,"[15125, 0]",1,0,0,0
38914,"[15125, 1]",2,2,1,0
38915,"[15126, 0]",1,0,0,0
38916,"[15126, 1]",3,0,0,0
38917,"[15126, 2]",2,0,0,0
38918,"[15126, 3]",32,158,64,0
38919,"[15126, 4]",28,158,64,0
38920,"[15127, 0]",1,0,0,0
38921,"[15127, 1]",2,2,1,0
38922,"[15128, 0]",1,2,1,0
38923,"[15129, 0]",1,63,28,0
38924,"[15130, 0]",1,158,64,0
38925,"[15131, 0]",1,156,64,0
38926,"[15132, 0]",1,158,64,0
38927,"[15133, 0]",1,57,26,0
38928,"[15134, 0]",1,41,18,0
38929,"[15135, 0]",1,158,64,0
38930,"[15136, 0]",1,0,0,0
38931,"[15136, 1]",2,0,0,0
38932,"[15136, 2]",20,158,64,-1
38933,"[15137, 0]",1,0,0,0
38934,"[15137, 1]",2,54,24,0
38935,"[15138, 0]",1,41,18,0
38936,"[15139, 0]",1,158,64,0
38937,"[15140, 0]",1,156,64,0
38938,"[15141, 0]",1,2,1,0
38939,"[15142, 0]",1,156,64,0
38940,"[15143, 0]",1,0,0,0
38941,"[15143, 1]",3,0,0,0
38942,"[15143, 2]",2,0,0,0
38943,"[15143, 3]",40,0,0,0
38944,"[15143, 4]",39,0,0,0
38945,"[15143, 5]",37,0,0,0
38946,"[15143, 6]",32,0,0,0
38947,"[15143, 7]",115,53,24,0
38948,"[15143, 8]",88,41,18,0
38949,"[15143, 9]",85,0,0,0
38950,"[15143, 10]",68,0,0,0
38951,"[15143, 11]",62,41,18,0
38952,"[15143, 12]",214,57,26,22
38953,"[15143, 13]",196,0,0,0
38954,"[15143, 14]",351,158,64,0
38955,"[15144, 0]",1,0,0,0
38956,"[15144, 1]",2,158,64,0
38957,"[15145, 0]",1,41,18,0
38958,"[15146, 0]",1,158,64,0
38959,"[15147, 0]",1,41,18,0
38960,"[15148, 0]",1,158,64,0
38961,"[15149, 0]",1,0,0,0
38962,"[15149, 1]",2,57,26,0
38963,"[15150, 0]",1,158,64,0
38964,"[15151, 0]",1,41,18,0
38965,"[15152, 0]",1,41,18,0
38966,"[15153, 0]",1,0,0,0
38967,"[15153, 1]",7,57,26,0
38968,"[15153, 2]",5,0,0,0
38969,"[15153, 3]",4,0,0,0
38970,"[15153, 4]",26,158,64,0
38971,"[15153, 5]",23,156,64,0
38972,"[15154, 0]",1,0,0,0
38973,"[15154, 1]",2,0,0,2
38974,"[15154, 2]",52,41,18,0
38975,"[15155, 0]",1,156,64,0
38976,"[15156, 0]",1,0,0,0
38977,"[15156, 1]",2,158,64,0
38978,"[15157, 0]",1,2,1,0
38979,"[15158, 0]",1,0,0,0
38980,"[15158, 1]",3,0,0,5
38981,"[15158, 2]",2,0,0,4
38982,"[15158, 3]",75,158,64,0
38983,"[15158, 4]",71,41,18,0
38984,"[15159, 0]",1,158,64,0
38985,"[15160, 0]",1,41,18,1
38986,"[15161, 0]",1,0,0,0
38987,"[15161, 1]",2,57,26,0
38988,"[15162, 0]",1,158,64,0
38989,"[15163, 0]",1,158,64,0
38990,"[15164, 0]",1,0,0,0
38991,"[15164, 1]",4,158,64,0
38992,"[15164, 2]",2,0,0,0
38993,"[15164, 3]",29,0,0,0
38994,"[15164, 4]",42,0,0,0
38995,"[15164, 5]",97,54,24,0
38996,"[15165, 0]",1,0,0,0
38997,"[15165, 1]",2,158,64,5
38998,"[15166, 0]",1,0,0,0
38999,"[15166, 1]",2,41,18,0
39000,"[15167, 0]",1,0,0,0
39001,"[15167, 1]",2,0,0,0
39002,"[15167, 2]",32,158,64,0
39003,"[15168, 0]",1,0,0,0
39004,"[15168, 1]",2,41,18,0
39005,"[15169, 0]",1,0,0,0
39006,"[15169, 1]",2,158,64,0
39007,"[15170, 0]",1,0,0,1
39008,"[15170, 1]",2,2,1,0
39009,"[15171, 0]",1,0,0,0
39010,"[15171, 1]",2,158,64,-1
39011,"[15172, 0]",1,158,64,0
39012,"[15173, 0]",1,158,64,0
39013,"[15174, 0]",1,0,0,0
39014,"[15174, 1]",2,158,64,6
39015,"[15175, 0]",1,0,0,0
39016,"[15175, 1]",2,158,64,0
39017,"[15176, 0]",1,0,0,0
39018,"[15176, 1]",2,158,64,0
39019,"[15177, 0]",1,2,1,0
39020,"[15178, 0]",1,0,0,0
39021,"[15178, 1]",2,158,64,0
39022,"[15179, 0]",1,0,0,0
39023,"[15179, 1]",2,0,0,0
39024,"[15179, 2]",47,158,64,0
39025,"[15179, 3]",46,158,64,0
39026,"[15179, 4]",44,0,0,0
39027,"[15179, 5]",83,158,64,0
39028,"[15180, 0]",1,0,0,0
39029,"[15180, 1]",2,158,64,0
39030,"[15181, 0]",1,0,0,0
39031,"[15181, 1]",4,0,0,0
39032,"[15181, 2]",2,0,0,0
39033,"[15181, 3]",53,41,18,0
39034,"[15181, 4]",34,57,26,0
39035,"[15182, 0]",1,158,64,0
39036,"[15183, 0]",1,57,26,0
39037,"[15184, 0]",1,158,64,0
39038,"[15185, 0]",1,0,0,0
39039,"[15185, 1]",2,158,64,0
39040,"[15186, 0]",1,158,64,0
39041,"[15187, 0]",1,158,64,0
39042,"[15188, 0]",1,57,26,0
39043,"[15189, 0]",1,0,0,0
39044,"[15189, 1]",6,59,28,0
39045,"[15189, 2]",5,41,18,0
39046,"[15189, 3]",3,0,0,0
39047,"[15189, 4]",2,0,0,0
39048,"[15189, 5]",42,41,18,0
39049,"[15189, 6]",40,158,64,0
39050,"[15189, 7]",39,0,0,0
39051,"[15189, 8]",35,2,1,0
39052,"[15189, 9]",73,0,0,0
39053,"[15189, 10]",211,0,0,0
39054,"[15189, 11]",340,41,18,0
39055,"[15190, 0]",1,158,64,0
39056,"[15191, 0]",1,0,0,0
39057,"[15191, 1]",2,0,0,-1
39058,"[15191, 2]",19,57,26,2
39059,"[15192, 0]",1,55,26,0
39060,"[15193, 0]",1,57,26,0
39061,"[15194, 0]",1,158,64,0
39062,"[15195, 0]",1,0,0,0
39063,"[15195, 1]",2,2,1,0
39064,"[15196, 0]",1,0,0,0
39065,"[15196, 1]",4,0,0,0
39066,"[15196, 2]",27,57,26,0
39067,"[15197, 0]",1,158,64,0
39068,"[15198, 0]",1,0,0,0
39069,"[15198, 1]",2,41,18,0
39070,"[15199, 0]",1,158,64,0
39071,"[15200, 0]",1,54,24,0
39072,"[15201, 0]",1,0,0,0
39073,"[15201, 1]",2,2,1,0
39074,"[15202, 0]",1,0,0,0
39075,"[15202, 1]",2,158,64,1
39076,"[15203, 0]",1,0,0,0
39077,"[15203, 1]",2,2,1,0
39078,"[15204, 0]",1,158,64,0
39079,"[15205, 0]",1,156,64,1
39080,"[15206, 0]",1,158,64,0
39081,"[15207, 0]",1,158,64,0
39082,"[15208, 0]",1,0,0,0
39083,"[15208, 1]",2,0,0,0
39084,"[15208, 2]",19,156,64,0
39085,"[15209, 0]",1,0,0,0
39086,"[15209, 1]",2,41,18,0
39087,"[15210, 0]",1,158,64,0
39088,"[15211, 0]",1,156,64,0
39089,"[15212, 0]",1,51,24,0
39090,"[15213, 0]",1,0,0,0
39091,"[15213, 1]",2,41,18,0
39092,"[15214, 0]",1,158,64,1
39093,"[15215, 0]",1,158,64,0
39094,"[15216, 0]",1,0,0,0
39095,"[15216, 1]",5,0,0,-1
39096,"[15216, 2]",3,0,0,-1
39097,"[15216, 3]",2,0,0,3
39098,"[15216, 4]",28,0,0,-1
39099,"[15216, 5]",27,158,64,-1
39100,"[15216, 6]",21,158,64,1
39101,"[15216, 7]",15,0,0,-1
39102,"[15216, 8]",124,2,1,3
39103,"[15216, 9]",62,158,64,-1
39104,"[15217, 0]",1,0,0,0
39105,"[15217, 1]",2,158,64,0
39106,"[15218, 0]",1,41,18,0
39107,"[15219, 0]",1,0,0,0
39108,"[15219, 1]",2,41,18,0
39109,"[15220, 0]",1,158,64,1
39110,"[15221, 0]",1,158,64,0
39111,"[15222, 0]",1,158,64,0
39112,"[15223, 0]",1,2,1,0
39113,"[15224, 0]",1,0,0,0
39114,"[15224, 1]",2,41,18,0
39115,"[15225, 0]",1,0,0,0
39116,"[15225, 1]",2,158,64,2
39117,"[15226, 0]",1,0,0,1
39118,"[15226, 1]",2,156,64,0
39119,"[15227, 0]",1,0,0,0
39120,"[15227, 1]",2,2,1,0
39121,"[15228, 0]",1,158,64,0
39122,"[15229, 0]",1,158,64,0
39123,"[15230, 0]",1,156,64,0
39124,"[15231, 0]",1,158,64,0
39125,"[15232, 0]",1,158,64,0
39126,"[15233, 0]",1,41,18,0
39127,"[15234, 0]",1,0,0,0
39128,"[15234, 1]",2,0,0,0
39129,"[15234, 2]",41,156,64,0
39130,"[15235, 0]",1,0,0,0
39131,"[15235, 1]",2,57,26,0
39132,"[15236, 0]",1,0,0,0
39133,"[15236, 1]",5,158,64,0
39134,"[15236, 2]",4,0,0,0
39135,"[15236, 3]",2,0,0,0
39136,"[15236, 4]",33,0,0,0
39137,"[15236, 5]",25,54,24,0
39138,"[15236, 6]",63,156,64,0
39139,"[15237, 0]",1,0,0,0
39140,"[15237, 1]",2,158,64,0
39141,"[15238, 0]",1,158,64,0
39142,"[15239, 0]",1,158,64,0
39143,"[15240, 0]",1,57,26,0
39144,"[15241, 0]",1,158,64,0
39145,"[15242, 0]",1,61,28,0
39146,"[15243, 0]",1,2,1,0
39147,"[15244, 0]",1,158,64,0
39148,"[15245, 0]",1,53,24,0
39149,"[15246, 0]",1,41,18,0
39150,"[15247, 0]",1,57,26,0
39151,"[15248, 0]",1,2,1,0
39152,"[15249, 0]",1,158,64,0
39153,"[15250, 0]",1,0,0,0
39154,"[15250, 1]",2,0,0,-1
39155,"[15250, 2]",35,158,64,-1
39156,"[15250, 3]",33,0,0,-1
39157,"[15250, 4]",56,158,64,-1
39158,"[15251, 0]",1,0,0,0
39159,"[15251, 1]",2,0,0,0
39160,"[15251, 2]",19,158,64,0
39161,"[15252, 0]",1,0,0,0
39162,"[15252, 1]",2,158,64,6
39163,"[15253, 0]",1,41,18,0
39164,"[15254, 0]",1,0,0,0
39165,"[15254, 1]",2,54,24,0
39166,"[15255, 0]",1,158,64,0
39167,"[15256, 0]",1,0,0,0
39168,"[15256, 1]",2,41,18,0
39169,"[15257, 0]",1,57,26,0
39170,"[15258, 0]",1,0,0,0
39171,"[15258, 1]",2,0,0,0
39172,"[15258, 2]",39,41,18,0
39173,"[15259, 0]",1,41,18,0
39174,"[15260, 0]",1,158,64,1
39175,"[15261, 0]",1,0,0,0
39176,"[15261, 1]",2,41,18,0
39177,"[15262, 0]",1,158,64,0
39178,"[15263, 0]",1,0,0,0
39179,"[15263, 1]",2,0,0,0
39180,"[15263, 2]",31,0,0,0
39181,"[15263, 3]",29,0,0,0
39182,"[15263, 4]",64,0,0,0
39183,"[15263, 5]",61,0,0,0
39184,"[15263, 6]",60,0,0,0
39185,"[15263, 7]",59,0,0,0
39186,"[15263, 8]",43,41,18,0
39187,"[15263, 9]",127,57,26,0
39188,"[15263, 10]",126,0,0,0
39189,"[15263, 11]",124,0,0,0
39190,"[15263, 12]",118,41,18,0
39191,"[15263, 13]",110,41,18,0
39192,"[15263, 14]",94,57,26,0
39193,"[15263, 15]",212,0,0,0
39194,"[15263, 16]",201,57,26,0
39195,"[15263, 17]",438,158,64,10
39196,"[15264, 0]",1,0,0,0
39197,"[15264, 1]",2,158,64,0
39198,"[15265, 0]",1,0,0,0
39199,"[15265, 1]",2,158,64,11
39200,"[15266, 0]",1,0,0,0
39201,"[15266, 1]",4,41,18,0
39202,"[15266, 2]",2,0,0,0
39203,"[15266, 3]",39,0,0,0
39204,"[15266, 4]",58,158,64,-1
39205,"[15267, 0]",1,0,0,0
39206,"[15267, 1]",5,158,64,0
39207,"[15267, 2]",2,0,0,0
39208,"[15267, 3]",21,0,0,0
39209,"[15267, 4]",46,158,64,0
39210,"[15267, 5]",45,0,0,0
39211,"[15267, 6]",44,0,0,0
39212,"[15267, 7]",43,0,0,0
39213,"[15267, 8]",146,158,64,0
39214,"[15267, 9]",143,41,18,0
39215,"[15267, 10]",140,41,18,0
39216,"[15268, 0]",1,0,0,0
39217,"[15268, 1]",5,0,0,0
39218,"[15268, 2]",4,55,26,0
39219,"[15268, 3]",2,156,64,0
39220,"[15268, 4]",31,158,64,-1
39221,"[15269, 0]",1,53,24,0
39222,"[15270, 0]",1,158,64,0
39223,"[15271, 0]",1,158,64,0
39224,"[15272, 0]",1,0,0,0
39225,"[15272, 1]",2,0,0,0
39226,"[15272, 2]",17,158,64,0
39227,"[15273, 0]",1,0,0,0
39228,"[15273, 1]",2,57,26,0
39229,"[15274, 0]",1,158,64,0
39230,"[15275, 0]",1,0,0,0
39231,"[15275, 1]",6,41,18,0
39232,"[15275, 2]",3,156,64,0
39233,"[15275, 3]",2,0,0,0
39234,"[15275, 4]",44,0,0,0
39235,"[15275, 5]",74,158,64,0
39236,"[15275, 6]",72,0,0,0
39237,"[15275, 7]",239,0,0,0
39238,"[15275, 8]",284,0,0,-1
39239,"[15275, 9]",355,59,28,1
39240,"[15276, 0]",1,0,0,0
39241,"[15276, 1]",2,2,1,-1
39242,"[15277, 0]",1,0,0,0
39243,"[15277, 1]",2,41,18,0
39244,"[15278, 0]",1,0,0,0
39245,"[15278, 1]",8,0,0,0
39246,"[15278, 2]",7,0,0,0
39247,"[15278, 3]",5,0,0,0
39248,"[15278, 4]",4,0,0,0
39249,"[15278, 5]",3,0,0,0
39250,"[15278, 6]",2,0,0,0
39251,"[15278, 7]",71,156,64,0
39252,"[15278, 8]",68,0,0,0
39253,"[15278, 9]",67,0,0,0
39254,"[15278, 10]",63,55,26,0
39255,"[15278, 11]",62,57,26,0
39256,"[15278, 12]",61,158,64,0
39257,"[15278, 13]",58,0,0,-1
39258,"[15278, 14]",54,158,64,0
39259,"[15278, 15]",53,41,18,0
39260,"[15278, 16]",51,0,0,0
39261,"[15278, 17]",49,156,64,0
39262,"[15278, 18]",48,0,0,0
39263,"[15278, 19]",44,0,0,0
39264,"[15278, 20]",188,158,64,-1
39265,"[15278, 21]",163,156,64,-1
39266,"[15278, 22]",153,0,0,0
39267,"[15278, 23]",128,0,0,-1
39268,"[15278, 24]",97,57,26,0
39269,"[15278, 25]",93,158,64,0
39270,"[15278, 26]",432,158,64,4
39271,"[15278, 27]",313,2,1,0
39272,"[15279, 0]",1,156,64,1
39273,"[15280, 0]",1,158,64,0
39274,"[15281, 0]",1,158,64,0
39275,"[15282, 0]",1,0,0,0
39276,"[15282, 1]",2,41,18,0
39277,"[15283, 0]",1,158,64,0
39278,"[15284, 0]",1,0,0,0
39279,"[15284, 1]",2,0,0,0
39280,"[15284, 2]",82,57,26,0
39281,"[15285, 0]",1,0,0,0
39282,"[15285, 1]",2,0,0,0
39283,"[15285, 2]",26,158,64,0
39284,"[15286, 0]",1,0,0,0
39285,"[15286, 1]",2,41,18,0
39286,"[15287, 0]",1,57,26,0
39287,"[15288, 0]",1,57,26,0
39288,"[15289, 0]",1,0,0,0
39289,"[15289, 1]",2,55,26,0
39290,"[15290, 0]",1,158,64,0
39291,"[15291, 0]",1,0,0,0
39292,"[15291, 1]",3,41,18,0
39293,"[15291, 2]",2,41,18,0
39294,"[15292, 0]",1,0,0,0
39295,"[15292, 1]",5,57,26,0
39296,"[15292, 2]",4,41,18,0
39297,"[15292, 3]",2,0,0,0
39298,"[15292, 4]",27,0,0,0
39299,"[15292, 5]",57,0,0,0
39300,"[15292, 6]",130,158,64,0
39301,"[15293, 0]",1,41,18,0
39302,"[15294, 0]",1,57,26,0
39303,"[15295, 0]",1,0,0,1
39304,"[15295, 1]",3,158,64,0
39305,"[15295, 2]",2,54,24,0
39306,"[15296, 0]",1,158,64,0
39307,"[15297, 0]",1,158,64,0
39308,"[15298, 0]",1,41,18,0
39309,"[15299, 0]",1,41,18,0
39310,"[15300, 0]",1,0,0,0
39311,"[15300, 1]",2,158,64,0
39312,"[15301, 0]",1,0,0,0
39313,"[15301, 1]",2,0,0,0
39314,"[15301, 2]",33,0,0,0
39315,"[15301, 3]",61,0,0,0
39316,"[15301, 4]",59,0,0,0
39317,"[15301, 5]",116,0,0,0
39318,"[15301, 6]",101,41,18,0
39319,"[15301, 7]",165,0,0,-1
39320,"[15301, 8]",253,158,64,6
39321,"[15302, 0]",1,0,0,0
39322,"[15302, 1]",2,0,0,0
39323,"[15302, 2]",16,51,24,-1
39324,"[15303, 0]",1,0,0,0
39325,"[15303, 1]",2,51,24,0
39326,"[15304, 0]",1,0,0,0
39327,"[15304, 1]",2,41,18,0
39328,"[15305, 0]",1,2,1,0
39329,"[15306, 0]",1,2,1,0
39330,"[15307, 0]",1,0,0,0
39331,"[15307, 1]",2,41,18,0
39332,"[15308, 0]",1,0,0,0
39333,"[15308, 1]",2,158,64,0
39334,"[15309, 0]",1,2,1,0
39335,"[15310, 0]",1,0,0,0
39336,"[15310, 1]",2,41,18,7
39337,"[15311, 0]",1,41,18,0
39338,"[15312, 0]",1,158,64,0
39339,"[15313, 0]",1,158,64,0
39340,"[15314, 0]",1,158,64,0
39341,"[15315, 0]",1,0,0,0
39342,"[15315, 1]",2,41,18,0
39343,"[15316, 0]",1,0,0,0
39344,"[15316, 1]",3,0,0,0
39345,"[15316, 2]",2,37,18,0
39346,"[15316, 3]",26,41,18,0
39347,"[15317, 0]",1,158,64,0
39348,"[15318, 0]",1,0,0,0
39349,"[15318, 1]",2,41,18,9
39350,"[15319, 0]",1,158,64,0
39351,"[15320, 0]",1,158,64,0
39352,"[15321, 0]",1,0,0,0
39353,"[15321, 1]",5,0,0,0
39354,"[15321, 2]",4,0,0,0
39355,"[15321, 3]",3,0,0,0
39356,"[15321, 4]",2,0,0,0
39357,"[15321, 5]",61,0,0,0
39358,"[15321, 6]",60,0,0,0
39359,"[15321, 7]",57,0,0,0
39360,"[15321, 8]",55,0,0,0
39361,"[15321, 9]",52,158,64,0
39362,"[15321, 10]",51,158,64,0
39363,"[15321, 11]",49,0,0,0
39364,"[15321, 12]",41,0,0,0
39365,"[15321, 13]",183,57,26,8
39366,"[15321, 14]",142,54,24,0
39367,"[15321, 15]",115,0,0,0
39368,"[15321, 16]",109,41,18,0
39369,"[15321, 17]",90,0,0,0
39370,"[15321, 18]",89,0,0,0
39371,"[15321, 19]",87,0,0,0
39372,"[15321, 20]",85,0,0,0
39373,"[15321, 21]",82,156,64,0
39374,"[15321, 22]",368,158,64,0
39375,"[15321, 23]",366,0,0,0
39376,"[15321, 24]",361,58,26,0
39377,"[15321, 25]",349,0,0,0
39378,"[15321, 26]",346,57,26,0
39379,"[15321, 27]",279,158,64,0
39380,"[15321, 28]",527,2,1,0
39381,"[15321, 29]",470,0,0,0
39382,"[15321, 30]",903,41,18,0
39383,"[15322, 0]",1,158,64,0
39384,"[15323, 0]",1,0,0,0
39385,"[15323, 1]",2,158,64,1
39386,"[15324, 0]",1,156,64,0
39387,"[15325, 0]",1,41,18,0
39388,"[15326, 0]",1,0,0,0
39389,"[15326, 1]",3,158,64,0
39390,"[15326, 2]",2,54,24,0
39391,"[15327, 0]",1,158,64,0
39392,"[15328, 0]",1,0,0,0
39393,"[15328, 1]",2,41,18,0
39394,"[15329, 0]",1,0,0,0
39395,"[15329, 1]",5,158,64,0
39396,"[15329, 2]",4,0,0,0
39397,"[15329, 3]",3,0,0,0
39398,"[15329, 4]",13,0,0,0
39399,"[15329, 5]",10,57,26,0
39400,"[15329, 6]",38,158,64,-1
39401,"[15330, 0]",1,57,26,0
39402,"[15331, 0]",1,0,0,0
39403,"[15331, 1]",2,156,64,1
39404,"[15332, 0]",1,158,64,0
39405,"[15333, 0]",1,57,26,1
39406,"[15334, 0]",1,0,0,0
39407,"[15334, 1]",2,0,0,0
39408,"[15334, 2]",35,158,64,0
39409,"[15335, 0]",1,158,64,0
39410,"[15336, 0]",1,41,18,0
39411,"[15337, 0]",1,158,64,0
39412,"[15338, 0]",1,0,0,0
39413,"[15338, 1]",2,37,18,0
39414,"[15339, 0]",1,0,0,0
39415,"[15339, 1]",2,158,64,-1
39416,"[15340, 0]",1,41,18,0
39417,"[15341, 0]",1,0,0,0
39418,"[15341, 1]",6,0,0,0
39419,"[15341, 2]",5,0,0,0
39420,"[15341, 3]",2,0,0,0
39421,"[15341, 4]",33,41,18,0
39422,"[15341, 5]",20,0,0,8
39423,"[15341, 6]",17,57,26,0
39424,"[15341, 7]",114,158,64,0
39425,"[15342, 0]",1,158,64,0
39426,"[15343, 0]",1,0,0,0
39427,"[15343, 1]",3,0,0,-1
39428,"[15343, 2]",47,2,1,-1
39429,"[15344, 0]",1,0,0,1
39430,"[15344, 1]",2,57,26,0
39431,"[15345, 0]",1,158,64,0
39432,"[15346, 0]",1,158,64,0
39433,"[15347, 0]",1,0,0,0
39434,"[15347, 1]",2,0,0,0
39435,"[15347, 2]",19,41,18,0
39436,"[15348, 0]",1,59,28,0
39437,"[15349, 0]",1,0,0,0
39438,"[15349, 1]",2,2,1,0
39439,"[15350, 0]",1,41,18,0
39440,"[15351, 0]",1,0,0,0
39441,"[15351, 1]",2,0,0,0
39442,"[15351, 2]",20,0,0,0
39443,"[15351, 3]",86,2,1,0
39444,"[15352, 0]",1,41,18,0
39445,"[15353, 0]",1,156,64,0
39446,"[15354, 0]",1,41,18,0
39447,"[15355, 0]",1,0,0,0
39448,"[15355, 1]",2,0,0,-1
39449,"[15355, 2]",13,158,64,1
39450,"[15356, 0]",1,41,18,0
39451,"[15357, 0]",1,158,64,1
39452,"[15358, 0]",1,0,0,0
39453,"[15358, 1]",2,158,64,0
39454,"[15359, 0]",1,0,0,0
39455,"[15359, 1]",2,158,64,0
39456,"[15360, 0]",1,0,0,0
39457,"[15360, 1]",2,156,64,0
39458,"[15361, 0]",1,158,64,0
39459,"[15362, 0]",1,0,0,0
39460,"[15362, 1]",2,0,0,0
39461,"[15362, 2]",12,41,18,0
39462,"[15363, 0]",1,0,0,0
39463,"[15363, 1]",2,156,64,2
39464,"[15364, 0]",1,0,0,0
39465,"[15364, 1]",2,0,0,0
39466,"[15364, 2]",17,158,64,-1
39467,"[15365, 0]",1,0,0,0
39468,"[15365, 1]",2,0,0,0
39469,"[15365, 2]",35,156,64,-1
39470,"[15365, 3]",34,0,0,-1
39471,"[15365, 4]",32,156,64,-1
39472,"[15365, 5]",49,158,64,-1
39473,"[15366, 0]",1,158,64,0
39474,"[15367, 0]",1,0,0,0
39475,"[15367, 1]",2,158,64,0
39476,"[15368, 0]",1,158,64,1
39477,"[15369, 0]",1,158,64,0
39478,"[15370, 0]",1,41,18,0
39479,"[15371, 0]",1,57,26,0
39480,"[15372, 0]",1,0,0,0
39481,"[15372, 1]",5,57,26,0
39482,"[15372, 2]",4,41,18,0
39483,"[15372, 3]",3,41,18,0
39484,"[15372, 4]",2,0,0,0
39485,"[15372, 5]",23,0,0,-1
39486,"[15372, 6]",41,0,0,-1
39487,"[15372, 7]",150,2,1,-1
39488,"[15373, 0]",1,54,24,0
39489,"[15374, 0]",1,0,0,0
39490,"[15374, 1]",6,41,18,0
39491,"[15374, 2]",4,0,0,0
39492,"[15374, 3]",2,0,0,0
39493,"[15374, 4]",48,0,0,0
39494,"[15374, 5]",33,54,24,0
39495,"[15374, 6]",92,0,0,0
39496,"[15374, 7]",226,156,64,0
39497,"[15375, 0]",1,41,18,0
39498,"[15376, 0]",1,0,0,0
39499,"[15376, 1]",3,0,0,0
39500,"[15376, 2]",2,0,0,0
39501,"[15376, 3]",37,0,0,0
39502,"[15376, 4]",33,41,18,0
39503,"[15376, 5]",122,158,64,0
39504,"[15377, 0]",1,0,0,0
39505,"[15377, 1]",2,0,0,0
39506,"[15377, 2]",16,57,26,0
39507,"[15378, 0]",1,53,24,0
39508,"[15379, 0]",1,0,0,0
39509,"[15379, 1]",2,158,64,0
39510,"[15380, 0]",1,0,0,0
39511,"[15380, 1]",2,0,0,0
39512,"[15380, 2]",18,0,0,0
39513,"[15380, 3]",33,0,0,0
39514,"[15380, 4]",51,158,64,-1
39515,"[15381, 0]",1,0,0,0
39516,"[15381, 1]",2,0,0,0
39517,"[15381, 2]",16,0,0,0
39518,"[15381, 3]",30,59,28,0
39519,"[15382, 0]",1,58,26,0
39520,"[15383, 0]",1,0,0,0
39521,"[15383, 1]",2,156,64,0
39522,"[15384, 0]",1,0,0,0
39523,"[15384, 1]",5,158,64,0
39524,"[15384, 2]",3,0,0,0
39525,"[15384, 3]",2,0,0,0
39526,"[15384, 4]",42,0,0,1
39527,"[15384, 5]",41,158,64,-1
39528,"[15384, 6]",39,0,0,-1
39529,"[15384, 7]",36,158,64,0
39530,"[15384, 8]",34,0,0,0
39531,"[15384, 9]",33,0,0,0
39532,"[15384, 10]",129,51,24,0
39533,"[15384, 11]",126,0,0,9
39534,"[15384, 12]",89,0,0,-1
39535,"[15384, 13]",88,0,0,-1
39536,"[15384, 14]",75,0,0,0
39537,"[15384, 15]",490,158,64,1
39538,"[15384, 16]",400,0,0,-1
39539,"[15384, 17]",397,158,64,-1
39540,"[15384, 18]",272,158,64,0
39541,"[15384, 19]",548,158,64,1
39542,"[15385, 0]",1,0,0,0
39543,"[15385, 1]",2,158,64,12
39544,"[15386, 0]",1,158,64,0
39545,"[15387, 0]",1,0,0,0
39546,"[15387, 1]",2,2,1,0
39547,"[15388, 0]",1,0,0,0
39548,"[15388, 1]",2,55,26,0
39549,"[15389, 0]",1,0,0,0
39550,"[15389, 1]",2,0,0,0
39551,"[15389, 2]",43,158,64,11
39552,"[15390, 0]",1,158,64,0
39553,"[15391, 0]",1,0,0,0
39554,"[15391, 1]",2,0,0,0
39555,"[15391, 2]",28,158,64,-1
39556,"[15392, 0]",1,0,0,0
39557,"[15392, 1]",2,0,0,0
39558,"[15392, 2]",16,158,64,0
39559,"[15393, 0]",1,158,64,0
39560,"[15394, 0]",1,0,0,0
39561,"[15394, 1]",2,0,0,0
39562,"[15394, 2]",71,158,64,0
39563,"[15395, 0]",1,0,0,0
39564,"[15395, 1]",3,0,0,0
39565,"[15395, 2]",27,57,26,0
39566,"[15396, 0]",1,0,0,1
39567,"[15396, 1]",2,158,64,-1
39568,"[15397, 0]",1,0,0,0
39569,"[15397, 1]",2,57,26,0
39570,"[15398, 0]",1,0,0,0
39571,"[15398, 1]",2,41,18,0
39572,"[15399, 0]",1,0,0,0
39573,"[15399, 1]",2,57,26,0
39574,"[15400, 0]",1,0,0,0
39575,"[15400, 1]",2,0,0,0
39576,"[15400, 2]",15,0,0,3
39577,"[15400, 3]",26,57,26,0
39578,"[15401, 0]",1,0,0,0
39579,"[15401, 1]",2,0,0,0
39580,"[15401, 2]",17,158,64,0
39581,"[15402, 0]",1,0,0,0
39582,"[15402, 1]",2,55,26,0
39583,"[15403, 0]",1,0,0,0
39584,"[15403, 1]",2,41,18,0
39585,"[15404, 0]",1,158,64,0
39586,"[15405, 0]",1,0,0,0
39587,"[15405, 1]",2,0,0,0
39588,"[15405, 2]",12,156,64,0
39589,"[15406, 0]",1,0,0,0
39590,"[15406, 1]",5,41,18,0
39591,"[15406, 2]",3,0,0,0
39592,"[15406, 3]",2,0,0,0
39593,"[15406, 4]",32,54,24,0
39594,"[15406, 5]",29,0,0,0
39595,"[15406, 6]",26,158,64,0
39596,"[15406, 7]",25,0,0,0
39597,"[15406, 8]",24,0,0,0
39598,"[15406, 9]",23,0,0,0
39599,"[15406, 10]",104,41,18,0
39600,"[15406, 11]",97,158,64,0
39601,"[15406, 12]",94,41,18,0
39602,"[15406, 13]",65,41,18,0
39603,"[15406, 14]",63,0,0,0
39604,"[15406, 15]",62,0,0,0
39605,"[15406, 16]",375,41,18,0
39606,"[15406, 17]",374,41,18,0
39607,"[15406, 18]",371,158,64,0
39608,"[15407, 0]",1,57,26,0
39609,"[15408, 0]",1,0,0,0
39610,"[15408, 1]",2,156,64,0
39611,"[15409, 0]",1,158,64,0
39612,"[15410, 0]",1,0,0,0
39613,"[15410, 1]",2,51,24,-1
39614,"[15411, 0]",1,0,0,0
39615,"[15411, 1]",2,57,26,0
39616,"[15412, 0]",1,156,64,0
39617,"[15413, 0]",1,57,26,1
39618,"[15414, 0]",1,0,0,0
39619,"[15414, 1]",2,0,0,0
39620,"[15414, 2]",45,158,64,0
39621,"[15415, 0]",1,158,64,0
39622,"[15416, 0]",1,41,18,0
39623,"[15417, 0]",1,64,29,0
39624,"[15418, 0]",1,0,0,0
39625,"[15418, 1]",2,0,0,0
39626,"[15418, 2]",23,156,64,0
39627,"[15418, 3]",22,0,0,0
39628,"[15418, 4]",57,41,18,0
39629,"[15419, 0]",1,41,18,0
39630,"[15420, 0]",1,0,0,0
39631,"[15420, 1]",3,0,0,0
39632,"[15420, 2]",2,158,64,0
39633,"[15420, 3]",26,2,1,-1
39634,"[15421, 0]",1,158,64,0
39635,"[15422, 0]",1,0,0,0
39636,"[15422, 1]",2,158,64,0
39637,"[15423, 0]",1,158,64,0
39638,"[15424, 0]",1,0,0,0
39639,"[15424, 1]",2,158,64,0
39640,"[15425, 0]",1,41,18,0
39641,"[15426, 0]",1,41,18,0
39642,"[15427, 0]",1,41,18,0
39643,"[15428, 0]",1,158,64,0
39644,"[15429, 0]",1,156,64,0
39645,"[15430, 0]",1,0,0,0
39646,"[15430, 1]",2,158,64,0
39647,"[15431, 0]",1,0,0,0
39648,"[15431, 1]",4,158,64,0
39649,"[15431, 2]",3,0,0,0
39650,"[15431, 3]",30,158,64,0
39651,"[15432, 0]",1,2,1,1
39652,"[15433, 0]",1,0,0,0
39653,"[15433, 1]",2,158,64,0
39654,"[15434, 0]",1,158,64,0
39655,"[15435, 0]",1,158,64,0
39656,"[15436, 0]",1,57,26,0
39657,"[15437, 0]",1,0,0,0
39658,"[15437, 1]",2,158,64,0
39659,"[15438, 0]",1,0,0,0
39660,"[15438, 1]",3,0,0,0
39661,"[15438, 2]",51,59,28,8
39662,"[15439, 0]",1,158,64,0
39663,"[15440, 0]",1,0,0,0
39664,"[15440, 1]",3,158,64,0
39665,"[15440, 2]",2,158,64,0
39666,"[15441, 0]",1,0,0,0
39667,"[15441, 1]",2,0,0,0
39668,"[15441, 2]",10,158,64,0
39669,"[15442, 0]",1,41,18,0
39670,"[15443, 0]",1,41,18,0
39671,"[15444, 0]",1,59,28,0
39672,"[15445, 0]",1,0,0,0
39673,"[15445, 1]",3,0,0,0
39674,"[15445, 2]",14,57,26,0
39675,"[15446, 0]",1,57,26,0
39676,"[15447, 0]",1,2,1,0
39677,"[15448, 0]",1,0,0,0
39678,"[15448, 1]",2,158,64,0
39679,"[15449, 0]",1,158,64,0
39680,"[15450, 0]",1,158,64,0
39681,"[15451, 0]",1,158,64,0
39682,"[15452, 0]",1,0,0,0
39683,"[15452, 1]",2,37,18,0
39684,"[15453, 0]",1,0,0,0
39685,"[15453, 1]",2,158,64,0
39686,"[15454, 0]",1,158,64,0
39687,"[15455, 0]",1,0,0,0
39688,"[15455, 1]",3,0,0,0
39689,"[15455, 2]",2,0,0,0
39690,"[15455, 3]",34,0,0,0
39691,"[15455, 4]",28,57,26,0
39692,"[15455, 5]",97,158,64,0
39693,"[15456, 0]",1,59,28,0
39694,"[15457, 0]",1,0,0,0
39695,"[15457, 1]",2,158,64,0
39696,"[15458, 0]",1,57,26,1
39697,"[15459, 0]",1,158,64,0
39698,"[15460, 0]",1,0,0,0
39699,"[15460, 1]",5,158,64,0
39700,"[15460, 2]",4,158,64,0
39701,"[15460, 3]",3,0,0,0
39702,"[15460, 4]",14,41,18,0
39703,"[15461, 0]",1,158,64,1
39704,"[15462, 0]",1,0,0,0
39705,"[15462, 1]",2,2,1,0
39706,"[15463, 0]",1,41,18,0
39707,"[15464, 0]",1,0,0,0
39708,"[15464, 1]",2,158,64,1
39709,"[15465, 0]",1,0,0,0
39710,"[15465, 1]",2,57,26,1
39711,"[15466, 0]",1,158,64,0
39712,"[15467, 0]",1,2,1,0
39713,"[15468, 0]",1,158,64,0
39714,"[15469, 0]",1,158,64,0
39715,"[15470, 0]",1,2,1,0
39716,"[15471, 0]",1,2,1,0
39717,"[15472, 0]",1,0,0,0
39718,"[15472, 1]",2,0,0,0
39719,"[15472, 2]",11,0,0,0
39720,"[15472, 3]",34,53,24,0
39721,"[15473, 0]",1,0,0,0
39722,"[15473, 1]",2,158,64,0
39723,"[15474, 0]",1,0,0,0
39724,"[15474, 1]",2,57,26,0
39725,"[15475, 0]",1,57,26,0
39726,"[15476, 0]",1,0,0,0
39727,"[15476, 1]",2,158,64,0
39728,"[15477, 0]",1,41,18,0
39729,"[15478, 0]",1,156,64,0
39730,"[15479, 0]",1,0,0,0
39731,"[15479, 1]",2,41,18,0
39732,"[15480, 0]",1,158,64,0
39733,"[15481, 0]",1,0,0,0
39734,"[15481, 1]",2,0,0,0
39735,"[15481, 2]",23,53,24,0
39736,"[15482, 0]",1,0,0,0
39737,"[15482, 1]",2,158,64,0
39738,"[15483, 0]",1,0,0,0
39739,"[15483, 1]",2,54,24,0
39740,"[15484, 0]",1,0,0,0
39741,"[15484, 1]",2,2,1,0
39742,"[15485, 0]",1,0,0,0
39743,"[15485, 1]",2,2,1,0
39744,"[15486, 0]",1,0,0,0
39745,"[15486, 1]",2,156,64,0
39746,"[15487, 0]",1,0,0,0
39747,"[15487, 1]",2,0,0,0
39748,"[15487, 2]",31,158,64,0
39749,"[15488, 0]",1,0,0,0
39750,"[15488, 1]",2,2,1,0
39751,"[15489, 0]",1,0,0,0
39752,"[15489, 1]",2,0,0,0
39753,"[15489, 2]",24,156,64,0
39754,"[15490, 0]",1,41,18,0
39755,"[15491, 0]",1,41,18,0
39756,"[15492, 0]",1,0,0,0
39757,"[15492, 1]",2,158,64,0
39758,"[15493, 0]",1,0,0,0
39759,"[15493, 1]",2,0,0,-1
39760,"[15493, 2]",20,156,64,1
39761,"[15494, 0]",1,0,0,0
39762,"[15494, 1]",2,158,64,0
39763,"[15495, 0]",1,0,0,0
39764,"[15495, 1]",6,158,64,-1
39765,"[15495, 2]",4,156,64,-1
39766,"[15495, 3]",2,158,64,-1
39767,"[15496, 0]",1,0,0,0
39768,"[15496, 1]",2,41,18,0
39769,"[15497, 0]",1,0,0,0
39770,"[15497, 1]",2,0,0,0
39771,"[15497, 2]",18,2,1,0
39772,"[15498, 0]",1,0,0,0
39773,"[15498, 1]",2,0,0,0
39774,"[15498, 2]",16,0,0,0
39775,"[15498, 3]",89,0,0,0
39776,"[15498, 4]",111,158,64,1
39777,"[15499, 0]",1,158,64,0
39778,"[15500, 0]",1,0,0,0
39779,"[15500, 1]",5,41,18,0
39780,"[15500, 2]",4,158,64,0
39781,"[15500, 3]",2,0,0,0
39782,"[15500, 4]",41,158,64,0
39783,"[15500, 5]",40,158,64,0
39784,"[15500, 6]",39,0,0,0
39785,"[15500, 7]",38,0,0,0
39786,"[15500, 8]",67,158,64,0
39787,"[15500, 9]",63,158,64,0
39788,"[15501, 0]",1,0,0,0
39789,"[15501, 1]",2,156,64,0
39790,"[15502, 0]",1,156,64,1
39791,"[15503, 0]",1,0,0,0
39792,"[15503, 1]",2,158,64,0
39793,"[15504, 0]",1,57,26,0
39794,"[15505, 0]",1,41,18,0
39795,"[15506, 0]",1,0,0,0
39796,"[15506, 1]",2,0,0,0
39797,"[15506, 2]",22,158,64,-1
39798,"[15507, 0]",1,0,0,0
39799,"[15507, 1]",2,0,0,0
39800,"[15507, 2]",83,0,0,0
39801,"[15507, 3]",106,158,64,0
39802,"[15508, 0]",1,0,0,0
39803,"[15508, 1]",2,54,24,0
39804,"[15509, 0]",1,156,64,0
39805,"[15510, 0]",1,41,18,0
39806,"[15511, 0]",1,57,26,0
39807,"[15512, 0]",1,158,64,0
39808,"[15513, 0]",1,158,64,0
39809,"[15514, 0]",1,0,0,0
39810,"[15514, 1]",5,158,64,0
39811,"[15514, 2]",3,156,64,0
39812,"[15514, 3]",2,0,0,0
39813,"[15514, 4]",48,156,64,0
39814,"[15514, 5]",47,57,26,0
39815,"[15514, 6]",46,0,0,0
39816,"[15514, 7]",45,0,0,0
39817,"[15514, 8]",44,0,0,0
39818,"[15514, 9]",42,0,0,0
39819,"[15514, 10]",38,0,0,0
39820,"[15514, 11]",37,0,0,0
39821,"[15514, 12]",36,0,0,0
39822,"[15514, 13]",104,41,18,0
39823,"[15514, 14]",102,0,0,0
39824,"[15514, 15]",100,0,0,0
39825,"[15514, 16]",98,63,28,0
39826,"[15514, 17]",96,158,64,0
39827,"[15514, 18]",93,0,0,0
39828,"[15514, 19]",91,41,18,0
39829,"[15514, 20]",90,57,26,0
39830,"[15514, 21]",88,0,0,0
39831,"[15514, 22]",87,0,0,0
39832,"[15514, 23]",86,0,0,0
39833,"[15514, 24]",82,156,64,0
39834,"[15514, 25]",81,158,64,0
39835,"[15514, 26]",76,0,0,0
39836,"[15514, 27]",71,156,64,0
39837,"[15514, 28]",67,41,18,0
39838,"[15514, 29]",352,57,26,-1
39839,"[15514, 30]",289,41,18,0
39840,"[15514, 31]",285,158,64,0
39841,"[15514, 32]",273,0,0,-1
39842,"[15514, 33]",272,0,0,-1
39843,"[15514, 34]",271,0,0,-1
39844,"[15514, 35]",244,41,18,0
39845,"[15514, 36]",242,0,0,0
39846,"[15514, 37]",240,0,0,0
39847,"[15514, 38]",220,0,0,0
39848,"[15514, 39]",934,57,26,0
39849,"[15514, 40]",907,0,0,0
39850,"[15514, 41]",905,0,0,0
39851,"[15514, 42]",904,0,0,0
39852,"[15514, 43]",897,41,18,0
39853,"[15514, 44]",797,156,64,32
39854,"[15514, 45]",794,158,64,2
39855,"[15514, 46]",791,158,64,-1
39856,"[15514, 47]",1057,41,18,0
39857,"[15514, 48]",1055,158,64,0
39858,"[15514, 49]",1053,0,0,0
39859,"[15514, 50]",1048,0,0,0
39860,"[15514, 51]",1047,0,0,0
39861,"[15514, 52]",1046,0,0,0
39862,"[15514, 53]",1039,0,0,0
39863,"[15514, 54]",1589,41,18,0
39864,"[15514, 55]",1567,0,0,0
39865,"[15514, 56]",1564,0,0,0
39866,"[15514, 57]",1561,158,64,0
39867,"[15514, 58]",1527,41,18,0
39868,"[15514, 59]",1525,0,0,0
39869,"[15514, 60]",1524,0,0,0
39870,"[15514, 61]",1731,55,26,0
39871,"[15514, 62]",1727,2,1,0
39872,"[15514, 63]",1689,156,64,0
39873,"[15514, 64]",1669,158,64,0
39874,"[15515, 0]",1,0,0,0
39875,"[15515, 1]",3,158,64,0
39876,"[15515, 2]",2,57,26,0
39877,"[15516, 0]",1,0,0,0
39878,"[15516, 1]",2,158,64,1
39879,"[15517, 0]",1,57,26,0
39880,"[15518, 0]",1,0,0,0
39881,"[15518, 1]",2,158,64,0
39882,"[15519, 0]",1,156,64,0
39883,"[15520, 0]",1,41,18,0
39884,"[15521, 0]",1,0,0,0
39885,"[15521, 1]",2,0,0,0
39886,"[15521, 2]",14,158,64,0
39887,"[15522, 0]",1,156,64,0
39888,"[15523, 0]",1,158,64,0
39889,"[15524, 0]",1,41,18,0
39890,"[15525, 0]",1,0,0,0
39891,"[15525, 1]",2,0,0,0
39892,"[15525, 2]",26,41,18,0
39893,"[15526, 0]",1,156,64,0
39894,"[15527, 0]",1,158,64,0
39895,"[15528, 0]",1,0,0,0
39896,"[15528, 1]",2,158,64,-1
39897,"[15529, 0]",1,0,0,0
39898,"[15529, 1]",2,41,18,0
39899,"[15530, 0]",1,0,0,0
39900,"[15530, 1]",3,0,0,0
39901,"[15530, 2]",2,0,0,0
39902,"[15530, 3]",13,158,64,0
39903,"[15530, 4]",8,158,64,0
39904,"[15531, 0]",1,0,0,0
39905,"[15531, 1]",2,0,0,0
39906,"[15531, 2]",30,0,0,0
39907,"[15531, 3]",47,0,0,0
39908,"[15531, 4]",65,156,64,0
39909,"[15532, 0]",1,0,0,0
39910,"[15532, 1]",2,0,0,0
39911,"[15532, 2]",15,2,1,0
39912,"[15533, 0]",1,0,0,0
39913,"[15533, 1]",2,0,0,0
39914,"[15533, 2]",31,0,0,0
39915,"[15533, 3]",30,0,0,0
39916,"[15533, 4]",29,0,0,0
39917,"[15533, 5]",50,41,18,0
39918,"[15533, 6]",49,0,0,0
39919,"[15533, 7]",45,41,18,0
39920,"[15533, 8]",42,156,64,0
39921,"[15533, 9]",79,0,0,0
39922,"[15533, 10]",194,158,64,-1
39923,"[15534, 0]",1,57,26,0
39924,"[15535, 0]",1,0,0,0
39925,"[15535, 1]",2,59,28,0
39926,"[15536, 0]",1,0,0,0
39927,"[15536, 1]",2,156,64,0
39928,"[15537, 0]",1,2,1,0
39929,"[15538, 0]",1,0,0,0
39930,"[15538, 1]",2,2,1,0
39931,"[15539, 0]",1,0,0,0
39932,"[15539, 1]",2,41,18,0
39933,"[15540, 0]",1,158,64,0
39934,"[15541, 0]",1,2,1,0
39935,"[15542, 0]",1,158,64,1
39936,"[15543, 0]",1,158,64,0
39937,"[15544, 0]",1,0,0,0
39938,"[15544, 1]",2,158,64,0
39939,"[15545, 0]",1,0,0,0
39940,"[15545, 1]",6,2,1,0
39941,"[15545, 2]",4,0,0,0
39942,"[15545, 3]",3,0,0,0
39943,"[15545, 4]",2,0,0,0
39944,"[15545, 5]",47,57,26,0
39945,"[15545, 6]",45,57,26,0
39946,"[15545, 7]",44,0,0,0
39947,"[15545, 8]",43,0,0,0
39948,"[15545, 9]",40,0,0,0
39949,"[15545, 10]",37,2,1,0
39950,"[15545, 11]",96,0,0,0
39951,"[15545, 12]",78,158,64,-1
39952,"[15545, 13]",74,158,64,0
39953,"[15545, 14]",73,158,64,0
39954,"[15545, 15]",201,57,26,0
39955,"[15546, 0]",1,0,0,0
39956,"[15546, 1]",2,158,64,16
39957,"[15547, 0]",1,2,1,0
39958,"[15548, 0]",1,158,64,0
39959,"[15549, 0]",1,41,18,0
39960,"[15550, 0]",1,158,64,0
39961,"[15551, 0]",1,0,0,0
39962,"[15551, 1]",2,158,64,0
39963,"[15552, 0]",1,158,64,0
39964,"[15553, 0]",1,158,64,0
39965,"[15554, 0]",1,0,0,0
39966,"[15554, 1]",4,156,64,0
39967,"[15554, 2]",3,0,0,0
39968,"[15554, 3]",2,0,0,0
39969,"[15554, 4]",41,55,26,0
39970,"[15554, 5]",38,0,0,0
39971,"[15554, 6]",35,158,64,0
39972,"[15554, 7]",92,158,64,0
39973,"[15554, 8]",91,0,0,0
39974,"[15554, 9]",89,0,0,0
39975,"[15554, 10]",259,41,18,0
39976,"[15554, 11]",240,0,0,0
39977,"[15554, 12]",340,158,64,-1
39978,"[15555, 0]",1,158,64,0
39979,"[15556, 0]",1,0,0,0
39980,"[15556, 1]",2,57,26,0
39981,"[15557, 0]",1,0,0,0
39982,"[15557, 1]",2,0,0,-1
39983,"[15557, 2]",29,0,0,-1
39984,"[15557, 3]",75,156,64,-1
39985,"[15557, 4]",74,0,0,-1
39986,"[15557, 5]",73,0,0,-1
39987,"[15557, 6]",167,0,0,-1
39988,"[15557, 7]",163,0,0,-1
39989,"[15557, 8]",162,156,64,-1
39990,"[15557, 9]",213,0,0,-1
39991,"[15557, 10]",367,158,64,-1
39992,"[15558, 0]",1,158,64,1
39993,"[15559, 0]",1,158,64,0
39994,"[15560, 0]",1,0,0,0
39995,"[15560, 1]",5,158,64,0
39996,"[15560, 2]",3,41,18,0
39997,"[15560, 3]",2,0,0,0
39998,"[15560, 4]",46,0,0,0
39999,"[15560, 5]",56,158,64,0
40000,"[15561, 0]",1,0,0,0
40001,"[15561, 1]",2,158,64,0
40002,"[15562, 0]",1,0,0,0
40003,"[15562, 1]",3,0,0,0
40004,"[15562, 2]",2,0,0,0
40005,"[15562, 3]",11,0,0,0
40006,"[15562, 4]",8,158,64,0
40007,"[15562, 5]",23,0,0,15
40008,"[15562, 6]",75,57,26,0
40009,"[15563, 0]",1,158,64,0
40010,"[15564, 0]",1,0,0,0
40011,"[15564, 1]",2,158,64,0
40012,"[15565, 0]",1,158,64,0
40013,"[15566, 0]",1,158,64,0
40014,"[15567, 0]",1,0,0,0
40015,"[15567, 1]",2,158,64,0
40016,"[15568, 0]",1,0,0,0
40017,"[15568, 1]",2,158,64,1
40018,"[15569, 0]",1,158,64,0
40019,"[15570, 0]",1,0,0,0
40020,"[15570, 1]",2,0,0,0
40021,"[15570, 2]",77,156,64,5
40022,"[15571, 0]",1,0,0,0
40023,"[15571, 1]",5,57,26,0
40024,"[15571, 2]",2,0,0,0
40025,"[15571, 3]",28,58,26,0
40026,"[15572, 0]",1,57,26,0
40027,"[15573, 0]",1,41,18,1
40028,"[15574, 0]",1,0,0,0
40029,"[15574, 1]",2,41,18,0
40030,"[15575, 0]",1,0,0,1
40031,"[15575, 1]",2,0,0,0
40032,"[15575, 2]",15,158,64,0
40033,"[15576, 0]",1,0,0,0
40034,"[15576, 1]",3,0,0,0
40035,"[15576, 2]",2,0,0,0
40036,"[15576, 3]",35,156,64,3
40037,"[15576, 4]",31,0,0,0
40038,"[15576, 5]",75,158,64,0
40039,"[15577, 0]",1,158,64,0
40040,"[15578, 0]",1,0,0,0
40041,"[15578, 1]",2,158,64,0
40042,"[15579, 0]",1,158,64,0
40043,"[15580, 0]",1,0,0,0
40044,"[15580, 1]",2,2,1,0
40045,"[15581, 0]",1,0,0,0
40046,"[15581, 1]",2,0,0,-1
40047,"[15581, 2]",14,2,1,-1
40048,"[15582, 0]",1,0,0,0
40049,"[15582, 1]",2,156,64,0
40050,"[15583, 0]",1,0,0,0
40051,"[15583, 1]",2,156,64,0
40052,"[15584, 0]",1,0,0,0
40053,"[15584, 1]",2,158,64,0
40054,"[15585, 0]",1,0,0,0
40055,"[15585, 1]",2,57,26,5
40056,"[15586, 0]",1,41,18,0
40057,"[15587, 0]",1,0,0,0
40058,"[15587, 1]",2,0,0,0
40059,"[15587, 2]",22,2,1,0
40060,"[15588, 0]",1,158,64,0
40061,"[15589, 0]",1,0,0,0
40062,"[15589, 1]",2,0,0,0
40063,"[15589, 2]",16,57,26,0
40064,"[15590, 0]",1,0,0,0
40065,"[15590, 1]",2,156,64,0
40066,"[15591, 0]",1,0,0,0
40067,"[15591, 1]",2,156,64,0
40068,"[15592, 0]",1,57,26,0
40069,"[15593, 0]",1,158,64,0
40070,"[15594, 0]",1,57,26,0
40071,"[15595, 0]",1,37,18,0
40072,"[15596, 0]",1,0,0,0
40073,"[15596, 1]",3,156,64,0
40074,"[15596, 2]",2,0,0,0
40075,"[15596, 3]",41,0,0,0
40076,"[15596, 4]",55,41,18,0
40077,"[15597, 0]",1,158,64,0
40078,"[15598, 0]",1,41,18,0
40079,"[15599, 0]",1,156,64,0
40080,"[15600, 0]",1,0,0,0
40081,"[15600, 1]",2,158,64,0
40082,"[15601, 0]",1,54,24,1
40083,"[15602, 0]",1,0,0,0
40084,"[15602, 1]",2,2,1,0
40085,"[15603, 0]",1,0,0,0
40086,"[15603, 1]",2,0,0,0
40087,"[15603, 2]",17,158,64,0
40088,"[15604, 0]",1,0,0,0
40089,"[15604, 1]",5,41,18,0
40090,"[15604, 2]",4,158,64,0
40091,"[15604, 3]",3,41,18,0
40092,"[15605, 0]",1,0,0,0
40093,"[15605, 1]",4,0,0,0
40094,"[15605, 2]",50,0,0,0
40095,"[15605, 3]",72,158,64,0
40096,"[15606, 0]",1,0,0,0
40097,"[15606, 1]",2,41,18,0
40098,"[15607, 0]",1,158,64,0
40099,"[15608, 0]",1,0,0,0
40100,"[15608, 1]",2,41,18,0
40101,"[15609, 0]",1,57,26,0
40102,"[15610, 0]",1,158,64,0
40103,"[15611, 0]",1,0,0,0
40104,"[15611, 1]",4,156,64,0
40105,"[15612, 0]",1,158,64,0
40106,"[15613, 0]",1,0,0,0
40107,"[15613, 1]",2,0,0,-1
40108,"[15613, 2]",44,0,0,-1
40109,"[15613, 3]",57,158,64,-1
40110,"[15614, 0]",1,41,18,0
40111,"[15615, 0]",1,0,0,0
40112,"[15615, 1]",2,0,0,0
40113,"[15615, 2]",12,41,18,1
40114,"[15616, 0]",1,57,26,0
40115,"[15617, 0]",1,158,64,0
40116,"[15618, 0]",1,0,0,0
40117,"[15618, 1]",2,0,0,0
40118,"[15618, 2]",33,158,64,1
40119,"[15619, 0]",1,0,0,0
40120,"[15619, 1]",4,0,0,0
40121,"[15619, 2]",2,0,0,0
40122,"[15619, 3]",51,156,64,0
40123,"[15619, 4]",48,0,0,0
40124,"[15619, 5]",35,158,64,0
40125,"[15619, 6]",107,0,0,0
40126,"[15619, 7]",171,0,0,-1
40127,"[15619, 8]",236,0,0,-1
40128,"[15619, 9]",259,158,64,-1
40129,"[15620, 0]",1,0,0,0
40130,"[15620, 1]",4,158,64,0
40131,"[15620, 2]",2,0,0,0
40132,"[15620, 3]",24,0,0,0
40133,"[15620, 4]",46,2,1,0
40134,"[15621, 0]",1,158,64,0
40135,"[15622, 0]",1,0,0,0
40136,"[15622, 1]",2,61,28,0
40137,"[15623, 0]",1,0,0,0
40138,"[15623, 1]",2,158,64,0
40139,"[15624, 0]",1,158,64,0
40140,"[15625, 0]",1,0,0,0
40141,"[15625, 1]",2,0,0,0
40142,"[15625, 2]",74,57,26,0
40143,"[15626, 0]",1,2,1,0
40144,"[15627, 0]",1,55,26,0
40145,"[15628, 0]",1,0,0,0
40146,"[15628, 1]",2,0,0,0
40147,"[15628, 2]",25,2,1,0
40148,"[15629, 0]",1,0,0,0
40149,"[15629, 1]",2,158,64,0
40150,"[15630, 0]",1,0,0,0
40151,"[15630, 1]",2,41,18,0
40152,"[15631, 0]",1,0,0,0
40153,"[15631, 1]",3,158,64,0
40154,"[15631, 2]",2,0,0,0
40155,"[15631, 3]",34,0,0,0
40156,"[15631, 4]",33,158,64,0
40157,"[15631, 5]",39,41,18,0
40158,"[15632, 0]",1,0,0,0
40159,"[15632, 1]",2,156,64,0
40160,"[15633, 0]",1,2,1,0
40161,"[15634, 0]",1,0,0,0
40162,"[15634, 1]",2,0,0,0
40163,"[15634, 2]",16,41,18,0
40164,"[15635, 0]",1,158,64,0
40165,"[15636, 0]",1,57,26,0
40166,"[15637, 0]",1,0,0,6
40167,"[15637, 1]",2,57,26,5
40168,"[15638, 0]",1,0,0,0
40169,"[15638, 1]",4,2,1,-1
40170,"[15638, 2]",2,0,0,-1
40171,"[15638, 3]",41,2,1,-1
40172,"[15639, 0]",1,0,0,0
40173,"[15639, 1]",2,41,18,19
40174,"[15640, 0]",1,156,64,0
40175,"[15641, 0]",1,0,0,0
40176,"[15642, 0]",1,2,1,0
40177,"[15643, 0]",1,0,0,0
40178,"[15643, 1]",2,158,64,0
40179,"[15644, 0]",1,0,0,0
40180,"[15644, 1]",2,59,28,0
40181,"[15645, 0]",1,41,18,0
40182,"[15646, 0]",1,53,24,0
40183,"[15647, 0]",1,57,26,0
40184,"[15648, 0]",1,41,18,0
40185,"[15649, 0]",1,0,0,0
40186,"[15649, 1]",4,158,64,-1
40187,"[15649, 2]",3,0,0,-1
40188,"[15649, 3]",44,57,26,-1
40189,"[15650, 0]",1,0,0,0
40190,"[15650, 1]",4,54,24,0
40191,"[15650, 2]",3,0,0,0
40192,"[15650, 3]",21,57,26,0
40193,"[15651, 0]",1,0,0,0
40194,"[15651, 1]",2,0,0,0
40195,"[15651, 2]",20,41,18,0
40196,"[15652, 0]",1,0,0,0
40197,"[15653, 0]",1,0,0,0
40198,"[15653, 1]",2,0,0,0
40199,"[15653, 2]",12,158,64,0
40200,"[15654, 0]",1,156,64,0
40201,"[15655, 0]",1,156,64,0
40202,"[15656, 0]",1,0,0,0
40203,"[15656, 1]",2,158,64,0
40204,"[15657, 0]",1,156,64,0
40205,"[15658, 0]",1,158,64,0
40206,"[15659, 0]",1,158,64,0
40207,"[15660, 0]",1,0,0,0
40208,"[15660, 1]",2,41,18,0
40209,"[15661, 0]",1,158,64,0
40210,"[15662, 0]",1,57,26,0
40211,"[15663, 0]",1,2,1,0
40212,"[15664, 0]",1,57,26,0
40213,"[15665, 0]",1,2,1,0
40214,"[15666, 0]",1,0,0,0
40215,"[15666, 1]",2,158,64,0
40216,"[15667, 0]",1,0,0,0
40217,"[15667, 1]",2,0,0,0
40218,"[15667, 2]",17,57,26,0
40219,"[15667, 3]",16,41,18,0
40220,"[15668, 0]",1,2,1,0
40221,"[15669, 0]",1,41,18,0
40222,"[15670, 0]",1,2,1,0
40223,"[15671, 0]",1,64,29,0
40224,"[15672, 0]",1,0,0,0
40225,"[15672, 1]",2,0,0,-1
40226,"[15672, 2]",12,158,64,-1
40227,"[15673, 0]",1,0,0,0
40228,"[15673, 1]",5,41,18,4
40229,"[15673, 2]",4,0,0,3
40230,"[15673, 3]",3,0,0,2
40231,"[15673, 4]",2,0,0,1
40232,"[15673, 5]",34,158,64,0
40233,"[15673, 6]",33,0,0,0
40234,"[15673, 7]",32,0,0,0
40235,"[15673, 8]",31,0,0,0
40236,"[15673, 9]",24,41,18,2
40237,"[15673, 10]",21,2,1,0
40238,"[15673, 11]",77,158,64,0
40239,"[15673, 12]",70,0,0,0
40240,"[15673, 13]",67,0,0,0
40241,"[15673, 14]",366,158,64,0
40242,"[15673, 15]",356,2,1,0
40243,"[15674, 0]",1,53,24,0
40244,"[15675, 0]",1,0,0,0
40245,"[15675, 1]",3,158,64,0
40246,"[15675, 2]",2,156,64,0
40247,"[15676, 0]",1,0,0,0
40248,"[15676, 1]",2,57,26,0
40249,"[15677, 0]",1,41,18,0
40250,"[15678, 0]",1,0,0,0
40251,"[15678, 1]",4,158,64,0
40252,"[15678, 2]",2,0,0,0
40253,"[15678, 3]",40,57,26,0
40254,"[15678, 4]",39,158,64,0
40255,"[15678, 5]",38,0,0,0
40256,"[15678, 6]",48,41,18,0
40257,"[15679, 0]",1,0,0,0
40258,"[15679, 1]",5,54,24,0
40259,"[15679, 2]",4,0,0,0
40260,"[15679, 3]",3,0,0,0
40261,"[15679, 4]",12,0,0,0
40262,"[15679, 5]",9,0,0,0
40263,"[15679, 6]",51,41,18,0
40264,"[15679, 7]",33,0,0,-1
40265,"[15679, 8]",143,158,64,1
40266,"[15680, 0]",1,41,18,0
40267,"[15681, 0]",1,156,64,0
40268,"[15682, 0]",1,0,0,0
40269,"[15682, 1]",4,158,64,-1
40270,"[15682, 2]",3,0,0,-1
40271,"[15682, 3]",18,158,64,-1
40272,"[15683, 0]",1,2,1,0
40273,"[15684, 0]",1,158,64,0
40274,"[15685, 0]",1,158,64,0
40275,"[15686, 0]",1,156,64,0
40276,"[15687, 0]",1,0,0,0
40277,"[15687, 1]",2,2,1,0
40278,"[15688, 0]",1,0,0,0
40279,"[15688, 1]",2,158,64,0
40280,"[15689, 0]",1,0,0,0
40281,"[15689, 1]",2,0,0,3
40282,"[15689, 2]",11,158,64,0
40283,"[15690, 0]",1,41,18,1
40284,"[15691, 0]",1,0,0,0
40285,"[15691, 1]",2,0,0,0
40286,"[15691, 2]",12,2,1,0
40287,"[15692, 0]",1,158,64,0
40288,"[15693, 0]",1,0,0,0
40289,"[15693, 1]",4,158,64,0
40290,"[15693, 2]",2,0,0,0
40291,"[15693, 3]",36,0,0,0
40292,"[15693, 4]",35,0,0,0
40293,"[15693, 5]",74,158,64,0
40294,"[15693, 6]",73,0,0,0
40295,"[15693, 7]",70,0,0,0
40296,"[15693, 8]",66,41,18,0
40297,"[15693, 9]",64,0,0,0
40298,"[15693, 10]",191,158,64,0
40299,"[15693, 11]",148,2,1,0
40300,"[15693, 12]",142,0,0,0
40301,"[15693, 13]",300,2,1,5
40302,"[15694, 0]",1,0,0,0
40303,"[15694, 1]",7,158,64,0
40304,"[15694, 2]",4,0,0,0
40305,"[15694, 3]",2,0,0,0
40306,"[15694, 4]",39,158,64,0
40307,"[15694, 5]",38,156,64,0
40308,"[15694, 6]",33,41,18,0
40309,"[15695, 0]",1,54,24,0
40310,"[15696, 0]",1,41,18,0
40311,"[15697, 0]",1,0,0,0
40312,"[15697, 1]",2,158,64,0
40313,"[15698, 0]",1,2,1,0
40314,"[15699, 0]",1,0,0,0
40315,"[15699, 1]",7,57,26,0
40316,"[15699, 2]",5,158,64,0
40317,"[15699, 3]",3,0,0,0
40318,"[15699, 4]",2,0,0,0
40319,"[15699, 5]",64,2,1,0
40320,"[15699, 6]",60,41,18,0
40321,"[15700, 0]",1,0,0,0
40322,"[15700, 1]",2,158,64,11
40323,"[15701, 0]",1,2,1,0
40324,"[15702, 0]",1,57,26,0
40325,"[15703, 0]",1,0,0,0
40326,"[15703, 1]",2,158,64,2
40327,"[15704, 0]",1,2,1,0
40328,"[15705, 0]",1,0,0,0
40329,"[15705, 1]",2,41,18,0
40330,"[15706, 0]",1,0,0,0
40331,"[15706, 1]",2,158,64,0
40332,"[15707, 0]",1,0,0,0
40333,"[15707, 1]",2,0,0,0
40334,"[15707, 2]",23,0,0,4
40335,"[15707, 3]",50,158,64,0
40336,"[15707, 4]",48,0,0,0
40337,"[15707, 5]",98,158,64,1
40338,"[15708, 0]",1,0,0,0
40339,"[15708, 1]",3,158,64,0
40340,"[15708, 2]",2,0,0,0
40341,"[15708, 3]",48,0,0,-1
40342,"[15708, 4]",69,0,0,-1
40343,"[15708, 5]",88,158,64,-1
40344,"[15709, 0]",1,2,1,0
40345,"[15710, 0]",1,0,0,0
40346,"[15710, 1]",5,0,0,0
40347,"[15710, 2]",4,0,0,0
40348,"[15710, 3]",2,0,0,0
40349,"[15710, 4]",39,41,18,0
40350,"[15710, 5]",38,51,24,0
40351,"[15710, 6]",33,0,0,0
40352,"[15710, 7]",31,0,0,0
40353,"[15710, 8]",17,41,18,0
40354,"[15710, 9]",14,158,64,0
40355,"[15710, 10]",91,156,64,0
40356,"[15710, 11]",90,0,0,0
40357,"[15710, 12]",89,0,0,0
40358,"[15710, 13]",82,0,0,0
40359,"[15710, 14]",257,156,64,0
40360,"[15710, 15]",205,0,0,0
40361,"[15710, 16]",202,2,1,-1
40362,"[15710, 17]",352,158,64,0
40363,"[15711, 0]",1,0,0,0
40364,"[15711, 1]",2,0,0,-1
40365,"[15711, 2]",41,156,64,-1
40366,"[15711, 3]",37,158,64,-1
40367,"[15711, 4]",36,158,64,-1
40368,"[15712, 0]",1,41,18,0
40369,"[15713, 0]",1,0,0,0
40370,"[15713, 1]",2,158,64,0
40371,"[15714, 0]",1,57,26,0
40372,"[15715, 0]",1,0,0,0
40373,"[15715, 1]",10,158,64,4
40374,"[15715, 2]",9,156,64,-1
40375,"[15715, 3]",8,0,0,-1
40376,"[15715, 4]",6,158,64,-1
40377,"[15715, 5]",5,0,0,-1
40378,"[15715, 6]",35,41,18,5
40379,"[15715, 7]",29,0,0,-1
40380,"[15715, 8]",112,0,0,-1
40381,"[15715, 9]",252,158,64,3
40382,"[15716, 0]",1,59,28,0
40383,"[15717, 0]",1,158,64,0
40384,"[15718, 0]",1,158,64,0
40385,"[15719, 0]",1,0,0,0
40386,"[15719, 1]",3,158,64,0
40387,"[15719, 2]",2,156,64,0
40388,"[15720, 0]",1,0,0,0
40389,"[15720, 1]",2,0,0,0
40390,"[15720, 2]",17,158,64,0
40391,"[15721, 0]",1,0,0,0
40392,"[15721, 1]",2,57,26,0
40393,"[15722, 0]",1,0,0,1
40394,"[15722, 1]",2,158,64,-1
40395,"[15723, 0]",1,0,0,0
40396,"[15723, 1]",2,2,1,0
40397,"[15724, 0]",1,0,0,0
40398,"[15724, 1]",2,156,64,-1
40399,"[15725, 0]",1,158,64,0
40400,"[15726, 0]",1,158,64,0
40401,"[15727, 0]",1,41,18,0
40402,"[15728, 0]",1,0,0,1
40403,"[15728, 1]",3,41,18,0
40404,"[15728, 2]",2,41,18,0
40405,"[15729, 0]",1,57,26,0
40406,"[15730, 0]",1,0,0,0
40407,"[15730, 1]",2,41,18,0
40408,"[15731, 0]",1,0,0,0
40409,"[15731, 1]",2,57,26,0
40410,"[15732, 0]",1,0,0,0
40411,"[15732, 1]",2,55,26,0
40412,"[15733, 0]",1,0,0,0
40413,"[15733, 1]",2,158,64,0
40414,"[15734, 0]",1,0,0,0
40415,"[15734, 1]",2,2,1,23
40416,"[15735, 0]",1,0,0,0
40417,"[15735, 1]",2,156,64,0
40418,"[15736, 0]",1,41,18,0
40419,"[15737, 0]",1,0,0,1
40420,"[15737, 1]",7,0,0,0
40421,"[15737, 2]",5,0,0,0
40422,"[15737, 3]",2,0,0,0
40423,"[15737, 4]",69,51,24,0
40424,"[15737, 5]",67,41,18,0
40425,"[15737, 6]",64,0,0,0
40426,"[15737, 7]",63,0,0,0
40427,"[15737, 8]",42,0,0,0
40428,"[15737, 9]",31,2,1,0
40429,"[15737, 10]",157,158,64,0
40430,"[15737, 11]",111,59,28,0
40431,"[15737, 12]",109,59,28,0
40432,"[15737, 13]",108,0,0,0
40433,"[15737, 14]",103,158,64,0
40434,"[15737, 15]",100,0,0,0
40435,"[15737, 16]",299,158,64,0
40436,"[15737, 17]",298,41,18,0
40437,"[15737, 18]",297,0,0,0
40438,"[15737, 19]",260,158,64,0
40439,"[15737, 20]",395,156,64,0
40440,"[15738, 0]",1,0,0,0
40441,"[15738, 1]",2,57,26,0
40442,"[15739, 0]",1,41,18,0
40443,"[15740, 0]",1,0,0,0
40444,"[15740, 1]",2,158,64,2
40445,"[15741, 0]",1,0,0,0
40446,"[15741, 1]",2,0,0,0
40447,"[15741, 2]",19,158,64,0
40448,"[15742, 0]",1,156,64,0
40449,"[15743, 0]",1,158,64,1
40450,"[15744, 0]",1,158,64,0
40451,"[15745, 0]",1,0,0,0
40452,"[15745, 1]",2,156,64,0
40453,"[15746, 0]",1,59,26,0
40454,"[15747, 0]",1,0,0,1
40455,"[15747, 1]",2,158,64,0
40456,"[15748, 0]",1,0,0,0
40457,"[15748, 1]",7,158,64,0
40458,"[15748, 2]",4,158,64,0
40459,"[15748, 3]",2,0,0,0
40460,"[15748, 4]",57,0,0,-1
40461,"[15748, 5]",74,41,18,3
40462,"[15749, 0]",1,158,64,0
40463,"[15750, 0]",1,158,64,1
40464,"[15751, 0]",1,158,64,0
40465,"[15752, 0]",1,158,64,0
40466,"[15753, 0]",1,158,64,0
40467,"[15754, 0]",1,0,0,0
40468,"[15754, 1]",2,158,64,1
40469,"[15755, 0]",1,0,0,0
40470,"[15755, 1]",2,0,0,0
40471,"[15755, 2]",31,59,28,0
40472,"[15756, 0]",1,0,0,0
40473,"[15756, 1]",4,158,64,-1
40474,"[15756, 2]",3,158,64,13
40475,"[15756, 3]",2,0,0,-1
40476,"[15757, 0]",1,54,24,0
40477,"[15758, 0]",1,158,64,0
40478,"[15759, 0]",1,158,64,1
40479,"[15760, 0]",1,37,18,0
40480,"[15761, 0]",1,2,1,0
40481,"[15762, 0]",1,0,0,0
40482,"[15762, 1]",2,158,64,0
40483,"[15763, 0]",1,158,64,0
40484,"[15764, 0]",1,0,0,0
40485,"[15764, 1]",2,156,64,0
40486,"[15765, 0]",1,0,0,0
40487,"[15765, 1]",2,0,0,0
40488,"[15765, 2]",17,158,64,0
40489,"[15766, 0]",1,0,0,0
40490,"[15766, 1]",2,0,0,0
40491,"[15766, 2]",8,41,18,0
40492,"[15767, 0]",1,57,26,0
40493,"[15768, 0]",1,0,0,0
40494,"[15768, 1]",3,158,64,0
40495,"[15768, 2]",2,41,18,0
40496,"[15769, 0]",1,53,24,0
40497,"[15770, 0]",1,0,0,0
40498,"[15770, 1]",2,158,64,0
40499,"[15771, 0]",1,0,0,0
40500,"[15771, 1]",2,41,18,0
40501,"[15772, 0]",1,0,0,0
40502,"[15772, 1]",3,0,0,0
40503,"[15772, 2]",2,0,0,0
40504,"[15772, 3]",47,0,0,0
40505,"[15772, 4]",45,0,0,0
40506,"[15772, 5]",43,0,0,0
40507,"[15772, 6]",42,0,0,0
40508,"[15772, 7]",41,0,0,0
40509,"[15772, 8]",39,0,0,0
40510,"[15772, 9]",38,0,0,0
40511,"[15772, 10]",34,0,0,0
40512,"[15772, 11]",118,156,64,0
40513,"[15772, 12]",111,0,0,0
40514,"[15772, 13]",110,0,0,0
40515,"[15772, 14]",107,0,0,0
40516,"[15772, 15]",105,0,0,0
40517,"[15772, 16]",99,158,64,-1
40518,"[15772, 17]",96,41,18,0
40519,"[15772, 18]",94,0,0,0
40520,"[15772, 19]",93,0,0,0
40521,"[15772, 20]",85,0,0,0
40522,"[15772, 21]",80,41,18,0
40523,"[15772, 22]",76,57,26,0
40524,"[15772, 23]",353,0,0,0
40525,"[15772, 24]",274,41,18,0
40526,"[15772, 25]",270,41,18,0
40527,"[15772, 26]",229,0,0,0
40528,"[15772, 27]",219,54,24,0
40529,"[15772, 28]",198,0,0,0
40530,"[15772, 29]",197,0,0,0
40531,"[15772, 30]",196,0,0,0
40532,"[15772, 31]",195,0,0,0
40533,"[15772, 32]",192,57,26,0
40534,"[15772, 33]",717,0,0,0
40535,"[15772, 34]",714,0,0,0
40536,"[15772, 35]",713,0,0,0
40537,"[15772, 36]",710,0,0,0
40538,"[15772, 37]",708,0,0,0
40539,"[15772, 38]",704,0,0,0
40540,"[15772, 39]",700,158,64,0
40541,"[15772, 40]",651,41,18,0
40542,"[15772, 41]",475,41,18,0
40543,"[15772, 42]",981,57,26,0
40544,"[15772, 43]",953,57,26,0
40545,"[15772, 44]",942,0,0,0
40546,"[15772, 45]",913,0,0,0
40547,"[15772, 46]",909,59,28,0
40548,"[15772, 47]",908,59,28,0
40549,"[15772, 48]",896,2,1,0
40550,"[15772, 49]",1561,0,0,0
40551,"[15772, 50]",1521,158,64,0
40552,"[15772, 51]",1753,0,0,0
40553,"[15772, 52]",1752,0,0,0
40554,"[15772, 53]",1750,0,0,0
40555,"[15772, 54]",1749,0,0,0
40556,"[15772, 55]",2078,0,0,0
40557,"[15772, 56]",2075,158,64,0
40558,"[15772, 57]",2059,41,18,0
40559,"[15772, 58]",2056,158,64,0
40560,"[15772, 59]",2145,41,18,0
40561,"[15773, 0]",1,158,64,0
40562,"[15774, 0]",1,158,64,0
40563,"[15775, 0]",1,0,0,0
40564,"[15775, 1]",8,156,64,0
40565,"[15775, 2]",6,0,0,0
40566,"[15775, 3]",5,0,0,0
40567,"[15775, 4]",4,0,0,0
40568,"[15775, 5]",3,0,0,0
40569,"[15775, 6]",44,158,64,0
40570,"[15775, 7]",41,0,0,0
40571,"[15775, 8]",38,0,0,0
40572,"[15775, 9]",33,158,64,0
40573,"[15775, 10]",29,41,18,0
40574,"[15775, 11]",97,0,0,0
40575,"[15775, 12]",84,0,0,1
40576,"[15775, 13]",352,156,64,1
40577,"[15775, 14]",308,158,64,-1
40578,"[15776, 0]",1,41,18,0
40579,"[15777, 0]",1,0,0,0
40580,"[15777, 1]",2,2,1,0
40581,"[15778, 0]",1,0,0,0
40582,"[15778, 1]",2,158,64,0
40583,"[15779, 0]",1,158,64,0
40584,"[15780, 0]",1,0,0,0
40585,"[15780, 1]",2,158,64,0
40586,"[15781, 0]",1,0,0,0
40587,"[15781, 1]",2,0,0,0
40588,"[15781, 2]",29,156,64,0
40589,"[15782, 0]",1,0,0,0
40590,"[15782, 1]",2,156,64,0
40591,"[15783, 0]",1,0,0,0
40592,"[15783, 1]",2,54,24,0
40593,"[15784, 0]",1,0,0,0
40594,"[15784, 1]",2,51,24,0
40595,"[15785, 0]",1,0,0,0
40596,"[15785, 1]",2,0,0,0
40597,"[15785, 2]",44,156,64,0
40598,"[15786, 0]",1,58,26,0
40599,"[15787, 0]",1,57,26,0
40600,"[15788, 0]",1,0,0,0
40601,"[15788, 1]",2,0,0,0
40602,"[15788, 2]",22,158,64,0
40603,"[15789, 0]",1,0,0,0
40604,"[15789, 1]",2,0,0,0
40605,"[15789, 2]",20,41,18,0
40606,"[15790, 0]",1,0,0,0
40607,"[15790, 1]",2,0,0,0
40608,"[15790, 2]",42,41,18,0
40609,"[15791, 0]",1,0,0,0
40610,"[15791, 1]",2,59,28,0
40611,"[15792, 0]",1,57,26,0
40612,"[15793, 0]",1,0,0,0
40613,"[15793, 1]",2,158,64,0
40614,"[15794, 0]",1,158,64,0
40615,"[15795, 0]",1,57,26,0
40616,"[15796, 0]",1,0,0,0
40617,"[15796, 1]",2,156,64,0
40618,"[15797, 0]",1,0,0,0
40619,"[15797, 1]",2,0,0,0
40620,"[15797, 2]",36,158,64,0
40621,"[15798, 0]",1,158,64,0
40622,"[15799, 0]",1,0,0,0
40623,"[15799, 1]",4,2,1,0
40624,"[15799, 2]",3,0,0,0
40625,"[15799, 3]",2,0,0,0
40626,"[15799, 4]",23,156,64,0
40627,"[15799, 5]",22,158,64,0
40628,"[15799, 6]",21,0,0,0
40629,"[15799, 7]",20,0,0,0
40630,"[15799, 8]",15,53,24,0
40631,"[15799, 9]",55,158,64,0
40632,"[15799, 10]",54,41,18,0
40633,"[15799, 11]",53,0,0,0
40634,"[15799, 12]",51,0,0,0
40635,"[15799, 13]",49,0,0,0
40636,"[15799, 14]",46,41,18,0
40637,"[15799, 15]",44,158,64,0
40638,"[15799, 16]",43,0,0,0
40639,"[15799, 17]",166,158,64,0
40640,"[15799, 18]",136,0,0,0
40641,"[15799, 19]",135,0,0,0
40642,"[15799, 20]",134,0,0,0
40643,"[15799, 21]",131,158,64,0
40644,"[15799, 22]",117,156,64,-1
40645,"[15799, 23]",402,0,0,0
40646,"[15799, 24]",394,0,0,0
40647,"[15799, 25]",389,156,64,0
40648,"[15799, 26]",723,0,0,0
40649,"[15799, 27]",644,0,0,0
40650,"[15799, 28]",930,158,64,0
40651,"[15799, 29]",901,57,26,11
40652,"[15800, 0]",1,0,0,0
40653,"[15800, 1]",2,0,0,0
40654,"[15800, 2]",24,156,64,0
40655,"[15801, 0]",1,0,0,0
40656,"[15801, 1]",2,0,0,0
40657,"[15801, 2]",20,156,64,0
40658,"[15802, 0]",1,158,64,0
40659,"[15803, 0]",1,2,1,0
40660,"[15804, 0]",1,0,0,0
40661,"[15804, 1]",2,41,18,0
40662,"[15805, 0]",1,0,0,0
40663,"[15805, 1]",2,0,0,-1
40664,"[15805, 2]",24,156,64,-1
40665,"[15806, 0]",1,158,64,0
40666,"[15807, 0]",1,0,0,0
40667,"[15807, 1]",4,158,64,0
40668,"[15807, 2]",2,0,0,0
40669,"[15807, 3]",38,57,26,0
40670,"[15808, 0]",1,41,18,0
40671,"[15809, 0]",1,0,0,0
40672,"[15809, 1]",2,59,28,-1
40673,"[15810, 0]",1,0,0,0
40674,"[15810, 1]",2,41,18,0
40675,"[15811, 0]",1,0,0,0
40676,"[15811, 1]",2,158,64,0
40677,"[15812, 0]",1,0,0,0
40678,"[15812, 1]",2,158,64,0
40679,"[15813, 0]",1,41,18,0
40680,"[15814, 0]",1,0,0,0
40681,"[15814, 1]",2,158,64,0
40682,"[15815, 0]",1,0,0,0
40683,"[15815, 1]",2,0,0,-1
40684,"[15815, 2]",66,158,64,-1
40685,"[15816, 0]",1,57,26,0
40686,"[15817, 0]",1,0,0,0
40687,"[15817, 1]",2,158,64,0
40688,"[15818, 0]",1,158,64,0
40689,"[15819, 0]",1,0,0,0
40690,"[15819, 1]",2,0,0,0
40691,"[15819, 2]",24,57,26,2
40692,"[15820, 0]",1,0,0,0
40693,"[15820, 1]",2,41,18,0
40694,"[15821, 0]",1,0,0,0
40695,"[15821, 1]",2,0,0,1
40696,"[15821, 2]",13,2,1,0
40697,"[15822, 0]",1,0,0,0
40698,"[15822, 1]",2,41,18,0
40699,"[15823, 0]",1,158,64,0
40700,"[15824, 0]",1,156,64,0
40701,"[15825, 0]",1,0,0,0
40702,"[15825, 1]",2,57,26,0
40703,"[15826, 0]",1,41,18,0
40704,"[15827, 0]",1,41,18,0
40705,"[15828, 0]",1,0,0,0
40706,"[15828, 1]",2,41,18,0
40707,"[15829, 0]",1,156,64,0
40708,"[15830, 0]",1,158,64,0
40709,"[15831, 0]",1,0,0,0
40710,"[15831, 1]",2,158,64,0
40711,"[15832, 0]",1,158,64,0
40712,"[15833, 0]",1,0,0,0
40713,"[15833, 1]",2,41,18,0
40714,"[15834, 0]",1,0,0,0
40715,"[15834, 1]",2,158,64,0
40716,"[15835, 0]",1,0,0,0
40717,"[15835, 1]",2,0,0,0
40718,"[15835, 2]",48,0,0,0
40719,"[15835, 3]",47,0,0,0
40720,"[15835, 4]",46,0,0,0
40721,"[15835, 5]",79,51,24,1
40722,"[15835, 6]",75,0,0,0
40723,"[15835, 7]",72,158,64,0
40724,"[15835, 8]",137,158,64,0
40725,"[15836, 0]",1,0,0,0
40726,"[15836, 1]",2,57,26,0
40727,"[15837, 0]",1,158,64,0
40728,"[15838, 0]",1,41,18,0
40729,"[15839, 0]",1,158,64,0
40730,"[15840, 0]",1,57,26,0
40731,"[15841, 0]",1,0,0,0
40732,"[15841, 1]",2,59,28,0
40733,"[15842, 0]",1,41,18,0
40734,"[15843, 0]",1,0,0,0
40735,"[15843, 1]",2,158,64,0
40736,"[15844, 0]",1,57,26,0
40737,"[15845, 0]",1,0,0,0
40738,"[15845, 1]",2,156,64,0
40739,"[15846, 0]",1,51,24,0
40740,"[15847, 0]",1,0,0,0
40741,"[15847, 1]",2,41,18,0
40742,"[15848, 0]",1,0,0,0
40743,"[15848, 1]",2,0,0,0
40744,"[15848, 2]",62,57,26,0
40745,"[15849, 0]",1,158,64,0
40746,"[15850, 0]",1,0,0,0
40747,"[15850, 1]",2,156,64,0
40748,"[15851, 0]",1,0,0,0
40749,"[15851, 1]",4,0,0,0
40750,"[15851, 2]",3,0,0,0
40751,"[15851, 3]",2,0,0,0
40752,"[15851, 4]",20,2,1,0
40753,"[15851, 5]",19,158,64,0
40754,"[15851, 6]",16,2,1,-1
40755,"[15851, 7]",12,54,24,53
40756,"[15852, 0]",1,53,24,1
40757,"[15853, 0]",1,0,0,0
40758,"[15853, 1]",2,158,64,3
40759,"[15854, 0]",1,57,26,0
40760,"[15855, 0]",1,0,0,0
40761,"[15855, 1]",2,2,1,8
40762,"[15856, 0]",1,0,0,0
40763,"[15856, 1]",4,158,64,0
40764,"[15856, 2]",2,0,0,0
40765,"[15856, 3]",34,57,26,0
40766,"[15856, 4]",33,0,0,0
40767,"[15856, 5]",62,57,26,4
40768,"[15857, 0]",1,2,1,0
40769,"[15858, 0]",1,156,64,0
40770,"[15859, 0]",1,41,18,0
40771,"[15860, 0]",1,158,64,0
40772,"[15861, 0]",1,158,64,0
40773,"[15862, 0]",1,0,0,1
40774,"[15862, 1]",2,158,64,0
40775,"[15863, 0]",1,158,64,1
40776,"[15864, 0]",1,158,64,1
40777,"[15865, 0]",1,41,18,0
40778,"[15866, 0]",1,0,0,0
40779,"[15866, 1]",2,156,64,0
40780,"[15867, 0]",1,41,18,0
40781,"[15868, 0]",1,158,64,0
40782,"[15869, 0]",1,2,1,0
40783,"[15870, 0]",1,0,0,0
40784,"[15870, 1]",2,41,18,0
40785,"[15871, 0]",1,0,0,0
40786,"[15871, 1]",2,41,18,0
40787,"[15872, 0]",1,41,18,0
40788,"[15873, 0]",1,0,0,0
40789,"[15873, 1]",2,2,1,0
40790,"[15874, 0]",1,59,28,0
40791,"[15875, 0]",1,2,1,0
40792,"[15876, 0]",1,0,0,0
40793,"[15876, 1]",2,0,0,0
40794,"[15876, 2]",24,158,64,-1
40795,"[15876, 3]",23,0,0,-1
40796,"[15876, 4]",22,158,64,-1
40797,"[15876, 5]",17,0,0,-1
40798,"[15876, 6]",16,0,0,-1
40799,"[15876, 7]",51,156,64,3
40800,"[15876, 8]",44,57,26,-1
40801,"[15876, 9]",35,0,0,-1
40802,"[15876, 10]",275,158,64,3
40803,"[15877, 0]",1,0,0,1
40804,"[15877, 1]",2,0,0,0
40805,"[15877, 2]",67,41,18,0
40806,"[15878, 0]",1,53,24,0
40807,"[15879, 0]",1,156,64,0
40808,"[15880, 0]",1,158,64,0
40809,"[15881, 0]",1,0,0,0
40810,"[15881, 1]",2,54,24,0
40811,"[15882, 0]",1,57,26,0
40812,"[15883, 0]",1,0,0,0
40813,"[15883, 1]",2,158,64,0
40814,"[15884, 0]",1,0,0,0
40815,"[15884, 1]",2,156,64,0
40816,"[15885, 0]",1,0,0,0
40817,"[15885, 1]",2,158,64,0
40818,"[15886, 0]",1,0,0,0
40819,"[15886, 1]",3,158,64,0
40820,"[15886, 2]",2,158,64,0
40821,"[15887, 0]",1,0,0,0
40822,"[15887, 1]",2,158,64,0
40823,"[15888, 0]",1,0,0,0
40824,"[15888, 1]",10,158,64,0
40825,"[15888, 2]",8,158,64,0
40826,"[15888, 3]",7,2,1,0
40827,"[15888, 4]",6,0,0,0
40828,"[15888, 5]",5,0,0,0
40829,"[15888, 6]",3,0,0,0
40830,"[15888, 7]",49,0,0,3
40831,"[15888, 8]",45,0,0,0
40832,"[15888, 9]",41,156,64,1
40833,"[15888, 10]",109,57,26,0
40834,"[15888, 11]",82,158,64,0
40835,"[15889, 0]",1,156,64,0
40836,"[15890, 0]",1,158,64,0
40837,"[15891, 0]",1,0,0,0
40838,"[15891, 1]",2,0,0,0
40839,"[15891, 2]",30,41,18,0
40840,"[15892, 0]",1,0,0,0
40841,"[15892, 1]",2,158,64,13
40842,"[15893, 0]",1,158,64,0
40843,"[15894, 0]",1,156,64,0
40844,"[15895, 0]",1,158,64,0
40845,"[15896, 0]",1,41,18,0
40846,"[15897, 0]",1,53,24,0
40847,"[15898, 0]",1,0,0,0
40848,"[15898, 1]",2,0,0,0
40849,"[15898, 2]",39,0,0,0
40850,"[15898, 3]",38,0,0,0
40851,"[15898, 4]",37,0,0,0
40852,"[15898, 5]",96,57,26,0
40853,"[15898, 6]",94,0,0,0
40854,"[15898, 7]",90,156,64,0
40855,"[15898, 8]",87,41,18,0
40856,"[15898, 9]",116,158,64,0
40857,"[15899, 0]",1,158,64,0
40858,"[15900, 0]",1,57,26,0
40859,"[15901, 0]",1,41,18,0
40860,"[15902, 0]",1,0,0,0
40861,"[15902, 1]",2,156,64,0
40862,"[15903, 0]",1,156,64,0
40863,"[15904, 0]",1,0,0,0
40864,"[15904, 1]",2,0,0,0
40865,"[15904, 2]",24,156,64,0
40866,"[15905, 0]",1,0,0,0
40867,"[15905, 1]",2,41,18,0
40868,"[15906, 0]",1,57,26,0
40869,"[15907, 0]",1,158,64,0
40870,"[15908, 0]",1,0,0,0
40871,"[15908, 1]",6,0,0,0
40872,"[15908, 2]",5,41,18,0
40873,"[15908, 3]",2,0,0,0
40874,"[15908, 4]",51,158,64,0
40875,"[15908, 5]",48,0,0,0
40876,"[15908, 6]",18,57,26,0
40877,"[15908, 7]",78,57,26,0
40878,"[15908, 8]",77,41,18,0
40879,"[15909, 0]",1,57,26,0
40880,"[15910, 0]",1,158,64,0
40881,"[15911, 0]",1,0,0,1
40882,"[15911, 1]",2,57,26,-1
40883,"[15912, 0]",1,156,64,0
40884,"[15913, 0]",1,0,0,0
40885,"[15913, 1]",2,2,1,0
40886,"[15914, 0]",1,41,18,0
40887,"[15915, 0]",1,0,0,0
40888,"[15915, 1]",3,0,0,-1
40889,"[15915, 2]",20,158,64,-1
40890,"[15916, 0]",1,158,64,0
40891,"[15917, 0]",1,0,0,0
40892,"[15917, 1]",2,41,18,0
40893,"[15918, 0]",1,0,0,0
40894,"[15918, 1]",2,57,26,7
40895,"[15919, 0]",1,0,0,0
40896,"[15919, 1]",2,0,0,0
40897,"[15919, 2]",32,41,18,0
40898,"[15920, 0]",1,0,0,0
40899,"[15920, 1]",2,0,0,0
40900,"[15920, 2]",42,0,0,0
40901,"[15920, 3]",54,158,64,-1
40902,"[15921, 0]",1,0,0,0
40903,"[15921, 1]",2,63,28,0
40904,"[15922, 0]",1,0,0,0
40905,"[15922, 1]",2,41,18,0
40906,"[15923, 0]",1,0,0,0
40907,"[15923, 1]",2,158,64,0
40908,"[15924, 0]",1,0,0,0
40909,"[15924, 1]",5,0,0,0
40910,"[15924, 2]",4,0,0,0
40911,"[15924, 3]",2,0,0,0
40912,"[15924, 4]",26,158,64,0
40913,"[15924, 5]",22,0,0,0
40914,"[15924, 6]",19,158,64,0
40915,"[15924, 7]",83,158,64,0
40916,"[15925, 0]",1,0,0,0
40917,"[15925, 1]",2,0,0,0
40918,"[15925, 2]",20,37,18,0
40919,"[15926, 0]",1,0,0,0
40920,"[15926, 1]",2,0,0,0
40921,"[15926, 2]",22,158,64,0
40922,"[15927, 0]",1,53,24,0
40923,"[15928, 0]",1,57,26,1
40924,"[15929, 0]",1,0,0,0
40925,"[15929, 1]",2,158,64,-1
40926,"[15930, 0]",1,41,18,0
40927,"[15931, 0]",1,0,0,0
40928,"[15931, 1]",2,156,64,0
40929,"[15932, 0]",1,0,0,0
40930,"[15932, 1]",2,0,0,0
40931,"[15932, 2]",35,0,0,0
40932,"[15932, 3]",34,41,18,0
40933,"[15932, 4]",40,158,64,-1
40934,"[15933, 0]",1,0,0,0
40935,"[15933, 1]",2,158,64,0
40936,"[15934, 0]",1,158,64,0
40937,"[15935, 0]",1,57,26,0
40938,"[15936, 0]",1,57,26,1
40939,"[15937, 0]",1,0,0,0
40940,"[15937, 1]",2,0,0,0
40941,"[15937, 2]",15,57,26,0
40942,"[15938, 0]",1,57,26,0
40943,"[15939, 0]",1,0,0,1
40944,"[15939, 1]",2,57,26,0
40945,"[15940, 0]",1,0,0,1
40946,"[15940, 1]",2,0,0,0
40947,"[15940, 2]",13,158,64,10
40948,"[15941, 0]",1,156,64,0
40949,"[15942, 0]",1,158,64,0
40950,"[15943, 0]",1,0,0,0
40951,"[15943, 1]",4,0,0,0
40952,"[15943, 2]",20,158,64,-1
40953,"[15944, 0]",1,0,0,0
40954,"[15944, 1]",2,41,18,0
40955,"[15945, 0]",1,158,64,1
40956,"[15946, 0]",1,0,0,0
40957,"[15946, 1]",3,2,1,0
40958,"[15946, 2]",2,158,64,0
40959,"[15947, 0]",1,0,0,0
40960,"[15947, 1]",5,158,64,0
40961,"[15947, 2]",4,158,64,0
40962,"[15947, 3]",3,0,0,0
40963,"[15947, 4]",2,0,0,0
40964,"[15947, 5]",36,156,64,0
40965,"[15947, 6]",32,158,64,0
40966,"[15948, 0]",1,0,0,0
40967,"[15948, 1]",2,0,0,0
40968,"[15948, 2]",81,156,64,0
40969,"[15949, 0]",1,53,24,0
40970,"[15950, 0]",1,41,18,0
40971,"[15951, 0]",1,0,0,0
40972,"[15951, 1]",4,158,64,0
40973,"[15951, 2]",2,0,0,0
40974,"[15951, 3]",45,0,0,0
40975,"[15951, 4]",109,158,64,0
40976,"[15952, 0]",1,57,26,0
40977,"[15953, 0]",1,41,18,0
40978,"[15954, 0]",1,0,0,0
40979,"[15954, 1]",2,158,64,0
40980,"[15955, 0]",1,0,0,0
40981,"[15955, 1]",5,55,26,0
40982,"[15956, 0]",1,2,1,0
40983,"[15957, 0]",1,0,0,1
40984,"[15957, 1]",2,0,0,0
40985,"[15957, 2]",33,158,64,0
40986,"[15958, 0]",1,156,64,0
40987,"[15959, 0]",1,2,1,0
40988,"[15960, 0]",1,156,64,0
40989,"[15961, 0]",1,2,1,0
40990,"[15962, 0]",1,158,64,0
40991,"[15963, 0]",1,41,18,0
40992,"[15964, 0]",1,0,0,0
40993,"[15964, 1]",2,158,64,0
40994,"[15965, 0]",1,57,26,0
40995,"[15966, 0]",1,156,64,0
40996,"[15967, 0]",1,41,18,0
40997,"[15968, 0]",1,57,26,0
40998,"[15969, 0]",1,0,0,0
40999,"[15969, 1]",2,57,26,-1
41000,"[15970, 0]",1,2,1,0
41001,"[15971, 0]",1,0,0,0
41002,"[15971, 1]",2,41,18,0
41003,"[15972, 0]",1,158,64,0
41004,"[15973, 0]",1,158,64,0
41005,"[15974, 0]",1,158,64,0
41006,"[15975, 0]",1,2,1,0
41007,"[15976, 0]",1,0,0,0
41008,"[15976, 1]",2,0,0,0
41009,"[15976, 2]",36,57,26,0
41010,"[15976, 3]",34,0,0,0
41011,"[15976, 4]",33,0,0,0
41012,"[15976, 5]",58,0,0,0
41013,"[15976, 6]",52,2,1,0
41014,"[15976, 7]",102,158,64,0
41015,"[15977, 0]",1,0,0,0
41016,"[15977, 1]",2,0,0,0
41017,"[15977, 2]",13,158,64,0
41018,"[15978, 0]",1,41,18,0
41019,"[15979, 0]",1,0,0,0
41020,"[15979, 1]",4,41,18,0
41021,"[15979, 2]",2,0,0,0
41022,"[15979, 3]",36,2,1,0
41023,"[15980, 0]",1,0,0,0
41024,"[15980, 1]",2,158,64,0
41025,"[15981, 0]",1,57,26,0
41026,"[15982, 0]",1,156,64,0
41027,"[15983, 0]",1,0,0,0
41028,"[15983, 1]",2,51,24,0
41029,"[15984, 0]",1,158,64,0
41030,"[15985, 0]",1,158,64,0
41031,"[15986, 0]",1,0,0,0
41032,"[15986, 1]",2,2,1,0
41033,"[15987, 0]",1,0,0,0
41034,"[15987, 1]",2,57,26,0
41035,"[15988, 0]",1,158,64,0
41036,"[15989, 0]",1,2,1,0
41037,"[15990, 0]",1,41,18,0
41038,"[15991, 0]",1,41,18,0
41039,"[15992, 0]",1,158,64,0
41040,"[15993, 0]",1,156,64,0
41041,"[15994, 0]",1,0,0,-1
41042,"[15994, 1]",2,158,64,5
41043,"[15995, 0]",1,41,18,0
41044,"[15996, 0]",1,77,32,0
41045,"[15997, 0]",1,0,0,0
41046,"[15997, 1]",2,0,0,0
41047,"[15997, 2]",40,2,1,0
41048,"[15997, 3]",39,64,29,0
41049,"[15997, 4]",38,2,1,0
41050,"[15998, 0]",1,158,64,0
41051,"[15999, 0]",1,59,28,0
41052,"[16000, 0]",1,0,0,0
41053,"[16000, 1]",2,0,0,0
41054,"[16000, 2]",14,41,18,0
41055,"[16001, 0]",1,0,0,0
41056,"[16001, 1]",6,156,64,0
41057,"[16001, 2]",3,0,0,0
41058,"[16001, 3]",2,0,0,0
41059,"[16001, 4]",58,0,0,0
41060,"[16001, 5]",57,0,0,0
41061,"[16001, 6]",56,0,0,0
41062,"[16001, 7]",52,156,64,0
41063,"[16001, 8]",102,0,0,-1
41064,"[16001, 9]",100,0,0,1
41065,"[16001, 10]",95,0,0,-1
41066,"[16001, 11]",94,158,64,3
41067,"[16001, 12]",92,0,0,-1
41068,"[16001, 13]",86,0,0,-1
41069,"[16001, 14]",439,0,0,1
41070,"[16001, 15]",392,0,0,-1
41071,"[16001, 16]",375,158,64,5
41072,"[16001, 17]",354,55,26,0
41073,"[16001, 18]",338,158,64,9
41074,"[16001, 19]",524,156,64,2
41075,"[16001, 20]",489,2,1,0
41076,"[16002, 0]",1,158,64,1
41077,"[16003, 0]",1,0,0,0
41078,"[16003, 1]",2,41,18,0
41079,"[16004, 0]",1,0,0,0
41080,"[16004, 1]",2,0,0,0
41081,"[16004, 2]",35,158,64,0
41082,"[16005, 0]",1,0,0,0
41083,"[16005, 1]",2,0,0,0
41084,"[16005, 2]",71,0,0,0
41085,"[16005, 3]",103,0,0,0
41086,"[16005, 4]",139,158,64,0
41087,"[16006, 0]",1,156,64,0
41088,"[16007, 0]",1,57,26,0
41089,"[16008, 0]",1,0,0,0
41090,"[16008, 1]",2,54,24,0
41091,"[16009, 0]",1,0,0,0
41092,"[16010, 0]",1,156,64,0
41093,"[16011, 0]",1,0,0,0
41094,"[16012, 0]",1,0,0,0
41095,"[16012, 1]",2,158,64,-1
41096,"[16013, 0]",1,41,18,0
41097,"[16014, 0]",1,0,0,0
41098,"[16014, 1]",2,0,0,0
41099,"[16014, 2]",33,158,64,0
41100,"[16015, 0]",1,0,0,0
41101,"[16015, 1]",2,0,0,0
41102,"[16015, 2]",15,59,28,0
41103,"[16016, 0]",1,0,0,0
41104,"[16016, 1]",2,41,18,0
41105,"[16017, 0]",1,0,0,1
41106,"[16017, 1]",2,158,64,0
41107,"[16018, 0]",1,158,64,0
41108,"[16019, 0]",1,0,0,0
41109,"[16019, 1]",2,53,24,0
41110,"[16020, 0]",1,156,64,0
41111,"[16021, 0]",1,0,0,0
41112,"[16021, 1]",2,0,0,-1
41113,"[16021, 2]",22,158,64,11
41114,"[16022, 0]",1,0,0,0
41115,"[16022, 1]",2,41,18,0
41116,"[16023, 0]",1,0,0,0
41117,"[16023, 1]",3,0,0,0
41118,"[16023, 2]",2,158,64,0
41119,"[16023, 3]",37,0,0,0
41120,"[16023, 4]",93,41,18,0
41121,"[16024, 0]",1,156,64,0
41122,"[16025, 0]",1,41,18,0
41123,"[16026, 0]",1,0,0,0
41124,"[16026, 1]",2,158,64,0
41125,"[16027, 0]",1,158,64,0
41126,"[16028, 0]",1,0,0,0
41127,"[16028, 1]",2,156,64,0
41128,"[16029, 0]",1,158,64,0
41129,"[16030, 0]",1,41,18,0
41130,"[16031, 0]",1,158,64,0
41131,"[16032, 0]",1,2,1,0
41132,"[16033, 0]",1,158,64,0
41133,"[16034, 0]",1,158,64,0
41134,"[16035, 0]",1,156,64,0
41135,"[16036, 0]",1,0,0,0
41136,"[16036, 1]",2,2,1,0
41137,"[16037, 0]",1,0,0,0
41138,"[16037, 1]",2,0,0,0
41139,"[16037, 2]",30,0,0,0
41140,"[16037, 3]",111,59,28,0
41141,"[16038, 0]",1,2,1,0
41142,"[16039, 0]",1,0,0,0
41143,"[16039, 1]",4,158,64,0
41144,"[16039, 2]",3,0,0,0
41145,"[16039, 3]",2,0,0,0
41146,"[16039, 4]",27,41,18,0
41147,"[16039, 5]",26,0,0,0
41148,"[16039, 6]",24,0,0,0
41149,"[16039, 7]",16,65,28,0
41150,"[16039, 8]",71,0,0,0
41151,"[16039, 9]",70,0,0,0
41152,"[16039, 10]",57,0,0,0
41153,"[16039, 11]",266,41,18,0
41154,"[16039, 12]",257,41,18,0
41155,"[16039, 13]",256,57,26,0
41156,"[16039, 14]",255,0,0,0
41157,"[16039, 15]",249,0,0,0
41158,"[16039, 16]",357,41,18,0
41159,"[16039, 17]",356,0,0,0
41160,"[16039, 18]",328,0,0,0
41161,"[16039, 19]",504,75,32,0
41162,"[16039, 20]",468,156,64,0
41163,"[16040, 0]",1,0,0,0
41164,"[16040, 1]",6,0,0,0
41165,"[16040, 2]",5,0,0,0
41166,"[16040, 3]",2,156,64,0
41167,"[16040, 4]",21,158,64,0
41168,"[16040, 5]",17,2,1,0
41169,"[16041, 0]",1,2,1,0
41170,"[16042, 0]",1,0,0,0
41171,"[16042, 1]",2,156,64,1
41172,"[16043, 0]",1,0,0,0
41173,"[16043, 1]",3,0,0,0
41174,"[16043, 2]",2,41,18,0
41175,"[16043, 3]",28,158,64,2
41176,"[16044, 0]",1,158,64,0
41177,"[16045, 0]",1,0,0,0
41178,"[16045, 1]",2,0,0,0
41179,"[16046, 0]",1,0,0,0
41180,"[16046, 1]",4,158,64,0
41181,"[16046, 2]",3,41,18,0
41182,"[16046, 3]",2,158,64,0
41183,"[16047, 0]",1,41,18,0
41184,"[16048, 0]",1,158,64,0
41185,"[16049, 0]",1,59,28,0
41186,"[16050, 0]",1,57,26,0
41187,"[16051, 0]",1,0,0,0
41188,"[16051, 1]",2,158,64,0
41189,"[16052, 0]",1,0,0,0
41190,"[16052, 1]",2,158,64,0
41191,"[16053, 0]",1,0,0,0
41192,"[16053, 1]",7,158,64,0
41193,"[16053, 2]",6,57,26,0
41194,"[16053, 3]",2,0,0,0
41195,"[16053, 4]",45,0,0,0
41196,"[16053, 5]",43,0,0,0
41197,"[16053, 6]",42,0,0,0
41198,"[16053, 7]",41,0,0,0
41199,"[16053, 8]",91,0,0,0
41200,"[16053, 9]",88,0,0,0
41201,"[16053, 10]",84,0,0,0
41202,"[16053, 11]",81,41,18,0
41203,"[16053, 12]",289,158,64,0
41204,"[16053, 13]",262,41,18,0
41205,"[16053, 14]",251,158,64,0
41206,"[16054, 0]",1,57,26,0
41207,"[16055, 0]",1,158,64,0
41208,"[16056, 0]",1,0,0,0
41209,"[16056, 1]",2,59,28,0
41210,"[16057, 0]",1,0,0,0
41211,"[16057, 1]",2,0,0,0
41212,"[16057, 2]",29,41,18,0
41213,"[16058, 0]",1,0,0,0
41214,"[16058, 1]",2,0,0,0
41215,"[16058, 2]",59,158,64,0
41216,"[16059, 0]",1,0,0,0
41217,"[16059, 1]",2,41,18,0
41218,"[16060, 0]",1,0,0,0
41219,"[16060, 1]",6,0,0,0
41220,"[16060, 2]",5,0,0,0
41221,"[16060, 3]",3,0,0,0
41222,"[16060, 4]",2,0,0,0
41223,"[16060, 5]",42,0,0,0
41224,"[16060, 6]",38,0,0,0
41225,"[16060, 7]",23,0,0,0
41226,"[16060, 8]",20,57,26,8
41227,"[16060, 9]",116,156,64,2
41228,"[16060, 10]",91,158,64,0
41229,"[16060, 11]",77,158,64,0
41230,"[16061, 0]",1,0,0,0
41231,"[16061, 1]",7,0,0,0
41232,"[16061, 2]",4,0,0,0
41233,"[16061, 3]",3,0,0,0
41234,"[16061, 4]",2,0,0,0
41235,"[16061, 5]",60,57,26,0
41236,"[16061, 6]",59,0,0,0
41237,"[16061, 7]",58,0,0,0
41238,"[16061, 8]",57,0,0,0
41239,"[16061, 9]",51,0,0,0
41240,"[16061, 10]",50,57,26,0
41241,"[16061, 11]",41,41,18,0
41242,"[16061, 12]",18,2,1,0
41243,"[16061, 13]",139,0,0,0
41244,"[16061, 14]",94,0,0,0
41245,"[16061, 15]",91,0,0,0
41246,"[16061, 16]",88,41,18,0
41247,"[16061, 17]",330,2,1,0
41248,"[16061, 18]",315,158,64,0
41249,"[16061, 19]",302,41,18,0
41250,"[16062, 0]",1,41,18,0
41251,"[16063, 0]",1,0,0,0
41252,"[16063, 1]",2,158,64,17
41253,"[16064, 0]",1,0,0,0
41254,"[16064, 1]",2,0,0,0
41255,"[16064, 2]",26,0,0,0
41256,"[16064, 3]",74,53,24,0
41257,"[16065, 0]",1,55,26,1
41258,"[16066, 0]",1,0,0,0
41259,"[16066, 1]",2,41,18,0
41260,"[16067, 0]",1,0,0,0
41261,"[16067, 1]",2,158,64,1
41262,"[16068, 0]",1,2,1,0
41263,"[16069, 0]",1,156,64,0
41264,"[16070, 0]",1,0,0,0
41265,"[16070, 1]",5,158,64,0
41266,"[16070, 2]",3,0,0,0
41267,"[16070, 3]",25,0,0,4
41268,"[16070, 4]",47,41,18,0
41269,"[16071, 0]",1,158,64,0
41270,"[16072, 0]",1,158,64,0
41271,"[16073, 0]",1,41,18,0
41272,"[16074, 0]",1,0,0,0
41273,"[16074, 1]",2,2,1,0
41274,"[16075, 0]",1,158,64,0
41275,"[16076, 0]",1,158,64,0
41276,"[16077, 0]",1,0,0,1
41277,"[16077, 1]",3,0,0,0
41278,"[16077, 2]",2,0,0,0
41279,"[16077, 3]",27,158,64,0
41280,"[16077, 4]",25,0,0,0
41281,"[16077, 5]",21,158,64,0
41282,"[16077, 6]",20,0,0,0
41283,"[16077, 7]",93,158,64,0
41284,"[16077, 8]",61,0,0,0
41285,"[16077, 9]",178,0,0,0
41286,"[16077, 10]",257,158,64,0
41287,"[16078, 0]",1,156,64,0
41288,"[16079, 0]",1,41,18,0
41289,"[16080, 0]",1,57,26,0
41290,"[16081, 0]",1,158,64,0
41291,"[16082, 0]",1,0,0,0
41292,"[16082, 1]",2,0,0,0
41293,"[16082, 2]",41,158,64,0
41294,"[16083, 0]",1,41,18,0
41295,"[16084, 0]",1,0,0,0
41296,"[16084, 1]",2,0,0,0
41297,"[16084, 2]",43,158,64,-1
41298,"[16084, 3]",42,0,0,-1
41299,"[16085, 0]",1,0,0,0
41300,"[16085, 1]",2,57,26,1
41301,"[16086, 0]",1,0,0,0
41302,"[16086, 1]",2,59,28,-1
41303,"[16087, 0]",1,0,0,0
41304,"[16087, 1]",2,158,64,0
41305,"[16088, 0]",1,156,64,0
41306,"[16089, 0]",1,158,64,0
41307,"[16090, 0]",1,0,0,0
41308,"[16090, 1]",8,0,0,0
41309,"[16090, 2]",6,0,0,0
41310,"[16090, 3]",4,0,0,0
41311,"[16090, 4]",3,0,0,0
41312,"[16090, 5]",2,0,0,0
41313,"[16090, 6]",69,0,0,0
41314,"[16090, 7]",68,158,64,0
41315,"[16090, 8]",64,0,0,0
41316,"[16090, 9]",56,57,26,0
41317,"[16090, 10]",53,158,64,0
41318,"[16090, 11]",40,0,0,5
41319,"[16090, 12]",207,158,64,0
41320,"[16090, 13]",109,0,0,0
41321,"[16090, 14]",90,158,64,0
41322,"[16090, 15]",359,158,64,0
41323,"[16091, 0]",1,0,0,0
41324,"[16091, 1]",2,156,64,0
41325,"[16092, 0]",1,2,1,0
41326,"[16093, 0]",1,0,0,0
41327,"[16093, 1]",5,0,0,0
41328,"[16093, 2]",4,0,0,0
41329,"[16093, 3]",3,0,0,0
41330,"[16093, 4]",28,0,0,0
41331,"[16093, 5]",25,0,0,0
41332,"[16093, 6]",21,41,18,0
41333,"[16093, 7]",79,158,64,0
41334,"[16093, 8]",62,53,24,0
41335,"[16094, 0]",1,156,64,0
41336,"[16095, 0]",1,0,0,0
41337,"[16095, 1]",2,57,26,0
41338,"[16096, 0]",1,61,28,0
41339,"[16097, 0]",1,0,0,0
41340,"[16097, 1]",2,158,64,0
41341,"[16098, 0]",1,0,0,0
41342,"[16098, 1]",2,0,0,0
41343,"[16098, 2]",23,156,64,0
41344,"[16099, 0]",1,158,64,0
41345,"[16100, 0]",1,0,0,0
41346,"[16100, 1]",5,2,1,0
41347,"[16100, 2]",4,2,1,0
41348,"[16100, 3]",3,0,0,0
41349,"[16100, 4]",16,158,64,0
41350,"[16101, 0]",1,57,26,0
41351,"[16102, 0]",1,0,0,0
41352,"[16102, 1]",2,0,0,0
41353,"[16102, 2]",18,0,0,0
41354,"[16102, 3]",30,57,26,0
41355,"[16103, 0]",1,57,26,0
41356,"[16104, 0]",1,158,64,0
41357,"[16105, 0]",1,0,0,0
41358,"[16105, 1]",2,158,64,0
41359,"[16106, 0]",1,57,26,0
41360,"[16107, 0]",1,0,0,0
41361,"[16107, 1]",2,57,26,0
41362,"[16108, 0]",1,158,64,0
41363,"[16109, 0]",1,0,0,0
41364,"[16109, 1]",4,158,64,0
41365,"[16109, 2]",3,158,64,0
41366,"[16109, 3]",2,0,0,0
41367,"[16109, 4]",27,64,29,0
41368,"[16109, 5]",26,158,64,0
41369,"[16109, 6]",25,0,0,0
41370,"[16109, 7]",48,158,64,0
41371,"[16110, 0]",1,158,64,0
41372,"[16111, 0]",1,0,0,0
41373,"[16111, 1]",4,0,0,0
41374,"[16111, 2]",2,0,0,0
41375,"[16111, 3]",27,0,0,0
41376,"[16111, 4]",15,41,18,0
41377,"[16111, 5]",62,158,64,0
41378,"[16111, 6]",60,0,0,0
41379,"[16111, 7]",153,41,18,0
41380,"[16111, 8]",151,59,28,0
41381,"[16111, 9]",149,0,0,0
41382,"[16111, 10]",206,158,64,0
41383,"[16112, 0]",1,57,26,0
41384,"[16113, 0]",1,0,0,0
41385,"[16113, 1]",2,158,64,8
41386,"[16114, 0]",1,2,1,0
41387,"[16115, 0]",1,0,0,1
41388,"[16115, 1]",2,0,0,0
41389,"[16115, 2]",32,0,0,0
41390,"[16115, 3]",58,158,64,0
41391,"[16116, 0]",1,0,0,0
41392,"[16116, 1]",2,59,28,3
41393,"[16117, 0]",1,0,0,0
41394,"[16117, 1]",2,158,64,-1
41395,"[16118, 0]",1,158,64,0
41396,"[16119, 0]",1,0,0,0
41397,"[16119, 1]",2,0,0,0
41398,"[16119, 2]",14,41,18,0
41399,"[16120, 0]",1,158,64,0
41400,"[16121, 0]",1,57,26,0
41401,"[16122, 0]",1,41,18,0
41402,"[16123, 0]",1,0,0,0
41403,"[16123, 1]",2,0,0,0
41404,"[16123, 2]",55,57,26,0
41405,"[16124, 0]",1,158,64,0
41406,"[16125, 0]",1,0,0,0
41407,"[16125, 1]",2,0,0,0
41408,"[16125, 2]",92,41,18,0
41409,"[16126, 0]",1,0,0,0
41410,"[16126, 1]",2,156,64,0
41411,"[16127, 0]",1,158,64,0
41412,"[16128, 0]",1,41,18,0
41413,"[16129, 0]",1,0,0,0
41414,"[16129, 1]",6,158,64,0
41415,"[16129, 2]",4,0,0,0
41416,"[16129, 3]",3,0,0,0
41417,"[16129, 4]",2,0,0,0
41418,"[16129, 5]",36,41,18,0
41419,"[16129, 6]",34,0,0,0
41420,"[16129, 7]",30,41,18,0
41421,"[16129, 8]",27,41,18,0
41422,"[16129, 9]",68,0,0,0
41423,"[16129, 10]",241,156,64,0
41424,"[16130, 0]",1,156,64,0
41425,"[16131, 0]",1,0,0,0
41426,"[16131, 1]",3,2,1,-1
41427,"[16131, 2]",2,0,0,-1
41428,"[16131, 3]",58,0,0,-1
41429,"[16132, 0]",1,0,0,0
41430,"[16132, 1]",2,156,64,0
41431,"[16133, 0]",1,158,64,0
41432,"[16134, 0]",1,41,18,1
41433,"[16135, 0]",1,0,0,0
41434,"[16135, 1]",5,59,28,0
41435,"[16135, 2]",3,0,0,0
41436,"[16135, 3]",2,0,0,0
41437,"[16135, 4]",27,158,64,0
41438,"[16136, 0]",1,0,0,0
41439,"[16136, 1]",2,2,1,0
41440,"[16137, 0]",1,158,64,0
41441,"[16138, 0]",1,0,0,0
41442,"[16138, 1]",2,156,64,0
41443,"[16139, 0]",1,0,0,0
41444,"[16139, 1]",2,156,64,0
41445,"[16140, 0]",1,0,0,0
41446,"[16140, 1]",2,158,64,15
41447,"[16141, 0]",1,0,0,0
41448,"[16141, 1]",2,158,64,0
41449,"[16142, 0]",1,158,64,0
41450,"[16143, 0]",1,0,0,0
41451,"[16143, 1]",6,0,0,0
41452,"[16143, 2]",4,0,0,0
41453,"[16143, 3]",2,0,0,0
41454,"[16143, 4]",38,53,24,0
41455,"[16143, 5]",32,57,26,0
41456,"[16143, 6]",18,158,64,0
41457,"[16144, 0]",1,57,26,1
41458,"[16145, 0]",1,0,0,0
41459,"[16145, 1]",2,57,26,0
41460,"[16146, 0]",1,0,0,0
41461,"[16146, 1]",2,0,0,0
41462,"[16146, 2]",62,41,18,0
41463,"[16147, 0]",1,156,64,0
41464,"[16148, 0]",1,158,64,1
41465,"[16149, 0]",1,0,0,0
41466,"[16149, 1]",2,0,0,0
41467,"[16149, 2]",17,158,64,0
41468,"[16150, 0]",1,158,64,0
41469,"[16151, 0]",1,57,26,0
41470,"[16152, 0]",1,0,0,0
41471,"[16152, 1]",2,0,0,-1
41472,"[16152, 2]",57,0,0,-1
41473,"[16152, 3]",70,158,64,-1
41474,"[16153, 0]",1,158,64,0
41475,"[16154, 0]",1,0,0,0
41476,"[16154, 1]",2,156,64,13
41477,"[16155, 0]",1,0,0,0
41478,"[16155, 1]",2,41,18,0
41479,"[16156, 0]",1,158,64,0
41480,"[16157, 0]",1,158,64,0
41481,"[16158, 0]",1,0,0,0
41482,"[16158, 1]",2,158,64,0
41483,"[16159, 0]",1,0,0,0
41484,"[16159, 1]",3,0,0,0
41485,"[16159, 2]",28,0,0,0
41486,"[16159, 3]",25,0,0,0
41487,"[16159, 4]",24,0,0,0
41488,"[16159, 5]",72,57,26,0
41489,"[16159, 6]",71,0,0,0
41490,"[16159, 7]",66,41,18,0
41491,"[16159, 8]",43,156,64,0
41492,"[16159, 9]",107,158,64,10
41493,"[16159, 10]",105,158,64,-1
41494,"[16160, 0]",1,0,0,0
41495,"[16160, 1]",2,41,18,0
41496,"[16161, 0]",1,57,26,0
41497,"[16162, 0]",1,41,18,0
41498,"[16163, 0]",1,0,0,0
41499,"[16163, 1]",2,158,64,0
41500,"[16164, 0]",1,158,64,0
41501,"[16165, 0]",1,0,0,0
41502,"[16165, 1]",2,0,0,0
41503,"[16165, 2]",26,57,26,0
41504,"[16166, 0]",1,0,0,0
41505,"[16166, 1]",2,41,18,0
41506,"[16167, 0]",1,54,24,0
41507,"[16168, 0]",1,0,0,0
41508,"[16168, 1]",2,0,0,0
41509,"[16168, 2]",33,158,64,-1
41510,"[16169, 0]",1,0,0,0
41511,"[16169, 1]",2,57,26,0
41512,"[16170, 0]",1,41,18,0
41513,"[16171, 0]",1,0,0,0
41514,"[16171, 1]",3,0,0,0
41515,"[16171, 2]",32,0,0,0
41516,"[16171, 3]",57,158,64,0
41517,"[16171, 4]",55,158,64,0
41518,"[16171, 5]",54,0,0,0
41519,"[16171, 6]",53,0,0,0
41520,"[16171, 7]",120,158,64,10
41521,"[16171, 8]",119,0,0,-1
41522,"[16171, 9]",117,0,0,-1
41523,"[16171, 10]",113,0,0,0
41524,"[16171, 11]",210,156,64,0
41525,"[16171, 12]",193,158,64,9
41526,"[16171, 13]",180,158,64,3
41527,"[16172, 0]",1,0,0,0
41528,"[16172, 1]",2,0,0,0
41529,"[16172, 2]",41,0,0,0
41530,"[16172, 3]",65,0,0,0
41531,"[16172, 4]",105,0,0,0
41532,"[16172, 5]",177,41,18,0
41533,"[16173, 0]",1,59,28,0
41534,"[16174, 0]",1,158,64,0
41535,"[16175, 0]",1,41,18,1
41536,"[16176, 0]",1,158,64,0
41537,"[16177, 0]",1,0,0,0
41538,"[16177, 1]",2,0,0,0
41539,"[16177, 2]",22,158,64,0
41540,"[16178, 0]",1,158,64,0
41541,"[16179, 0]",1,0,0,0
41542,"[16179, 1]",2,0,0,0
41543,"[16179, 2]",16,41,18,2
41544,"[16180, 0]",1,0,0,0
41545,"[16180, 1]",2,0,0,0
41546,"[16180, 2]",16,158,64,2
41547,"[16181, 0]",1,0,0,0
41548,"[16181, 1]",2,0,0,0
41549,"[16181, 2]",68,0,0,0
41550,"[16181, 3]",83,41,18,0
41551,"[16182, 0]",1,158,64,0
41552,"[16183, 0]",1,0,0,0
41553,"[16183, 1]",2,158,64,0
41554,"[16184, 0]",1,53,24,0
41555,"[16185, 0]",1,158,64,0
41556,"[16186, 0]",1,0,0,0
41557,"[16186, 1]",5,156,64,0
41558,"[16186, 2]",2,0,0,0
41559,"[16186, 3]",38,158,64,0
41560,"[16186, 4]",37,2,1,0
41561,"[16186, 5]",36,0,0,0
41562,"[16186, 6]",35,0,0,0
41563,"[16186, 7]",50,156,64,0
41564,"[16186, 8]",47,158,64,-1
41565,"[16187, 0]",1,0,0,0
41566,"[16187, 1]",8,55,26,0
41567,"[16187, 2]",3,0,0,0
41568,"[16187, 3]",2,0,0,0
41569,"[16187, 4]",81,41,18,0
41570,"[16187, 5]",77,0,0,0
41571,"[16187, 6]",155,41,18,0
41572,"[16188, 0]",1,158,64,0
41573,"[16189, 0]",1,158,64,0
41574,"[16190, 0]",1,0,0,0
41575,"[16190, 1]",2,156,64,-1
41576,"[16191, 0]",1,158,64,0
41577,"[16192, 0]",1,41,18,0
41578,"[16193, 0]",1,158,64,0
41579,"[16194, 0]",1,0,0,0
41580,"[16194, 1]",2,41,18,0
41581,"[16195, 0]",1,0,0,0
41582,"[16195, 1]",2,57,26,0
41583,"[16196, 0]",1,57,26,1
41584,"[16197, 0]",1,158,64,0
41585,"[16198, 0]",1,41,18,0
41586,"[16199, 0]",1,156,64,0
41587,"[16200, 0]",1,57,26,0
41588,"[16201, 0]",1,41,18,0
41589,"[16202, 0]",1,158,64,0
41590,"[16203, 0]",1,0,0,0
41591,"[16203, 1]",2,158,64,0
41592,"[16204, 0]",1,0,0,0
41593,"[16204, 1]",5,0,0,0
41594,"[16204, 2]",4,0,0,0
41595,"[16204, 3]",2,0,0,0
41596,"[16204, 4]",45,158,64,0
41597,"[16204, 5]",30,41,18,0
41598,"[16204, 6]",26,0,0,0
41599,"[16204, 7]",135,158,64,0
41600,"[16205, 0]",1,158,64,0
41601,"[16206, 0]",1,156,64,0
41602,"[16207, 0]",1,57,26,0
41603,"[16208, 0]",1,0,0,0
41604,"[16208, 1]",6,156,64,0
41605,"[16208, 2]",4,41,18,0
41606,"[16208, 3]",3,0,0,0
41607,"[16208, 4]",27,0,0,0
41608,"[16208, 5]",54,41,18,0
41609,"[16209, 0]",1,0,0,0
41610,"[16209, 1]",2,158,64,0
41611,"[16210, 0]",1,37,18,0
41612,"[16211, 0]",1,158,64,0
41613,"[16212, 0]",1,158,64,0
41614,"[16213, 0]",1,158,64,0
41615,"[16214, 0]",1,158,64,0
41616,"[16215, 0]",1,0,0,0
41617,"[16215, 1]",12,158,64,0
41618,"[16215, 2]",11,0,0,0
41619,"[16215, 3]",10,0,0,0
41620,"[16215, 4]",9,0,0,0
41621,"[16215, 5]",8,0,0,0
41622,"[16215, 6]",7,0,0,0
41623,"[16215, 7]",5,0,0,0
41624,"[16215, 8]",50,41,18,0
41625,"[16215, 9]",43,158,64,0
41626,"[16215, 10]",42,0,0,0
41627,"[16215, 11]",34,156,64,0
41628,"[16215, 12]",30,0,0,0
41629,"[16215, 13]",24,0,0,0
41630,"[16215, 14]",21,0,0,0
41631,"[16215, 15]",18,158,64,0
41632,"[16215, 16]",251,57,26,0
41633,"[16215, 17]",233,158,64,0
41634,"[16215, 18]",207,2,1,3
41635,"[16215, 19]",111,156,64,1
41636,"[16216, 0]",1,158,64,0
41637,"[16217, 0]",1,0,0,0
41638,"[16217, 1]",2,57,26,4
41639,"[16218, 0]",1,0,0,0
41640,"[16218, 1]",3,0,0,0
41641,"[16218, 2]",2,0,0,0
41642,"[16218, 3]",30,0,0,-1
41643,"[16218, 4]",29,0,0,1
41644,"[16218, 5]",20,0,0,0
41645,"[16218, 6]",143,0,0,0
41646,"[16218, 7]",80,0,0,0
41647,"[16218, 8]",77,0,0,4
41648,"[16218, 9]",231,2,1,0
41649,"[16218, 10]",213,158,64,-1
41650,"[16218, 11]",192,158,64,0
41651,"[16219, 0]",1,0,0,0
41652,"[16219, 1]",2,57,26,0
41653,"[16220, 0]",1,0,0,0
41654,"[16220, 1]",3,0,0,0
41655,"[16220, 2]",28,158,64,-1
41656,"[16221, 0]",1,158,64,0
41657,"[16222, 0]",1,0,0,0
41658,"[16222, 1]",2,0,0,0
41659,"[16222, 2]",78,156,64,0
41660,"[16223, 0]",1,0,0,0
41661,"[16223, 1]",2,0,0,0
41662,"[16223, 2]",23,0,0,0
41663,"[16223, 3]",45,158,64,0
41664,"[16224, 0]",1,0,0,0
41665,"[16224, 1]",2,41,18,0
41666,"[16225, 0]",1,0,0,0
41667,"[16225, 1]",2,158,64,0
41668,"[16226, 0]",1,158,64,0
41669,"[16227, 0]",1,0,0,0
41670,"[16227, 1]",4,156,64,0
41671,"[16227, 2]",2,0,0,0
41672,"[16227, 3]",33,158,64,0
41673,"[16228, 0]",1,0,0,0
41674,"[16228, 1]",2,0,0,0
41675,"[16228, 2]",20,158,64,0
41676,"[16229, 0]",1,0,0,0
41677,"[16229, 1]",2,0,0,0
41678,"[16229, 2]",13,158,64,0
41679,"[16230, 0]",1,41,18,0
41680,"[16231, 0]",1,0,0,0
41681,"[16231, 1]",3,0,0,0
41682,"[16231, 2]",28,57,26,0
41683,"[16232, 0]",1,156,64,0
41684,"[16233, 0]",1,2,1,0
41685,"[16234, 0]",1,0,0,0
41686,"[16234, 1]",2,58,26,2
41687,"[16235, 0]",1,158,64,0
41688,"[16236, 0]",1,0,0,0
41689,"[16236, 1]",5,0,0,1
41690,"[16236, 2]",4,0,0,-1
41691,"[16236, 3]",2,0,0,-1
41692,"[16236, 4]",64,158,64,2
41693,"[16236, 5]",62,0,0,2
41694,"[16236, 6]",46,0,0,-1
41695,"[16236, 7]",42,41,18,0
41696,"[16236, 8]",148,54,24,1
41697,"[16236, 9]",126,57,26,0
41698,"[16237, 0]",1,158,64,0
41699,"[16238, 0]",1,158,64,0
41700,"[16239, 0]",1,0,0,0
41701,"[16239, 1]",2,156,64,0
41702,"[16240, 0]",1,0,0,0
41703,"[16240, 1]",2,0,0,0
41704,"[16240, 2]",66,158,64,0
41705,"[16241, 0]",1,41,18,0
41706,"[16242, 0]",1,156,64,0
41707,"[16243, 0]",1,158,64,0
41708,"[16244, 0]",1,158,64,0
41709,"[16245, 0]",1,0,0,0
41710,"[16245, 1]",4,158,64,0
41711,"[16245, 2]",2,0,0,0
41712,"[16245, 3]",35,0,0,0
41713,"[16245, 4]",69,57,26,0
41714,"[16246, 0]",1,0,0,0
41715,"[16246, 1]",6,0,0,0
41716,"[16246, 2]",4,0,0,0
41717,"[16246, 3]",2,0,0,0
41718,"[16246, 4]",37,0,0,0
41719,"[16246, 5]",20,158,64,0
41720,"[16246, 6]",8,2,1,0
41721,"[16246, 7]",52,41,18,0
41722,"[16246, 8]",51,158,64,0
41723,"[16247, 0]",1,0,0,0
41724,"[16247, 1]",3,0,0,0
41725,"[16247, 2]",2,0,0,0
41726,"[16247, 3]",44,0,0,0
41727,"[16247, 4]",101,158,64,0
41728,"[16248, 0]",1,0,0,0
41729,"[16248, 1]",3,41,18,0
41730,"[16249, 0]",1,158,64,1
41731,"[16250, 0]",1,41,18,0
41732,"[16251, 0]",1,2,1,0
41733,"[16252, 0]",1,158,64,0
41734,"[16253, 0]",1,0,0,0
41735,"[16253, 1]",6,158,64,24
41736,"[16253, 2]",3,158,64,4
41737,"[16253, 3]",2,0,0,-1
41738,"[16253, 4]",40,158,64,6
41739,"[16254, 0]",1,0,0,0
41740,"[16254, 1]",2,0,0,0
41741,"[16254, 2]",15,158,64,0
41742,"[16255, 0]",1,0,0,0
41743,"[16255, 1]",2,41,18,1
41744,"[16256, 0]",1,0,0,0
41745,"[16256, 1]",2,158,64,0
41746,"[16257, 0]",1,0,0,0
41747,"[16257, 1]",3,57,26,0
41748,"[16258, 0]",1,156,64,0
41749,"[16259, 0]",1,158,64,0
41750,"[16260, 0]",1,158,64,0
41751,"[16261, 0]",1,158,64,0
41752,"[16262, 0]",1,57,26,0
41753,"[16263, 0]",1,41,18,1
41754,"[16264, 0]",1,158,64,0
41755,"[16265, 0]",1,41,18,0
41756,"[16266, 0]",1,158,64,0
41757,"[16267, 0]",1,158,64,0
41758,"[16268, 0]",1,156,64,0
41759,"[16269, 0]",1,0,0,0
41760,"[16269, 1]",5,57,26,0
41761,"[16269, 2]",3,0,0,0
41762,"[16269, 3]",2,0,0,0
41763,"[16269, 4]",38,158,64,0
41764,"[16269, 5]",35,41,18,0
41765,"[16270, 0]",1,158,64,0
41766,"[16271, 0]",1,158,64,0
41767,"[16272, 0]",1,41,18,0
41768,"[16273, 0]",1,158,64,0
41769,"[16274, 0]",1,0,0,0
41770,"[16274, 1]",6,156,64,-1
41771,"[16274, 2]",3,158,64,9
41772,"[16275, 0]",1,0,0,0
41773,"[16275, 1]",2,158,64,0
41774,"[16276, 0]",1,156,64,0
41775,"[16277, 0]",1,0,0,0
41776,"[16277, 1]",2,158,64,0
41777,"[16278, 0]",1,0,0,0
41778,"[16278, 1]",2,156,64,0
41779,"[16279, 0]",1,0,0,0
41780,"[16279, 1]",3,0,0,0
41781,"[16279, 2]",2,0,0,0
41782,"[16279, 3]",35,57,26,-1
41783,"[16279, 4]",31,158,64,3
41784,"[16280, 0]",1,158,64,0
41785,"[16281, 0]",1,0,0,0
41786,"[16281, 1]",2,158,64,0
41787,"[16282, 0]",1,0,0,0
41788,"[16282, 1]",2,156,64,0
41789,"[16283, 0]",1,57,26,0
41790,"[16284, 0]",1,57,26,0
41791,"[16285, 0]",1,53,24,0
41792,"[16286, 0]",1,0,0,0
41793,"[16286, 1]",6,156,64,0
41794,"[16286, 2]",4,0,0,0
41795,"[16286, 3]",2,0,0,0
41796,"[16286, 4]",48,0,0,0
41797,"[16286, 5]",30,57,26,0
41798,"[16286, 6]",125,156,64,0
41799,"[16287, 0]",1,0,0,0
41800,"[16287, 1]",2,158,64,0
41801,"[16288, 0]",1,2,1,0
41802,"[16289, 0]",1,158,64,0
41803,"[16290, 0]",1,55,26,0
41804,"[16291, 0]",1,0,0,0
41805,"[16291, 1]",3,41,18,0
41806,"[16291, 2]",2,41,18,0
41807,"[16292, 0]",1,158,64,0
41808,"[16293, 0]",1,158,64,0
41809,"[16294, 0]",1,59,28,0
41810,"[16295, 0]",1,158,64,0
41811,"[16296, 0]",1,54,24,0
41812,"[16297, 0]",1,158,64,0
41813,"[16298, 0]",1,41,18,0
41814,"[16299, 0]",1,0,0,0
41815,"[16299, 1]",6,41,18,0
41816,"[16299, 2]",3,0,0,0
41817,"[16299, 3]",2,0,0,0
41818,"[16299, 4]",48,0,0,0
41819,"[16299, 5]",46,0,0,0
41820,"[16299, 6]",45,0,0,0
41821,"[16299, 7]",42,0,0,0
41822,"[16299, 8]",40,0,0,0
41823,"[16299, 9]",39,0,0,0
41824,"[16299, 10]",38,0,0,0
41825,"[16299, 11]",37,0,0,0
41826,"[16299, 12]",119,0,0,0
41827,"[16299, 13]",115,41,18,0
41828,"[16299, 14]",112,158,64,0
41829,"[16299, 15]",109,158,64,0
41830,"[16299, 16]",94,156,64,0
41831,"[16299, 17]",86,158,64,0
41832,"[16299, 18]",84,41,18,0
41833,"[16299, 19]",82,0,0,0
41834,"[16299, 20]",77,158,64,0
41835,"[16299, 21]",76,57,26,0
41836,"[16299, 22]",74,0,0,0
41837,"[16299, 23]",58,158,64,0
41838,"[16299, 24]",349,0,0,0
41839,"[16299, 25]",348,158,64,0
41840,"[16299, 26]",309,158,64,0
41841,"[16299, 27]",308,0,0,0
41842,"[16299, 28]",307,0,0,0
41843,"[16299, 29]",214,57,26,0
41844,"[16299, 30]",515,57,26,0
41845,"[16299, 31]",511,41,18,0
41846,"[16299, 32]",442,41,18,0
41847,"[16300, 0]",1,158,64,0
41848,"[16301, 0]",1,158,64,0
41849,"[16302, 0]",1,41,18,0
41850,"[16303, 0]",1,158,64,0
41851,"[16304, 0]",1,158,64,0
41852,"[16305, 0]",1,0,0,0
41853,"[16305, 1]",2,158,64,0
41854,"[16306, 0]",1,156,64,0
41855,"[16307, 0]",1,0,0,0
41856,"[16307, 1]",2,41,18,0
41857,"[16308, 0]",1,41,18,0
41858,"[16309, 0]",1,158,64,0
41859,"[16310, 0]",1,158,64,0
41860,"[16311, 0]",1,0,0,0
41861,"[16311, 1]",2,57,26,0
41862,"[16312, 0]",1,0,0,0
41863,"[16312, 1]",2,158,64,0
41864,"[16313, 0]",1,158,64,0
41865,"[16314, 0]",1,0,0,0
41866,"[16314, 1]",2,0,0,0
41867,"[16314, 2]",14,158,64,0
41868,"[16315, 0]",1,0,0,0
41869,"[16315, 1]",2,158,64,0
41870,"[16316, 0]",1,54,24,0
41871,"[16317, 0]",1,0,0,0
41872,"[16317, 1]",2,57,26,0
41873,"[16318, 0]",1,0,0,0
41874,"[16318, 1]",2,0,0,-1
41875,"[16318, 2]",95,158,64,-1
41876,"[16319, 0]",1,158,64,0
41877,"[16320, 0]",1,158,64,0
41878,"[16321, 0]",1,0,0,0
41879,"[16321, 1]",2,41,18,0
41880,"[16322, 0]",1,156,64,0
41881,"[16323, 0]",1,0,0,0
41882,"[16323, 1]",2,2,1,0
41883,"[16324, 0]",1,158,64,0
41884,"[16325, 0]",1,0,0,0
41885,"[16325, 1]",2,2,1,0
41886,"[16326, 0]",1,156,64,0
41887,"[16327, 0]",1,0,0,0
41888,"[16327, 1]",2,158,64,5
41889,"[16328, 0]",1,57,26,0
41890,"[16329, 0]",1,0,0,0
41891,"[16329, 1]",2,158,64,0
41892,"[16330, 0]",1,0,0,0
41893,"[16330, 1]",2,57,26,0
41894,"[16331, 0]",1,0,0,0
41895,"[16331, 1]",2,158,64,0
41896,"[16332, 0]",1,158,64,0
41897,"[16333, 0]",1,158,64,0
41898,"[16334, 0]",1,158,64,0
41899,"[16335, 0]",1,41,18,0
41900,"[16336, 0]",1,0,0,0
41901,"[16337, 0]",1,156,64,0
41902,"[16338, 0]",1,57,26,0
41903,"[16339, 0]",1,158,64,0
41904,"[16340, 0]",1,41,18,0
41905,"[16341, 0]",1,59,28,0
41906,"[16342, 0]",1,41,18,0
41907,"[16343, 0]",1,158,64,1
41908,"[16344, 0]",1,158,64,0
41909,"[16345, 0]",1,0,0,0
41910,"[16345, 1]",3,156,64,-1
41911,"[16346, 0]",1,0,0,0
41912,"[16346, 1]",2,0,0,1
41913,"[16346, 2]",17,158,64,1
41914,"[16347, 0]",1,0,0,0
41915,"[16347, 1]",2,158,64,0
41916,"[16348, 0]",1,0,0,0
41917,"[16348, 1]",6,37,18,0
41918,"[16348, 2]",4,0,0,0
41919,"[16348, 3]",2,0,0,0
41920,"[16348, 4]",45,0,0,0
41921,"[16348, 5]",28,158,64,0
41922,"[16348, 6]",127,158,64,0
41923,"[16349, 0]",1,0,0,0
41924,"[16349, 1]",2,158,64,0
41925,"[16350, 0]",1,41,18,0
41926,"[16351, 0]",1,0,0,0
41927,"[16351, 1]",7,158,64,0
41928,"[16351, 2]",6,41,18,0
41929,"[16351, 3]",5,0,0,0
41930,"[16351, 4]",3,0,0,0
41931,"[16351, 5]",2,0,0,0
41932,"[16351, 6]",51,158,64,0
41933,"[16351, 7]",50,158,64,0
41934,"[16351, 8]",49,0,0,0
41935,"[16351, 9]",48,0,0,0
41936,"[16351, 10]",39,158,64,0
41937,"[16351, 11]",27,158,64,0
41938,"[16351, 12]",74,41,18,0
41939,"[16351, 13]",71,41,18,0
41940,"[16352, 0]",1,57,26,0
41941,"[16353, 0]",1,0,0,0
41942,"[16353, 1]",8,57,26,0
41943,"[16353, 2]",7,158,64,0
41944,"[16353, 3]",3,0,0,0
41945,"[16353, 4]",43,57,26,0
41946,"[16354, 0]",1,57,26,0
41947,"[16355, 0]",1,158,64,0
41948,"[16356, 0]",1,2,1,0
41949,"[16357, 0]",1,0,0,0
41950,"[16357, 1]",2,0,0,0
41951,"[16357, 2]",22,2,1,0
41952,"[16358, 0]",1,0,0,0
41953,"[16358, 1]",2,158,64,0
41954,"[16359, 0]",1,0,0,0
41955,"[16359, 1]",2,0,0,0
41956,"[16359, 2]",21,158,64,0
41957,"[16360, 0]",1,0,0,0
41958,"[16360, 1]",4,0,0,0
41959,"[16360, 2]",3,0,0,0
41960,"[16360, 3]",2,0,0,0
41961,"[16360, 4]",28,158,64,1
41962,"[16360, 5]",27,54,24,-1
41963,"[16360, 6]",21,156,64,0
41964,"[16360, 7]",18,41,18,0
41965,"[16361, 0]",1,156,64,0
41966,"[16362, 0]",1,0,0,0
41967,"[16362, 1]",2,2,1,0
41968,"[16363, 0]",1,0,0,0
41969,"[16363, 1]",2,158,64,-1
41970,"[16364, 0]",1,0,0,0
41971,"[16364, 1]",9,158,64,0
41972,"[16364, 2]",8,0,0,0
41973,"[16364, 3]",7,0,0,0
41974,"[16364, 4]",6,0,0,0
41975,"[16364, 5]",5,0,0,0
41976,"[16364, 6]",45,0,0,0
41977,"[16364, 7]",41,158,64,0
41978,"[16364, 8]",38,158,64,1
41979,"[16364, 9]",35,0,0,-1
41980,"[16364, 10]",123,2,1,9
41981,"[16364, 11]",73,2,1,-1
41982,"[16365, 0]",1,57,26,0
41983,"[16366, 0]",1,53,24,0
41984,"[16367, 0]",1,0,0,0
41985,"[16367, 1]",3,41,18,0
41986,"[16367, 2]",2,158,64,0
41987,"[16368, 0]",1,57,26,0
41988,"[16369, 0]",1,0,0,0
41989,"[16369, 1]",2,0,0,0
41990,"[16369, 2]",28,158,64,0
41991,"[16370, 0]",1,0,0,0
41992,"[16370, 1]",2,156,64,2
41993,"[16371, 0]",1,0,0,0
41994,"[16371, 1]",4,158,64,0
41995,"[16371, 2]",3,0,0,0
41996,"[16371, 3]",2,158,64,0
41997,"[16371, 4]",12,158,64,0
41998,"[16371, 5]",93,156,64,-1
41999,"[16372, 0]",1,57,26,0
42000,"[16373, 0]",1,57,26,0
42001,"[16374, 0]",1,0,0,0
42002,"[16374, 1]",2,0,0,0
42003,"[16374, 2]",34,158,64,0
42004,"[16375, 0]",1,0,0,0
42005,"[16375, 1]",2,0,0,0
42006,"[16375, 2]",23,2,1,0
42007,"[16376, 0]",1,41,18,0
42008,"[16377, 0]",1,0,0,0
42009,"[16377, 1]",2,41,18,0
42010,"[16378, 0]",1,158,64,0
42011,"[16379, 0]",1,0,0,0
42012,"[16379, 1]",2,57,26,0
42013,"[16380, 0]",1,0,0,0
42014,"[16380, 1]",2,57,26,0
42015,"[16381, 0]",1,158,64,0
42016,"[16382, 0]",1,61,28,0
42017,"[16383, 0]",1,156,64,0
42018,"[16384, 0]",1,54,24,0
42019,"[16385, 0]",1,0,0,0
42020,"[16385, 1]",7,158,64,0
42021,"[16385, 2]",6,0,0,0
42022,"[16385, 3]",5,0,0,0
42023,"[16385, 4]",4,0,0,0
42024,"[16385, 5]",3,0,0,0
42025,"[16385, 6]",55,59,28,30
42026,"[16385, 7]",53,0,0,-1
42027,"[16385, 8]",44,158,64,0
42028,"[16385, 9]",37,156,64,-1
42029,"[16385, 10]",32,0,0,0
42030,"[16385, 11]",228,41,18,0
42031,"[16385, 12]",72,0,0,-1
42032,"[16385, 13]",473,158,64,-1
42033,"[16386, 0]",1,0,0,0
42034,"[16386, 1]",2,58,26,0
42035,"[16387, 0]",1,158,64,0
42036,"[16388, 0]",1,0,0,1
42037,"[16388, 1]",2,57,26,0
42038,"[16389, 0]",1,0,0,0
42039,"[16389, 1]",4,158,64,0
42040,"[16389, 2]",2,0,0,0
42041,"[16389, 3]",24,0,0,0
42042,"[16389, 4]",39,41,18,0
42043,"[16390, 0]",1,41,18,0
42044,"[16391, 0]",1,0,0,0
42045,"[16391, 1]",3,0,0,0
42046,"[16391, 2]",2,0,0,0
42047,"[16391, 3]",34,158,64,0
42048,"[16391, 4]",31,0,0,0
42049,"[16391, 5]",60,59,28,0
42050,"[16392, 0]",1,0,0,0
42051,"[16392, 1]",2,0,0,-1
42052,"[16392, 2]",17,0,0,-1
42053,"[16392, 3]",36,158,64,-1
42054,"[16393, 0]",1,0,0,0
42055,"[16393, 1]",2,156,64,0
42056,"[16394, 0]",1,53,24,0
42057,"[16395, 0]",1,0,0,0
42058,"[16395, 1]",16,158,64,0
42059,"[16395, 2]",11,0,0,0
42060,"[16395, 3]",9,0,0,0
42061,"[16395, 4]",7,0,0,0
42062,"[16395, 5]",6,0,0,0
42063,"[16395, 6]",4,0,0,0
42064,"[16395, 7]",3,0,0,0
42065,"[16395, 8]",2,0,0,0
42066,"[16395, 9]",85,0,0,0
42067,"[16395, 10]",83,0,0,0
42068,"[16395, 11]",82,0,0,0
42069,"[16395, 12]",80,0,0,0
42070,"[16395, 13]",74,0,0,-1
42071,"[16395, 14]",71,2,1,-1
42072,"[16395, 15]",68,158,64,-1
42073,"[16395, 16]",67,158,64,-1
42074,"[16395, 17]",62,41,18,0
42075,"[16395, 18]",60,0,0,0
42076,"[16395, 19]",59,0,0,0
42077,"[16395, 20]",56,0,0,0
42078,"[16395, 21]",53,0,0,0
42079,"[16395, 22]",52,0,0,0
42080,"[16395, 23]",48,0,0,-1
42081,"[16395, 24]",41,158,64,-1
42082,"[16395, 25]",358,41,18,23
42083,"[16395, 26]",338,0,0,0
42084,"[16395, 27]",334,41,18,0
42085,"[16395, 28]",302,156,64,0
42086,"[16395, 29]",292,0,0,0
42087,"[16395, 30]",287,158,64,0
42088,"[16395, 31]",221,2,1,-1
42089,"[16395, 32]",220,158,64,-1
42090,"[16395, 33]",217,0,0,-1
42091,"[16395, 34]",215,0,0,-1
42092,"[16395, 35]",148,0,0,0
42093,"[16395, 36]",147,0,0,0
42094,"[16395, 37]",145,0,0,0
42095,"[16395, 38]",143,0,0,0
42096,"[16395, 39]",142,0,0,0
42097,"[16395, 40]",136,0,0,0
42098,"[16395, 41]",133,158,64,0
42099,"[16395, 42]",130,64,29,0
42100,"[16395, 43]",885,54,24,0
42101,"[16395, 44]",860,158,64,0
42102,"[16395, 45]",859,0,0,0
42103,"[16395, 46]",855,158,64,0
42104,"[16395, 47]",854,158,64,0
42105,"[16395, 48]",850,0,0,0
42106,"[16395, 49]",830,158,64,0
42107,"[16395, 50]",827,57,26,0
42108,"[16395, 51]",823,156,64,0
42109,"[16395, 52]",803,158,64,2
42110,"[16395, 53]",800,0,0,-1
42111,"[16395, 54]",794,158,64,-1
42112,"[16395, 55]",566,0,0,0
42113,"[16395, 56]",516,158,64,0
42114,"[16395, 57]",1320,158,64,0
42115,"[16395, 58]",1127,0,0,-1
42116,"[16395, 59]",1035,0,0,0
42117,"[16395, 60]",1000,53,24,0
42118,"[16395, 61]",998,0,0,0
42119,"[16395, 62]",997,158,64,0
42120,"[16395, 63]",996,0,0,0
42121,"[16395, 64]",2202,0,0,0
42122,"[16395, 65]",2191,0,0,0
42123,"[16395, 66]",2079,158,64,2
42124,"[16395, 67]",1729,158,64,-1
42125,"[16395, 68]",2465,156,64,13
42126,"[16395, 69]",2368,0,0,0
42127,"[16395, 70]",3062,41,18,8
42128,"[16396, 0]",1,0,0,0
42129,"[16396, 1]",2,158,64,-1
42130,"[16397, 0]",1,57,26,1
42131,"[16398, 0]",1,0,0,0
42132,"[16398, 1]",2,0,0,0
42133,"[16398, 2]",12,158,64,0
42134,"[16399, 0]",1,0,0,0
42135,"[16399, 1]",2,41,18,0
42136,"[16400, 0]",1,59,28,0
42137,"[16401, 0]",1,156,64,0
42138,"[16402, 0]",1,158,64,0
42139,"[16403, 0]",1,158,64,0
42140,"[16404, 0]",1,0,0,0
42141,"[16404, 1]",2,0,0,0
42142,"[16404, 2]",15,0,0,0
42143,"[16404, 3]",79,57,26,0
42144,"[16405, 0]",1,0,0,0
42145,"[16405, 1]",2,158,64,0
42146,"[16406, 0]",1,158,64,0
42147,"[16407, 0]",1,156,64,0
42148,"[16408, 0]",1,156,64,0
42149,"[16409, 0]",1,0,0,0
42150,"[16409, 1]",5,2,1,0
42151,"[16409, 2]",3,0,0,0
42152,"[16409, 3]",2,0,0,0
42153,"[16409, 4]",34,0,0,0
42154,"[16409, 5]",31,158,64,5
42155,"[16409, 6]",65,158,64,0
42156,"[16410, 0]",1,158,64,0
42157,"[16411, 0]",1,0,0,0
42158,"[16411, 1]",2,51,24,0
42159,"[16412, 0]",1,0,0,0
42160,"[16412, 1]",2,53,24,0
42161,"[16413, 0]",1,158,64,0
42162,"[16414, 0]",1,0,0,0
42163,"[16414, 1]",2,158,64,0
42164,"[16415, 0]",1,2,1,0
42165,"[16416, 0]",1,0,0,0
42166,"[16416, 1]",2,158,64,0
42167,"[16417, 0]",1,0,0,0
42168,"[16417, 1]",2,2,1,0
42169,"[16418, 0]",1,158,64,0
42170,"[16419, 0]",1,0,0,0
42171,"[16419, 1]",2,156,64,1
42172,"[16420, 0]",1,0,0,0
42173,"[16420, 1]",5,51,24,0
42174,"[16420, 2]",3,156,64,0
42175,"[16420, 3]",2,0,0,0
42176,"[16420, 4]",29,158,64,0
42177,"[16421, 0]",1,57,26,0
42178,"[16422, 0]",1,0,0,0
42179,"[16422, 1]",2,158,64,0
42180,"[16423, 0]",1,0,0,0
42181,"[16423, 1]",2,51,24,0
42182,"[16424, 0]",1,0,0,0
42183,"[16424, 1]",2,158,64,0
42184,"[16425, 0]",1,158,64,0
42185,"[16426, 0]",1,0,0,0
42186,"[16426, 1]",2,0,0,0
42187,"[16426, 2]",31,41,18,0
42188,"[16427, 0]",1,57,26,0
42189,"[16428, 0]",1,158,64,0
42190,"[16429, 0]",1,0,0,0
42191,"[16429, 1]",2,158,64,-1
42192,"[16430, 0]",1,156,64,0
42193,"[16431, 0]",1,156,64,0
42194,"[16432, 0]",1,59,28,0
42195,"[16433, 0]",1,0,0,0
42196,"[16433, 1]",4,158,64,0
42197,"[16433, 2]",3,0,0,0
42198,"[16433, 3]",22,54,24,0
42199,"[16434, 0]",1,158,64,1
42200,"[16435, 0]",1,158,64,0
42201,"[16436, 0]",1,0,0,0
42202,"[16436, 1]",2,41,18,0
42203,"[16437, 0]",1,0,0,0
42204,"[16437, 1]",2,156,64,-1
42205,"[16438, 0]",1,0,0,0
42206,"[16438, 1]",2,158,64,0
42207,"[16439, 0]",1,0,0,0
42208,"[16439, 1]",2,158,64,0
42209,"[16440, 0]",1,0,0,0
42210,"[16440, 1]",2,2,1,0
42211,"[16441, 0]",1,0,0,0
42212,"[16441, 1]",6,0,0,0
42213,"[16441, 2]",4,0,0,0
42214,"[16441, 3]",3,0,0,0
42215,"[16441, 4]",2,0,0,0
42216,"[16441, 5]",58,0,0,-1
42217,"[16441, 6]",56,0,0,2
42218,"[16441, 7]",55,0,0,1
42219,"[16441, 8]",53,57,26,-1
42220,"[16441, 9]",49,158,64,0
42221,"[16441, 10]",48,156,64,0
42222,"[16441, 11]",47,0,0,0
42223,"[16441, 12]",44,158,64,0
42224,"[16441, 13]",41,156,64,0
42225,"[16441, 14]",22,2,1,0
42226,"[16441, 15]",140,55,26,1
42227,"[16441, 16]",99,158,64,0
42228,"[16441, 17]",92,158,64,0
42229,"[16441, 18]",88,0,0,-1
42230,"[16441, 19]",657,57,26,7
42231,"[16442, 0]",1,0,0,0
42232,"[16442, 1]",2,158,64,0
42233,"[16443, 0]",1,158,64,0
42234,"[16444, 0]",1,55,26,0
42235,"[16445, 0]",1,57,26,0
42236,"[16446, 0]",1,0,0,0
42237,"[16446, 1]",2,41,18,0
42238,"[16447, 0]",1,158,64,0
42239,"[16448, 0]",1,0,0,0
42240,"[16448, 1]",2,0,0,0
42241,"[16448, 2]",33,158,64,0
42242,"[16449, 0]",1,158,64,0
42243,"[16450, 0]",1,0,0,0
42244,"[16450, 1]",2,57,26,5
42245,"[16451, 0]",1,156,64,0
42246,"[16452, 0]",1,0,0,0
42247,"[16452, 1]",2,41,18,0
42248,"[16453, 0]",1,0,0,0
42249,"[16453, 1]",7,57,26,0
42250,"[16453, 2]",5,0,0,0
42251,"[16453, 3]",4,0,0,0
42252,"[16453, 4]",3,0,0,0
42253,"[16453, 5]",34,0,0,0
42254,"[16453, 6]",31,158,64,0
42255,"[16453, 7]",70,57,26,0
42256,"[16454, 0]",1,0,0,0
42257,"[16454, 1]",2,158,64,0
42258,"[16455, 0]",1,158,64,0
42259,"[16456, 0]",1,41,18,0
42260,"[16457, 0]",1,53,24,1
42261,"[16458, 0]",1,158,64,0
42262,"[16459, 0]",1,0,0,0
42263,"[16459, 1]",2,0,0,0
42264,"[16459, 2]",24,51,24,1
42265,"[16460, 0]",1,41,18,0
42266,"[16461, 0]",1,0,0,0
42267,"[16461, 1]",2,0,0,0
42268,"[16461, 2]",16,158,64,0
42269,"[16462, 0]",1,158,64,0
42270,"[16463, 0]",1,41,18,0
42271,"[16464, 0]",1,41,18,0
42272,"[16465, 0]",1,41,18,1
42273,"[16466, 0]",1,0,0,0
42274,"[16466, 1]",2,158,64,4
42275,"[16467, 0]",1,55,26,0
42276,"[16468, 0]",1,51,24,0
42277,"[16469, 0]",1,41,18,0
42278,"[16470, 0]",1,156,64,0
42279,"[16471, 0]",1,0,0,0
42280,"[16471, 1]",2,158,64,0
42281,"[16472, 0]",1,41,18,0
42282,"[16473, 0]",1,0,0,0
42283,"[16473, 1]",2,0,0,0
42284,"[16473, 2]",17,158,64,0
42285,"[16474, 0]",1,156,64,0
42286,"[16475, 0]",1,0,0,0
42287,"[16475, 1]",2,41,18,0
42288,"[16476, 0]",1,156,64,0
42289,"[16477, 0]",1,0,0,0
42290,"[16477, 1]",3,0,0,0
42291,"[16477, 2]",20,0,0,0
42292,"[16477, 3]",93,158,64,0
42293,"[16478, 0]",1,0,0,0
42294,"[16478, 1]",2,0,0,0
42295,"[16478, 2]",24,0,0,0
42296,"[16478, 3]",39,41,18,0
42297,"[16479, 0]",1,51,24,0
42298,"[16480, 0]",1,0,0,0
42299,"[16480, 1]",4,158,64,0
42300,"[16480, 2]",2,0,0,0
42301,"[16480, 3]",51,0,0,0
42302,"[16480, 4]",50,0,0,0
42303,"[16480, 5]",49,0,0,0
42304,"[16480, 6]",77,41,18,0
42305,"[16480, 7]",74,156,64,0
42306,"[16480, 8]",71,158,64,0
42307,"[16481, 0]",1,41,18,0
42308,"[16482, 0]",1,57,26,0
42309,"[16483, 0]",1,158,64,0
42310,"[16484, 0]",1,2,1,0
42311,"[16485, 0]",1,158,64,0
42312,"[16486, 0]",1,0,0,0
42313,"[16486, 1]",6,158,64,0
42314,"[16486, 2]",5,0,0,0
42315,"[16486, 3]",2,0,0,0
42316,"[16486, 4]",50,158,64,5
42317,"[16486, 5]",49,0,0,2
42318,"[16486, 6]",23,156,64,0
42319,"[16486, 7]",79,0,0,0
42320,"[16486, 8]",210,41,18,0
42321,"[16487, 0]",1,0,0,0
42322,"[16487, 1]",2,59,28,0
42323,"[16488, 0]",1,156,64,0
42324,"[16489, 0]",1,0,0,0
42325,"[16489, 1]",2,41,18,0
42326,"[16490, 0]",1,0,0,0
42327,"[16490, 1]",2,0,0,0
42328,"[16490, 2]",17,158,64,-1
42329,"[16491, 0]",1,0,0,0
42330,"[16491, 1]",2,57,26,0
42331,"[16492, 0]",1,158,64,0
42332,"[16493, 0]",1,0,0,0
42333,"[16493, 1]",3,0,0,0
42334,"[16493, 2]",13,0,0,0
42335,"[16493, 3]",47,2,1,4
42336,"[16494, 0]",1,0,0,0
42337,"[16494, 1]",2,0,0,0
42338,"[16494, 2]",81,57,26,0
42339,"[16495, 0]",1,0,0,0
42340,"[16495, 1]",2,0,0,0
42341,"[16495, 2]",15,156,64,-1
42342,"[16496, 0]",1,0,0,0
42343,"[16496, 1]",2,158,64,0
42344,"[16497, 0]",1,158,64,0
42345,"[16498, 0]",1,158,64,0
42346,"[16499, 0]",1,0,0,0
42347,"[16499, 1]",5,2,1,0
42348,"[16499, 2]",2,0,0,0
42349,"[16499, 3]",50,2,1,0
42350,"[16500, 0]",1,158,64,0
42351,"[16501, 0]",1,156,64,0
42352,"[16502, 0]",1,158,64,0
42353,"[16503, 0]",1,0,0,0
42354,"[16503, 1]",2,158,64,0
42355,"[16504, 0]",1,0,0,0
42356,"[16504, 1]",2,158,64,2
42357,"[16505, 0]",1,2,1,0
42358,"[16506, 0]",1,0,0,0
42359,"[16506, 1]",2,41,18,5
42360,"[16507, 0]",1,0,0,0
42361,"[16507, 1]",2,158,64,0
42362,"[16508, 0]",1,41,18,0
42363,"[16509, 0]",1,0,0,0
42364,"[16509, 1]",2,2,1,0
42365,"[16510, 0]",1,0,0,0
42366,"[16510, 1]",2,158,64,5
42367,"[16511, 0]",1,0,0,0
42368,"[16511, 1]",5,158,64,0
42369,"[16511, 2]",4,0,0,0
42370,"[16511, 3]",2,0,0,0
42371,"[16511, 4]",64,0,0,0
42372,"[16511, 5]",61,0,0,0
42373,"[16511, 6]",60,0,0,0
42374,"[16511, 7]",59,0,0,0
42375,"[16511, 8]",58,0,0,0
42376,"[16511, 9]",35,158,64,0
42377,"[16511, 10]",106,41,18,0
42378,"[16511, 11]",104,41,18,0
42379,"[16511, 12]",103,0,0,0
42380,"[16511, 13]",99,61,28,0
42381,"[16511, 14]",96,0,0,0
42382,"[16511, 15]",94,0,0,0
42383,"[16511, 16]",93,0,0,0
42384,"[16511, 17]",87,0,0,0
42385,"[16511, 18]",82,158,64,0
42386,"[16511, 19]",393,2,1,0
42387,"[16511, 20]",362,158,64,0
42388,"[16511, 21]",359,41,18,0
42389,"[16511, 22]",351,0,0,0
42390,"[16511, 23]",315,2,1,0
42391,"[16511, 24]",572,57,26,0
42392,"[16512, 0]",1,0,0,0
42393,"[16512, 1]",2,158,64,0
42394,"[16513, 0]",1,41,18,0
42395,"[16514, 0]",1,57,26,0
42396,"[16515, 0]",1,0,0,0
42397,"[16515, 1]",2,59,28,0
42398,"[16516, 0]",1,0,0,0
42399,"[16516, 1]",2,57,26,0
42400,"[16517, 0]",1,0,0,0
42401,"[16517, 1]",2,58,26,1
42402,"[16518, 0]",1,37,18,0
42403,"[16519, 0]",1,158,64,0
42404,"[16520, 0]",1,158,64,0
42405,"[16521, 0]",1,0,0,0
42406,"[16521, 1]",3,0,0,0
42407,"[16521, 2]",2,158,64,0
42408,"[16521, 3]",35,158,64,0
42409,"[16522, 0]",1,158,64,0
42410,"[16523, 0]",1,158,64,0
42411,"[16524, 0]",1,0,0,0
42412,"[16524, 1]",2,0,0,0
42413,"[16524, 2]",24,158,64,0
42414,"[16525, 0]",1,158,64,1
42415,"[16526, 0]",1,0,0,0
42416,"[16526, 1]",3,0,0,0
42417,"[16526, 2]",2,158,64,0
42418,"[16526, 3]",8,0,0,0
42419,"[16526, 4]",114,158,64,0
42420,"[16527, 0]",1,41,18,0
42421,"[16528, 0]",1,158,64,0
42422,"[16529, 0]",1,158,64,0
42423,"[16530, 0]",1,158,64,0
42424,"[16531, 0]",1,156,64,1
42425,"[16532, 0]",1,0,0,0
42426,"[16532, 1]",5,61,28,0
42427,"[16532, 2]",3,0,0,0
42428,"[16532, 3]",2,0,0,0
42429,"[16532, 4]",49,0,0,0
42430,"[16532, 5]",45,0,0,0
42431,"[16532, 6]",102,41,18,0
42432,"[16532, 7]",72,158,64,0
42433,"[16533, 0]",1,156,64,0
42434,"[16534, 0]",1,0,0,0
42435,"[16534, 1]",4,41,18,0
42436,"[16534, 2]",2,0,0,0
42437,"[16534, 3]",32,41,18,0
42438,"[16534, 4]",31,0,0,0
42439,"[16534, 5]",28,158,64,0
42440,"[16534, 6]",27,0,0,0
42441,"[16534, 7]",26,0,0,0
42442,"[16534, 8]",74,158,64,-1
42443,"[16534, 9]",68,57,26,0
42444,"[16534, 10]",38,158,64,0
42445,"[16535, 0]",1,2,1,0
42446,"[16536, 0]",1,37,18,0
42447,"[16537, 0]",1,0,0,0
42448,"[16537, 1]",2,0,0,0
42449,"[16537, 2]",81,57,26,0
42450,"[16538, 0]",1,57,26,0
42451,"[16539, 0]",1,156,64,0
42452,"[16540, 0]",1,0,0,0
42453,"[16540, 1]",9,158,64,0
42454,"[16540, 2]",7,41,18,0
42455,"[16540, 3]",6,0,0,0
42456,"[16540, 4]",5,0,0,0
42457,"[16540, 5]",3,0,0,0
42458,"[16540, 6]",2,0,0,0
42459,"[16540, 7]",53,0,0,-1
42460,"[16540, 8]",52,0,0,-1
42461,"[16540, 9]",48,0,0,-1
42462,"[16540, 10]",47,2,1,3
42463,"[16540, 11]",46,0,0,1
42464,"[16540, 12]",43,0,0,-1
42465,"[16540, 13]",39,0,0,0
42466,"[16540, 14]",140,158,64,0
42467,"[16540, 15]",122,156,64,5
42468,"[16540, 16]",107,158,64,0
42469,"[16540, 17]",102,158,64,7
42470,"[16540, 18]",77,0,0,-1
42471,"[16540, 19]",72,158,64,-1
42472,"[16540, 20]",464,0,0,-1
42473,"[16540, 21]",641,158,64,-1
42474,"[16541, 0]",1,0,0,0
42475,"[16541, 1]",2,0,0,0
42476,"[16541, 2]",13,2,1,0
42477,"[16542, 0]",1,158,64,0
42478,"[16543, 0]",1,0,0,0
42479,"[16543, 1]",5,158,64,0
42480,"[16543, 2]",3,0,0,0
42481,"[16543, 3]",2,0,0,0
42482,"[16543, 4]",37,0,0,0
42483,"[16543, 5]",32,0,0,0
42484,"[16543, 6]",94,158,64,0
42485,"[16543, 7]",64,0,0,0
42486,"[16543, 8]",256,0,0,-1
42487,"[16543, 9]",274,158,64,-1
42488,"[16544, 0]",1,41,18,0
42489,"[16545, 0]",1,158,64,0
42490,"[16546, 0]",1,57,26,0
42491,"[16547, 0]",1,0,0,0
42492,"[16547, 1]",2,0,0,0
42493,"[16547, 2]",15,156,64,0
42494,"[16548, 0]",1,0,0,0
42495,"[16548, 1]",2,2,1,0
42496,"[16549, 0]",1,57,26,0
42497,"[16550, 0]",1,0,0,0
42498,"[16550, 1]",4,0,0,0
42499,"[16550, 2]",3,41,18,0
42500,"[16550, 3]",2,0,0,0
42501,"[16550, 4]",73,41,18,0
42502,"[16550, 5]",70,0,0,0
42503,"[16550, 6]",61,41,18,0
42504,"[16550, 7]",91,0,0,0
42505,"[16550, 8]",208,158,64,0
42506,"[16551, 0]",1,0,0,0
42507,"[16551, 1]",2,0,0,0
42508,"[16551, 2]",11,0,0,0
42509,"[16551, 3]",27,156,64,7
42510,"[16552, 0]",1,0,0,0
42511,"[16552, 1]",2,2,1,2
42512,"[16553, 0]",1,2,1,0
42513,"[16554, 0]",1,57,26,0
42514,"[16555, 0]",1,0,0,0
42515,"[16555, 1]",2,0,0,-1
42516,"[16555, 2]",19,158,64,2
42517,"[16556, 0]",1,156,64,0
42518,"[16557, 0]",1,158,64,1
42519,"[16558, 0]",1,158,64,0
42520,"[16559, 0]",1,0,0,0
42521,"[16559, 1]",2,158,64,-1
42522,"[16560, 0]",1,0,0,0
42523,"[16560, 1]",3,0,0,0
42524,"[16560, 2]",28,158,64,12
42525,"[16561, 0]",1,158,64,0
42526,"[16562, 0]",1,0,0,0
42527,"[16562, 1]",2,0,0,0
42528,"[16562, 2]",28,158,64,3
42529,"[16563, 0]",1,0,0,0
42530,"[16563, 1]",2,158,64,0
42531,"[16564, 0]",1,53,24,0
42532,"[16565, 0]",1,57,26,0
42533,"[16566, 0]",1,158,64,0
42534,"[16567, 0]",1,41,18,0
42535,"[16568, 0]",1,41,18,0
42536,"[16569, 0]",1,66,29,0
42537,"[16570, 0]",1,0,0,0
42538,"[16570, 1]",3,0,0,0
42539,"[16570, 2]",2,57,26,0
42540,"[16570, 3]",8,57,26,0
42541,"[16571, 0]",1,0,0,0
42542,"[16571, 1]",5,158,64,0
42543,"[16571, 2]",3,158,64,0
42544,"[16571, 3]",2,0,0,0
42545,"[16571, 4]",39,41,18,0
42546,"[16571, 5]",38,158,64,0
42547,"[16572, 0]",1,156,64,1
42548,"[16573, 0]",1,41,18,0
42549,"[16574, 0]",1,158,64,0
42550,"[16575, 0]",1,0,0,0
42551,"[16575, 1]",2,156,64,0
42552,"[16576, 0]",1,158,64,0
42553,"[16577, 0]",1,0,0,0
42554,"[16577, 1]",3,0,0,0
42555,"[16577, 2]",2,0,0,0
42556,"[16577, 3]",37,57,26,0
42557,"[16577, 4]",32,0,0,0
42558,"[16577, 5]",31,0,0,0
42559,"[16577, 6]",25,0,0,0
42560,"[16577, 7]",116,0,0,-1
42561,"[16577, 8]",83,0,0,0
42562,"[16577, 9]",74,0,0,0
42563,"[16577, 10]",259,0,0,0
42564,"[16577, 11]",190,0,0,0
42565,"[16577, 12]",154,2,1,-1
42566,"[16577, 13]",369,0,0,0
42567,"[16577, 14]",315,158,64,0
42568,"[16577, 15]",432,158,64,2
42569,"[16578, 0]",1,158,64,0
42570,"[16579, 0]",1,0,0,1
42571,"[16579, 1]",2,158,64,-1
42572,"[16580, 0]",1,0,0,0
42573,"[16580, 1]",2,158,64,0
42574,"[16581, 0]",1,0,0,0
42575,"[16581, 1]",2,2,1,0
42576,"[16582, 0]",1,0,0,0
42577,"[16582, 1]",2,0,0,0
42578,"[16582, 2]",10,158,64,0
42579,"[16583, 0]",1,0,0,0
42580,"[16583, 1]",8,158,64,0
42581,"[16583, 2]",4,0,0,0
42582,"[16583, 3]",2,0,0,0
42583,"[16583, 4]",69,0,0,0
42584,"[16583, 5]",67,0,0,0
42585,"[16583, 6]",50,158,64,1
42586,"[16583, 7]",99,156,64,3
42587,"[16583, 8]",97,41,18,4
42588,"[16583, 9]",91,156,64,0
42589,"[16584, 0]",1,0,0,0
42590,"[16584, 1]",2,158,64,0
42591,"[16585, 0]",1,0,0,0
42592,"[16585, 1]",2,41,18,0
42593,"[16586, 0]",1,41,18,0
42594,"[16587, 0]",1,0,0,0
42595,"[16587, 1]",5,158,64,-1
42596,"[16587, 2]",2,0,0,-1
42597,"[16587, 3]",43,158,64,1
42598,"[16587, 4]",42,57,26,7
42599,"[16587, 5]",38,0,0,1
42600,"[16587, 6]",64,0,0,-1
42601,"[16587, 7]",159,156,64,-1
42602,"[16588, 0]",1,0,0,0
42603,"[16588, 1]",2,0,0,0
42604,"[16588, 2]",34,0,0,0
42605,"[16588, 3]",100,41,18,0
42606,"[16589, 0]",1,0,0,0
42607,"[16589, 1]",2,2,1,-1
42608,"[16590, 0]",1,0,0,0
42609,"[16590, 1]",2,41,18,22
42610,"[16591, 0]",1,0,0,0
42611,"[16591, 1]",2,156,64,0
42612,"[16592, 0]",1,0,0,0
42613,"[16592, 1]",2,57,26,0
42614,"[16593, 0]",1,0,0,0
42615,"[16593, 1]",5,57,26,0
42616,"[16593, 2]",2,57,26,0
42617,"[16594, 0]",1,55,26,0
42618,"[16595, 0]",1,57,26,0
42619,"[16596, 0]",1,41,18,0
42620,"[16597, 0]",1,57,26,0
42621,"[16598, 0]",1,57,26,0
42622,"[16599, 0]",1,0,0,0
42623,"[16599, 1]",2,156,64,0
42624,"[16600, 0]",1,0,0,0
42625,"[16600, 1]",2,0,0,0
42626,"[16600, 2]",27,2,1,0
42627,"[16601, 0]",1,158,64,0
42628,"[16602, 0]",1,0,0,0
42629,"[16602, 1]",2,158,64,3
42630,"[16603, 0]",1,57,26,0
42631,"[16604, 0]",1,156,64,0
42632,"[16605, 0]",1,156,64,0
42633,"[16606, 0]",1,158,64,0
42634,"[16607, 0]",1,158,64,0
42635,"[16608, 0]",1,158,64,0
42636,"[16609, 0]",1,41,18,0
42637,"[16610, 0]",1,0,0,0
42638,"[16610, 1]",2,57,26,0
42639,"[16611, 0]",1,51,24,0
42640,"[16612, 0]",1,55,26,0
42641,"[16613, 0]",1,0,0,0
42642,"[16613, 1]",4,41,18,0
42643,"[16613, 2]",2,0,0,0
42644,"[16613, 3]",37,156,64,-1
42645,"[16614, 0]",1,0,0,0
42646,"[16614, 1]",2,158,64,-1
42647,"[16615, 0]",1,0,0,0
42648,"[16615, 1]",2,0,0,0
42649,"[16615, 2]",15,61,28,-1
42650,"[16616, 0]",1,0,0,0
42651,"[16616, 1]",2,0,0,4
42652,"[16616, 2]",16,158,64,0
42653,"[16617, 0]",1,0,0,0
42654,"[16617, 1]",2,158,64,0
42655,"[16618, 0]",1,2,1,0
42656,"[16619, 0]",1,0,0,0
42657,"[16619, 1]",3,55,26,0
42658,"[16619, 2]",2,156,64,0
42659,"[16620, 0]",1,0,0,0
42660,"[16620, 1]",2,158,64,0
42661,"[16621, 0]",1,0,0,0
42662,"[16621, 1]",2,57,26,1
42663,"[16622, 0]",1,0,0,0
42664,"[16622, 1]",2,156,64,0
42665,"[16623, 0]",1,158,64,0
42666,"[16624, 0]",1,0,0,0
42667,"[16624, 1]",2,41,18,0
42668,"[16625, 0]",1,57,26,0
42669,"[16626, 0]",1,0,0,0
42670,"[16626, 1]",2,0,0,0
42671,"[16626, 2]",17,41,18,0
42672,"[16627, 0]",1,0,0,0
42673,"[16627, 1]",2,0,0,0
42674,"[16627, 2]",33,57,26,0
42675,"[16628, 0]",1,158,64,0
42676,"[16629, 0]",1,0,0,0
42677,"[16629, 1]",2,156,64,0
42678,"[16630, 0]",1,57,26,0
42679,"[16631, 0]",1,41,18,0
42680,"[16632, 0]",1,0,0,0
42681,"[16632, 1]",2,158,64,-1
42682,"[16633, 0]",1,0,0,0
42683,"[16633, 1]",3,0,0,0
42684,"[16633, 2]",2,0,0,0
42685,"[16633, 3]",31,158,64,0
42686,"[16633, 4]",28,158,64,-1
42687,"[16634, 0]",1,0,0,0
42688,"[16634, 1]",2,41,18,0
42689,"[16635, 0]",1,158,64,0
42690,"[16636, 0]",1,158,64,0
42691,"[16637, 0]",1,158,64,0
42692,"[16638, 0]",1,158,64,0
42693,"[16639, 0]",1,158,64,0
42694,"[16640, 0]",1,0,0,0
42695,"[16640, 1]",2,57,26,0
42696,"[16641, 0]",1,158,64,0
42697,"[16642, 0]",1,0,0,0
42698,"[16642, 1]",2,41,18,28
42699,"[16643, 0]",1,0,0,0
42700,"[16643, 1]",2,158,64,1
42701,"[16644, 0]",1,158,64,0
42702,"[16645, 0]",1,0,0,0
42703,"[16645, 1]",2,0,0,0
42704,"[16645, 2]",72,158,64,0
42705,"[16646, 0]",1,0,0,0
42706,"[16646, 1]",2,0,0,0
42707,"[16646, 2]",75,41,18,0
42708,"[16647, 0]",1,0,0,0
42709,"[16647, 1]",2,41,18,0
42710,"[16648, 0]",1,158,64,0
42711,"[16649, 0]",1,0,0,0
42712,"[16649, 1]",2,0,0,0
42713,"[16649, 2]",17,41,18,0
42714,"[16650, 0]",1,0,0,0
42715,"[16650, 1]",3,158,64,0
42716,"[16650, 2]",2,0,0,0
42717,"[16650, 3]",39,0,0,0
42718,"[16650, 4]",56,158,64,0
42719,"[16651, 0]",1,0,0,0
42720,"[16651, 1]",2,41,18,2
42721,"[16652, 0]",1,158,64,0
42722,"[16653, 0]",1,158,64,0
42723,"[16654, 0]",1,158,64,0
42724,"[16655, 0]",1,0,0,2
42725,"[16655, 1]",2,0,0,0
42726,"[16655, 2]",30,0,0,0
42727,"[16655, 3]",103,57,26,5
42728,"[16656, 0]",1,0,0,0
42729,"[16656, 1]",2,0,0,0
42730,"[16656, 2]",46,2,1,-1
42731,"[16657, 0]",1,0,0,0
42732,"[16657, 1]",2,0,0,0
42733,"[16657, 2]",20,0,0,0
42734,"[16657, 3]",35,158,64,0
42735,"[16658, 0]",1,0,0,0
42736,"[16658, 1]",2,0,0,0
42737,"[16658, 2]",37,57,26,0
42738,"[16659, 0]",1,57,26,0
42739,"[16660, 0]",1,0,0,0
42740,"[16660, 1]",2,158,64,0
42741,"[16661, 0]",1,0,0,0
42742,"[16661, 1]",2,41,18,0
42743,"[16662, 0]",1,0,0,0
42744,"[16662, 1]",2,2,1,0
42745,"[16663, 0]",1,2,1,0
42746,"[16664, 0]",1,158,64,0
42747,"[16665, 0]",1,0,0,0
42748,"[16665, 1]",2,156,64,0
42749,"[16666, 0]",1,0,0,0
42750,"[16666, 1]",2,2,1,0
42751,"[16667, 0]",1,0,0,0
42752,"[16667, 1]",5,158,64,0
42753,"[16667, 2]",3,0,0,0
42754,"[16667, 3]",2,0,0,0
42755,"[16667, 4]",26,0,0,0
42756,"[16667, 5]",25,0,0,0
42757,"[16667, 6]",24,0,0,0
42758,"[16667, 7]",21,158,64,0
42759,"[16667, 8]",54,0,0,0
42760,"[16667, 9]",50,41,18,0
42761,"[16667, 10]",46,57,26,4
42762,"[16667, 11]",156,57,26,0
42763,"[16668, 0]",1,0,0,0
42764,"[16668, 1]",2,0,0,0
42765,"[16668, 2]",30,2,1,3
42766,"[16669, 0]",1,158,64,0
42767,"[16670, 0]",1,0,0,0
42768,"[16670, 1]",4,0,0,0
42769,"[16670, 2]",2,0,0,0
42770,"[16670, 3]",39,41,18,0
42771,"[16670, 4]",38,0,0,0
42772,"[16670, 5]",37,0,0,0
42773,"[16670, 6]",36,0,0,0
42774,"[16670, 7]",35,0,0,0
42775,"[16670, 8]",33,0,0,0
42776,"[16670, 9]",31,0,0,0
42777,"[16670, 10]",19,41,18,0
42778,"[16670, 11]",107,0,0,0
42779,"[16670, 12]",101,2,1,0
42780,"[16670, 13]",100,54,24,0
42781,"[16670, 14]",91,41,18,0
42782,"[16670, 15]",82,2,1,0
42783,"[16670, 16]",75,0,0,0
42784,"[16670, 17]",68,41,18,0
42785,"[16670, 18]",376,53,24,0
42786,"[16670, 19]",179,0,0,0
42787,"[16670, 20]",605,57,26,0
42788,"[16671, 0]",1,0,0,0
42789,"[16671, 1]",3,0,0,0
42790,"[16671, 2]",2,0,0,0
42791,"[16671, 3]",32,158,64,0
42792,"[16671, 4]",29,57,26,-1
42793,"[16672, 0]",1,158,64,0
42794,"[16673, 0]",1,0,0,0
42795,"[16673, 1]",2,0,0,0
42796,"[16673, 2]",16,57,26,0
42797,"[16674, 0]",1,158,64,0
42798,"[16675, 0]",1,0,0,0
42799,"[16675, 1]",2,158,64,0
42800,"[16676, 0]",1,0,0,0
42801,"[16676, 1]",2,2,1,0
42802,"[16677, 0]",1,156,64,0
42803,"[16678, 0]",1,0,0,0
42804,"[16678, 1]",4,158,64,0
42805,"[16678, 2]",2,0,0,0
42806,"[16678, 3]",22,0,0,0
42807,"[16679, 0]",1,2,1,0
42808,"[16680, 0]",1,0,0,0
42809,"[16680, 1]",2,57,26,0
42810,"[16681, 0]",1,2,1,1
42811,"[16682, 0]",1,0,0,0
42812,"[16682, 1]",3,41,18,0
42813,"[16682, 2]",2,158,64,0
42814,"[16683, 0]",1,0,0,0
42815,"[16683, 1]",2,158,64,0
42816,"[16684, 0]",1,158,64,0
42817,"[16685, 0]",1,158,64,0
42818,"[16686, 0]",1,158,64,0
42819,"[16687, 0]",1,158,64,0
42820,"[16688, 0]",1,0,0,0
42821,"[16688, 1]",2,0,0,0
42822,"[16688, 2]",37,158,64,0
42823,"[16688, 3]",36,0,0,0
42824,"[16688, 4]",48,158,64,3
42825,"[16689, 0]",1,0,0,0
42826,"[16689, 1]",2,2,1,0
42827,"[16690, 0]",1,0,0,0
42828,"[16690, 1]",2,158,64,0
42829,"[16691, 0]",1,158,64,0
42830,"[16692, 0]",1,158,64,0
42831,"[16693, 0]",1,0,0,0
42832,"[16693, 1]",2,158,64,10
42833,"[16694, 0]",1,158,64,0
42834,"[16695, 0]",1,0,0,0
42835,"[16695, 1]",3,41,18,0
42836,"[16695, 2]",2,0,0,0
42837,"[16695, 3]",12,158,64,0
42838,"[16696, 0]",1,0,0,0
42839,"[16696, 1]",2,0,0,0
42840,"[16696, 2]",33,59,28,0
42841,"[16696, 3]",32,156,64,0
42842,"[16696, 4]",31,158,64,0
42843,"[16696, 5]",30,0,0,0
42844,"[16696, 6]",49,158,64,0
42845,"[16697, 0]",1,158,64,0
42846,"[16698, 0]",1,156,64,0
42847,"[16699, 0]",1,158,64,0
42848,"[16700, 0]",1,158,64,0
42849,"[16701, 0]",1,156,64,0
42850,"[16702, 0]",1,0,0,1
42851,"[16702, 1]",2,156,64,0
42852,"[16703, 0]",1,41,18,0
42853,"[16704, 0]",1,0,0,0
42854,"[16704, 1]",2,0,0,0
42855,"[16704, 2]",43,156,64,1
42856,"[16705, 0]",1,41,18,0
42857,"[16706, 0]",1,0,0,0
42858,"[16706, 1]",3,158,64,0
42859,"[16706, 2]",2,0,0,0
42860,"[16706, 3]",25,0,0,0
42861,"[16706, 4]",24,158,64,0
42862,"[16706, 5]",53,41,18,0
42863,"[16706, 6]",50,0,0,0
42864,"[16706, 7]",173,2,1,0
42865,"[16707, 0]",1,0,0,0
42866,"[16707, 1]",2,41,18,0
42867,"[16708, 0]",1,41,18,0
42868,"[16709, 0]",1,0,0,0
42869,"[16709, 1]",13,158,64,0
42870,"[16709, 2]",12,0,0,0
42871,"[16709, 3]",11,0,0,0
42872,"[16709, 4]",10,0,0,0
42873,"[16709, 5]",7,0,0,0
42874,"[16709, 6]",6,0,0,0
42875,"[16709, 7]",2,0,0,0
42876,"[16709, 8]",86,156,64,0
42877,"[16709, 9]",85,0,0,0
42878,"[16709, 10]",82,0,0,0
42879,"[16709, 11]",76,57,26,0
42880,"[16709, 12]",75,158,64,0
42881,"[16709, 13]",66,0,0,0
42882,"[16709, 14]",64,53,24,0
42883,"[16709, 15]",62,2,1,0
42884,"[16709, 16]",59,41,18,0
42885,"[16709, 17]",57,0,0,0
42886,"[16709, 18]",42,158,64,0
42887,"[16709, 19]",37,158,64,0
42888,"[16709, 20]",33,156,64,0
42889,"[16709, 21]",256,41,18,44
42890,"[16709, 22]",211,0,0,0
42891,"[16709, 23]",95,0,0,0
42892,"[16709, 24]",93,0,0,0
42893,"[16709, 25]",90,41,18,0
42894,"[16709, 26]",804,0,0,0
42895,"[16709, 27]",803,0,0,0
42896,"[16709, 28]",801,0,0,0
42897,"[16709, 29]",786,41,18,3
42898,"[16709, 30]",694,0,0,0
42899,"[16709, 31]",1026,41,18,0
42900,"[16709, 32]",912,158,64,-1
42901,"[16709, 33]",906,41,18,0
42902,"[16709, 34]",901,2,1,0
42903,"[16710, 0]",1,158,64,0
42904,"[16711, 0]",1,2,1,0
42905,"[16712, 0]",1,158,64,0
42906,"[16713, 0]",1,158,64,0
42907,"[16714, 0]",1,0,0,0
42908,"[16714, 1]",2,0,0,1
42909,"[16714, 2]",10,57,26,2
42910,"[16715, 0]",1,158,64,1
42911,"[16716, 0]",1,57,26,0
42912,"[16717, 0]",1,57,26,0
42913,"[16718, 0]",1,0,0,0
42914,"[16718, 1]",2,55,26,0
42915,"[16719, 0]",1,41,18,0
42916,"[16720, 0]",1,0,0,0
42917,"[16720, 1]",2,0,0,0
42918,"[16720, 2]",31,0,0,0
42919,"[16720, 3]",30,0,0,0
42920,"[16720, 4]",29,0,0,0
42921,"[16720, 5]",64,57,26,0
42922,"[16720, 6]",61,158,64,0
42923,"[16720, 7]",58,158,64,0
42924,"[16721, 0]",1,0,0,0
42925,"[16721, 1]",2,0,0,0
42926,"[16721, 2]",25,0,0,0
42927,"[16721, 3]",65,2,1,0
42928,"[16722, 0]",1,41,18,0
42929,"[16723, 0]",1,0,0,0
42930,"[16723, 1]",2,158,64,0
42931,"[16724, 0]",1,0,0,0
42932,"[16724, 1]",2,57,26,0
42933,"[16725, 0]",1,0,0,0
42934,"[16725, 1]",2,158,64,0
42935,"[16726, 0]",1,0,0,0
42936,"[16726, 1]",6,0,0,0
42937,"[16726, 2]",5,0,0,0
42938,"[16726, 3]",3,0,0,0
42939,"[16726, 4]",36,41,18,0
42940,"[16726, 5]",24,158,64,0
42941,"[16726, 6]",21,158,64,0
42942,"[16727, 0]",1,57,26,0
42943,"[16728, 0]",1,57,26,0
42944,"[16729, 0]",1,0,0,0
42945,"[16729, 1]",2,0,0,0
42946,"[16729, 2]",38,54,24,0
42947,"[16729, 3]",37,0,0,0
42948,"[16729, 4]",36,158,64,0
42949,"[16729, 5]",68,54,24,12
42950,"[16730, 0]",1,0,0,0
42951,"[16730, 1]",4,0,0,0
42952,"[16730, 2]",2,0,0,0
42953,"[16730, 3]",46,158,64,0
42954,"[16730, 4]",45,158,64,0
42955,"[16730, 5]",27,158,64,0
42956,"[16731, 0]",1,158,64,0
42957,"[16732, 0]",1,59,28,1
42958,"[16733, 0]",1,41,18,0
42959,"[16734, 0]",1,0,0,0
42960,"[16734, 1]",8,0,0,0
42961,"[16734, 2]",6,0,0,0
42962,"[16734, 3]",2,0,0,0
42963,"[16734, 4]",34,57,26,0
42964,"[16734, 5]",33,156,64,0
42965,"[16734, 6]",30,0,0,0
42966,"[16734, 7]",28,0,0,0
42967,"[16734, 8]",27,0,0,0
42968,"[16734, 9]",21,41,18,0
42969,"[16734, 10]",15,57,26,0
42970,"[16734, 11]",76,0,0,0
42971,"[16734, 12]",74,0,0,0
42972,"[16734, 13]",71,41,18,0
42973,"[16734, 14]",70,41,18,0
42974,"[16734, 15]",69,0,0,0
42975,"[16734, 16]",65,0,0,0
42976,"[16734, 17]",293,158,64,0
42977,"[16734, 18]",267,156,64,0
42978,"[16734, 19]",250,2,1,0
42979,"[16734, 20]",247,0,0,0
42980,"[16734, 21]",246,0,0,0
42981,"[16734, 22]",241,41,18,0
42982,"[16734, 23]",568,41,18,0
42983,"[16734, 24]",566,2,1,0
42984,"[16734, 25]",565,0,0,0
42985,"[16734, 26]",563,0,0,0
42986,"[16734, 27]",562,0,0,0
42987,"[16734, 28]",559,2,1,0
42988,"[16734, 29]",558,0,0,0
42989,"[16734, 30]",556,0,0,0
42990,"[16734, 31]",725,41,18,0
42991,"[16734, 32]",724,158,64,0
42992,"[16734, 33]",709,41,18,0
42993,"[16734, 34]",692,0,0,0
42994,"[16734, 35]",688,156,64,0
42995,"[16734, 36]",685,57,26,3
42996,"[16734, 37]",1104,0,0,0
42997,"[16734, 38]",1365,0,0,0
42998,"[16734, 39]",1535,2,1,0
42999,"[16735, 0]",1,57,26,0
43000,"[16736, 0]",1,0,0,0
43001,"[16736, 1]",7,158,64,0
43002,"[16736, 2]",6,57,26,0
43003,"[16736, 3]",4,0,0,0
43004,"[16736, 4]",3,0,0,0
43005,"[16736, 5]",2,0,0,0
43006,"[16736, 6]",35,2,1,0
43007,"[16736, 7]",32,158,64,0
43008,"[16736, 8]",27,0,0,0
43009,"[16736, 9]",23,41,18,0
43010,"[16736, 10]",101,41,18,0
43011,"[16737, 0]",1,158,64,0
43012,"[16738, 0]",1,158,64,0
43013,"[16739, 0]",1,0,0,0
43014,"[16739, 1]",3,158,64,0
43015,"[16739, 2]",2,37,18,0
43016,"[16740, 0]",1,0,0,0
43017,"[16740, 1]",2,158,64,0
43018,"[16741, 0]",1,0,0,0
43019,"[16741, 1]",31,0,0,0
43020,"[16741, 2]",26,0,0,0
43021,"[16741, 3]",23,0,0,0
43022,"[16741, 4]",18,0,0,0
43023,"[16741, 5]",17,0,0,0
43024,"[16741, 6]",15,0,0,0
43025,"[16741, 7]",11,0,0,0
43026,"[16741, 8]",10,0,0,0
43027,"[16741, 9]",9,0,0,0
43028,"[16741, 10]",151,156,64,0
43029,"[16741, 11]",150,158,64,0
43030,"[16741, 12]",148,0,0,0
43031,"[16741, 13]",147,0,0,0
43032,"[16741, 14]",146,0,0,0
43033,"[16741, 15]",141,0,0,0
43034,"[16741, 16]",140,0,0,0
43035,"[16741, 17]",139,0,0,0
43036,"[16741, 18]",137,0,0,0
43037,"[16741, 19]",136,0,0,0
43038,"[16741, 20]",131,41,18,0
43039,"[16741, 21]",128,0,0,0
43040,"[16741, 22]",127,0,0,0
43041,"[16741, 23]",124,158,64,0
43042,"[16741, 24]",122,0,0,0
43043,"[16741, 25]",119,158,64,0
43044,"[16741, 26]",117,0,0,0
43045,"[16741, 27]",112,41,18,0
43046,"[16741, 28]",110,0,0,0
43047,"[16741, 29]",109,0,0,0
43048,"[16741, 30]",108,0,0,0
43049,"[16741, 31]",107,0,0,0
43050,"[16741, 32]",105,0,0,0
43051,"[16741, 33]",104,0,0,0
43052,"[16741, 34]",103,0,0,0
43053,"[16741, 35]",101,0,0,0
43054,"[16741, 36]",100,0,0,0
43055,"[16741, 37]",98,0,0,0
43056,"[16741, 38]",91,0,0,-1
43057,"[16741, 39]",82,0,0,0
43058,"[16741, 40]",77,0,0,0
43059,"[16741, 41]",72,0,0,0
43060,"[16741, 42]",69,158,64,0
43061,"[16741, 43]",68,0,0,0
43062,"[16741, 44]",65,158,64,0
43063,"[16741, 45]",64,156,64,0
43064,"[16741, 46]",63,0,0,0
43065,"[16741, 47]",59,41,18,0
43066,"[16741, 48]",58,158,64,0
43067,"[16741, 49]",56,0,0,0
43068,"[16741, 50]",52,65,28,0
43069,"[16741, 51]",51,158,64,0
43070,"[16741, 52]",50,158,64,0
43071,"[16741, 53]",623,0,0,0
43072,"[16741, 54]",579,0,0,0
43073,"[16741, 55]",563,158,64,0
43074,"[16741, 56]",562,0,0,0
43075,"[16741, 57]",561,0,0,0
43076,"[16741, 58]",559,0,0,0
43077,"[16741, 59]",536,158,64,0
43078,"[16741, 60]",535,41,18,0
43079,"[16741, 61]",504,0,0,-1
43080,"[16741, 62]",503,0,0,-1
43081,"[16741, 63]",477,0,0,0
43082,"[16741, 64]",476,0,0,0
43083,"[16741, 65]",475,0,0,0
43084,"[16741, 66]",449,158,64,-1
43085,"[16741, 67]",438,158,64,6
43086,"[16741, 68]",423,0,0,0
43087,"[16741, 69]",419,0,0,0
43088,"[16741, 70]",418,0,0,0
43089,"[16741, 71]",414,41,18,0
43090,"[16741, 72]",411,0,0,0
43091,"[16741, 73]",406,158,64,0
43092,"[16741, 74]",405,0,0,0
43093,"[16741, 75]",401,158,64,0
43094,"[16741, 76]",400,41,18,0
43095,"[16741, 77]",396,41,18,0
43096,"[16741, 78]",395,0,0,0
43097,"[16741, 79]",393,41,18,0
43098,"[16741, 80]",392,57,26,0
43099,"[16741, 81]",387,0,0,0
43100,"[16741, 82]",383,61,28,0
43101,"[16741, 83]",380,0,0,0
43102,"[16741, 84]",377,0,0,0
43103,"[16741, 85]",356,158,64,0
43104,"[16741, 86]",355,0,0,0
43105,"[16741, 87]",329,41,18,0
43106,"[16741, 88]",327,0,0,0
43107,"[16741, 89]",326,0,0,0
43108,"[16741, 90]",289,0,0,0
43109,"[16741, 91]",288,0,0,0
43110,"[16741, 92]",287,0,0,0
43111,"[16741, 93]",285,158,64,0
43112,"[16741, 94]",283,0,0,0
43113,"[16741, 95]",282,0,0,0
43114,"[16741, 96]",254,0,0,0
43115,"[16741, 97]",253,0,0,0
43116,"[16741, 98]",251,54,24,0
43117,"[16741, 99]",249,57,26,0
43118,"[16741, 100]",248,158,64,0
43119,"[16741, 101]",246,0,0,0
43120,"[16741, 102]",241,0,0,0
43121,"[16741, 103]",240,0,0,0
43122,"[16741, 104]",233,0,0,0
43123,"[16741, 105]",196,158,64,0
43124,"[16741, 106]",195,0,0,0
43125,"[16741, 107]",192,0,0,0
43126,"[16741, 108]",191,0,0,0
43127,"[16741, 109]",187,57,26,0
43128,"[16741, 110]",185,0,0,0
43129,"[16741, 111]",184,0,0,0
43130,"[16741, 112]",180,41,18,0
43131,"[16741, 113]",2182,41,18,0
43132,"[16741, 114]",2179,57,26,0
43133,"[16741, 115]",2147,37,18,0
43134,"[16741, 116]",2146,41,18,0
43135,"[16741, 117]",2143,0,0,0
43136,"[16741, 118]",2142,0,0,0
43137,"[16741, 119]",2137,0,0,0
43138,"[16741, 120]",2117,158,64,0
43139,"[16741, 121]",2093,41,18,0
43140,"[16741, 122]",2055,41,18,0
43141,"[16741, 123]",2052,158,64,0
43142,"[16741, 124]",2035,0,0,0
43143,"[16741, 125]",1992,158,64,0
43144,"[16741, 126]",1989,0,0,0
43145,"[16741, 127]",1988,0,0,0
43146,"[16741, 128]",1984,158,64,0
43147,"[16741, 129]",1869,158,64,0
43148,"[16741, 130]",1863,57,26,0
43149,"[16741, 131]",1838,57,26,0
43150,"[16741, 132]",1834,41,18,0
43151,"[16741, 133]",1754,0,0,0
43152,"[16741, 134]",1745,156,64,0
43153,"[16741, 135]",1674,41,18,0
43154,"[16741, 136]",1563,158,64,0
43155,"[16741, 137]",1554,41,18,0
43156,"[16741, 138]",1512,41,18,0
43157,"[16741, 139]",1474,158,64,1
43158,"[16741, 140]",1424,0,0,0
43159,"[16741, 141]",1389,0,0,0
43160,"[16741, 142]",1357,158,64,0
43161,"[16741, 143]",1356,158,64,0
43162,"[16741, 144]",1352,0,0,0
43163,"[16741, 145]",1337,158,64,0
43164,"[16741, 146]",1297,158,64,-1
43165,"[16741, 147]",1295,0,0,-1
43166,"[16741, 148]",1293,0,0,-1
43167,"[16741, 149]",1292,0,0,-1
43168,"[16741, 150]",1210,158,64,0
43169,"[16741, 151]",1208,0,0,0
43170,"[16741, 152]",1207,0,0,0
43171,"[16741, 153]",1204,0,0,0
43172,"[16741, 154]",1203,0,0,0
43173,"[16741, 155]",1199,41,18,0
43174,"[16741, 156]",1197,158,64,0
43175,"[16741, 157]",1196,0,0,0
43176,"[16741, 158]",1167,0,0,-1
43177,"[16741, 159]",1026,158,64,-1
43178,"[16741, 160]",1023,0,0,-1
43179,"[16741, 161]",1022,0,0,-1
43180,"[16741, 162]",1017,0,0,0
43181,"[16741, 163]",1014,158,64,0
43182,"[16741, 164]",947,158,64,0
43183,"[16741, 165]",805,158,64,0
43184,"[16741, 166]",804,0,0,0
43185,"[16741, 167]",4857,77,32,0
43186,"[16741, 168]",4684,156,64,0
43187,"[16741, 169]",4649,54,24,4
43188,"[16741, 170]",4647,0,0,-1
43189,"[16741, 171]",4643,0,0,-1
43190,"[16741, 172]",4565,158,64,-1
43191,"[16741, 173]",4562,0,0,-1
43192,"[16741, 174]",4503,0,0,0
43193,"[16741, 175]",4462,156,64,0
43194,"[16741, 176]",4461,0,0,0
43195,"[16741, 177]",4457,158,64,0
43196,"[16741, 178]",4445,156,64,0
43197,"[16741, 179]",4444,0,0,0
43198,"[16741, 180]",4441,156,64,0
43199,"[16741, 181]",4310,0,0,-1
43200,"[16741, 182]",4304,158,64,-1
43201,"[16741, 183]",4107,0,0,0
43202,"[16741, 184]",4021,57,26,0
43203,"[16741, 185]",3944,0,0,0
43204,"[16741, 186]",3512,2,1,0
43205,"[16741, 187]",2799,158,64,0
43206,"[16741, 188]",2796,0,0,0
43207,"[16741, 189]",2696,158,64,0
43208,"[16741, 190]",2544,41,18,0
43209,"[16741, 191]",2542,158,64,0
43210,"[16741, 192]",2541,0,0,0
43211,"[16741, 193]",2512,41,18,0
43212,"[16741, 194]",2508,41,18,0
43213,"[16741, 195]",7555,2,1,0
43214,"[16741, 196]",7206,2,1,0
43215,"[16741, 197]",6432,41,18,0
43216,"[16741, 198]",6169,77,32,0
43217,"[16741, 199]",5527,158,64,-1
43218,"[16741, 200]",5477,0,0,0
43219,"[16741, 201]",5431,158,64,-1
43220,"[16741, 202]",5357,37,18,0
43221,"[16741, 203]",5301,158,64,-1
43222,"[16741, 204]",5238,41,18,20
43223,"[16741, 205]",5204,2,1,6
43224,"[16741, 206]",9613,2,1,1
43225,"[16742, 0]",1,0,0,0
43226,"[16742, 1]",2,57,26,0
43227,"[16743, 0]",1,156,64,0
43228,"[16744, 0]",1,0,0,0
43229,"[16744, 1]",2,57,26,0
43230,"[16745, 0]",1,54,24,0
43231,"[16746, 0]",1,156,64,0
43232,"[16747, 0]",1,158,64,0
43233,"[16748, 0]",1,158,64,0
43234,"[16749, 0]",1,0,0,0
43235,"[16749, 1]",2,158,64,0
43236,"[16750, 0]",1,41,18,0
43237,"[16751, 0]",1,0,0,0
43238,"[16751, 1]",2,158,64,0
43239,"[16752, 0]",1,158,64,0
43240,"[16753, 0]",1,158,64,0
43241,"[16754, 0]",1,158,64,0
43242,"[16755, 0]",1,41,18,0
43243,"[16756, 0]",1,0,0,0
43244,"[16756, 1]",2,158,64,5
43245,"[16757, 0]",1,59,26,0
43246,"[16758, 0]",1,41,18,0
43247,"[16759, 0]",1,0,0,0
43248,"[16759, 1]",6,57,26,0
43249,"[16759, 2]",4,158,64,0
43250,"[16759, 3]",3,156,64,0
43251,"[16759, 4]",2,0,0,0
43252,"[16759, 5]",42,0,0,0
43253,"[16759, 6]",104,57,26,0
43254,"[16760, 0]",1,57,26,0
43255,"[16761, 0]",1,0,0,0
43256,"[16761, 1]",5,57,26,0
43257,"[16761, 2]",2,0,0,0
43258,"[16761, 3]",43,41,18,0
43259,"[16762, 0]",1,0,0,0
43260,"[16762, 1]",4,158,64,0
43261,"[16762, 2]",2,0,0,0
43262,"[16762, 3]",44,158,64,0
43263,"[16762, 4]",43,0,0,0
43264,"[16762, 5]",42,0,0,0
43265,"[16762, 6]",41,0,0,0
43266,"[16762, 7]",89,41,18,0
43267,"[16762, 8]",88,0,0,0
43268,"[16762, 9]",80,0,0,0
43269,"[16762, 10]",76,2,1,0
43270,"[16762, 11]",205,0,0,0
43271,"[16762, 12]",141,0,0,0
43272,"[16762, 13]",309,158,64,0
43273,"[16762, 14]",278,65,28,0
43274,"[16763, 0]",1,0,0,0
43275,"[16763, 1]",2,158,64,0
43276,"[16764, 0]",1,158,64,0
43277,"[16765, 0]",1,0,0,0
43278,"[16765, 1]",8,158,64,0
43279,"[16765, 2]",5,0,0,0
43280,"[16765, 3]",4,2,1,0
43281,"[16765, 4]",2,0,0,0
43282,"[16765, 5]",62,0,0,0
43283,"[16765, 6]",50,2,1,0
43284,"[16765, 7]",93,158,64,0
43285,"[16766, 0]",1,0,0,0
43286,"[16766, 1]",2,41,18,0
43287,"[16767, 0]",1,158,64,0
43288,"[16768, 0]",1,0,0,0
43289,"[16768, 1]",4,54,24,0
43290,"[16768, 2]",3,0,0,0
43291,"[16768, 3]",2,0,0,0
43292,"[16768, 4]",15,2,1,0
43293,"[16768, 5]",14,0,0,0
43294,"[16768, 6]",11,57,26,0
43295,"[16768, 7]",41,158,64,0
43296,"[16769, 0]",1,0,0,0
43297,"[16769, 1]",2,158,64,0
43298,"[16770, 0]",1,0,0,0
43299,"[16770, 1]",7,156,64,0
43300,"[16770, 2]",5,0,0,0
43301,"[16770, 3]",2,0,0,0
43302,"[16770, 4]",79,0,0,0
43303,"[16770, 5]",78,0,0,0
43304,"[16770, 6]",77,0,0,0
43305,"[16770, 7]",49,2,1,0
43306,"[16770, 8]",125,0,0,0
43307,"[16770, 9]",120,0,0,0
43308,"[16770, 10]",116,41,18,0
43309,"[16770, 11]",331,41,18,0
43310,"[16770, 12]",309,2,1,0
43311,"[16771, 0]",1,37,18,0
43312,"[16772, 0]",1,0,0,0
43313,"[16772, 1]",2,41,18,0
43314,"[16773, 0]",1,0,0,0
43315,"[16773, 1]",2,158,64,0
43316,"[16774, 0]",1,57,26,0
43317,"[16775, 0]",1,156,64,0
43318,"[16776, 0]",1,0,0,0
43319,"[16776, 1]",2,158,64,0
43320,"[16777, 0]",1,158,64,0
43321,"[16778, 0]",1,158,64,0
43322,"[16779, 0]",1,158,64,0
43323,"[16780, 0]",1,57,26,0
43324,"[16781, 0]",1,0,0,0
43325,"[16781, 1]",2,0,0,0
43326,"[16781, 2]",12,41,18,2
43327,"[16782, 0]",1,0,0,0
43328,"[16782, 1]",3,0,0,0
43329,"[16782, 2]",2,158,64,0
43330,"[16782, 3]",27,2,1,0
43331,"[16783, 0]",1,41,18,0
43332,"[16784, 0]",1,41,18,0
43333,"[16785, 0]",1,57,26,0
43334,"[16786, 0]",1,158,64,1
43335,"[16787, 0]",1,158,64,0
43336,"[16788, 0]",1,0,0,0
43337,"[16788, 1]",2,158,64,3
43338,"[16789, 0]",1,156,64,0
43339,"[16790, 0]",1,0,0,0
43340,"[16790, 1]",3,158,64,0
43341,"[16790, 2]",2,0,0,0
43342,"[16790, 3]",20,41,18,1
43343,"[16791, 0]",1,158,64,0
43344,"[16792, 0]",1,156,64,0
43345,"[16793, 0]",1,158,64,0
43346,"[16794, 0]",1,0,0,0
43347,"[16794, 1]",2,41,18,0
43348,"[16795, 0]",1,57,26,0
43349,"[16796, 0]",1,0,0,0
43350,"[16796, 1]",2,0,0,0
43351,"[16796, 2]",23,2,1,0
43352,"[16797, 0]",1,41,18,0
43353,"[16798, 0]",1,57,26,0
43354,"[16799, 0]",1,0,0,0
43355,"[16799, 1]",2,158,64,0
43356,"[16800, 0]",1,0,0,0
43357,"[16800, 1]",5,158,64,0
43358,"[16800, 2]",3,0,0,0
43359,"[16800, 3]",2,0,0,0
43360,"[16800, 4]",24,158,64,0
43361,"[16800, 5]",19,158,64,0
43362,"[16801, 0]",1,57,26,0
43363,"[16802, 0]",1,158,64,0
43364,"[16803, 0]",1,156,64,0
43365,"[16804, 0]",1,0,0,0
43366,"[16804, 1]",2,37,18,0
43367,"[16805, 0]",1,0,0,0
43368,"[16805, 1]",2,0,0,0
43369,"[16805, 2]",16,0,0,0
43370,"[16805, 3]",41,158,64,0
43371,"[16806, 0]",1,158,64,0
43372,"[16807, 0]",1,0,0,0
43373,"[16807, 1]",2,41,18,0
43374,"[16808, 0]",1,158,64,0
43375,"[16809, 0]",1,0,0,0
43376,"[16809, 1]",5,2,1,0
43377,"[16809, 2]",3,158,64,0
43378,"[16809, 3]",2,41,18,0
43379,"[16810, 0]",1,0,0,0
43380,"[16810, 1]",2,0,0,0
43381,"[16810, 2]",27,41,18,0
43382,"[16811, 0]",1,0,0,0
43383,"[16811, 1]",2,158,64,7
43384,"[16812, 0]",1,158,64,0
43385,"[16813, 0]",1,156,64,0
43386,"[16814, 0]",1,2,1,0
43387,"[16815, 0]",1,0,0,0
43388,"[16815, 1]",2,158,64,0
43389,"[16816, 0]",1,0,0,0
43390,"[16816, 1]",2,57,26,0
43391,"[16817, 0]",1,57,26,0
43392,"[16818, 0]",1,57,26,0
43393,"[16819, 0]",1,41,18,0
43394,"[16820, 0]",1,158,64,0
43395,"[16821, 0]",1,0,0,0
43396,"[16821, 1]",6,2,1,0
43397,"[16821, 2]",5,0,0,0
43398,"[16821, 3]",4,0,0,0
43399,"[16821, 4]",2,0,0,0
43400,"[16821, 5]",52,41,18,0
43401,"[16821, 6]",50,0,0,0
43402,"[16821, 7]",37,158,64,0
43403,"[16821, 8]",34,156,64,5
43404,"[16821, 9]",87,0,0,0
43405,"[16821, 10]",322,158,64,0
43406,"[16822, 0]",1,158,64,0
43407,"[16823, 0]",1,0,0,0
43408,"[16823, 1]",2,156,64,3
43409,"[16824, 0]",1,0,0,0
43410,"[16824, 1]",2,158,64,17
43411,"[16825, 0]",1,0,0,0
43412,"[16825, 1]",6,156,64,0
43413,"[16825, 2]",5,0,0,0
43414,"[16825, 3]",3,0,0,0
43415,"[16825, 4]",2,0,0,0
43416,"[16825, 5]",54,0,0,-1
43417,"[16825, 6]",52,61,28,14
43418,"[16825, 7]",50,0,0,1
43419,"[16825, 8]",46,158,64,0
43420,"[16825, 9]",31,55,26,0
43421,"[16825, 10]",91,59,28,0
43422,"[16825, 11]",75,2,1,-1
43423,"[16826, 0]",1,41,18,0
43424,"[16827, 0]",1,41,18,0
43425,"[16828, 0]",1,158,64,0
43426,"[16829, 0]",1,41,18,0
43427,"[16830, 0]",1,41,18,0
43428,"[16831, 0]",1,41,18,0
43429,"[16832, 0]",1,0,0,0
43430,"[16832, 1]",2,156,64,0
43431,"[16833, 0]",1,41,18,0
43432,"[16834, 0]",1,158,64,0
43433,"[16835, 0]",1,0,0,0
43434,"[16835, 1]",2,0,0,0
43435,"[16835, 2]",24,57,26,0
43436,"[16836, 0]",1,0,0,0
43437,"[16836, 1]",2,41,18,3
43438,"[16837, 0]",1,0,0,0
43439,"[16837, 1]",3,0,0,3
43440,"[16837, 2]",2,0,0,-1
43441,"[16837, 3]",76,0,0,-1
43442,"[16837, 4]",73,0,0,-1
43443,"[16837, 5]",72,2,1,1
43444,"[16837, 6]",67,158,64,0
43445,"[16837, 7]",115,0,0,-1
43446,"[16837, 8]",104,0,0,1
43447,"[16837, 9]",377,158,64,0
43448,"[16837, 10]",313,156,64,10
43449,"[16838, 0]",1,0,0,0
43450,"[16838, 1]",2,0,0,0
43451,"[16838, 2]",14,158,64,0
43452,"[16839, 0]",1,41,18,0
43453,"[16840, 0]",1,158,64,0
43454,"[16841, 0]",1,0,0,0
43455,"[16841, 1]",2,41,18,0
43456,"[16842, 0]",1,158,64,0
43457,"[16843, 0]",1,0,0,0
43458,"[16843, 1]",7,158,64,0
43459,"[16843, 2]",3,0,0,0
43460,"[16843, 3]",2,0,0,0
43461,"[16843, 4]",43,2,1,0
43462,"[16843, 5]",38,158,64,0
43463,"[16844, 0]",1,0,0,0
43464,"[16844, 1]",2,41,18,0
43465,"[16845, 0]",1,158,64,0
43466,"[16846, 0]",1,158,64,0
43467,"[16847, 0]",1,158,64,0
43468,"[16848, 0]",1,158,64,0
43469,"[16849, 0]",1,0,0,0
43470,"[16849, 1]",5,0,0,0
43471,"[16849, 2]",4,0,0,0
43472,"[16849, 3]",2,0,0,0
43473,"[16849, 4]",44,158,64,0
43474,"[16849, 5]",43,0,0,0
43475,"[16849, 6]",37,41,18,0
43476,"[16849, 7]",34,2,1,0
43477,"[16849, 8]",61,0,0,0
43478,"[16849, 9]",187,57,26,2
43479,"[16850, 0]",1,54,24,0
43480,"[16851, 0]",1,2,1,0
43481,"[16852, 0]",1,0,0,0
43482,"[16852, 1]",5,54,24,0
43483,"[16852, 2]",2,0,0,0
43484,"[16852, 3]",37,156,64,0
43485,"[16852, 4]",35,0,0,0
43486,"[16852, 5]",34,0,0,0
43487,"[16852, 6]",65,0,0,0
43488,"[16852, 7]",62,158,64,1
43489,"[16852, 8]",116,0,0,0
43490,"[16852, 9]",297,158,64,-1
43491,"[16853, 0]",1,0,0,0
43492,"[16853, 1]",2,0,0,0
43493,"[16853, 2]",17,41,18,0
43494,"[16854, 0]",1,0,0,0
43495,"[16854, 1]",9,41,18,0
43496,"[16854, 2]",5,2,1,0
43497,"[16854, 3]",4,0,0,0
43498,"[16854, 4]",3,0,0,0
43499,"[16854, 5]",2,0,0,0
43500,"[16854, 6]",77,0,0,-1
43501,"[16854, 7]",74,0,0,0
43502,"[16854, 8]",72,0,0,0
43503,"[16854, 9]",65,0,0,0
43504,"[16854, 10]",200,158,64,-1
43505,"[16854, 11]",152,0,0,0
43506,"[16854, 12]",139,0,0,-1
43507,"[16854, 13]",132,158,64,-1
43508,"[16854, 14]",336,2,1,1
43509,"[16854, 15]",319,57,26,5
43510,"[16855, 0]",1,41,18,0
43511,"[16856, 0]",1,156,64,0
43512,"[16857, 0]",1,0,0,0
43513,"[16857, 1]",2,41,18,31
43514,"[16858, 0]",1,0,0,0
43515,"[16858, 1]",2,57,26,0
43516,"[16859, 0]",1,41,18,0
43517,"[16860, 0]",1,0,0,0
43518,"[16860, 1]",2,0,0,0
43519,"[16860, 2]",23,57,26,0
43520,"[16861, 0]",1,0,0,0
43521,"[16861, 1]",4,158,64,0
43522,"[16862, 0]",1,0,0,1
43523,"[16862, 1]",2,158,64,0
43524,"[16863, 0]",1,53,24,1
43525,"[16864, 0]",1,0,0,0
43526,"[16864, 1]",2,158,64,0
43527,"[16865, 0]",1,0,0,0
43528,"[16865, 1]",10,57,26,0
43529,"[16865, 2]",8,0,0,0
43530,"[16865, 3]",6,0,0,0
43531,"[16865, 4]",3,0,0,0
43532,"[16865, 5]",2,0,0,0
43533,"[16865, 6]",46,158,64,0
43534,"[16865, 7]",45,0,0,0
43535,"[16865, 8]",44,0,0,0
43536,"[16865, 9]",43,0,0,0
43537,"[16865, 10]",38,41,18,0
43538,"[16865, 11]",35,0,0,0
43539,"[16865, 12]",24,0,0,0
43540,"[16865, 13]",135,41,18,0
43541,"[16865, 14]",120,158,64,0
43542,"[16865, 15]",82,0,0,0
43543,"[16865, 16]",79,156,64,0
43544,"[16865, 17]",76,158,64,0
43545,"[16865, 18]",220,158,64,0
43546,"[16866, 0]",1,0,0,0
43547,"[16866, 1]",2,41,18,0
43548,"[16867, 0]",1,0,0,0
43549,"[16867, 1]",2,0,0,0
43550,"[16867, 2]",73,57,26,0
43551,"[16868, 0]",1,0,0,0
43552,"[16868, 1]",2,158,64,3
43553,"[16869, 0]",1,0,0,0
43554,"[16869, 1]",2,0,0,0
43555,"[16869, 2]",50,0,0,0
43556,"[16869, 3]",64,0,0,0
43557,"[16869, 4]",89,41,18,0
43558,"[16870, 0]",1,41,18,0
43559,"[16871, 0]",1,156,64,0
43560,"[16872, 0]",1,0,0,0
43561,"[16872, 1]",6,0,0,0
43562,"[16872, 2]",3,158,64,0
43563,"[16872, 3]",2,0,0,0
43564,"[16872, 4]",47,2,1,0
43565,"[16872, 5]",45,158,64,0
43566,"[16872, 6]",44,0,0,0
43567,"[16872, 7]",33,0,0,0
43568,"[16872, 8]",99,156,64,-1
43569,"[16872, 9]",61,158,64,0
43570,"[16873, 0]",1,57,26,0
43571,"[16874, 0]",1,158,64,0
43572,"[16875, 0]",1,41,18,0
43573,"[16876, 0]",1,0,0,0
43574,"[16876, 1]",5,0,0,0
43575,"[16876, 2]",3,0,0,0
43576,"[16876, 3]",2,0,0,0
43577,"[16876, 4]",39,0,0,0
43578,"[16876, 5]",30,0,0,0
43579,"[16876, 6]",23,158,64,0
43580,"[16876, 7]",132,158,64,0
43581,"[16876, 8]",68,53,24,0
43582,"[16876, 9]",64,0,0,0
43583,"[16876, 10]",275,59,28,0
43584,"[16876, 11]",274,158,64,0
43585,"[16876, 12]",273,156,64,0
43586,"[16877, 0]",1,2,1,0
43587,"[16878, 0]",1,0,0,0
43588,"[16878, 1]",2,158,64,0
43589,"[16879, 0]",1,156,64,0
43590,"[16880, 0]",1,41,18,0
43591,"[16881, 0]",1,158,64,0
43592,"[16882, 0]",1,0,0,0
43593,"[16882, 1]",2,158,64,0
43594,"[16883, 0]",1,0,0,0
43595,"[16883, 1]",5,158,64,0
43596,"[16883, 2]",2,0,0,0
43597,"[16883, 3]",42,0,0,0
43598,"[16883, 4]",40,0,0,0
43599,"[16883, 5]",39,0,0,0
43600,"[16883, 6]",38,0,0,0
43601,"[16883, 7]",74,158,64,0
43602,"[16883, 8]",71,0,0,0
43603,"[16883, 9]",67,0,0,0
43604,"[16883, 10]",62,0,0,0
43605,"[16883, 11]",58,41,18,0
43606,"[16883, 12]",168,158,64,0
43607,"[16883, 13]",152,0,0,0
43608,"[16883, 14]",151,156,64,0
43609,"[16883, 15]",132,158,64,1
43610,"[16883, 16]",262,2,1,0
43611,"[16884, 0]",1,0,0,0
43612,"[16884, 1]",2,55,26,-1
43613,"[16885, 0]",1,41,18,0
43614,"[16886, 0]",1,0,0,0
43615,"[16886, 1]",2,57,26,0
43616,"[16887, 0]",1,158,64,0
43617,"[16888, 0]",1,158,64,0
43618,"[16889, 0]",1,0,0,0
43619,"[16889, 1]",2,41,18,0
43620,"[16890, 0]",1,41,18,0
43621,"[16891, 0]",1,41,18,0
43622,"[16892, 0]",1,158,64,0
43623,"[16893, 0]",1,158,64,0
43624,"[16894, 0]",1,158,64,0
43625,"[16895, 0]",1,0,0,0
43626,"[16895, 1]",2,158,64,7
43627,"[16896, 0]",1,0,0,0
43628,"[16896, 1]",4,158,64,-1
43629,"[16896, 2]",3,158,64,-1
43630,"[16897, 0]",1,0,0,0
43631,"[16897, 1]",8,0,0,0
43632,"[16897, 2]",6,0,0,0
43633,"[16897, 3]",5,0,0,0
43634,"[16897, 4]",4,0,0,0
43635,"[16897, 5]",3,0,0,0
43636,"[16897, 6]",2,0,0,0
43637,"[16897, 7]",78,0,0,0
43638,"[16897, 8]",77,0,0,0
43639,"[16897, 9]",73,0,0,0
43640,"[16897, 10]",69,158,64,0
43641,"[16897, 11]",68,158,64,0
43642,"[16897, 12]",59,0,0,0
43643,"[16897, 13]",53,158,64,0
43644,"[16897, 14]",48,158,64,0
43645,"[16897, 15]",222,156,64,0
43646,"[16897, 16]",121,0,0,0
43647,"[16897, 17]",96,41,18,0
43648,"[16897, 18]",95,0,0,0
43649,"[16897, 19]",93,0,0,0
43650,"[16897, 20]",90,158,64,0
43651,"[16897, 21]",592,0,0,0
43652,"[16897, 22]",585,41,18,0
43653,"[16897, 23]",545,158,64,0
43654,"[16897, 24]",696,41,18,0
43655,"[16898, 0]",1,2,1,0
43656,"[16899, 0]",1,54,24,0
43657,"[16900, 0]",1,158,64,0
43658,"[16901, 0]",1,0,0,0
43659,"[16901, 1]",2,158,64,0
43660,"[16902, 0]",1,0,0,1
43661,"[16902, 1]",2,0,0,0
43662,"[16902, 2]",17,55,26,0
43663,"[16903, 0]",1,158,64,0
43664,"[16904, 0]",1,0,0,0
43665,"[16904, 1]",2,158,64,0
43666,"[16905, 0]",1,158,64,0
43667,"[16906, 0]",1,158,64,0
43668,"[16907, 0]",1,0,0,0
43669,"[16907, 1]",2,158,64,0
43670,"[16908, 0]",1,0,0,0
43671,"[16908, 1]",2,0,0,0
43672,"[16908, 2]",24,41,18,0
43673,"[16909, 0]",1,158,64,0
43674,"[16910, 0]",1,55,26,0
43675,"[16911, 0]",1,0,0,0
43676,"[16911, 1]",2,0,0,0
43677,"[16911, 2]",26,54,24,0
43678,"[16912, 0]",1,0,0,0
43679,"[16912, 1]",2,0,0,0
43680,"[16912, 2]",36,0,0,0
43681,"[16912, 3]",108,0,0,0
43682,"[16912, 4]",123,158,64,0
43683,"[16913, 0]",1,0,0,0
43684,"[16913, 1]",2,158,64,0
43685,"[16914, 0]",1,54,24,0
43686,"[16915, 0]",1,0,0,0
43687,"[16915, 1]",2,0,0,0
43688,"[16915, 2]",24,158,64,0
43689,"[16916, 0]",1,41,18,0
43690,"[16917, 0]",1,0,0,0
43691,"[16917, 1]",2,57,26,0
43692,"[16918, 0]",1,0,0,0
43693,"[16918, 1]",6,156,64,0
43694,"[16918, 2]",5,0,0,0
43695,"[16918, 3]",4,0,0,0
43696,"[16918, 4]",3,0,0,0
43697,"[16918, 5]",38,158,64,0
43698,"[16918, 6]",34,0,0,0
43699,"[16918, 7]",29,156,64,0
43700,"[16918, 8]",101,57,26,2
43701,"[16919, 0]",1,0,0,0
43702,"[16919, 1]",2,0,0,0
43703,"[16919, 2]",78,57,26,22
43704,"[16920, 0]",1,0,0,0
43705,"[16920, 1]",4,0,0,0
43706,"[16920, 2]",35,2,1,0
43707,"[16921, 0]",1,158,64,0
43708,"[16922, 0]",1,41,18,0
43709,"[16923, 0]",1,0,0,0
43710,"[16923, 1]",7,156,64,-1
43711,"[16923, 2]",5,0,0,-1
43712,"[16923, 3]",4,0,0,-1
43713,"[16923, 4]",3,0,0,-1
43714,"[16923, 5]",2,0,0,-1
43715,"[16923, 6]",41,0,0,-1
43716,"[16923, 7]",34,2,1,-1
43717,"[16923, 8]",30,54,24,-1
43718,"[16923, 9]",27,158,64,-1
43719,"[16923, 10]",53,158,64,-1
43720,"[16924, 0]",1,0,0,0
43721,"[16924, 1]",2,41,18,0
43722,"[16925, 0]",1,0,0,0
43723,"[16925, 1]",2,0,0,0
43724,"[16926, 0]",1,0,0,0
43725,"[16926, 1]",6,0,0,0
43726,"[16926, 2]",5,0,0,0
43727,"[16926, 3]",3,0,0,0
43728,"[16926, 4]",2,0,0,0
43729,"[16926, 5]",42,37,18,0
43730,"[16926, 6]",41,158,64,0
43731,"[16926, 7]",35,0,0,0
43732,"[16926, 8]",29,41,18,0
43733,"[16926, 9]",26,158,64,0
43734,"[16926, 10]",95,0,0,0
43735,"[16926, 11]",214,158,64,1
43736,"[16927, 0]",1,2,1,0
43737,"[16928, 0]",1,57,26,0
43738,"[16929, 0]",1,156,64,0
43739,"[16930, 0]",1,158,64,0
43740,"[16931, 0]",1,61,28,0
43741,"[16932, 0]",1,2,1,0
43742,"[16933, 0]",1,0,0,0
43743,"[16933, 1]",2,158,64,0
43744,"[16934, 0]",1,0,0,0
43745,"[16934, 1]",2,0,0,3
43746,"[16934, 2]",18,59,28,0
43747,"[16935, 0]",1,0,0,1
43748,"[16935, 1]",2,51,24,0
43749,"[16936, 0]",1,0,0,0
43750,"[16936, 1]",5,0,0,-1
43751,"[16936, 2]",4,0,0,-1
43752,"[16936, 3]",46,156,64,2
43753,"[16936, 4]",43,156,64,1
43754,"[16937, 0]",1,0,0,0
43755,"[16937, 1]",2,0,0,0
43756,"[16937, 2]",32,57,26,0
43757,"[16938, 0]",1,2,1,0
43758,"[16939, 0]",1,2,1,0
43759,"[16940, 0]",1,0,0,0
43760,"[16940, 1]",2,37,18,0
43761,"[16941, 0]",1,0,0,0
43762,"[16941, 1]",2,0,0,0
43763,"[16941, 2]",29,57,26,1
43764,"[16942, 0]",1,0,0,0
43765,"[16942, 1]",2,158,64,-1
43766,"[16943, 0]",1,0,0,0
43767,"[16943, 1]",2,41,18,1
43768,"[16944, 0]",1,0,0,0
43769,"[16944, 1]",2,41,18,0
43770,"[16945, 0]",1,158,64,0
43771,"[16946, 0]",1,158,64,0
43772,"[16947, 0]",1,0,0,0
43773,"[16947, 1]",2,0,0,0
43774,"[16947, 2]",25,41,18,0
43775,"[16948, 0]",1,41,18,0
43776,"[16949, 0]",1,0,0,0
43777,"[16949, 1]",2,57,26,0
43778,"[16950, 0]",1,0,0,0
43779,"[16950, 1]",2,0,0,0
43780,"[16950, 2]",46,41,18,0
43781,"[16951, 0]",1,0,0,0
43782,"[16951, 1]",2,158,64,0
43783,"[16952, 0]",1,41,18,0
43784,"[16953, 0]",1,0,0,0
43785,"[16953, 1]",2,54,24,8
43786,"[16954, 0]",1,158,64,0
43787,"[16955, 0]",1,0,0,0
43788,"[16955, 1]",2,0,0,0
43789,"[16955, 2]",76,158,64,0
43790,"[16956, 0]",1,41,18,0
43791,"[16957, 0]",1,0,0,0
43792,"[16957, 1]",2,158,64,0
43793,"[16958, 0]",1,158,64,0
43794,"[16959, 0]",1,57,26,0
43795,"[16960, 0]",1,0,0,0
43796,"[16960, 1]",2,158,64,0
43797,"[16961, 0]",1,0,0,0
43798,"[16961, 1]",2,41,18,0
43799,"[16962, 0]",1,41,18,0
43800,"[16963, 0]",1,158,64,1
43801,"[16964, 0]",1,0,0,0
43802,"[16964, 1]",3,0,0,0
43803,"[16964, 2]",2,0,0,0
43804,"[16964, 3]",30,0,0,0
43805,"[16964, 4]",24,41,18,0
43806,"[16964, 5]",44,57,26,8
43807,"[16965, 0]",1,0,0,0
43808,"[16965, 1]",2,41,18,3
43809,"[16966, 0]",1,0,0,0
43810,"[16966, 1]",3,158,64,0
43811,"[16966, 2]",2,54,24,0
43812,"[16967, 0]",1,0,0,0
43813,"[16967, 1]",2,158,64,0
43814,"[16968, 0]",1,156,64,0
43815,"[16969, 0]",1,2,1,0
43816,"[16970, 0]",1,37,18,0
43817,"[16971, 0]",1,2,1,0
43818,"[16972, 0]",1,156,64,0
43819,"[16973, 0]",1,57,26,0
43820,"[16974, 0]",1,0,0,0
43821,"[16974, 1]",5,0,0,0
43822,"[16974, 2]",4,0,0,0
43823,"[16974, 3]",33,41,18,0
43824,"[16974, 4]",30,158,64,-1
43825,"[16975, 0]",1,0,0,0
43826,"[16975, 1]",2,59,28,0
43827,"[16976, 0]",1,0,0,0
43828,"[16976, 1]",2,0,0,0
43829,"[16976, 2]",37,158,64,0
43830,"[16977, 0]",1,0,0,0
43831,"[16977, 1]",2,158,64,-1
43832,"[16978, 0]",1,158,64,0
43833,"[16979, 0]",1,156,64,0
43834,"[16980, 0]",1,158,64,0
43835,"[16981, 0]",1,0,0,0
43836,"[16981, 1]",5,158,64,0
43837,"[16981, 2]",4,158,64,0
43838,"[16981, 3]",3,0,0,0
43839,"[16981, 4]",2,0,0,0
43840,"[16981, 5]",27,0,0,0
43841,"[16981, 6]",24,158,64,0
43842,"[16981, 7]",100,0,0,0
43843,"[16981, 8]",242,41,18,0
43844,"[16982, 0]",1,0,0,0
43845,"[16982, 1]",2,0,0,0
43846,"[16982, 2]",44,2,1,0
43847,"[16983, 0]",1,0,0,0
43848,"[16983, 1]",2,158,64,0
43849,"[16984, 0]",1,0,0,1
43850,"[16984, 1]",2,54,24,0
43851,"[16985, 0]",1,0,0,0
43852,"[16985, 1]",2,57,26,0
43853,"[16986, 0]",1,0,0,0
43854,"[16986, 1]",2,156,64,0
43855,"[16987, 0]",1,158,64,0
43856,"[16988, 0]",1,0,0,0
43857,"[16988, 1]",4,158,64,0
43858,"[16988, 2]",3,0,0,0
43859,"[16988, 3]",2,0,0,0
43860,"[16988, 4]",49,158,64,0
43861,"[16988, 5]",48,0,0,0
43862,"[16988, 6]",46,0,0,0
43863,"[16988, 7]",44,0,0,0
43864,"[16988, 8]",43,0,0,0
43865,"[16988, 9]",39,156,64,0
43866,"[16988, 10]",38,59,28,0
43867,"[16988, 11]",88,0,0,-1
43868,"[16988, 12]",86,2,1,0
43869,"[16988, 13]",84,158,64,0
43870,"[16988, 14]",82,0,0,0
43871,"[16988, 15]",79,0,0,0
43872,"[16988, 16]",75,156,64,0
43873,"[16988, 17]",375,2,1,0
43874,"[16988, 18]",357,0,0,0
43875,"[16988, 19]",329,158,64,1
43876,"[16988, 20]",327,0,0,-1
43877,"[16988, 21]",590,0,0,3
43878,"[16988, 22]",512,2,1,0
43879,"[16988, 23]",715,156,64,0
43880,"[16989, 0]",1,156,64,0
43881,"[16990, 0]",1,41,18,1
43882,"[16991, 0]",1,41,18,0
43883,"[16992, 0]",1,0,0,0
43884,"[16992, 1]",2,0,0,0
43885,"[16992, 2]",81,0,0,0
43886,"[16992, 3]",93,0,0,0
43887,"[16992, 4]",118,41,18,0
43888,"[16993, 0]",1,156,64,0
43889,"[16994, 0]",1,158,64,0
43890,"[16995, 0]",1,0,0,0
43891,"[16995, 1]",2,158,64,0
43892,"[16996, 0]",1,54,24,0
43893,"[16997, 0]",1,41,18,1
43894,"[16998, 0]",1,0,0,0
43895,"[16998, 1]",2,158,64,0
43896,"[16999, 0]",1,0,0,0
43897,"[16999, 1]",2,158,64,4
43898,"[17000, 0]",1,0,0,0
43899,"[17000, 1]",6,0,0,0
43900,"[17000, 2]",5,0,0,0
43901,"[17000, 3]",3,0,0,0
43902,"[17000, 4]",2,0,0,0
43903,"[17000, 5]",37,0,0,0
43904,"[17000, 6]",34,0,0,0
43905,"[17000, 7]",27,59,28,0
43906,"[17000, 8]",24,158,64,0
43907,"[17000, 9]",79,41,18,0
43908,"[17000, 10]",63,41,18,0
43909,"[17001, 0]",1,41,18,0
43910,"[17002, 0]",1,158,64,0
43911,"[17003, 0]",1,158,64,0
43912,"[17004, 0]",1,156,64,0
43913,"[17005, 0]",1,41,18,0
43914,"[17006, 0]",1,156,64,0
43915,"[17007, 0]",1,0,0,0
43916,"[17007, 1]",2,0,0,0
43917,"[17007, 2]",22,41,18,0
43918,"[17008, 0]",1,0,0,0
43919,"[17008, 1]",2,37,18,0
43920,"[17009, 0]",1,0,0,0
43921,"[17009, 1]",2,158,64,2
43922,"[17010, 0]",1,0,0,0
43923,"[17010, 1]",2,0,0,0
43924,"[17010, 2]",23,57,26,7
43925,"[17011, 0]",1,158,64,0
43926,"[17012, 0]",1,158,64,0
43927,"[17013, 0]",1,2,1,0
43928,"[17014, 0]",1,158,64,0
43929,"[17015, 0]",1,0,0,0
43930,"[17015, 1]",2,66,29,0
43931,"[17016, 0]",1,158,64,0
43932,"[17017, 0]",1,0,0,0
43933,"[17017, 1]",2,0,0,0
43934,"[17017, 2]",14,57,26,0
43935,"[17018, 0]",1,55,26,1
43936,"[17019, 0]",1,158,64,0
43937,"[17020, 0]",1,0,0,0
43938,"[17020, 1]",7,158,64,0
43939,"[17020, 2]",5,0,0,0
43940,"[17020, 3]",3,0,0,0
43941,"[17020, 4]",2,0,0,0
43942,"[17020, 5]",54,41,18,0
43943,"[17020, 6]",52,0,0,0
43944,"[17020, 7]",51,0,0,0
43945,"[17020, 8]",49,158,64,0
43946,"[17020, 9]",47,57,26,0
43947,"[17020, 10]",46,0,0,0
43948,"[17020, 11]",44,0,0,0
43949,"[17020, 12]",40,57,26,0
43950,"[17020, 13]",108,0,0,0
43951,"[17020, 14]",107,0,0,0
43952,"[17020, 15]",104,0,0,0
43953,"[17020, 16]",82,158,64,0
43954,"[17020, 17]",81,57,26,0
43955,"[17020, 18]",79,0,0,0
43956,"[17020, 19]",76,0,0,0
43957,"[17020, 20]",75,0,0,0
43958,"[17020, 21]",73,0,0,0
43959,"[17020, 22]",423,0,0,0
43960,"[17020, 23]",422,0,0,0
43961,"[17020, 24]",405,158,64,0
43962,"[17020, 25]",401,37,18,0
43963,"[17020, 26]",393,57,26,0
43964,"[17020, 27]",391,0,0,0
43965,"[17020, 28]",390,0,0,0
43966,"[17020, 29]",388,0,0,0
43967,"[17020, 30]",294,156,64,0
43968,"[17020, 31]",282,158,64,0
43969,"[17020, 32]",277,156,64,0
43970,"[17020, 33]",624,158,64,0
43971,"[17020, 34]",621,0,0,0
43972,"[17020, 35]",605,0,0,0
43973,"[17020, 36]",602,41,18,0
43974,"[17020, 37]",497,158,64,0
43975,"[17020, 38]",493,41,18,0
43976,"[17020, 39]",1042,158,64,0
43977,"[17020, 40]",1018,158,64,0
43978,"[17020, 41]",1017,0,0,0
43979,"[17020, 42]",1016,0,0,0
43980,"[17020, 43]",1403,41,18,0
43981,"[17020, 44]",1400,158,64,-1
43982,"[17021, 0]",1,158,64,0
43983,"[17022, 0]",1,0,0,1
43984,"[17022, 1]",2,158,64,0
43985,"[17023, 0]",1,156,64,0
43986,"[17024, 0]",1,0,0,0
43987,"[17024, 1]",2,158,64,0
43988,"[17025, 0]",1,0,0,0
43989,"[17025, 1]",2,158,64,0
43990,"[17026, 0]",1,0,0,0
43991,"[17026, 1]",2,55,26,0
43992,"[17027, 0]",1,158,64,0
43993,"[17028, 0]",1,0,0,0
43994,"[17028, 1]",2,41,18,0
43995,"[17029, 0]",1,0,0,0
43996,"[17029, 1]",2,0,0,0
43997,"[17029, 2]",20,54,24,0
43998,"[17030, 0]",1,158,64,0
43999,"[17031, 0]",1,158,64,0
44000,"[17032, 0]",1,0,0,0
44001,"[17032, 1]",6,41,18,0
44002,"[17032, 2]",5,158,64,0
44003,"[17032, 3]",3,0,0,0
44004,"[17032, 4]",2,0,0,0
44005,"[17032, 5]",45,54,24,0
44006,"[17032, 6]",44,0,0,0
44007,"[17032, 7]",40,158,64,0
44008,"[17032, 8]",69,2,1,0
44009,"[17033, 0]",1,0,0,0
44010,"[17033, 1]",2,0,0,0
44011,"[17033, 2]",30,41,18,0
44012,"[17034, 0]",1,41,18,0
44013,"[17035, 0]",1,2,1,0
44014,"[17036, 0]",1,158,64,0
44015,"[17037, 0]",1,0,0,0
44016,"[17037, 1]",2,156,64,0
44017,"[17038, 0]",1,156,64,0
44018,"[17039, 0]",1,41,18,1
44019,"[17040, 0]",1,0,0,0
44020,"[17040, 1]",2,0,0,0
44021,"[17040, 2]",67,41,18,0
44022,"[17041, 0]",1,0,0,0
44023,"[17041, 1]",2,158,64,0
44024,"[17042, 0]",1,0,0,0
44025,"[17042, 1]",2,41,18,0
44026,"[17043, 0]",1,158,64,0
44027,"[17044, 0]",1,41,18,0
44028,"[17045, 0]",1,158,64,0
44029,"[17046, 0]",1,0,0,0
44030,"[17046, 1]",2,57,26,0
44031,"[17047, 0]",1,2,1,0
44032,"[17048, 0]",1,156,64,0
44033,"[17049, 0]",1,158,64,0
44034,"[17050, 0]",1,0,0,0
44035,"[17050, 1]",4,57,26,0
44036,"[17050, 2]",3,158,64,0
44037,"[17050, 3]",2,0,0,0
44038,"[17050, 4]",41,0,0,0
44039,"[17050, 5]",40,0,0,0
44040,"[17050, 6]",59,158,64,0
44041,"[17050, 7]",58,51,24,0
44042,"[17050, 8]",57,156,64,0
44043,"[17050, 9]",56,0,0,0
44044,"[17050, 10]",49,57,26,0
44045,"[17050, 11]",147,41,18,0
44046,"[17051, 0]",1,37,18,1
44047,"[17052, 0]",1,156,64,0
44048,"[17053, 0]",1,158,64,1
44049,"[17054, 0]",1,158,64,0
44050,"[17055, 0]",1,0,0,0
44051,"[17055, 1]",2,158,64,0
44052,"[17056, 0]",1,0,0,0
44053,"[17056, 1]",2,0,0,0
44054,"[17056, 2]",27,2,1,8
44055,"[17057, 0]",1,0,0,0
44056,"[17057, 1]",3,41,18,0
44057,"[17057, 2]",2,41,18,0
44058,"[17058, 0]",1,156,64,0
44059,"[17059, 0]",1,0,0,0
44060,"[17059, 1]",2,0,0,0
44061,"[17059, 2]",17,0,0,0
44062,"[17059, 3]",16,0,0,0
44063,"[17059, 4]",46,158,64,-1
44064,"[17059, 5]",40,0,0,0
44065,"[17059, 6]",125,0,0,0
44066,"[17059, 7]",153,158,64,0
44067,"[17059, 8]",152,0,0,0
44068,"[17059, 9]",244,0,0,0
44069,"[17059, 10]",259,2,1,-1
44070,"[17060, 0]",1,0,0,0
44071,"[17060, 1]",2,0,0,0
44072,"[17060, 2]",32,158,64,13
44073,"[17061, 0]",1,0,0,0
44074,"[17061, 1]",5,2,1,0
44075,"[17061, 2]",4,0,0,0
44076,"[17061, 3]",3,0,0,0
44077,"[17061, 4]",37,0,0,0
44078,"[17061, 5]",34,158,64,0
44079,"[17061, 6]",62,0,0,0
44080,"[17061, 7]",180,158,64,8
44081,"[17062, 0]",1,57,26,0
44082,"[17063, 0]",1,0,0,0
44083,"[17063, 1]",2,41,18,0
44084,"[17064, 0]",1,158,64,0
44085,"[17065, 0]",1,158,64,0
44086,"[17066, 0]",1,0,0,0
44087,"[17066, 1]",5,158,64,0
44088,"[17066, 2]",4,0,0,0
44089,"[17066, 3]",2,0,0,0
44090,"[17066, 4]",34,0,0,0
44091,"[17066, 5]",33,0,0,0
44092,"[17066, 6]",23,158,64,0
44093,"[17066, 7]",66,54,24,0
44094,"[17066, 8]",63,53,24,0
44095,"[17067, 0]",1,0,0,0
44096,"[17067, 1]",2,158,64,0
44097,"[17068, 0]",1,0,0,0
44098,"[17068, 1]",5,158,64,0
44099,"[17068, 2]",4,158,64,0
44100,"[17068, 3]",3,0,0,0
44101,"[17068, 4]",28,0,0,0
44102,"[17068, 5]",57,158,64,0
44103,"[17069, 0]",1,158,64,0
44104,"[17070, 0]",1,0,0,0
44105,"[17070, 1]",2,158,64,0
44106,"[17071, 0]",1,0,0,1
44107,"[17071, 1]",7,57,26,0
44108,"[17071, 2]",4,0,0,0
44109,"[17071, 3]",2,0,0,0
44110,"[17071, 4]",35,41,18,0
44111,"[17071, 5]",34,158,64,0
44112,"[17071, 6]",33,0,0,0
44113,"[17071, 7]",26,158,64,0
44114,"[17071, 8]",75,0,0,0
44115,"[17071, 9]",297,158,64,0
44116,"[17072, 0]",1,0,0,0
44117,"[17072, 1]",2,41,18,0
44118,"[17073, 0]",1,0,0,0
44119,"[17073, 1]",2,0,0,0
44120,"[17073, 2]",73,2,1,0
44121,"[17074, 0]",1,0,0,0
44122,"[17074, 1]",2,0,0,0
44123,"[17074, 2]",31,41,18,0
44124,"[17075, 0]",1,41,18,0
44125,"[17076, 0]",1,0,0,0
44126,"[17076, 1]",2,57,26,0
44127,"[17077, 0]",1,0,0,0
44128,"[17077, 1]",2,158,64,-1
44129,"[17078, 0]",1,0,0,0
44130,"[17078, 1]",2,158,64,0
44131,"[17079, 0]",1,0,0,0
44132,"[17079, 1]",2,158,64,-1
44133,"[17080, 0]",1,0,0,0
44134,"[17080, 1]",2,58,26,0
44135,"[17081, 0]",1,41,18,0
44136,"[17082, 0]",1,0,0,0
44137,"[17082, 1]",2,41,18,0
44138,"[17083, 0]",1,158,64,0
44139,"[17084, 0]",1,158,64,0
44140,"[17085, 0]",1,41,18,0
44141,"[17086, 0]",1,41,18,0
44142,"[17087, 0]",1,0,0,0
44143,"[17087, 1]",2,158,64,0
44144,"[17088, 0]",1,0,0,0
44145,"[17088, 1]",2,158,64,0
44146,"[17089, 0]",1,0,0,0
44147,"[17089, 1]",2,41,18,0
44148,"[17090, 0]",1,0,0,0
44149,"[17090, 1]",4,54,24,0
44150,"[17090, 2]",2,0,0,0
44151,"[17090, 3]",30,158,64,0
44152,"[17091, 0]",1,0,0,1
44153,"[17091, 1]",2,158,64,0
44154,"[17092, 0]",1,0,0,0
44155,"[17092, 1]",3,0,0,0
44156,"[17092, 2]",2,0,0,0
44157,"[17092, 3]",54,0,0,0
44158,"[17092, 4]",50,0,0,0
44159,"[17092, 5]",94,158,64,0
44160,"[17092, 6]",72,158,64,0
44161,"[17093, 0]",1,0,0,0
44162,"[17093, 1]",4,41,18,0
44163,"[17094, 0]",1,57,26,0
44164,"[17095, 0]",1,156,64,0
44165,"[17096, 0]",1,0,0,0
44166,"[17096, 1]",2,158,64,11
44167,"[17097, 0]",1,158,64,0
44168,"[17098, 0]",1,0,0,0
44169,"[17098, 1]",2,41,18,0
44170,"[17099, 0]",1,158,64,0
44171,"[17100, 0]",1,158,64,0
44172,"[17101, 0]",1,0,0,0
44173,"[17101, 1]",2,158,64,0
44174,"[17102, 0]",1,0,0,0
44175,"[17102, 1]",2,41,18,0
44176,"[17103, 0]",1,156,64,0
44177,"[17104, 0]",1,0,0,0
44178,"[17104, 1]",12,0,0,0
44179,"[17104, 2]",11,0,0,0
44180,"[17104, 3]",10,0,0,0
44181,"[17104, 4]",6,0,0,0
44182,"[17104, 5]",4,0,0,0
44183,"[17104, 6]",3,0,0,0
44184,"[17104, 7]",79,158,64,0
44185,"[17104, 8]",77,0,0,0
44186,"[17104, 9]",76,0,0,0
44187,"[17104, 10]",72,158,64,0
44188,"[17104, 11]",71,0,0,0
44189,"[17104, 12]",70,0,0,0
44190,"[17104, 13]",62,0,0,0
44191,"[17104, 14]",45,156,64,0
44192,"[17104, 15]",42,158,64,7
44193,"[17104, 16]",39,2,1,0
44194,"[17104, 17]",212,156,64,0
44195,"[17104, 18]",144,0,0,0
44196,"[17104, 19]",141,158,64,0
44197,"[17104, 20]",106,156,64,0
44198,"[17104, 21]",103,158,64,0
44199,"[17104, 22]",402,0,0,0
44200,"[17104, 23]",401,0,0,0
44201,"[17104, 24]",742,158,64,2
44202,"[17104, 25]",738,0,0,0
44203,"[17104, 26]",878,158,64,2
44204,"[17105, 0]",1,158,64,0
44205,"[17106, 0]",1,41,18,0
44206,"[17107, 0]",1,158,64,1
44207,"[17108, 0]",1,2,1,0
44208,"[17109, 0]",1,0,0,0
44209,"[17109, 1]",2,2,1,0
44210,"[17110, 0]",1,0,0,0
44211,"[17110, 1]",6,158,64,0
44212,"[17110, 2]",4,0,0,0
44213,"[17110, 3]",2,0,0,0
44214,"[17110, 4]",23,0,0,-1
44215,"[17110, 5]",22,0,0,-1
44216,"[17110, 6]",18,0,0,0
44217,"[17110, 7]",98,0,0,0
44218,"[17110, 8]",71,0,0,-1
44219,"[17110, 9]",66,158,64,-1
44220,"[17110, 10]",196,158,64,-1
44221,"[17110, 11]",164,158,64,-1
44222,"[17111, 0]",1,158,64,0
44223,"[17112, 0]",1,0,0,0
44224,"[17112, 1]",2,0,0,0
44225,"[17112, 2]",44,0,0,0
44226,"[17112, 3]",62,59,28,0
44227,"[17113, 0]",1,0,0,0
44228,"[17113, 1]",3,41,18,0
44229,"[17113, 2]",2,0,0,0
44230,"[17113, 3]",46,0,0,0
44231,"[17113, 4]",98,0,0,0
44232,"[17113, 5]",148,41,18,0
44233,"[17114, 0]",1,158,64,0
44234,"[17115, 0]",1,2,1,0
44235,"[17116, 0]",1,0,0,0
44236,"[17116, 1]",2,158,64,0
44237,"[17117, 0]",1,0,0,1
44238,"[17117, 1]",9,158,64,0
44239,"[17117, 2]",8,0,0,0
44240,"[17117, 3]",6,0,0,0
44241,"[17117, 4]",4,0,0,0
44242,"[17117, 5]",3,0,0,0
44243,"[17117, 6]",65,57,26,0
44244,"[17117, 7]",64,158,64,0
44245,"[17117, 8]",52,57,26,0
44246,"[17117, 9]",49,156,64,0
44247,"[17118, 0]",1,57,26,0
44248,"[17119, 0]",1,0,0,0
44249,"[17119, 1]",2,158,64,2
44250,"[17120, 0]",1,156,64,0
44251,"[17121, 0]",1,0,0,0
44252,"[17121, 1]",2,0,0,0
44253,"[17121, 2]",16,41,18,0
44254,"[17122, 0]",1,0,0,0
44255,"[17122, 1]",7,158,64,0
44256,"[17122, 2]",5,41,18,0
44257,"[17122, 3]",4,0,0,0
44258,"[17122, 4]",2,0,0,0
44259,"[17122, 5]",49,0,0,0
44260,"[17122, 6]",43,57,26,0
44261,"[17122, 7]",65,0,0,0
44262,"[17122, 8]",256,0,0,0
44263,"[17122, 9]",277,158,64,0
44264,"[17123, 0]",1,0,0,0
44265,"[17123, 1]",6,57,26,0
44266,"[17123, 2]",5,41,18,0
44267,"[17123, 3]",2,0,0,0
44268,"[17123, 4]",57,0,0,0
44269,"[17123, 5]",56,0,0,0
44270,"[17123, 6]",53,0,0,0
44271,"[17123, 7]",70,0,0,-1
44272,"[17123, 8]",62,41,18,0
44273,"[17123, 9]",59,2,1,2
44274,"[17123, 10]",176,2,1,-1
44275,"[17124, 0]",1,0,0,0
44276,"[17124, 1]",2,41,18,0
44277,"[17125, 0]",1,0,0,0
44278,"[17125, 1]",6,2,1,0
44279,"[17125, 2]",3,41,18,0
44280,"[17126, 0]",1,156,64,0
44281,"[17127, 0]",1,0,0,0
44282,"[17127, 1]",2,158,64,0
44283,"[17128, 0]",1,0,0,0
44284,"[17128, 1]",5,0,0,0
44285,"[17128, 2]",3,0,0,0
44286,"[17128, 3]",2,0,0,0
44287,"[17128, 4]",33,0,0,0
44288,"[17128, 5]",29,0,0,0
44289,"[17128, 6]",19,2,1,0
44290,"[17128, 7]",102,57,26,0
44291,"[17128, 8]",79,0,0,0
44292,"[17128, 9]",78,0,0,0
44293,"[17128, 10]",77,0,0,0
44294,"[17128, 11]",213,158,64,0
44295,"[17128, 12]",212,156,64,0
44296,"[17128, 13]",206,158,64,0
44297,"[17128, 14]",200,158,64,0
44298,"[17129, 0]",1,0,0,0
44299,"[17129, 1]",2,0,0,0
44300,"[17129, 2]",18,156,64,0
44301,"[17130, 0]",1,0,0,0
44302,"[17130, 1]",2,41,18,0
44303,"[17131, 0]",1,57,26,0
44304,"[17132, 0]",1,0,0,0
44305,"[17132, 1]",2,0,0,0
44306,"[17132, 2]",14,57,26,0
44307,"[17133, 0]",1,64,29,0
44308,"[17134, 0]",1,0,0,0
44309,"[17134, 1]",2,0,0,0
44310,"[17134, 2]",33,156,64,6
44311,"[17135, 0]",1,158,64,0
44312,"[17136, 0]",1,41,18,0
44313,"[17137, 0]",1,0,0,0
44314,"[17137, 1]",2,158,64,0
44315,"[17138, 0]",1,41,18,0
44316,"[17139, 0]",1,0,0,0
44317,"[17139, 1]",2,0,0,0
44318,"[17139, 2]",13,158,64,0
44319,"[17140, 0]",1,158,64,0
44320,"[17141, 0]",1,0,0,0
44321,"[17141, 1]",2,158,64,0
44322,"[17142, 0]",1,0,0,0
44323,"[17142, 1]",2,0,0,0
44324,"[17142, 2]",13,156,64,-1
44325,"[17143, 0]",1,0,0,0
44326,"[17143, 1]",3,2,1,0
44327,"[17143, 2]",2,0,0,0
44328,"[17143, 3]",29,0,0,0
44329,"[17143, 4]",55,158,64,0
44330,"[17144, 0]",1,0,0,0
44331,"[17144, 1]",2,57,26,0
44332,"[17145, 0]",1,41,18,0
44333,"[17146, 0]",1,0,0,0
44334,"[17146, 1]",2,0,0,-1
44335,"[17146, 2]",51,0,0,-1
44336,"[17146, 3]",63,158,64,3
44337,"[17147, 0]",1,0,0,0
44338,"[17147, 1]",2,0,0,0
44339,"[17147, 2]",29,158,64,0
44340,"[17148, 0]",1,0,0,0
44341,"[17148, 1]",2,158,64,3
44342,"[17149, 0]",1,41,18,0
44343,"[17150, 0]",1,0,0,0
44344,"[17150, 1]",2,41,18,0
44345,"[17151, 0]",1,0,0,0
44346,"[17151, 1]",2,57,26,14
44347,"[17152, 0]",1,0,0,0
44348,"[17152, 1]",4,158,64,0
44349,"[17152, 2]",3,0,0,0
44350,"[17152, 3]",2,0,0,0
44351,"[17152, 4]",32,0,0,0
44352,"[17152, 5]",28,57,26,0
44353,"[17152, 6]",54,0,0,0
44354,"[17152, 7]",248,158,64,0
44355,"[17153, 0]",1,156,64,0
44356,"[17154, 0]",1,0,0,0
44357,"[17154, 1]",2,156,64,0
44358,"[17155, 0]",1,0,0,0
44359,"[17155, 1]",2,2,1,0
44360,"[17156, 0]",1,57,26,0
44361,"[17157, 0]",1,0,0,0
44362,"[17157, 1]",5,0,0,0
44363,"[17157, 2]",3,0,0,0
44364,"[17157, 3]",2,0,0,0
44365,"[17157, 4]",44,75,32,0
44366,"[17157, 5]",35,41,18,0
44367,"[17157, 6]",28,158,64,0
44368,"[17158, 0]",1,0,0,0
44369,"[17158, 1]",2,158,64,0
44370,"[17159, 0]",1,0,0,0
44371,"[17159, 1]",5,158,64,-1
44372,"[17159, 2]",2,0,0,-1
44373,"[17159, 3]",20,2,1,-1
44374,"[17160, 0]",1,57,26,0
44375,"[17161, 0]",1,158,64,0
44376,"[17162, 0]",1,0,0,0
44377,"[17162, 1]",2,0,0,0
44378,"[17162, 2]",60,37,18,0
44379,"[17163, 0]",1,156,64,0
44380,"[17164, 0]",1,0,0,0
44381,"[17164, 1]",3,41,18,0
44382,"[17165, 0]",1,158,64,0
44383,"[17166, 0]",1,158,64,0
44384,"[17167, 0]",1,0,0,0
44385,"[17167, 1]",12,156,64,0
44386,"[17167, 2]",10,0,0,0
44387,"[17167, 3]",9,0,0,0
44388,"[17167, 4]",7,0,0,0
44389,"[17167, 5]",5,0,0,0
44390,"[17167, 6]",3,0,0,0
44391,"[17167, 7]",2,0,0,0
44392,"[17167, 8]",64,64,29,0
44393,"[17167, 9]",63,37,18,0
44394,"[17167, 10]",62,0,0,0
44395,"[17167, 11]",61,158,64,0
44396,"[17167, 12]",58,0,0,0
44397,"[17167, 13]",56,0,0,0
44398,"[17167, 14]",54,0,0,0
44399,"[17167, 15]",48,0,0,0
44400,"[17167, 16]",42,0,0,0
44401,"[17167, 17]",41,0,0,0
44402,"[17167, 18]",38,0,0,0
44403,"[17167, 19]",37,158,64,0
44404,"[17167, 20]",33,0,0,0
44405,"[17167, 21]",30,158,64,0
44406,"[17167, 22]",228,41,18,3
44407,"[17167, 23]",195,2,1,0
44408,"[17167, 24]",187,57,26,0
44409,"[17167, 25]",184,0,0,0
44410,"[17167, 26]",154,0,0,0
44411,"[17167, 27]",153,0,0,0
44412,"[17167, 28]",152,0,0,0
44413,"[17167, 29]",150,0,0,0
44414,"[17167, 30]",118,0,0,0
44415,"[17167, 31]",109,158,64,0
44416,"[17167, 32]",105,0,0,0
44417,"[17167, 33]",79,41,18,0
44418,"[17167, 34]",659,156,64,0
44419,"[17167, 35]",539,158,64,0
44420,"[17167, 36]",500,2,1,0
44421,"[17167, 37]",493,0,0,0
44422,"[17167, 38]",492,0,0,0
44423,"[17167, 39]",483,0,0,0
44424,"[17167, 40]",478,158,64,0
44425,"[17167, 41]",395,158,64,1
44426,"[17167, 42]",1085,57,26,0
44427,"[17167, 43]",1023,158,64,-1
44428,"[17167, 44]",1022,41,18,4
44429,"[17167, 45]",1014,158,64,0
44430,"[17168, 0]",1,158,64,0
44431,"[17169, 0]",1,41,18,0
44432,"[17170, 0]",1,158,64,0
44433,"[17171, 0]",1,0,0,0
44434,"[17171, 1]",2,158,64,14
44435,"[17172, 0]",1,2,1,0
44436,"[17173, 0]",1,57,26,0
44437,"[17174, 0]",1,0,0,0
44438,"[17174, 1]",2,59,28,25
44439,"[17175, 0]",1,41,18,0
44440,"[17176, 0]",1,0,0,1
44441,"[17176, 1]",2,158,64,0
44442,"[17177, 0]",1,41,18,0
44443,"[17178, 0]",1,0,0,0
44444,"[17178, 1]",3,0,0,0
44445,"[17178, 2]",24,158,64,-1
44446,"[17178, 3]",22,0,0,-1
44447,"[17178, 4]",48,0,0,-1
44448,"[17178, 5]",107,158,64,-1
44449,"[17179, 0]",1,41,18,0
44450,"[17180, 0]",1,0,0,0
44451,"[17180, 1]",8,158,64,0
44452,"[17180, 2]",4,0,0,0
44453,"[17180, 3]",3,0,0,0
44454,"[17180, 4]",2,0,0,0
44455,"[17180, 5]",56,0,0,0
44456,"[17180, 6]",54,2,1,0
44457,"[17180, 7]",52,0,0,0
44458,"[17180, 8]",49,158,64,0
44459,"[17180, 9]",48,158,64,0
44460,"[17180, 10]",47,0,0,0
44461,"[17180, 11]",136,156,64,0
44462,"[17180, 12]",113,41,18,0
44463,"[17180, 13]",112,158,64,0
44464,"[17180, 14]",94,158,64,0
44465,"[17180, 15]",93,0,0,0
44466,"[17180, 16]",316,156,64,0
44467,"[17181, 0]",1,0,0,0
44468,"[17181, 1]",2,158,64,0
44469,"[17182, 0]",1,158,64,0
44470,"[17183, 0]",1,0,0,0
44471,"[17183, 1]",4,41,18,0
44472,"[17183, 2]",3,0,0,0
44473,"[17183, 3]",25,0,0,0
44474,"[17183, 4]",24,158,64,0
44475,"[17183, 5]",59,156,64,0
44476,"[17184, 0]",1,158,64,0
44477,"[17185, 0]",1,0,0,0
44478,"[17186, 0]",1,156,64,0
44479,"[17187, 0]",1,2,1,1
44480,"[17188, 0]",1,158,64,1
44481,"[17189, 0]",1,156,64,0
44482,"[17190, 0]",1,57,26,0
44483,"[17191, 0]",1,158,64,0
44484,"[17192, 0]",1,41,18,0
44485,"[17193, 0]",1,0,0,0
44486,"[17193, 1]",2,2,1,-1
44487,"[17194, 0]",1,59,28,0
44488,"[17195, 0]",1,0,0,0
44489,"[17195, 1]",2,0,0,0
44490,"[17195, 2]",32,41,18,0
44491,"[17196, 0]",1,0,0,0
44492,"[17196, 1]",2,57,26,0
44493,"[17197, 0]",1,0,0,0
44494,"[17197, 1]",2,156,64,0
44495,"[17198, 0]",1,0,0,0
44496,"[17198, 1]",2,57,26,0
44497,"[17199, 0]",1,158,64,0
44498,"[17200, 0]",1,0,0,0
44499,"[17200, 1]",4,158,64,0
44500,"[17200, 2]",2,0,0,0
44501,"[17200, 3]",21,0,0,0
44502,"[17200, 4]",20,158,64,0
44503,"[17200, 5]",19,0,0,0
44504,"[17200, 6]",69,41,18,1
44505,"[17200, 7]",68,0,0,1
44506,"[17200, 8]",59,51,24,0
44507,"[17200, 9]",145,0,0,0
44508,"[17200, 10]",144,41,18,0
44509,"[17200, 11]",222,59,28,2
44510,"[17201, 0]",1,41,18,0
44511,"[17202, 0]",1,2,1,0
44512,"[17203, 0]",1,158,64,0
44513,"[17204, 0]",1,57,26,1
44514,"[17205, 0]",1,41,18,0
44515,"[17206, 0]",1,41,18,0
44516,"[17207, 0]",1,158,64,0
44517,"[17208, 0]",1,57,26,0
44518,"[17209, 0]",1,0,0,0
44519,"[17209, 1]",2,158,64,0
44520,"[17210, 0]",1,57,26,0
44521,"[17211, 0]",1,0,0,0
44522,"[17211, 1]",2,0,0,-1
44523,"[17211, 2]",26,0,0,-1
44524,"[17211, 3]",36,158,64,2
44525,"[17212, 0]",1,41,18,1
44526,"[17213, 0]",1,156,64,0
44527,"[17214, 0]",1,0,0,0
44528,"[17214, 1]",2,156,64,0
44529,"[17215, 0]",1,158,64,0
44530,"[17216, 0]",1,57,26,0
44531,"[17217, 0]",1,158,64,0
44532,"[17218, 0]",1,2,1,0
44533,"[17219, 0]",1,41,18,0
44534,"[17220, 0]",1,158,64,0
44535,"[17221, 0]",1,0,0,0
44536,"[17221, 1]",2,57,26,0
44537,"[17222, 0]",1,0,0,0
44538,"[17222, 1]",2,41,18,0
44539,"[17223, 0]",1,57,26,0
44540,"[17224, 0]",1,0,0,0
44541,"[17224, 1]",2,0,0,0
44542,"[17224, 2]",25,156,64,0
44543,"[17225, 0]",1,0,0,0
44544,"[17225, 1]",3,0,0,0
44545,"[17225, 2]",2,0,0,0
44546,"[17225, 3]",42,158,64,-1
44547,"[17225, 4]",41,156,64,-1
44548,"[17225, 5]",35,158,64,0
44549,"[17226, 0]",1,2,1,0
44550,"[17227, 0]",1,0,0,0
44551,"[17227, 1]",2,158,64,0
44552,"[17228, 0]",1,59,28,0
44553,"[17229, 0]",1,57,26,0
44554,"[17230, 0]",1,158,64,0
44555,"[17231, 0]",1,55,26,0
44556,"[17232, 0]",1,0,0,0
44557,"[17232, 1]",2,158,64,0
44558,"[17233, 0]",1,158,64,0
44559,"[17234, 0]",1,0,0,0
44560,"[17234, 1]",2,0,0,0
44561,"[17234, 2]",21,0,0,0
44562,"[17234, 3]",36,158,64,1
44563,"[17235, 0]",1,0,0,0
44564,"[17235, 1]",2,41,18,0
44565,"[17236, 0]",1,156,64,0
44566,"[17237, 0]",1,2,1,0
44567,"[17238, 0]",1,0,0,0
44568,"[17238, 1]",2,61,28,0
44569,"[17239, 0]",1,41,18,0
44570,"[17240, 0]",1,57,26,0
44571,"[17241, 0]",1,0,0,0
44572,"[17241, 1]",2,54,24,0
44573,"[17242, 0]",1,0,0,0
44574,"[17242, 1]",2,0,0,0
44575,"[17242, 2]",24,41,18,0
44576,"[17243, 0]",1,0,0,0
44577,"[17243, 1]",2,41,18,0
44578,"[17244, 0]",1,0,0,0
44579,"[17244, 1]",7,57,26,0
44580,"[17244, 2]",5,0,0,0
44581,"[17244, 3]",4,0,0,0
44582,"[17244, 4]",40,158,64,1
44583,"[17244, 5]",37,158,64,0
44584,"[17245, 0]",1,0,0,0
44585,"[17245, 1]",2,158,64,-1
44586,"[17246, 0]",1,0,0,0
44587,"[17246, 1]",2,41,18,0
44588,"[17247, 0]",1,0,0,0
44589,"[17247, 1]",5,57,26,0
44590,"[17247, 2]",3,57,26,0
44591,"[17247, 3]",2,0,0,0
44592,"[17247, 4]",29,158,64,0
44593,"[17248, 0]",1,0,0,0
44594,"[17248, 1]",2,158,64,0
44595,"[17249, 0]",1,0,0,0
44596,"[17249, 1]",2,158,64,0
44597,"[17250, 0]",1,41,18,0
44598,"[17251, 0]",1,158,64,0
44599,"[17252, 0]",1,156,64,0
44600,"[17253, 0]",1,0,0,0
44601,"[17253, 1]",5,41,18,0
44602,"[17253, 2]",4,158,64,0
44603,"[17253, 3]",3,0,0,0
44604,"[17253, 4]",2,0,0,0
44605,"[17253, 5]",35,51,24,0
44606,"[17253, 6]",34,158,64,0
44607,"[17253, 7]",31,57,26,0
44608,"[17254, 0]",1,0,0,0
44609,"[17254, 1]",2,156,64,0
44610,"[17255, 0]",1,61,28,0
44611,"[17256, 0]",1,158,64,0
44612,"[17257, 0]",1,41,18,0
44613,"[17258, 0]",1,0,0,0
44614,"[17258, 1]",2,156,64,0
44615,"[17259, 0]",1,158,64,0
44616,"[17260, 0]",1,158,64,0
44617,"[17261, 0]",1,158,64,0
44618,"[17262, 0]",1,0,0,0
44619,"[17262, 1]",2,0,0,0
44620,"[17262, 2]",13,0,0,0
44621,"[17262, 3]",27,156,64,0
44622,"[17263, 0]",1,0,0,0
44623,"[17263, 1]",2,0,0,0
44624,"[17263, 2]",21,41,18,0
44625,"[17264, 0]",1,0,0,0
44626,"[17264, 1]",2,0,0,0
44627,"[17264, 2]",18,41,18,0
44628,"[17265, 0]",1,41,18,0
44629,"[17266, 0]",1,0,0,0
44630,"[17266, 1]",6,156,64,0
44631,"[17266, 2]",3,0,0,0
44632,"[17266, 3]",2,0,0,0
44633,"[17266, 4]",50,0,0,0
44634,"[17266, 5]",49,0,0,0
44635,"[17266, 6]",47,0,0,0
44636,"[17266, 7]",43,0,0,0
44637,"[17266, 8]",97,57,26,0
44638,"[17266, 9]",83,41,18,0
44639,"[17266, 10]",81,0,0,0
44640,"[17266, 11]",68,158,64,0
44641,"[17266, 12]",62,41,18,0
44642,"[17266, 13]",242,158,64,0
44643,"[17267, 0]",1,0,0,0
44644,"[17267, 1]",2,41,18,0
44645,"[17268, 0]",1,0,0,0
44646,"[17268, 1]",6,0,0,0
44647,"[17268, 2]",5,0,0,0
44648,"[17268, 3]",4,41,18,0
44649,"[17268, 4]",2,0,0,0
44650,"[17268, 5]",47,158,64,0
44651,"[17268, 6]",44,156,64,0
44652,"[17268, 7]",43,0,0,0
44653,"[17268, 8]",36,41,18,0
44654,"[17268, 9]",33,0,0,0
44655,"[17268, 10]",147,2,1,-1
44656,"[17268, 11]",91,0,0,0
44657,"[17268, 12]",90,158,64,0
44658,"[17268, 13]",239,158,64,0
44659,"[17269, 0]",1,158,64,0
44660,"[17270, 0]",1,0,0,0
44661,"[17270, 1]",2,0,0,0
44662,"[17270, 2]",46,0,0,0
44663,"[17270, 3]",45,0,0,0
44664,"[17270, 4]",90,158,64,0
44665,"[17270, 5]",86,158,64,0
44666,"[17271, 0]",1,158,64,0
44667,"[17272, 0]",1,41,18,0
44668,"[17273, 0]",1,0,0,0
44669,"[17273, 1]",4,158,64,0
44670,"[17273, 2]",3,0,0,0
44671,"[17273, 3]",40,2,1,0
44672,"[17274, 0]",1,158,64,0
44673,"[17275, 0]",1,0,0,0
44674,"[17275, 1]",2,158,64,0
44675,"[17276, 0]",1,0,0,0
44676,"[17276, 1]",5,0,0,0
44677,"[17276, 2]",3,0,0,0
44678,"[17276, 3]",52,158,64,0
44679,"[17276, 4]",51,0,0,0
44680,"[17276, 5]",36,0,0,0
44681,"[17276, 6]",78,158,64,0
44682,"[17276, 7]",64,0,0,0
44683,"[17276, 8]",62,0,0,0
44684,"[17276, 9]",61,0,0,0
44685,"[17276, 10]",60,0,0,0
44686,"[17276, 11]",154,0,0,0
44687,"[17276, 12]",148,158,64,0
44688,"[17276, 13]",143,2,1,0
44689,"[17276, 14]",129,156,64,-1
44690,"[17276, 15]",214,0,0,-1
44691,"[17276, 16]",579,156,64,1
44692,"[17277, 0]",1,158,64,0
44693,"[17278, 0]",1,41,18,0
44694,"[17279, 0]",1,41,18,0
44695,"[17280, 0]",1,0,0,0
44696,"[17280, 1]",2,158,64,0
44697,"[17281, 0]",1,0,0,0
44698,"[17281, 1]",2,0,0,0
44699,"[17281, 2]",46,158,64,0
44700,"[17282, 0]",1,0,0,0
44701,"[17282, 1]",2,57,26,-1
44702,"[17283, 0]",1,158,64,0
44703,"[17284, 0]",1,57,26,0
44704,"[17285, 0]",1,41,18,0
44705,"[17286, 0]",1,41,18,0
44706,"[17287, 0]",1,57,26,0
44707,"[17288, 0]",1,0,0,0
44708,"[17288, 1]",2,158,64,0
44709,"[17289, 0]",1,0,0,0
44710,"[17289, 1]",2,158,64,0
44711,"[17290, 0]",1,0,0,0
44712,"[17290, 1]",2,2,1,0
44713,"[17291, 0]",1,0,0,0
44714,"[17291, 1]",2,0,0,0
44715,"[17291, 2]",43,156,64,0
44716,"[17291, 3]",42,0,0,0
44717,"[17291, 4]",64,158,64,0
44718,"[17292, 0]",1,2,1,0
44719,"[17293, 0]",1,156,64,0
44720,"[17294, 0]",1,57,26,0
44721,"[17295, 0]",1,0,0,0
44722,"[17295, 1]",2,2,1,0
44723,"[17296, 0]",1,0,0,0
44724,"[17296, 1]",4,0,0,0
44725,"[17296, 2]",3,0,0,0
44726,"[17296, 3]",2,0,0,0
44727,"[17296, 4]",36,158,64,0
44728,"[17296, 5]",32,0,0,0
44729,"[17296, 6]",27,41,18,0
44730,"[17296, 7]",103,41,18,0
44731,"[17297, 0]",1,158,64,0
44732,"[17298, 0]",1,0,0,0
44733,"[17298, 1]",2,0,0,0
44734,"[17298, 2]",24,57,26,0
44735,"[17299, 0]",1,0,0,0
44736,"[17299, 1]",2,41,18,0
44737,"[17300, 0]",1,41,18,0
44738,"[17301, 0]",1,2,1,0
44739,"[17302, 0]",1,41,18,0
44740,"[17303, 0]",1,0,0,0
44741,"[17303, 1]",2,0,0,0
44742,"[17303, 2]",16,37,18,4
44743,"[17304, 0]",1,158,64,0
44744,"[17305, 0]",1,41,18,0
44745,"[17306, 0]",1,0,0,0
44746,"[17306, 1]",2,57,26,0
44747,"[17307, 0]",1,158,64,0
44748,"[17308, 0]",1,0,0,0
44749,"[17308, 1]",7,158,64,0
44750,"[17308, 2]",5,0,0,0
44751,"[17308, 3]",2,0,0,0
44752,"[17308, 4]",58,57,26,0
44753,"[17308, 5]",46,158,64,0
44754,"[17309, 0]",1,156,64,0
44755,"[17310, 0]",1,156,64,0
44756,"[17311, 0]",1,0,0,0
44757,"[17311, 1]",2,0,0,0
44758,"[17311, 2]",16,158,64,4
44759,"[17312, 0]",1,0,0,0
44760,"[17312, 1]",2,0,0,2
44761,"[17312, 2]",17,158,64,-1
44762,"[17313, 0]",1,156,64,0
44763,"[17314, 0]",1,0,0,0
44764,"[17314, 1]",2,41,18,0
44765,"[17315, 0]",1,0,0,0
44766,"[17315, 1]",3,0,0,0
44767,"[17315, 2]",42,158,64,0
44768,"[17316, 0]",1,158,64,0
44769,"[17317, 0]",1,0,0,0
44770,"[17317, 1]",2,158,64,3
44771,"[17318, 0]",1,41,18,0
44772,"[17319, 0]",1,156,64,0
44773,"[17320, 0]",1,0,0,0
44774,"[17320, 1]",2,41,18,0
44775,"[17321, 0]",1,0,0,0
44776,"[17321, 1]",2,57,26,0
44777,"[17322, 0]",1,0,0,0
44778,"[17322, 1]",2,57,26,0
44779,"[17323, 0]",1,0,0,0
44780,"[17323, 1]",2,158,64,-1
44781,"[17324, 0]",1,0,0,0
44782,"[17324, 1]",2,0,0,0
44783,"[17324, 2]",15,158,64,0
44784,"[17325, 0]",1,158,64,0
44785,"[17326, 0]",1,0,0,0
44786,"[17326, 1]",2,0,0,0
44787,"[17326, 2]",33,41,18,0
44788,"[17326, 3]",32,2,1,0
44789,"[17326, 4]",31,158,64,0
44790,"[17327, 0]",1,41,18,0
44791,"[17328, 0]",1,158,64,0
44792,"[17329, 0]",1,156,64,0
44793,"[17330, 0]",1,57,26,0
44794,"[17331, 0]",1,0,0,0
44795,"[17331, 1]",2,2,1,2
44796,"[17332, 0]",1,0,0,0
44797,"[17332, 1]",5,0,0,0
44798,"[17332, 2]",4,0,0,0
44799,"[17332, 3]",3,0,0,0
44800,"[17332, 4]",2,0,0,0
44801,"[17332, 5]",60,158,64,0
44802,"[17332, 6]",59,0,0,0
44803,"[17332, 7]",56,0,0,0
44804,"[17332, 8]",49,0,0,0
44805,"[17332, 9]",46,41,18,0
44806,"[17332, 10]",151,41,18,10
44807,"[17332, 11]",108,158,64,0
44808,"[17332, 12]",90,0,0,0
44809,"[17332, 13]",302,0,0,0
44810,"[17332, 14]",414,158,64,0
44811,"[17333, 0]",1,57,26,0
44812,"[17334, 0]",1,0,0,0
44813,"[17334, 1]",2,158,64,-1
44814,"[17335, 0]",1,0,0,0
44815,"[17335, 1]",4,0,0,0
44816,"[17335, 2]",2,0,0,0
44817,"[17335, 3]",22,0,0,0
44818,"[17335, 4]",9,158,64,9
44819,"[17335, 5]",42,0,0,0
44820,"[17335, 6]",89,158,64,0
44821,"[17336, 0]",1,0,0,0
44822,"[17336, 1]",2,41,18,0
44823,"[17337, 0]",1,0,0,0
44824,"[17337, 1]",2,158,64,-1
44825,"[17338, 0]",1,0,0,0
44826,"[17338, 1]",2,57,26,0
44827,"[17339, 0]",1,0,0,0
44828,"[17339, 1]",2,0,0,0
44829,"[17339, 2]",38,57,26,0
44830,"[17340, 0]",1,0,0,0
44831,"[17340, 1]",2,41,18,0
44832,"[17341, 0]",1,158,64,0
44833,"[17342, 0]",1,0,0,0
44834,"[17342, 1]",2,158,64,15
44835,"[17343, 0]",1,41,18,0
44836,"[17344, 0]",1,158,64,0
44837,"[17345, 0]",1,158,64,0
44838,"[17346, 0]",1,0,0,0
44839,"[17346, 1]",2,0,0,0
44840,"[17346, 2]",25,2,1,0
44841,"[17347, 0]",1,2,1,0
44842,"[17348, 0]",1,0,0,1
44843,"[17348, 1]",2,0,0,0
44844,"[17348, 2]",56,158,64,0
44845,"[17348, 3]",52,0,0,0
44846,"[17348, 4]",51,0,0,0
44847,"[17348, 5]",101,0,0,0
44848,"[17348, 6]",97,0,0,1
44849,"[17348, 7]",150,158,64,5
44850,"[17348, 8]",129,158,64,0
44851,"[17349, 0]",1,158,64,0
44852,"[17350, 0]",1,158,64,0
44853,"[17351, 0]",1,158,64,0
44854,"[17352, 0]",1,0,0,0
44855,"[17352, 1]",2,158,64,0
44856,"[17353, 0]",1,0,0,0
44857,"[17353, 1]",2,0,0,0
44858,"[17353, 2]",23,41,18,0
44859,"[17354, 0]",1,41,18,0
44860,"[17355, 0]",1,41,18,0
44861,"[17356, 0]",1,0,0,0
44862,"[17356, 1]",2,0,0,0
44863,"[17356, 2]",28,158,64,0
44864,"[17357, 0]",1,156,64,0
44865,"[17358, 0]",1,0,0,0
44866,"[17358, 1]",2,57,26,0
44867,"[17359, 0]",1,0,0,0
44868,"[17359, 1]",2,0,0,0
44869,"[17359, 2]",21,55,26,0
44870,"[17360, 0]",1,0,0,1
44871,"[17360, 1]",5,57,26,2
44872,"[17360, 2]",3,0,0,-1
44873,"[17360, 3]",27,156,64,-1
44874,"[17361, 0]",1,158,64,0
44875,"[17362, 0]",1,158,64,0
44876,"[17363, 0]",1,158,64,0
44877,"[17364, 0]",1,0,0,0
44878,"[17364, 1]",2,57,26,0
44879,"[17365, 0]",1,0,0,0
44880,"[17365, 1]",3,0,0,0
44881,"[17365, 2]",2,0,0,0
44882,"[17365, 3]",57,158,64,-1
44883,"[17365, 4]",56,0,0,-1
44884,"[17365, 5]",55,158,64,-1
44885,"[17365, 6]",50,0,0,0
44886,"[17365, 7]",124,41,18,0
44887,"[17365, 8]",122,2,1,0
44888,"[17365, 9]",121,0,0,0
44889,"[17365, 10]",79,158,64,-1
44890,"[17365, 11]",77,0,0,-1
44891,"[17365, 12]",143,0,0,0
44892,"[17365, 13]",411,0,0,0
44893,"[17365, 14]",468,158,64,0
44894,"[17366, 0]",1,61,28,0
44895,"[17367, 0]",1,0,0,0
44896,"[17367, 1]",2,0,0,0
44897,"[17367, 2]",60,0,0,-1
44898,"[17367, 3]",95,158,64,-1
44899,"[17368, 0]",1,0,0,0
44900,"[17368, 1]",2,158,64,0
44901,"[17369, 0]",1,158,64,0
44902,"[17370, 0]",1,41,18,0
44903,"[17371, 0]",1,41,18,0
44904,"[17372, 0]",1,0,0,0
44905,"[17372, 1]",2,41,18,0
44906,"[17373, 0]",1,0,0,0
44907,"[17373, 1]",2,0,0,0
44908,"[17373, 2]",60,156,64,0
44909,"[17374, 0]",1,158,64,0
44910,"[17375, 0]",1,0,0,1
44911,"[17375, 1]",8,0,0,0
44912,"[17375, 2]",4,0,0,0
44913,"[17375, 3]",3,0,0,0
44914,"[17375, 4]",2,0,0,0
44915,"[17375, 5]",56,53,24,0
44916,"[17375, 6]",55,0,0,0
44917,"[17375, 7]",47,0,0,0
44918,"[17375, 8]",38,156,64,0
44919,"[17375, 9]",20,156,64,0
44920,"[17375, 10]",139,2,1,0
44921,"[17375, 11]",94,0,0,0
44922,"[17375, 12]",447,158,64,1
44923,"[17376, 0]",1,2,1,0
44924,"[17377, 0]",1,57,26,0
44925,"[17378, 0]",1,158,64,0
44926,"[17379, 0]",1,0,0,0
44927,"[17379, 1]",2,0,0,0
44928,"[17379, 2]",15,0,0,-1
44929,"[17379, 3]",30,158,64,1
44930,"[17380, 0]",1,2,1,0
44931,"[17381, 0]",1,41,18,0
44932,"[17382, 0]",1,41,18,0
44933,"[17383, 0]",1,0,0,0
44934,"[17383, 1]",2,0,0,0
44935,"[17383, 2]",68,158,64,0
44936,"[17384, 0]",1,0,0,0
44937,"[17384, 1]",3,0,0,0
44938,"[17384, 2]",2,0,0,0
44939,"[17384, 3]",26,158,64,0
44940,"[17384, 4]",21,156,64,0
44941,"[17385, 0]",1,158,64,0
44942,"[17386, 0]",1,55,26,0
44943,"[17387, 0]",1,0,0,0
44944,"[17387, 1]",3,0,0,0
44945,"[17387, 2]",2,0,0,0
44946,"[17387, 3]",44,158,64,0
44947,"[17387, 4]",42,0,0,0
44948,"[17387, 5]",41,0,0,0
44949,"[17387, 6]",36,0,0,0
44950,"[17387, 7]",33,0,0,0
44951,"[17387, 8]",32,0,0,0
44952,"[17387, 9]",97,0,0,0
44953,"[17387, 10]",94,0,0,0
44954,"[17387, 11]",92,0,0,0
44955,"[17387, 12]",88,158,64,0
44956,"[17387, 13]",87,158,64,0
44957,"[17387, 14]",76,158,64,0
44958,"[17387, 15]",74,41,18,0
44959,"[17387, 16]",72,0,0,0
44960,"[17387, 17]",71,0,0,0
44961,"[17387, 18]",66,158,64,0
44962,"[17387, 19]",65,2,1,0
44963,"[17387, 20]",64,0,0,0
44964,"[17387, 21]",279,41,18,0
44965,"[17387, 22]",250,0,0,0
44966,"[17387, 23]",249,0,0,0
44967,"[17387, 24]",245,41,18,0
44968,"[17387, 25]",244,41,18,0
44969,"[17387, 26]",166,158,64,0
44970,"[17387, 27]",148,0,0,0
44971,"[17387, 28]",136,41,18,0
44972,"[17387, 29]",134,158,64,0
44973,"[17387, 30]",133,158,64,0
44974,"[17387, 31]",753,158,64,0
44975,"[17387, 32]",430,41,18,0
44976,"[17387, 33]",427,37,18,0
44977,"[17388, 0]",1,0,0,0
44978,"[17388, 1]",2,156,64,0
44979,"[17389, 0]",1,0,0,0
44980,"[17389, 1]",2,0,0,0
44981,"[17389, 2]",35,158,64,0
44982,"[17390, 0]",1,158,64,0
44983,"[17391, 0]",1,41,18,0
44984,"[17392, 0]",1,57,26,0
44985,"[17393, 0]",1,0,0,0
44986,"[17393, 1]",2,158,64,0
44987,"[17394, 0]",1,41,18,0
44988,"[17395, 0]",1,158,64,0
44989,"[17396, 0]",1,41,18,0
44990,"[17397, 0]",1,0,0,0
44991,"[17397, 1]",2,0,0,0
44992,"[17397, 2]",22,0,0,0
44993,"[17397, 3]",36,158,64,0
44994,"[17398, 0]",1,0,0,0
44995,"[17398, 1]",2,158,64,0
44996,"[17399, 0]",1,41,18,0
44997,"[17400, 0]",1,158,64,0
44998,"[17401, 0]",1,41,18,0
44999,"[17402, 0]",1,0,0,0
45000,"[17402, 1]",2,158,64,0
45001,"[17403, 0]",1,0,0,0
45002,"[17403, 1]",2,41,18,0
45003,"[17404, 0]",1,0,0,0
45004,"[17404, 1]",4,158,64,1
45005,"[17404, 2]",2,0,0,-1
45006,"[17404, 3]",55,0,0,2
45007,"[17404, 4]",97,158,64,1
45008,"[17405, 0]",1,158,64,0
45009,"[17406, 0]",1,0,0,0
45010,"[17406, 1]",2,0,0,0
45011,"[17406, 2]",25,158,64,0
45012,"[17407, 0]",1,0,0,0
45013,"[17407, 1]",6,158,64,0
45014,"[17407, 2]",5,41,18,0
45015,"[17407, 3]",2,0,0,0
45016,"[17407, 4]",38,0,0,0
45017,"[17407, 5]",37,41,18,0
45018,"[17407, 6]",43,156,64,0
45019,"[17408, 0]",1,41,18,0
45020,"[17409, 0]",1,0,0,0
45021,"[17409, 1]",4,158,64,0
45022,"[17409, 2]",3,158,64,0
45023,"[17409, 3]",2,0,0,0
45024,"[17409, 4]",24,158,64,0
45025,"[17410, 0]",1,0,0,0
45026,"[17410, 1]",2,0,0,0
45027,"[17410, 2]",31,158,64,0
45028,"[17411, 0]",1,0,0,1
45029,"[17411, 1]",2,158,64,0
45030,"[17412, 0]",1,57,26,1
45031,"[17413, 0]",1,2,1,0
45032,"[17414, 0]",1,158,64,0
45033,"[17415, 0]",1,156,64,0
45034,"[17416, 0]",1,0,0,0
45035,"[17416, 1]",2,0,0,-1
45036,"[17417, 0]",1,41,18,0
45037,"[17418, 0]",1,156,64,1
45038,"[17419, 0]",1,158,64,0
45039,"[17420, 0]",1,158,64,0
45040,"[17421, 0]",1,57,26,0
45041,"[17422, 0]",1,41,18,0
45042,"[17423, 0]",1,0,0,0
45043,"[17423, 1]",6,53,24,0
45044,"[17423, 2]",3,0,0,0
45045,"[17423, 3]",2,0,0,0
45046,"[17423, 4]",45,2,1,0
45047,"[17423, 5]",39,156,64,-1
45048,"[17424, 0]",1,0,0,0
45049,"[17424, 1]",2,158,64,0
45050,"[17425, 0]",1,41,18,0
45051,"[17426, 0]",1,0,0,0
45052,"[17426, 1]",2,156,64,0
45053,"[17427, 0]",1,158,64,0
45054,"[17428, 0]",1,156,64,0
45055,"[17429, 0]",1,158,64,0
45056,"[17430, 0]",1,2,1,0
45057,"[17431, 0]",1,158,64,0
45058,"[17432, 0]",1,0,0,0
45059,"[17432, 1]",6,2,1,0
45060,"[17432, 2]",4,0,0,0
45061,"[17432, 3]",2,0,0,0
45062,"[17432, 4]",26,0,0,0
45063,"[17432, 5]",21,41,18,0
45064,"[17432, 6]",63,0,0,0
45065,"[17432, 7]",205,41,18,0
45066,"[17433, 0]",1,158,64,0
45067,"[17434, 0]",1,0,0,0
45068,"[17434, 1]",2,0,0,0
45069,"[17434, 2]",16,158,64,0
45070,"[17435, 0]",1,0,0,0
45071,"[17435, 1]",2,41,18,0
45072,"[17436, 0]",1,2,1,0
45073,"[17437, 0]",1,41,18,0
45074,"[17438, 0]",1,0,0,0
45075,"[17438, 1]",2,41,18,0
45076,"[17439, 0]",1,57,26,0
45077,"[17440, 0]",1,158,64,0
45078,"[17441, 0]",1,158,64,0
45079,"[17442, 0]",1,0,0,0
45080,"[17442, 1]",2,0,0,0
45081,"[17442, 2]",21,158,64,0
45082,"[17443, 0]",1,0,0,0
45083,"[17443, 1]",2,158,64,0
45084,"[17444, 0]",1,158,64,1
45085,"[17445, 0]",1,0,0,0
45086,"[17445, 1]",2,158,64,-1
45087,"[17446, 0]",1,0,0,0
45088,"[17446, 1]",2,158,64,0
45089,"[17447, 0]",1,0,0,0
45090,"[17447, 1]",2,158,64,0
45091,"[17448, 0]",1,0,0,1
45092,"[17448, 1]",2,156,64,0
45093,"[17449, 0]",1,0,0,0
45094,"[17449, 1]",2,57,26,0
45095,"[17450, 0]",1,0,0,0
45096,"[17450, 1]",2,0,0,0
45097,"[17450, 2]",75,41,18,0
45098,"[17451, 0]",1,0,0,0
45099,"[17451, 1]",2,158,64,0
45100,"[17452, 0]",1,0,0,0
45101,"[17452, 1]",2,156,64,0
45102,"[17453, 0]",1,158,64,0
45103,"[17454, 0]",1,2,1,0
45104,"[17455, 0]",1,41,18,0
45105,"[17456, 0]",1,0,0,0
45106,"[17456, 1]",2,156,64,0
45107,"[17457, 0]",1,64,29,0
45108,"[17458, 0]",1,0,0,0
45109,"[17458, 1]",2,0,0,0
45110,"[17458, 2]",30,59,28,0
45111,"[17459, 0]",1,0,0,0
45112,"[17459, 1]",2,158,64,0
45113,"[17460, 0]",1,156,64,0
45114,"[17461, 0]",1,41,18,0
45115,"[17462, 0]",1,41,18,0
45116,"[17463, 0]",1,0,0,0
45117,"[17463, 1]",2,41,18,0
45118,"[17464, 0]",1,158,64,0
45119,"[17465, 0]",1,2,1,0
45120,"[17466, 0]",1,0,0,0
45121,"[17466, 1]",2,2,1,0
45122,"[17467, 0]",1,158,64,0
45123,"[17468, 0]",1,158,64,0
45124,"[17469, 0]",1,158,64,0
45125,"[17470, 0]",1,158,64,0
45126,"[17471, 0]",1,0,0,0
45127,"[17471, 1]",2,0,0,-1
45128,"[17471, 2]",13,2,1,3
45129,"[17472, 0]",1,41,18,0
45130,"[17473, 0]",1,158,64,0
45131,"[17474, 0]",1,0,0,0
45132,"[17474, 1]",2,158,64,0
45133,"[17475, 0]",1,158,64,0
45134,"[17476, 0]",1,41,18,0
45135,"[17477, 0]",1,0,0,0
45136,"[17477, 1]",2,158,64,0
45137,"[17478, 0]",1,0,0,0
45138,"[17478, 1]",2,57,26,1
45139,"[17479, 0]",1,41,18,0
45140,"[17480, 0]",1,156,64,0
45141,"[17481, 0]",1,57,26,0
45142,"[17482, 0]",1,0,0,0
45143,"[17482, 1]",2,57,26,0
45144,"[17483, 0]",1,0,0,0
45145,"[17483, 1]",3,158,64,0
45146,"[17483, 2]",2,59,28,0
45147,"[17484, 0]",1,57,26,0
45148,"[17485, 0]",1,0,0,0
45149,"[17485, 1]",20,2,1,-1
45150,"[17485, 2]",19,0,0,-1
45151,"[17485, 3]",18,2,1,1
45152,"[17485, 4]",16,0,0,-1
45153,"[17485, 5]",15,0,0,-1
45154,"[17485, 6]",14,0,0,1
45155,"[17485, 7]",10,0,0,-1
45156,"[17485, 8]",9,0,0,-1
45157,"[17485, 9]",8,0,0,-1
45158,"[17485, 10]",6,0,0,-1
45159,"[17485, 11]",2,0,0,-1
45160,"[17485, 12]",72,0,0,-1
45161,"[17485, 13]",70,0,0,-1
45162,"[17485, 14]",67,0,0,-1
45163,"[17485, 15]",60,0,0,-1
45164,"[17485, 16]",49,77,32,9
45165,"[17485, 17]",44,158,64,0
45166,"[17485, 18]",41,0,0,-1
45167,"[17485, 19]",38,0,0,-1
45168,"[17485, 20]",334,2,1,-1
45169,"[17485, 21]",325,158,64,-1
45170,"[17485, 22]",206,0,0,-1
45171,"[17485, 23]",138,0,0,1
45172,"[17485, 24]",98,2,1,2
45173,"[17485, 25]",83,2,1,-1
45174,"[17485, 26]",82,0,0,-1
45175,"[17485, 27]",646,0,0,-1
45176,"[17485, 28]",574,158,64,0
45177,"[17485, 29]",505,158,64,6
45178,"[17485, 30]",689,2,1,-1
45179,"[17486, 0]",1,0,0,0
45180,"[17486, 1]",2,41,18,1
45181,"[17487, 0]",1,51,24,0
45182,"[17488, 0]",1,156,64,0
45183,"[17489, 0]",1,0,0,0
45184,"[17489, 1]",2,0,0,0
45185,"[17489, 2]",14,57,26,0
45186,"[17490, 0]",1,57,26,0
45187,"[17491, 0]",1,158,64,1
45188,"[17492, 0]",1,0,0,0
45189,"[17492, 1]",2,51,24,0
45190,"[17493, 0]",1,0,0,0
45191,"[17493, 1]",2,59,28,0
45192,"[17494, 0]",1,0,0,0
45193,"[17494, 1]",2,158,64,0
45194,"[17495, 0]",1,57,26,0
45195,"[17496, 0]",1,0,0,0
45196,"[17496, 1]",2,2,1,0
45197,"[17497, 0]",1,41,18,0
45198,"[17498, 0]",1,0,0,0
45199,"[17498, 1]",2,0,0,-1
45200,"[17498, 2]",17,0,0,4
45201,"[17498, 3]",35,156,64,-1
45202,"[17499, 0]",1,0,0,0
45203,"[17499, 1]",2,156,64,10
45204,"[17500, 0]",1,0,0,0
45205,"[17500, 1]",3,0,0,0
45206,"[17500, 2]",2,41,18,0
45207,"[17500, 3]",28,41,18,0
45208,"[17501, 0]",1,57,26,0
45209,"[17502, 0]",1,0,0,0
45210,"[17502, 1]",6,0,0,-1
45211,"[17502, 2]",5,41,18,2
45212,"[17502, 3]",26,158,64,1
45213,"[17503, 0]",1,0,0,0
45214,"[17503, 1]",2,0,0,0
45215,"[17503, 2]",66,158,64,0
45216,"[17504, 0]",1,57,26,0
45217,"[17505, 0]",1,0,0,0
45218,"[17505, 1]",2,57,26,9
45219,"[17506, 0]",1,158,64,0
45220,"[17507, 0]",1,0,0,0
45221,"[17507, 1]",2,158,64,0
45222,"[17508, 0]",1,0,0,0
45223,"[17508, 1]",5,158,64,0
45224,"[17508, 2]",3,0,0,0
45225,"[17508, 3]",2,0,0,0
45226,"[17508, 4]",26,0,0,0
45227,"[17508, 5]",23,158,64,0
45228,"[17508, 6]",65,158,64,-1
45229,"[17509, 0]",1,0,0,0
45230,"[17509, 1]",2,0,0,0
45231,"[17509, 2]",29,41,18,0
45232,"[17509, 3]",27,0,0,0
45233,"[17510, 0]",1,158,64,0
45234,"[17511, 0]",1,2,1,0
45235,"[17512, 0]",1,41,18,0
45236,"[17513, 0]",1,158,64,0
45237,"[17514, 0]",1,0,0,0
45238,"[17514, 1]",2,156,64,0
45239,"[17515, 0]",1,2,1,1
45240,"[17516, 0]",1,158,64,0
45241,"[17517, 0]",1,0,0,0
45242,"[17517, 1]",2,158,64,0
45243,"[17518, 0]",1,0,0,0
45244,"[17518, 1]",2,2,1,0
45245,"[17519, 0]",1,0,0,0
45246,"[17519, 1]",2,57,26,0
45247,"[17520, 0]",1,41,18,1
45248,"[17521, 0]",1,158,64,0
45249,"[17522, 0]",1,156,64,0
45250,"[17523, 0]",1,41,18,0
45251,"[17524, 0]",1,0,0,0
45252,"[17524, 1]",2,41,18,0
45253,"[17525, 0]",1,0,0,0
45254,"[17525, 1]",5,41,18,0
45255,"[17525, 2]",3,0,0,0
45256,"[17525, 3]",26,158,64,0
45257,"[17526, 0]",1,57,26,0
45258,"[17527, 0]",1,0,0,0
45259,"[17527, 1]",3,0,0,0
45260,"[17527, 2]",2,41,18,0
45261,"[17527, 3]",8,0,0,-1
45262,"[17527, 4]",54,158,64,-1
45263,"[17528, 0]",1,156,64,0
45264,"[17529, 0]",1,0,0,0
45265,"[17529, 1]",2,158,64,0
45266,"[17530, 0]",1,2,1,0
45267,"[17531, 0]",1,41,18,0
45268,"[17532, 0]",1,0,0,0
45269,"[17532, 1]",2,0,0,0
45270,"[17532, 2]",14,54,24,0
45271,"[17533, 0]",1,158,64,0
45272,"[17534, 0]",1,0,0,0
45273,"[17534, 1]",2,156,64,0
45274,"[17535, 0]",1,41,18,0
45275,"[17536, 0]",1,0,0,0
45276,"[17536, 1]",2,41,18,0
45277,"[17537, 0]",1,41,18,0
45278,"[17538, 0]",1,0,0,0
45279,"[17538, 1]",2,158,64,3
45280,"[17539, 0]",1,0,0,0
45281,"[17539, 1]",2,41,18,0
45282,"[17540, 0]",1,156,64,0
45283,"[17541, 0]",1,0,0,0
45284,"[17541, 1]",2,158,64,-1
45285,"[17542, 0]",1,158,64,0
45286,"[17543, 0]",1,0,0,0
45287,"[17543, 1]",2,156,64,1
45288,"[17544, 0]",1,0,0,0
45289,"[17544, 1]",2,41,18,0
45290,"[17545, 0]",1,0,0,0
45291,"[17545, 1]",2,0,0,0
45292,"[17545, 2]",50,61,28,0
45293,"[17546, 0]",1,0,0,0
45294,"[17546, 1]",2,158,64,0
45295,"[17547, 0]",1,0,0,0
45296,"[17547, 1]",2,156,64,0
45297,"[17548, 0]",1,41,18,0
45298,"[17549, 0]",1,158,64,0
45299,"[17550, 0]",1,156,64,0
45300,"[17551, 0]",1,0,0,0
45301,"[17551, 1]",2,0,0,0
45302,"[17551, 2]",46,158,64,3
45303,"[17552, 0]",1,0,0,1
45304,"[17552, 1]",3,0,0,0
45305,"[17552, 2]",2,0,0,0
45306,"[17552, 3]",37,0,0,0
45307,"[17552, 4]",35,0,0,0
45308,"[17552, 5]",28,0,0,0
45309,"[17552, 6]",119,158,64,3
45310,"[17552, 7]",85,0,0,0
45311,"[17552, 8]",65,158,64,0
45312,"[17552, 9]",166,0,0,0
45313,"[17552, 10]",353,158,64,-1
45314,"[17553, 0]",1,0,0,0
45315,"[17553, 1]",2,41,18,0
45316,"[17554, 0]",1,158,64,0
45317,"[17555, 0]",1,0,0,0
45318,"[17555, 1]",2,57,26,0
45319,"[17556, 0]",1,0,0,0
45320,"[17556, 1]",2,41,18,0
45321,"[17557, 0]",1,158,64,1
45322,"[17558, 0]",1,0,0,0
45323,"[17558, 1]",2,158,64,0
45324,"[17559, 0]",1,158,64,0
45325,"[17560, 0]",1,41,18,0
45326,"[17561, 0]",1,0,0,0
45327,"[17561, 1]",2,57,26,0
45328,"[17562, 0]",1,0,0,0
45329,"[17562, 1]",2,158,64,0
45330,"[17563, 0]",1,156,64,0
45331,"[17564, 0]",1,0,0,0
45332,"[17564, 1]",7,0,0,0
45333,"[17564, 2]",6,0,0,0
45334,"[17564, 3]",3,0,0,0
45335,"[17564, 4]",2,0,0,0
45336,"[17564, 5]",56,158,64,0
45337,"[17564, 6]",55,158,64,0
45338,"[17564, 7]",54,0,0,0
45339,"[17564, 8]",50,0,0,0
45340,"[17564, 9]",49,156,64,0
45341,"[17564, 10]",48,0,0,0
45342,"[17564, 11]",41,2,1,0
45343,"[17564, 12]",38,41,18,0
45344,"[17564, 13]",103,0,0,0
45345,"[17564, 14]",95,41,18,0
45346,"[17564, 15]",73,0,0,0
45347,"[17564, 16]",302,158,64,0
45348,"[17564, 17]",214,158,64,0
45349,"[17565, 0]",1,0,0,0
45350,"[17565, 1]",2,0,0,0
45351,"[17565, 2]",82,158,64,0
45352,"[17566, 0]",1,0,0,0
45353,"[17566, 1]",2,158,64,0
45354,"[17567, 0]",1,2,1,0
45355,"[17568, 0]",1,0,0,0
45356,"[17568, 1]",2,156,64,0
45357,"[17569, 0]",1,41,18,0
45358,"[17570, 0]",1,0,0,0
45359,"[17570, 1]",5,41,18,0
45360,"[17570, 2]",4,0,0,0
45361,"[17570, 3]",2,0,0,0
45362,"[17570, 4]",44,158,64,0
45363,"[17570, 5]",41,0,0,0
45364,"[17570, 6]",33,0,0,0
45365,"[17570, 7]",96,41,18,0
45366,"[17570, 8]",74,158,64,0
45367,"[17570, 9]",73,0,0,0
45368,"[17570, 10]",230,158,64,0
45369,"[17571, 0]",1,0,0,0
45370,"[17571, 1]",2,57,26,5
45371,"[17572, 0]",1,0,0,0
45372,"[17572, 1]",5,0,0,0
45373,"[17572, 2]",4,0,0,0
45374,"[17572, 3]",3,0,0,0
45375,"[17572, 4]",36,158,64,0
45376,"[17572, 5]",32,156,64,0
45377,"[17572, 6]",29,41,18,0
45378,"[17573, 0]",1,0,0,0
45379,"[17573, 1]",5,0,0,0
45380,"[17573, 2]",4,0,0,0
45381,"[17573, 3]",3,0,0,0
45382,"[17573, 4]",16,0,0,0
45383,"[17573, 5]",11,57,26,0
45384,"[17573, 6]",7,158,64,0
45385,"[17573, 7]",33,41,18,0
45386,"[17574, 0]",1,0,0,0
45387,"[17574, 1]",3,158,64,0
45388,"[17574, 2]",2,2,1,0
45389,"[17575, 0]",1,2,1,0
45390,"[17576, 0]",1,0,0,0
45391,"[17576, 1]",2,55,26,0
45392,"[17577, 0]",1,0,0,0
45393,"[17577, 1]",2,41,18,0
45394,"[17578, 0]",1,0,0,0
45395,"[17578, 1]",7,41,18,0
45396,"[17578, 2]",5,0,0,0
45397,"[17578, 3]",4,0,0,0
45398,"[17578, 4]",2,0,0,0
45399,"[17578, 5]",48,55,26,0
45400,"[17578, 6]",32,2,1,0
45401,"[17578, 7]",28,158,64,0
45402,"[17579, 0]",1,0,0,0
45403,"[17579, 1]",2,0,0,0
45404,"[17579, 2]",29,0,0,0
45405,"[17579, 3]",87,0,0,0
45406,"[17579, 4]",86,2,1,0
45407,"[17579, 5]",95,41,18,0
45408,"[17580, 0]",1,0,0,0
45409,"[17580, 1]",6,0,0,0
45410,"[17580, 2]",5,0,0,0
45411,"[17580, 3]",2,0,0,0
45412,"[17580, 4]",47,41,18,0
45413,"[17580, 5]",46,41,18,0
45414,"[17580, 6]",29,0,0,0
45415,"[17580, 7]",25,41,18,0
45416,"[17580, 8]",108,41,18,0
45417,"[17581, 0]",1,0,0,0
45418,"[17581, 1]",2,158,64,2
45419,"[17582, 0]",1,0,0,0
45420,"[17582, 1]",2,158,64,-1
45421,"[17583, 0]",1,57,26,0
45422,"[17584, 0]",1,0,0,0
45423,"[17584, 1]",3,41,18,0
45424,"[17584, 2]",2,158,64,0
45425,"[17585, 0]",1,0,0,0
45426,"[17585, 1]",3,0,0,0
45427,"[17585, 2]",2,0,0,0
45428,"[17585, 3]",11,0,0,0
45429,"[17585, 4]",8,0,0,0
45430,"[17585, 5]",33,158,64,0
45431,"[17585, 6]",23,158,64,0
45432,"[17586, 0]",1,41,18,0
45433,"[17587, 0]",1,0,0,0
45434,"[17587, 1]",2,2,1,0
45435,"[17588, 0]",1,158,64,0
45436,"[17589, 0]",1,2,1,0
45437,"[17590, 0]",1,156,64,0
45438,"[17591, 0]",1,158,64,0
45439,"[17592, 0]",1,0,0,0
45440,"[17592, 1]",21,0,0,0
45441,"[17592, 2]",19,0,0,0
45442,"[17592, 3]",18,0,0,0
45443,"[17592, 4]",15,0,0,0
45444,"[17592, 5]",11,0,0,0
45445,"[17592, 6]",10,0,0,0
45446,"[17592, 7]",9,0,0,0
45447,"[17592, 8]",8,0,0,0
45448,"[17592, 9]",7,0,0,0
45449,"[17592, 10]",5,0,0,0
45450,"[17592, 11]",4,0,0,0
45451,"[17592, 12]",3,0,0,0
45452,"[17592, 13]",2,0,0,0
45453,"[17592, 14]",136,41,18,0
45454,"[17592, 15]",134,0,0,0
45455,"[17592, 16]",133,0,0,0
45456,"[17592, 17]",132,0,0,0
45457,"[17592, 18]",123,156,64,-1
45458,"[17592, 19]",122,156,64,-1
45459,"[17592, 20]",118,0,0,-1
45460,"[17592, 21]",117,0,0,-1
45461,"[17592, 22]",116,158,64,-1
45462,"[17592, 23]",112,0,0,-1
45463,"[17592, 24]",111,0,0,-1
45464,"[17592, 25]",106,54,24,0
45465,"[17592, 26]",104,0,0,0
45466,"[17592, 27]",102,0,0,0
45467,"[17592, 28]",101,0,0,0
45468,"[17592, 29]",99,0,0,0
45469,"[17592, 30]",98,0,0,0
45470,"[17592, 31]",92,0,0,0
45471,"[17592, 32]",91,0,0,0
45472,"[17592, 33]",89,0,0,0
45473,"[17592, 34]",85,158,64,0
45474,"[17592, 35]",84,0,0,0
45475,"[17592, 36]",81,0,0,0
45476,"[17592, 37]",79,59,28,0
45477,"[17592, 38]",77,0,0,0
45478,"[17592, 39]",76,0,0,0
45479,"[17592, 40]",75,0,0,0
45480,"[17592, 41]",72,158,64,0
45481,"[17592, 42]",71,0,0,0
45482,"[17592, 43]",70,0,0,0
45483,"[17592, 44]",66,156,64,0
45484,"[17592, 45]",65,158,64,0
45485,"[17592, 46]",59,156,64,4
45486,"[17592, 47]",54,0,0,0
45487,"[17592, 48]",50,0,0,0
45488,"[17592, 49]",46,156,64,0
45489,"[17592, 50]",585,0,0,0
45490,"[17592, 51]",571,158,64,0
45491,"[17592, 52]",491,158,64,0
45492,"[17592, 53]",488,156,64,0
45493,"[17592, 54]",478,158,64,0
45494,"[17592, 55]",470,156,64,0
45495,"[17592, 56]",467,57,26,0
45496,"[17592, 57]",452,158,64,0
45497,"[17592, 58]",451,0,0,0
45498,"[17592, 59]",450,0,0,0
45499,"[17592, 60]",423,158,64,2
45500,"[17592, 61]",394,158,64,-1
45501,"[17592, 62]",393,158,64,-1
45502,"[17592, 63]",377,2,1,4
45503,"[17592, 64]",374,156,64,1
45504,"[17592, 65]",349,0,0,0
45505,"[17592, 66]",345,0,0,0
45506,"[17592, 67]",342,0,0,0
45507,"[17592, 68]",336,0,0,0
45508,"[17592, 69]",332,158,64,0
45509,"[17592, 70]",295,158,64,-1
45510,"[17592, 71]",293,158,64,-1
45511,"[17592, 72]",286,158,64,-1
45512,"[17592, 73]",273,0,0,-1
45513,"[17592, 74]",270,0,0,-1
45514,"[17592, 75]",191,158,64,4
45515,"[17592, 76]",189,0,0,-1
45516,"[17592, 77]",188,0,0,-1
45517,"[17592, 78]",184,0,0,1
45518,"[17592, 79]",182,0,0,-1
45519,"[17592, 80]",177,0,0,0
45520,"[17592, 81]",174,61,28,-1
45521,"[17592, 82]",1929,0,0,-1
45522,"[17592, 83]",1896,2,1,5
45523,"[17592, 84]",1894,0,0,-1
45524,"[17592, 85]",1891,0,0,-1
45525,"[17592, 86]",1888,0,0,-1
45526,"[17592, 87]",1887,0,0,-1
45527,"[17592, 88]",1872,57,26,14
45528,"[17592, 89]",1869,57,26,1
45529,"[17592, 90]",1713,2,1,-1
45530,"[17592, 91]",1702,156,64,-1
45531,"[17592, 92]",1422,158,64,-1
45532,"[17592, 93]",1397,57,26,0
45533,"[17592, 94]",1386,158,64,0
45534,"[17592, 95]",1363,158,64,0
45535,"[17592, 96]",1087,0,0,0
45536,"[17592, 97]",1083,0,0,0
45537,"[17592, 98]",721,41,18,1
45538,"[17592, 99]",3084,2,1,0
45539,"[17592, 100]",3069,156,64,0
45540,"[17592, 101]",2080,158,64,-1
45541,"[17592, 102]",2077,158,64,-1
45542,"[17592, 103]",2059,0,0,2
45543,"[17592, 104]",2045,156,64,7
45544,"[17592, 105]",2002,156,64,-1
45545,"[17592, 106]",4122,158,64,0
45546,"[17592, 107]",4121,158,64,0
45547,"[17593, 0]",1,66,29,0
45548,"[17594, 0]",1,0,0,0
45549,"[17594, 1]",5,57,26,0
45550,"[17594, 2]",3,41,18,0
45551,"[17594, 3]",2,0,0,0
45552,"[17594, 4]",27,158,64,0
45553,"[17594, 5]",25,0,0,0
45554,"[17594, 6]",24,0,0,0
45555,"[17594, 7]",53,158,64,0
45556,"[17594, 8]",49,0,0,-1
45557,"[17594, 9]",182,0,0,-1
45558,"[17594, 10]",201,57,26,-1
45559,"[17595, 0]",1,0,0,0
45560,"[17595, 1]",2,158,64,0
45561,"[17596, 0]",1,0,0,0
45562,"[17596, 1]",2,41,18,0
45563,"[17597, 0]",1,0,0,0
45564,"[17597, 1]",2,0,0,0
45565,"[17597, 2]",19,156,64,-1
45566,"[17598, 0]",1,2,1,0
45567,"[17599, 0]",1,0,0,0
45568,"[17599, 1]",3,158,64,0
45569,"[17599, 2]",2,0,0,0
45570,"[17599, 3]",30,0,0,0
45571,"[17599, 4]",29,0,0,0
45572,"[17599, 5]",70,158,64,0
45573,"[17599, 6]",69,0,0,0
45574,"[17599, 7]",66,156,64,0
45575,"[17599, 8]",150,156,64,0
45576,"[17600, 0]",1,158,64,1
45577,"[17601, 0]",1,158,64,0
45578,"[17602, 0]",1,156,64,0
45579,"[17603, 0]",1,158,64,0
45580,"[17604, 0]",1,0,0,0
45581,"[17604, 1]",2,158,64,0
45582,"[17605, 0]",1,41,18,0
45583,"[17606, 0]",1,2,1,0
45584,"[17607, 0]",1,54,24,0
45585,"[17608, 0]",1,2,1,0
45586,"[17609, 0]",1,41,18,0
45587,"[17610, 0]",1,0,0,0
45588,"[17610, 1]",2,2,1,0
45589,"[17611, 0]",1,158,64,0
45590,"[17612, 0]",1,0,0,1
45591,"[17612, 1]",2,41,18,6
45592,"[17613, 0]",1,0,0,0
45593,"[17613, 1]",2,0,0,0
45594,"[17613, 2]",28,158,64,0
45595,"[17614, 0]",1,61,28,0
45596,"[17615, 0]",1,158,64,0
45597,"[17616, 0]",1,0,0,0
45598,"[17616, 1]",2,2,1,0
45599,"[17617, 0]",1,54,24,0
45600,"[17618, 0]",1,0,0,0
45601,"[17618, 1]",2,0,0,0
45602,"[17618, 2]",30,2,1,0
45603,"[17618, 3]",29,0,0,0
45604,"[17618, 4]",76,158,64,-1
45605,"[17619, 0]",1,57,26,0
45606,"[17620, 0]",1,0,0,0
45607,"[17620, 1]",2,158,64,-1
45608,"[17621, 0]",1,0,0,0
45609,"[17621, 1]",2,158,64,0
45610,"[17622, 0]",1,41,18,0
45611,"[17623, 0]",1,0,0,0
45612,"[17623, 1]",7,41,18,0
45613,"[17623, 2]",6,158,64,0
45614,"[17623, 3]",4,0,0,0
45615,"[17623, 4]",3,0,0,0
45616,"[17623, 5]",2,0,0,0
45617,"[17623, 6]",41,0,0,0
45618,"[17623, 7]",40,0,0,0
45619,"[17623, 8]",38,0,0,0
45620,"[17623, 9]",34,158,64,0
45621,"[17623, 10]",33,55,24,0
45622,"[17623, 11]",28,0,0,0
45623,"[17623, 12]",115,57,26,0
45624,"[17623, 13]",76,158,64,0
45625,"[17623, 14]",75,0,0,0
45626,"[17623, 15]",72,0,0,0
45627,"[17623, 16]",71,0,0,0
45628,"[17623, 17]",65,41,18,0
45629,"[17623, 18]",62,156,64,0
45630,"[17623, 19]",279,158,64,-1
45631,"[17623, 20]",274,0,0,0
45632,"[17623, 21]",269,158,64,0
45633,"[17623, 22]",439,57,26,0
45634,"[17624, 0]",1,0,0,0
45635,"[17624, 1]",2,0,0,0
45636,"[17624, 2]",13,158,64,0
45637,"[17624, 3]",12,158,64,0
45638,"[17625, 0]",1,0,0,0
45639,"[17625, 1]",2,0,0,0
45640,"[17625, 2]",24,158,64,14
45641,"[17626, 0]",1,0,0,0
45642,"[17626, 1]",2,41,18,0
45643,"[17627, 0]",1,0,0,0
45644,"[17627, 1]",4,158,64,0
45645,"[17627, 2]",3,158,64,0
45646,"[17627, 3]",2,0,0,0
45647,"[17627, 4]",25,158,64,0
45648,"[17628, 0]",1,0,0,0
45649,"[17628, 1]",2,41,18,0
45650,"[17629, 0]",1,0,0,0
45651,"[17629, 1]",2,2,1,25
45652,"[17630, 0]",1,156,64,0
45653,"[17631, 0]",1,158,64,0
45654,"[17632, 0]",1,158,64,0
45655,"[17633, 0]",1,158,64,0
45656,"[17634, 0]",1,0,0,0
45657,"[17634, 1]",2,0,0,0
45658,"[17634, 2]",16,158,64,0
45659,"[17635, 0]",1,158,64,0
45660,"[17636, 0]",1,41,18,0
45661,"[17637, 0]",1,0,0,0
45662,"[17637, 1]",2,0,0,0
45663,"[17637, 2]",49,0,0,0
45664,"[17637, 3]",66,158,64,0
45665,"[17638, 0]",1,0,0,0
45666,"[17638, 1]",2,0,0,0
45667,"[17638, 2]",19,2,1,0
45668,"[17639, 0]",1,156,64,0
45669,"[17640, 0]",1,0,0,0
45670,"[17640, 1]",3,0,0,0
45671,"[17640, 2]",2,0,0,0
45672,"[17640, 3]",33,158,64,0
45673,"[17640, 4]",31,0,0,0
45674,"[17640, 5]",30,0,0,0
45675,"[17640, 6]",25,57,26,0
45676,"[17640, 7]",24,0,0,0
45677,"[17640, 8]",23,0,0,0
45678,"[17640, 9]",21,0,0,0
45679,"[17640, 10]",133,41,18,0
45680,"[17640, 11]",131,0,0,0
45681,"[17640, 12]",127,57,26,0
45682,"[17640, 13]",126,156,64,0
45683,"[17640, 14]",113,57,26,-1
45684,"[17640, 15]",110,158,64,30
45685,"[17640, 16]",81,0,0,0
45686,"[17640, 17]",72,158,64,1
45687,"[17640, 18]",68,0,0,0
45688,"[17640, 19]",394,57,26,0
45689,"[17640, 20]",302,0,0,0
45690,"[17640, 21]",169,2,1,0
45691,"[17640, 22]",168,0,0,0
45692,"[17640, 23]",749,57,26,0
45693,"[17640, 24]",500,158,64,-1
45694,"[17641, 0]",1,0,0,0
45695,"[17641, 1]",5,57,26,0
45696,"[17641, 2]",2,0,0,0
45697,"[17641, 3]",40,57,26,0
45698,"[17642, 0]",1,0,0,0
45699,"[17642, 1]",2,0,0,0
45700,"[17642, 2]",42,41,18,0
45701,"[17643, 0]",1,156,64,0
45702,"[17644, 0]",1,0,0,0
45703,"[17644, 1]",2,156,64,0
45704,"[17645, 0]",1,156,64,0
45705,"[17646, 0]",1,2,1,0
45706,"[17647, 0]",1,0,0,0
45707,"[17647, 1]",3,0,0,0
45708,"[17647, 2]",2,0,0,0
45709,"[17647, 3]",28,0,0,0
45710,"[17647, 4]",25,57,26,9
45711,"[17647, 5]",49,57,26,2
45712,"[17648, 0]",1,0,0,0
45713,"[17648, 1]",2,156,64,0
45714,"[17649, 0]",1,0,0,0
45715,"[17649, 1]",2,0,0,0
45716,"[17649, 2]",45,158,64,-1
45717,"[17650, 0]",1,0,0,0
45718,"[17651, 0]",1,0,0,0
45719,"[17651, 1]",3,0,0,1
45720,"[17651, 2]",67,0,0,0
45721,"[17651, 3]",87,41,18,1
45722,"[17652, 0]",1,0,0,0
45723,"[17652, 1]",2,2,1,1
45724,"[17653, 0]",1,41,18,0
45725,"[17654, 0]",1,0,0,0
45726,"[17654, 1]",2,158,64,0
45727,"[17655, 0]",1,0,0,0
45728,"[17655, 1]",2,158,64,0
45729,"[17656, 0]",1,0,0,0
45730,"[17656, 1]",2,57,26,0
45731,"[17657, 0]",1,2,1,0
45732,"[17658, 0]",1,0,0,0
45733,"[17658, 1]",2,0,0,0
45734,"[17659, 0]",1,0,0,0
45735,"[17659, 1]",2,158,64,0
45736,"[17660, 0]",1,57,26,0
45737,"[17661, 0]",1,55,24,0
45738,"[17662, 0]",1,0,0,0
45739,"[17662, 1]",2,156,64,-1
45740,"[17663, 0]",1,58,26,0
45741,"[17664, 0]",1,0,0,0
45742,"[17664, 1]",2,158,64,0
45743,"[17665, 0]",1,2,1,0
45744,"[17666, 0]",1,158,64,0
45745,"[17667, 0]",1,41,18,0
45746,"[17668, 0]",1,57,26,0
45747,"[17669, 0]",1,0,0,0
45748,"[17669, 1]",4,0,0,0
45749,"[17669, 2]",2,0,0,0
45750,"[17669, 3]",34,158,64,0
45751,"[17669, 4]",21,158,64,14
45752,"[17670, 0]",1,0,0,0
45753,"[17670, 1]",2,158,64,0
45754,"[17671, 0]",1,158,64,0
45755,"[17672, 0]",1,0,0,0
45756,"[17672, 1]",3,0,0,0
45757,"[17672, 2]",2,2,1,0
45758,"[17672, 3]",32,0,0,1
45759,"[17672, 4]",63,0,0,-1
45760,"[17672, 5]",79,158,64,1
45761,"[17673, 0]",1,54,24,0
45762,"[17674, 0]",1,0,0,0
45763,"[17674, 1]",2,156,64,-1
45764,"[17675, 0]",1,156,64,0
45765,"[17676, 0]",1,41,18,0
45766,"[17677, 0]",1,41,18,0
45767,"[17678, 0]",1,0,0,0
45768,"[17678, 1]",4,0,0,0
45769,"[17678, 2]",3,0,0,0
45770,"[17678, 3]",2,0,0,0
45771,"[17678, 4]",23,0,0,0
45772,"[17678, 5]",22,158,64,0
45773,"[17678, 6]",19,0,0,0
45774,"[17678, 7]",15,41,18,0
45775,"[17678, 8]",76,158,64,0
45776,"[17678, 9]",59,0,0,0
45777,"[17678, 10]",224,41,18,29
45778,"[17679, 0]",1,158,64,0
45779,"[17680, 0]",1,0,0,0
45780,"[17680, 1]",2,64,29,0
45781,"[17681, 0]",1,57,26,0
45782,"[17682, 0]",1,0,0,0
45783,"[17682, 1]",6,2,1,0
45784,"[17682, 2]",5,57,26,0
45785,"[17682, 3]",3,0,0,0
45786,"[17682, 4]",2,0,0,0
45787,"[17682, 5]",51,41,18,0
45788,"[17682, 6]",49,0,0,0
45789,"[17682, 7]",69,0,0,-1
45790,"[17682, 8]",153,37,18,8
45791,"[17683, 0]",1,57,26,0
45792,"[17684, 0]",1,0,0,0
45793,"[17684, 1]",2,158,64,0
45794,"[17685, 0]",1,57,26,0
45795,"[17686, 0]",1,54,24,0
45796,"[17687, 0]",1,0,0,0
45797,"[17687, 1]",2,158,64,-1
45798,"[17688, 0]",1,158,64,0
45799,"[17689, 0]",1,0,0,0
45800,"[17689, 1]",2,2,1,3
45801,"[17690, 0]",1,51,24,0
45802,"[17691, 0]",1,0,0,0
45803,"[17691, 1]",4,0,0,0
45804,"[17691, 2]",3,0,0,0
45805,"[17691, 3]",33,158,64,0
45806,"[17691, 4]",32,0,0,0
45807,"[17691, 5]",31,0,0,0
45808,"[17691, 6]",27,158,64,0
45809,"[17691, 7]",55,55,26,0
45810,"[17691, 8]",52,41,18,0
45811,"[17692, 0]",1,2,1,0
45812,"[17693, 0]",1,41,18,0
45813,"[17694, 0]",1,158,64,0
45814,"[17695, 0]",1,0,0,0
45815,"[17695, 1]",2,0,0,0
45816,"[17695, 2]",8,57,26,0
45817,"[17696, 0]",1,0,0,0
45818,"[17696, 1]",2,0,0,0
45819,"[17696, 2]",28,158,64,0
45820,"[17697, 0]",1,0,0,0
45821,"[17697, 1]",4,0,0,0
45822,"[17697, 2]",3,0,0,0
45823,"[17697, 3]",2,0,0,0
45824,"[17697, 4]",34,2,1,0
45825,"[17697, 5]",31,0,0,0
45826,"[17697, 6]",28,158,64,0
45827,"[17697, 7]",76,158,64,0
45828,"[17698, 0]",1,0,0,0
45829,"[17698, 1]",10,158,64,-1
45830,"[17698, 2]",2,0,0,-1
45831,"[17699, 0]",1,0,0,0
45832,"[17699, 1]",4,59,28,4
45833,"[17699, 2]",3,0,0,-1
45834,"[17699, 3]",33,0,0,-1
45835,"[17699, 4]",57,158,64,-1
45836,"[17700, 0]",1,158,64,1
45837,"[17701, 0]",1,158,64,0
45838,"[17702, 0]",1,0,0,0
45839,"[17702, 1]",2,0,0,0
45840,"[17702, 2]",47,41,18,0
45841,"[17703, 0]",1,158,64,0
45842,"[17704, 0]",1,0,0,0
45843,"[17704, 1]",2,2,1,0
45844,"[17705, 0]",1,0,0,0
45845,"[17705, 1]",4,158,64,0
45846,"[17705, 2]",2,0,0,0
45847,"[17705, 3]",39,158,64,0
45848,"[17705, 4]",38,57,26,0
45849,"[17706, 0]",1,57,26,0
45850,"[17707, 0]",1,0,0,0
45851,"[17707, 1]",2,158,64,0
45852,"[17708, 0]",1,0,0,0
45853,"[17708, 1]",4,0,0,0
45854,"[17708, 2]",2,0,0,0
45855,"[17708, 3]",51,158,64,0
45856,"[17708, 4]",49,2,1,0
45857,"[17708, 5]",48,41,18,0
45858,"[17708, 6]",32,2,1,0
45859,"[17709, 0]",1,57,26,0
45860,"[17710, 0]",1,0,0,0
45861,"[17710, 1]",2,57,26,0
45862,"[17711, 0]",1,0,0,0
45863,"[17711, 1]",2,57,26,0
45864,"[17712, 0]",1,158,64,0
45865,"[17713, 0]",1,0,0,0
45866,"[17713, 1]",2,57,26,0
45867,"[17714, 0]",1,41,18,0
45868,"[17715, 0]",1,0,0,0
45869,"[17715, 1]",2,41,18,0
45870,"[17716, 0]",1,0,0,0
45871,"[17716, 1]",2,2,1,0
45872,"[17717, 0]",1,158,64,0
45873,"[17718, 0]",1,41,18,0
45874,"[17719, 0]",1,0,0,0
45875,"[17719, 1]",2,156,64,0
45876,"[17720, 0]",1,0,0,0
45877,"[17720, 1]",3,158,64,0
45878,"[17720, 2]",2,0,0,0
45879,"[17720, 3]",44,158,64,0
45880,"[17721, 0]",1,156,64,0
45881,"[17722, 0]",1,156,64,1
45882,"[17723, 0]",1,158,64,0
45883,"[17724, 0]",1,156,64,0
45884,"[17725, 0]",1,158,64,0
45885,"[17726, 0]",1,158,64,0
45886,"[17727, 0]",1,2,1,0
45887,"[17728, 0]",1,0,0,0
45888,"[17728, 1]",4,41,18,0
45889,"[17728, 2]",2,0,0,0
45890,"[17728, 3]",36,0,0,0
45891,"[17728, 4]",75,2,1,0
45892,"[17729, 0]",1,0,0,0
45893,"[17729, 1]",2,41,18,0
45894,"[17730, 0]",1,0,0,0
45895,"[17730, 1]",3,41,18,5
45896,"[17731, 0]",1,0,0,0
45897,"[17731, 1]",2,158,64,1
45898,"[17732, 0]",1,0,0,0
45899,"[17732, 1]",3,156,64,0
45900,"[17732, 2]",2,0,0,0
45901,"[17732, 3]",11,0,0,0
45902,"[17732, 4]",49,0,0,0
45903,"[17732, 5]",48,0,0,0
45904,"[17732, 6]",115,158,64,0
45905,"[17732, 7]",110,2,1,0
45906,"[17733, 0]",1,158,64,0
45907,"[17734, 0]",1,158,64,0
45908,"[17735, 0]",1,64,29,0
45909,"[17736, 0]",1,0,0,0
45910,"[17736, 1]",2,0,0,0
45911,"[17736, 2]",20,37,18,0
45912,"[17737, 0]",1,158,64,1
45913,"[17738, 0]",1,41,18,0
45914,"[17739, 0]",1,2,1,0
45915,"[17740, 0]",1,158,64,0
45916,"[17741, 0]",1,0,0,0
45917,"[17741, 1]",2,41,18,7
45918,"[17742, 0]",1,158,64,0
45919,"[17743, 0]",1,158,64,0
45920,"[17744, 0]",1,0,0,0
45921,"[17744, 1]",2,158,64,0
45922,"[17745, 0]",1,0,0,0
45923,"[17745, 1]",2,158,64,0
45924,"[17746, 0]",1,0,0,0
45925,"[17746, 1]",2,158,64,0
45926,"[17747, 0]",1,0,0,0
45927,"[17747, 1]",2,57,26,0
45928,"[17748, 0]",1,41,18,0
45929,"[17749, 0]",1,57,26,0
45930,"[17750, 0]",1,158,64,0
45931,"[17751, 0]",1,158,64,0
45932,"[17752, 0]",1,0,0,0
45933,"[17752, 1]",2,158,64,0
45934,"[17753, 0]",1,158,64,0
45935,"[17754, 0]",1,41,18,0
45936,"[17755, 0]",1,0,0,0
45937,"[17755, 1]",2,158,64,0
45938,"[17756, 0]",1,0,0,0
45939,"[17756, 1]",2,0,0,0
45940,"[17756, 2]",26,41,18,0
45941,"[17757, 0]",1,0,0,0
45942,"[17757, 1]",5,158,64,0
45943,"[17757, 2]",3,0,0,0
45944,"[17757, 3]",2,0,0,0
45945,"[17757, 4]",48,156,64,0
45946,"[17757, 5]",45,158,64,0
45947,"[17758, 0]",1,158,64,0
45948,"[17759, 0]",1,0,0,0
45949,"[17759, 1]",2,0,0,0
45950,"[17759, 2]",25,0,0,0
45951,"[17759, 3]",60,158,64,0
45952,"[17760, 0]",1,158,64,0
45953,"[17761, 0]",1,0,0,0
45954,"[17761, 1]",2,158,64,0
45955,"[17762, 0]",1,0,0,0
45956,"[17762, 1]",2,0,0,0
45957,"[17762, 2]",13,158,64,0
45958,"[17763, 0]",1,0,0,0
45959,"[17763, 1]",2,2,1,0
45960,"[17764, 0]",1,0,0,0
45961,"[17764, 1]",2,0,0,0
45962,"[17764, 2]",11,0,0,0
45963,"[17764, 3]",28,158,64,1
45964,"[17765, 0]",1,158,64,0
45965,"[17766, 0]",1,0,0,0
45966,"[17766, 1]",2,158,64,0
45967,"[17767, 0]",1,0,0,0
45968,"[17767, 1]",2,0,0,0
45969,"[17767, 2]",37,158,64,-1
45970,"[17768, 0]",1,158,64,0
45971,"[17769, 0]",1,158,64,1
45972,"[17770, 0]",1,0,0,0
45973,"[17770, 1]",2,59,28,0
45974,"[17771, 0]",1,0,0,1
45975,"[17771, 1]",6,57,26,0
45976,"[17771, 2]",4,0,0,0
45977,"[17771, 3]",3,0,0,0
45978,"[17771, 4]",2,0,0,0
45979,"[17771, 5]",43,158,64,0
45980,"[17771, 6]",37,2,1,0
45981,"[17771, 7]",30,0,0,0
45982,"[17771, 8]",121,158,64,0
45983,"[17772, 0]",1,0,0,0
45984,"[17772, 1]",2,0,0,0
45985,"[17772, 2]",30,158,64,0
45986,"[17773, 0]",1,158,64,0
45987,"[17774, 0]",1,156,64,0
45988,"[17775, 0]",1,158,64,0
45989,"[17776, 0]",1,158,64,0
45990,"[17777, 0]",1,41,18,0
45991,"[17778, 0]",1,158,64,0
45992,"[17779, 0]",1,41,18,0
45993,"[17780, 0]",1,158,64,0
45994,"[17781, 0]",1,0,0,0
45995,"[17781, 1]",2,158,64,0
45996,"[17782, 0]",1,0,0,0
45997,"[17782, 1]",2,0,0,-1
45998,"[17782, 2]",58,57,26,-1
45999,"[17783, 0]",1,41,18,0
46000,"[17784, 0]",1,158,64,0
46001,"[17785, 0]",1,158,64,0
46002,"[17786, 0]",1,0,0,1
46003,"[17786, 1]",2,158,64,-1
46004,"[17787, 0]",1,0,0,0
46005,"[17787, 1]",2,41,18,0
46006,"[17788, 0]",1,0,0,0
46007,"[17788, 1]",3,41,18,0
46008,"[17788, 2]",2,158,64,0
46009,"[17789, 0]",1,0,0,0
46010,"[17789, 1]",2,0,0,0
46011,"[17789, 2]",33,41,18,0
46012,"[17790, 0]",1,0,0,0
46013,"[17790, 1]",2,158,64,0
46014,"[17791, 0]",1,0,0,0
46015,"[17791, 1]",2,0,0,0
46016,"[17791, 2]",34,0,0,-1
46017,"[17791, 3]",70,41,18,4
46018,"[17792, 0]",1,0,0,0
46019,"[17792, 1]",2,158,64,0
46020,"[17793, 0]",1,2,1,0
46021,"[17794, 0]",1,37,18,0
46022,"[17795, 0]",1,0,0,0
46023,"[17795, 1]",3,0,0,0
46024,"[17795, 2]",2,0,0,0
46025,"[17795, 3]",22,57,26,0
46026,"[17795, 4]",20,0,0,0
46027,"[17795, 5]",19,0,0,0
46028,"[17795, 6]",18,0,0,0
46029,"[17795, 7]",15,0,0,0
46030,"[17795, 8]",73,158,64,0
46031,"[17795, 9]",58,0,0,0
46032,"[17795, 10]",57,0,0,0
46033,"[17795, 11]",55,0,0,0
46034,"[17795, 12]",53,41,18,0
46035,"[17795, 13]",52,41,18,0
46036,"[17795, 14]",43,0,0,0
46037,"[17795, 15]",239,41,18,0
46038,"[17795, 16]",147,0,0,0
46039,"[17795, 17]",136,41,18,0
46040,"[17795, 18]",133,41,18,0
46041,"[17795, 19]",423,41,18,0
46042,"[17796, 0]",1,0,0,0
46043,"[17796, 1]",3,0,0,0
46044,"[17796, 2]",2,0,0,0
46045,"[17796, 3]",31,158,64,0
46046,"[17796, 4]",27,0,0,0
46047,"[17796, 5]",19,158,64,0
46048,"[17796, 6]",67,0,0,0
46049,"[17796, 7]",193,37,18,0
46050,"[17797, 0]",1,0,0,0
46051,"[17797, 1]",2,158,64,0
46052,"[17798, 0]",1,0,0,1
46053,"[17798, 1]",4,0,0,0
46054,"[17798, 2]",3,0,0,0
46055,"[17798, 3]",51,156,64,0
46056,"[17798, 4]",48,53,24,0
46057,"[17799, 0]",1,0,0,0
46058,"[17799, 1]",3,0,0,0
46059,"[17799, 2]",2,0,0,0
46060,"[17799, 3]",42,158,64,0
46061,"[17799, 4]",40,158,64,0
46062,"[17799, 5]",39,158,64,0
46063,"[17799, 6]",37,0,0,0
46064,"[17799, 7]",31,0,0,0
46065,"[17799, 8]",117,0,0,0
46066,"[17799, 9]",82,0,0,0
46067,"[17799, 10]",218,158,64,5
46068,"[17799, 11]",191,158,64,0
46069,"[17800, 0]",1,0,0,0
46070,"[17800, 1]",2,158,64,0
46071,"[17801, 0]",1,158,64,0
46072,"[17802, 0]",1,41,18,0
46073,"[17803, 0]",1,158,64,0
46074,"[17804, 0]",1,0,0,0
46075,"[17804, 1]",4,0,0,0
46076,"[17804, 2]",3,0,0,0
46077,"[17804, 3]",2,0,0,0
46078,"[17804, 4]",56,0,0,0
46079,"[17804, 5]",50,0,0,0
46080,"[17804, 6]",43,158,64,0
46081,"[17804, 7]",152,57,26,1
46082,"[17804, 8]",115,158,64,0
46083,"[17805, 0]",1,0,0,0
46084,"[17805, 1]",3,0,0,0
46085,"[17805, 2]",2,156,64,0
46086,"[17805, 3]",34,41,18,0
46087,"[17806, 0]",1,41,18,0
46088,"[17807, 0]",1,158,64,0
46089,"[17808, 0]",1,41,18,0
46090,"[17809, 0]",1,0,0,0
46091,"[17809, 1]",6,41,18,0
46092,"[17809, 2]",4,0,0,0
46093,"[17809, 3]",3,158,64,0
46094,"[17809, 4]",2,0,0,0
46095,"[17809, 5]",53,0,0,0
46096,"[17809, 6]",39,158,64,0
46097,"[17809, 7]",74,158,64,0
46098,"[17810, 0]",1,41,18,0
46099,"[17811, 0]",1,53,24,0
46100,"[17812, 0]",1,2,1,0
46101,"[17813, 0]",1,158,64,0
46102,"[17814, 0]",1,0,0,0
46103,"[17814, 1]",2,158,64,0
46104,"[17815, 0]",1,0,0,0
46105,"[17815, 1]",2,2,1,1
46106,"[17816, 0]",1,158,64,0
46107,"[17817, 0]",1,0,0,0
46108,"[17817, 1]",3,0,0,0
46109,"[17817, 2]",25,158,64,0
46110,"[17818, 0]",1,158,64,0
46111,"[17819, 0]",1,0,0,-1
46112,"[17819, 1]",2,0,0,-1
46113,"[17819, 2]",15,57,26,3
46114,"[17820, 0]",1,57,26,0
46115,"[17821, 0]",1,0,0,-1
46116,"[17821, 1]",2,57,26,8
46117,"[17822, 0]",1,158,64,0
46118,"[17823, 0]",1,0,0,0
46119,"[17823, 1]",2,41,18,0
46120,"[17824, 0]",1,0,0,0
46121,"[17824, 1]",3,156,64,0
46122,"[17824, 2]",2,158,64,0
46123,"[17825, 0]",1,0,0,0
46124,"[17825, 1]",2,158,64,1
46125,"[17826, 0]",1,0,0,0
46126,"[17826, 1]",2,0,0,0
46127,"[17826, 2]",58,158,64,1
46128,"[17827, 0]",1,0,0,0
46129,"[17827, 1]",3,0,0,0
46130,"[17827, 2]",2,0,0,0
46131,"[17827, 3]",50,59,28,0
46132,"[17827, 4]",49,0,0,0
46133,"[17827, 5]",47,0,0,0
46134,"[17827, 6]",44,156,64,0
46135,"[17827, 7]",42,0,0,0
46136,"[17827, 8]",41,0,0,0
46137,"[17827, 9]",39,0,0,0
46138,"[17827, 10]",138,158,64,2
46139,"[17827, 11]",137,0,0,1
46140,"[17827, 12]",136,0,0,-1
46141,"[17827, 13]",107,0,0,0
46142,"[17827, 14]",103,158,64,-1
46143,"[17827, 15]",85,158,64,-1
46144,"[17827, 16]",81,0,0,-1
46145,"[17827, 17]",75,158,64,0
46146,"[17827, 18]",302,158,64,-1
46147,"[17827, 19]",300,158,64,-1
46148,"[17827, 20]",298,0,0,-1
46149,"[17827, 21]",172,54,24,0
46150,"[17827, 22]",149,0,0,1
46151,"[17827, 23]",146,41,18,0
46152,"[17827, 24]",680,41,18,27
46153,"[17828, 0]",1,158,64,0
46154,"[17829, 0]",1,158,64,0
46155,"[17830, 0]",1,0,0,0
46156,"[17830, 1]",5,158,64,0
46157,"[17830, 2]",3,0,0,0
46158,"[17830, 3]",2,0,0,0
46159,"[17830, 4]",27,0,0,0
46160,"[17830, 5]",23,158,64,0
46161,"[17830, 6]",73,0,0,0
46162,"[17830, 7]",318,158,64,0
46163,"[17831, 0]",1,156,64,0
46164,"[17832, 0]",1,55,26,0
46165,"[17833, 0]",1,158,64,0
46166,"[17834, 0]",1,156,64,0
46167,"[17835, 0]",1,0,0,0
46168,"[17835, 1]",2,0,0,0
46169,"[17835, 2]",40,158,64,0
46170,"[17836, 0]",1,158,64,0
46171,"[17837, 0]",1,0,0,0
46172,"[17837, 1]",12,0,0,0
46173,"[17837, 2]",8,0,0,0
46174,"[17837, 3]",6,0,0,0
46175,"[17837, 4]",4,0,0,0
46176,"[17837, 5]",3,0,0,0
46177,"[17837, 6]",2,0,0,0
46178,"[17837, 7]",86,0,0,0
46179,"[17837, 8]",82,158,64,0
46180,"[17837, 9]",81,0,0,0
46181,"[17837, 10]",78,0,0,0
46182,"[17837, 11]",75,0,0,0
46183,"[17837, 12]",73,0,0,0
46184,"[17837, 13]",64,0,0,0
46185,"[17837, 14]",57,0,0,0
46186,"[17837, 15]",38,0,0,0
46187,"[17837, 16]",280,57,26,9
46188,"[17837, 17]",268,0,0,0
46189,"[17837, 18]",236,0,0,0
46190,"[17837, 19]",177,158,64,0
46191,"[17837, 20]",176,158,64,0
46192,"[17837, 21]",164,57,26,0
46193,"[17837, 22]",153,0,0,0
46194,"[17837, 23]",122,41,18,0
46195,"[17837, 24]",106,41,18,0
46196,"[17837, 25]",105,158,64,0
46197,"[17837, 26]",394,158,64,0
46198,"[17837, 27]",339,158,64,0
46199,"[17837, 28]",323,57,26,0
46200,"[17838, 0]",1,0,0,0
46201,"[17838, 1]",2,0,0,0
46202,"[17838, 2]",7,2,1,0
46203,"[17839, 0]",1,0,0,0
46204,"[17839, 1]",2,41,18,0
46205,"[17840, 0]",1,158,64,0
46206,"[17841, 0]",1,0,0,0
46207,"[17841, 1]",2,57,26,0
46208,"[17842, 0]",1,0,0,0
46209,"[17842, 1]",2,158,64,0
46210,"[17843, 0]",1,51,24,0
46211,"[17844, 0]",1,2,1,0
46212,"[17845, 0]",1,158,64,0
46213,"[17846, 0]",1,0,0,0
46214,"[17846, 1]",6,0,0,0
46215,"[17846, 2]",4,0,0,0
46216,"[17846, 3]",3,0,0,0
46217,"[17846, 4]",2,0,0,0
46218,"[17846, 5]",59,158,64,0
46219,"[17846, 6]",57,0,0,0
46220,"[17846, 7]",56,0,0,0
46221,"[17846, 8]",51,0,0,0
46222,"[17846, 9]",48,0,0,0
46223,"[17846, 10]",30,41,18,0
46224,"[17846, 11]",153,41,18,0
46225,"[17846, 12]",138,156,64,0
46226,"[17846, 13]",137,0,0,0
46227,"[17846, 14]",106,0,0,0
46228,"[17846, 15]",103,41,18,0
46229,"[17846, 16]",257,0,0,0
46230,"[17846, 17]",232,156,64,0
46231,"[17846, 18]",231,57,26,0
46232,"[17846, 19]",351,158,64,0
46233,"[17847, 0]",1,158,64,0
46234,"[17848, 0]",1,0,0,0
46235,"[17848, 1]",2,158,64,2
46236,"[17849, 0]",1,0,0,0
46237,"[17849, 1]",4,0,0,0
46238,"[17849, 2]",3,0,0,0
46239,"[17849, 3]",2,0,0,0
46240,"[17849, 4]",54,41,18,0
46241,"[17849, 5]",52,41,18,0
46242,"[17849, 6]",51,0,0,0
46243,"[17849, 7]",47,41,18,0
46244,"[17849, 8]",46,57,26,0
46245,"[17849, 9]",38,41,18,0
46246,"[17849, 10]",103,0,0,0
46247,"[17849, 11]",318,41,18,0
46248,"[17850, 0]",1,158,64,0
46249,"[17851, 0]",1,0,0,0
46250,"[17851, 1]",2,0,0,0
46251,"[17851, 2]",22,41,18,0
46252,"[17852, 0]",1,0,0,0
46253,"[17852, 1]",2,0,0,0
46254,"[17852, 2]",36,158,64,13
46255,"[17853, 0]",1,57,26,0
46256,"[17854, 0]",1,41,18,0
46257,"[17855, 0]",1,0,0,0
46258,"[17855, 1]",5,158,64,0
46259,"[17855, 2]",3,0,0,0
46260,"[17855, 3]",35,41,18,0
46261,"[17856, 0]",1,0,0,0
46262,"[17856, 1]",4,158,64,0
46263,"[17856, 2]",2,0,0,0
46264,"[17856, 3]",32,0,0,0
46265,"[17856, 4]",29,0,0,0
46266,"[17856, 5]",28,0,0,0
46267,"[17856, 6]",65,158,64,0
46268,"[17856, 7]",64,0,0,0
46269,"[17856, 8]",61,158,64,0
46270,"[17856, 9]",34,61,28,0
46271,"[17856, 10]",163,0,0,-1
46272,"[17856, 11]",295,41,18,1
46273,"[17857, 0]",1,158,64,0
46274,"[17858, 0]",1,57,26,0
46275,"[17859, 0]",1,158,64,0
46276,"[17860, 0]",1,57,26,0
46277,"[17861, 0]",1,0,0,0
46278,"[17861, 1]",2,0,0,0
46279,"[17861, 2]",39,0,0,0
46280,"[17861, 3]",58,41,18,0
46281,"[17862, 0]",1,41,18,0
46282,"[17863, 0]",1,2,1,0
46283,"[17864, 0]",1,0,0,0
46284,"[17864, 1]",2,158,64,0
46285,"[17865, 0]",1,57,26,0
46286,"[17866, 0]",1,158,64,0
46287,"[17867, 0]",1,156,64,0
46288,"[17868, 0]",1,158,64,0
46289,"[17869, 0]",1,158,64,0
46290,"[17870, 0]",1,41,18,0
46291,"[17871, 0]",1,0,0,1
46292,"[17871, 1]",4,0,0,0
46293,"[17871, 2]",3,0,0,0
46294,"[17871, 3]",55,158,64,1
46295,"[17871, 4]",51,0,0,0
46296,"[17871, 5]",101,156,64,-1
46297,"[17872, 0]",1,0,0,1
46298,"[17872, 1]",2,158,64,-1
46299,"[17873, 0]",1,158,64,0
46300,"[17874, 0]",1,2,1,0
46301,"[17875, 0]",1,0,0,0
46302,"[17875, 1]",2,0,0,0
46303,"[17875, 2]",38,41,18,0
46304,"[17876, 0]",1,41,18,0
46305,"[17877, 0]",1,57,26,0
46306,"[17878, 0]",1,0,0,0
46307,"[17878, 1]",5,158,64,0
46308,"[17878, 2]",4,0,0,0
46309,"[17878, 3]",2,0,0,0
46310,"[17878, 4]",42,158,64,6
46311,"[17878, 5]",41,158,64,-1
46312,"[17878, 6]",27,2,1,0
46313,"[17879, 0]",1,158,64,0
46314,"[17880, 0]",1,0,0,0
46315,"[17880, 1]",3,0,0,0
46316,"[17880, 2]",2,57,26,0
46317,"[17880, 3]",34,2,1,0
46318,"[17881, 0]",1,0,0,0
46319,"[17881, 1]",2,0,0,0
46320,"[17881, 2]",13,158,64,0
46321,"[17882, 0]",1,0,0,0
46322,"[17882, 1]",2,156,64,0
46323,"[17883, 0]",1,57,26,0
46324,"[17884, 0]",1,0,0,0
46325,"[17884, 1]",2,158,64,0
46326,"[17885, 0]",1,0,0,0
46327,"[17885, 1]",3,156,64,0
46328,"[17885, 2]",2,0,0,0
46329,"[17885, 3]",32,0,0,0
46330,"[17885, 4]",44,57,26,0
46331,"[17886, 0]",1,0,0,0
46332,"[17886, 1]",2,0,0,0
46333,"[17886, 2]",26,0,0,0
46334,"[17886, 3]",25,0,0,0
46335,"[17886, 4]",64,0,0,0
46336,"[17886, 5]",61,2,1,0
46337,"[17886, 6]",99,158,64,0
46338,"[17886, 7]",97,57,26,0
46339,"[17886, 8]",96,0,0,0
46340,"[17886, 9]",182,158,64,0
46341,"[17887, 0]",1,57,26,0
46342,"[17888, 0]",1,156,64,0
46343,"[17889, 0]",1,57,26,0
46344,"[17890, 0]",1,59,28,0
46345,"[17891, 0]",1,0,0,0
46346,"[17891, 1]",2,158,64,-1
46347,"[17892, 0]",1,41,18,0
46348,"[17893, 0]",1,57,26,0
46349,"[17894, 0]",1,55,26,0
46350,"[17895, 0]",1,57,26,0
46351,"[17896, 0]",1,0,0,0
46352,"[17896, 1]",2,158,64,7
46353,"[17897, 0]",1,0,0,0
46354,"[17897, 1]",2,59,28,0
46355,"[17898, 0]",1,41,18,0
46356,"[17899, 0]",1,41,18,0
46357,"[17900, 0]",1,158,64,0
46358,"[17901, 0]",1,158,64,0
46359,"[17902, 0]",1,0,0,0
46360,"[17902, 1]",2,0,0,0
46361,"[17902, 2]",18,41,18,0
46362,"[17903, 0]",1,0,0,0
46363,"[17903, 1]",2,63,28,1
46364,"[17904, 0]",1,0,0,0
46365,"[17904, 1]",2,158,64,0
46366,"[17905, 0]",1,0,0,0
46367,"[17905, 1]",2,158,64,0
46368,"[17906, 0]",1,0,0,0
46369,"[17906, 1]",7,41,18,0
46370,"[17906, 2]",4,0,0,0
46371,"[17906, 3]",3,0,0,0
46372,"[17906, 4]",2,0,0,0
46373,"[17906, 5]",44,57,26,0
46374,"[17906, 6]",40,0,0,0
46375,"[17906, 7]",35,41,18,0
46376,"[17906, 8]",124,41,18,0
46377,"[17907, 0]",1,158,64,0
46378,"[17908, 0]",1,41,18,0
46379,"[17909, 0]",1,0,0,0
46380,"[17909, 1]",2,41,18,0
46381,"[17910, 0]",1,158,64,0
46382,"[17911, 0]",1,0,0,0
46383,"[17911, 1]",2,41,18,0
46384,"[17912, 0]",1,0,0,0
46385,"[17912, 1]",2,158,64,0
46386,"[17913, 0]",1,158,64,0
46387,"[17914, 0]",1,0,0,0
46388,"[17914, 1]",2,57,26,-1
46389,"[17915, 0]",1,41,18,0
46390,"[17916, 0]",1,158,64,0
46391,"[17917, 0]",1,0,0,0
46392,"[17917, 1]",2,156,64,-1
46393,"[17918, 0]",1,0,0,0
46394,"[17919, 0]",1,0,0,0
46395,"[17919, 1]",2,0,0,0
46396,"[17919, 2]",18,158,64,0
46397,"[17920, 0]",1,0,0,1
46398,"[17920, 1]",2,0,0,3
46399,"[17920, 2]",51,158,64,-1
46400,"[17921, 0]",1,0,0,0
46401,"[17921, 1]",3,158,64,-1
46402,"[17921, 2]",2,158,64,-1
46403,"[17922, 0]",1,0,0,0
46404,"[17922, 1]",2,57,26,0
46405,"[17923, 0]",1,158,64,0
46406,"[17924, 0]",1,41,18,0
46407,"[17925, 0]",1,158,64,0
46408,"[17926, 0]",1,0,0,0
46409,"[17926, 1]",2,41,18,0
46410,"[17927, 0]",1,54,24,0
46411,"[17928, 0]",1,0,0,0
46412,"[17928, 1]",2,41,18,1
46413,"[17929, 0]",1,0,0,0
46414,"[17929, 1]",2,0,0,0
46415,"[17929, 2]",25,158,64,0
46416,"[17930, 0]",1,158,64,0
46417,"[17931, 0]",1,158,64,0
46418,"[17932, 0]",1,0,0,0
46419,"[17932, 1]",2,0,0,0
46420,"[17932, 2]",59,158,64,1
46421,"[17933, 0]",1,0,0,0
46422,"[17933, 1]",2,41,18,0
46423,"[17934, 0]",1,0,0,0
46424,"[17934, 1]",2,0,0,0
46425,"[17934, 2]",13,158,64,0
46426,"[17935, 0]",1,156,64,0
46427,"[17936, 0]",1,0,0,0
46428,"[17936, 1]",2,57,26,0
46429,"[17937, 0]",1,2,1,0
46430,"[17938, 0]",1,0,0,0
46431,"[17938, 1]",2,158,64,0
46432,"[17939, 0]",1,0,0,0
46433,"[17939, 1]",2,156,64,0
46434,"[17940, 0]",1,158,64,0
46435,"[17941, 0]",1,0,0,0
46436,"[17941, 1]",2,0,0,0
46437,"[17941, 2]",23,63,28,0
46438,"[17942, 0]",1,158,64,0
46439,"[17943, 0]",1,0,0,0
46440,"[17943, 1]",2,41,18,0
46441,"[17944, 0]",1,158,64,0
46442,"[17945, 0]",1,0,0,0
46443,"[17945, 1]",3,0,0,0
46444,"[17945, 2]",2,0,0,0
46445,"[17945, 3]",34,0,0,0
46446,"[17945, 4]",33,0,0,0
46447,"[17945, 5]",32,0,0,0
46448,"[17945, 6]",27,158,64,0
46449,"[17945, 7]",79,0,0,0
46450,"[17945, 8]",75,2,1,0
46451,"[17945, 9]",70,57,26,0
46452,"[17945, 10]",134,158,64,0
46453,"[17946, 0]",1,41,18,1
46454,"[17947, 0]",1,41,18,0
46455,"[17948, 0]",1,0,0,0
46456,"[17948, 1]",3,41,18,0
46457,"[17948, 2]",2,0,0,0
46458,"[17948, 3]",17,0,0,0
46459,"[17948, 4]",31,158,64,0
46460,"[17949, 0]",1,0,0,0
46461,"[17949, 1]",2,0,0,0
46462,"[17949, 2]",18,0,0,0
46463,"[17949, 3]",29,58,26,0
46464,"[17950, 0]",1,41,18,0
46465,"[17951, 0]",1,158,64,0
46466,"[17952, 0]",1,156,64,0
46467,"[17953, 0]",1,158,64,0
46468,"[17954, 0]",1,0,0,0
46469,"[17954, 1]",3,0,0,0
46470,"[17954, 2]",2,0,0,0
46471,"[17954, 3]",41,0,0,-1
46472,"[17954, 4]",37,0,0,-1
46473,"[17954, 5]",34,0,0,0
46474,"[17954, 6]",126,158,64,0
46475,"[17954, 7]",119,156,64,0
46476,"[17954, 8]",118,0,0,0
46477,"[17954, 9]",116,0,0,0
46478,"[17954, 10]",100,53,24,-1
46479,"[17954, 11]",96,0,0,-1
46480,"[17954, 12]",95,0,0,1
46481,"[17954, 13]",71,158,64,-1
46482,"[17954, 14]",261,53,24,0
46483,"[17954, 15]",260,2,1,0
46484,"[17954, 16]",258,0,0,0
46485,"[17954, 17]",250,0,0,3
46486,"[17954, 18]",202,158,64,-1
46487,"[17954, 19]",188,41,18,0
46488,"[17954, 20]",406,54,24,0
46489,"[17954, 21]",336,57,26,0
46490,"[17955, 0]",1,2,1,0
46491,"[17956, 0]",1,158,64,1
46492,"[17957, 0]",1,0,0,0
46493,"[17957, 1]",2,158,64,0
46494,"[17958, 0]",1,2,1,1
46495,"[17959, 0]",1,0,0,0
46496,"[17959, 1]",2,0,0,0
46497,"[17959, 2]",22,0,0,0
46498,"[17959, 3]",73,158,64,0
46499,"[17960, 0]",1,0,0,0
46500,"[17960, 1]",2,0,0,0
46501,"[17960, 2]",57,0,0,0
46502,"[17960, 3]",68,0,0,1
46503,"[17960, 4]",118,158,64,2
46504,"[17961, 0]",1,2,1,1
46505,"[17962, 0]",1,0,0,0
46506,"[17962, 1]",6,158,64,0
46507,"[17962, 2]",4,0,0,0
46508,"[17962, 3]",2,0,0,0
46509,"[17962, 4]",32,41,18,0
46510,"[17962, 5]",26,0,0,0
46511,"[17962, 6]",63,158,64,-1
46512,"[17963, 0]",1,2,1,0
46513,"[17964, 0]",1,0,0,1
46514,"[17964, 1]",2,158,64,0
46515,"[17965, 0]",1,158,64,0
46516,"[17966, 0]",1,0,0,0
46517,"[17966, 1]",2,158,64,0
46518,"[17967, 0]",1,156,64,0
46519,"[17968, 0]",1,2,1,0
46520,"[17969, 0]",1,158,64,0
46521,"[17970, 0]",1,158,64,0
46522,"[17971, 0]",1,57,26,0
46523,"[17972, 0]",1,0,0,0
46524,"[17972, 1]",2,41,18,0
46525,"[17973, 0]",1,0,0,0
46526,"[17973, 1]",2,41,18,0
46527,"[17974, 0]",1,0,0,0
46528,"[17974, 1]",2,57,26,0
46529,"[17975, 0]",1,158,64,0
46530,"[17976, 0]",1,158,64,0
46531,"[17977, 0]",1,0,0,0
46532,"[17977, 1]",2,158,64,-1
46533,"[17978, 0]",1,0,0,0
46534,"[17978, 1]",2,2,1,0
46535,"[17979, 0]",1,41,18,0
46536,"[17980, 0]",1,0,0,0
46537,"[17980, 1]",8,41,18,0
46538,"[17980, 2]",7,158,64,0
46539,"[17980, 3]",6,0,0,0
46540,"[17980, 4]",4,0,0,0
46541,"[17980, 5]",2,0,0,0
46542,"[17980, 6]",74,0,0,0
46543,"[17980, 7]",73,0,0,0
46544,"[17980, 8]",57,41,18,0
46545,"[17980, 9]",41,156,64,0
46546,"[17980, 10]",101,41,18,0
46547,"[17980, 11]",97,57,26,0
46548,"[17981, 0]",1,0,0,0
46549,"[17981, 1]",2,41,18,0
46550,"[17982, 0]",1,158,64,0
46551,"[17983, 0]",1,2,1,0
46552,"[17984, 0]",1,0,0,0
46553,"[17984, 1]",3,0,0,0
46554,"[17984, 2]",2,0,0,0
46555,"[17984, 3]",44,2,1,0
46556,"[17984, 4]",42,158,64,0
46557,"[17984, 5]",41,0,0,0
46558,"[17984, 6]",36,0,0,0
46559,"[17984, 7]",35,0,0,0
46560,"[17984, 8]",108,41,18,0
46561,"[17984, 9]",105,156,64,0
46562,"[17984, 10]",70,0,0,0
46563,"[17984, 11]",154,57,26,0
46564,"[17985, 0]",1,51,24,0
46565,"[17986, 0]",1,0,0,0
46566,"[17986, 1]",2,41,18,0
46567,"[17987, 0]",1,57,26,0
46568,"[17988, 0]",1,158,64,0
46569,"[17989, 0]",1,0,0,0
46570,"[17989, 1]",2,41,18,1
46571,"[17990, 0]",1,2,1,0
46572,"[17991, 0]",1,0,0,0
46573,"[17991, 1]",2,156,64,1
46574,"[17992, 0]",1,0,0,1
46575,"[17992, 1]",4,158,64,0
46576,"[17992, 2]",3,0,0,0
46577,"[17992, 3]",2,0,0,0
46578,"[17992, 4]",25,41,18,0
46579,"[17992, 5]",24,0,0,0
46580,"[17992, 6]",21,57,26,0
46581,"[17992, 7]",56,57,26,0
46582,"[17992, 8]",55,0,0,0
46583,"[17992, 9]",158,0,0,0
46584,"[17992, 10]",231,158,64,-1
46585,"[17993, 0]",1,0,0,0
46586,"[17993, 1]",2,0,0,0
46587,"[17993, 2]",28,57,26,0
46588,"[17994, 0]",1,0,0,0
46589,"[17994, 1]",5,0,0,0
46590,"[17994, 2]",2,0,0,0
46591,"[17994, 3]",41,158,64,0
46592,"[17994, 4]",21,158,64,8
46593,"[17995, 0]",1,158,64,0
46594,"[17996, 0]",1,158,64,0
46595,"[17997, 0]",1,41,18,0
46596,"[17998, 0]",1,0,0,0
46597,"[17998, 1]",2,41,18,0
46598,"[17999, 0]",1,158,64,1
46599,"[18000, 0]",1,0,0,0
46600,"[18000, 1]",6,158,64,0
46601,"[18000, 2]",4,0,0,0
46602,"[18000, 3]",2,0,0,0
46603,"[18000, 4]",47,158,64,0
46604,"[18000, 5]",41,2,1,0
46605,"[18001, 0]",1,0,0,0
46606,"[18001, 1]",2,156,64,1
46607,"[18002, 0]",1,0,0,0
46608,"[18002, 1]",2,57,26,0
46609,"[18003, 0]",1,0,0,0
46610,"[18003, 1]",2,57,26,0
46611,"[18004, 0]",1,2,1,0
46612,"[18005, 0]",1,158,64,0
46613,"[18006, 0]",1,158,64,0
46614,"[18007, 0]",1,0,0,0
46615,"[18007, 1]",5,54,24,0
46616,"[18007, 2]",4,0,0,0
46617,"[18007, 3]",3,0,0,0
46618,"[18007, 4]",2,0,0,0
46619,"[18007, 5]",31,158,64,0
46620,"[18007, 6]",30,158,64,0
46621,"[18007, 7]",26,0,0,-1
46622,"[18007, 8]",22,57,26,0
46623,"[18007, 9]",75,158,64,7
46624,"[18008, 0]",1,158,64,0
46625,"[18009, 0]",1,0,0,0
46626,"[18009, 1]",2,37,18,0
46627,"[18010, 0]",1,41,18,0
46628,"[18011, 0]",1,158,64,0
46629,"[18012, 0]",1,156,64,0
46630,"[18013, 0]",1,0,0,0
46631,"[18013, 1]",2,41,18,0
46632,"[18014, 0]",1,41,18,0
46633,"[18015, 0]",1,41,18,0
46634,"[18016, 0]",1,0,0,0
46635,"[18016, 1]",6,0,0,2
46636,"[18016, 2]",4,158,64,-1
46637,"[18016, 3]",38,158,64,2
46638,"[18017, 0]",1,158,64,0
46639,"[18018, 0]",1,0,0,0
46640,"[18018, 1]",2,0,0,0
46641,"[18018, 2]",31,0,0,0
46642,"[18018, 3]",69,158,64,0
46643,"[18019, 0]",1,158,64,1
46644,"[18020, 0]",1,0,0,0
46645,"[18020, 1]",2,57,26,0
46646,"[18021, 0]",1,0,0,0
46647,"[18021, 1]",2,156,64,0
46648,"[18022, 0]",1,0,0,0
46649,"[18022, 1]",2,0,0,0
46650,"[18022, 2]",23,63,28,0
46651,"[18023, 0]",1,0,0,0
46652,"[18023, 1]",2,158,64,0
46653,"[18024, 0]",1,57,26,0
46654,"[18025, 0]",1,57,26,0
46655,"[18026, 0]",1,158,64,0
46656,"[18027, 0]",1,0,0,0
46657,"[18028, 0]",1,41,18,0
46658,"[18029, 0]",1,158,64,0
46659,"[18030, 0]",1,156,64,0
46660,"[18031, 0]",1,0,0,0
46661,"[18031, 1]",3,0,0,0
46662,"[18031, 2]",2,0,0,0
46663,"[18031, 3]",43,0,0,0
46664,"[18031, 4]",39,158,64,0
46665,"[18031, 5]",48,41,18,0
46666,"[18032, 0]",1,158,64,0
46667,"[18033, 0]",1,41,18,0
46668,"[18034, 0]",1,0,0,0
46669,"[18034, 1]",2,158,64,0
46670,"[18035, 0]",1,158,64,0
46671,"[18036, 0]",1,0,0,0
46672,"[18036, 1]",2,158,64,-1
46673,"[18037, 0]",1,0,0,0
46674,"[18037, 1]",2,41,18,0
46675,"[18038, 0]",1,0,0,0
46676,"[18038, 1]",2,41,18,0
46677,"[18039, 0]",1,0,0,0
46678,"[18039, 1]",2,158,64,0
46679,"[18040, 0]",1,0,0,0
46680,"[18040, 1]",6,156,64,0
46681,"[18040, 2]",4,0,0,0
46682,"[18040, 3]",2,0,0,0
46683,"[18040, 4]",61,0,0,0
46684,"[18040, 5]",60,0,0,0
46685,"[18040, 6]",59,0,0,0
46686,"[18040, 7]",45,158,64,0
46687,"[18040, 8]",85,2,1,0
46688,"[18040, 9]",82,158,64,0
46689,"[18040, 10]",77,158,64,0
46690,"[18041, 0]",1,158,64,0
46691,"[18042, 0]",1,61,28,0
46692,"[18043, 0]",1,158,64,0
46693,"[18044, 0]",1,158,64,0
46694,"[18045, 0]",1,0,0,0
46695,"[18045, 1]",4,64,29,0
46696,"[18045, 2]",3,0,0,0
46697,"[18045, 3]",2,0,0,0
46698,"[18045, 4]",24,41,18,0
46699,"[18045, 5]",23,0,0,0
46700,"[18045, 6]",21,0,0,0
46701,"[18045, 7]",14,41,18,0
46702,"[18045, 8]",48,158,64,0
46703,"[18045, 9]",46,0,0,0
46704,"[18045, 10]",45,0,0,0
46705,"[18045, 11]",39,0,0,0
46706,"[18045, 12]",214,41,18,0
46707,"[18045, 13]",184,158,64,0
46708,"[18045, 14]",181,41,18,0
46709,"[18046, 0]",1,158,64,0
46710,"[18047, 0]",1,0,0,0
46711,"[18047, 1]",2,0,0,0
46712,"[18047, 2]",81,41,18,0
46713,"[18048, 0]",1,2,1,0
46714,"[18049, 0]",1,0,0,0
46715,"[18049, 1]",2,0,0,0
46716,"[18049, 2]",35,0,0,0
46717,"[18049, 3]",58,158,64,0
46718,"[18050, 0]",1,0,0,0
46719,"[18050, 1]",2,158,64,2
46720,"[18051, 0]",1,158,64,0
46721,"[18052, 0]",1,0,0,0
46722,"[18052, 1]",2,158,64,0
46723,"[18053, 0]",1,0,0,0
46724,"[18053, 1]",2,2,1,30
46725,"[18054, 0]",1,41,18,0
46726,"[18055, 0]",1,54,24,0
46727,"[18056, 0]",1,41,18,0
46728,"[18057, 0]",1,0,0,0
46729,"[18057, 1]",2,158,64,-1
46730,"[18058, 0]",1,158,64,0
46731,"[18059, 0]",1,0,0,0
46732,"[18059, 1]",2,57,26,0
46733,"[18060, 0]",1,0,0,0
46734,"[18060, 1]",2,41,18,0
46735,"[18061, 0]",1,0,0,0
46736,"[18061, 1]",2,0,0,0
46737,"[18061, 2]",64,156,64,0
46738,"[18062, 0]",1,0,0,0
46739,"[18062, 1]",2,41,18,0
46740,"[18063, 0]",1,41,18,0
46741,"[18064, 0]",1,0,0,0
46742,"[18064, 1]",3,0,0,0
46743,"[18064, 2]",2,0,0,0
46744,"[18064, 3]",11,41,18,0
46745,"[18064, 4]",8,158,64,0
46746,"[18065, 0]",1,41,18,0
46747,"[18066, 0]",1,41,18,0
46748,"[18067, 0]",1,0,0,0
46749,"[18067, 1]",6,156,64,-1
46750,"[18067, 2]",4,158,64,-1
46751,"[18068, 0]",1,0,0,0
46752,"[18068, 1]",2,158,64,0
46753,"[18069, 0]",1,156,64,0
46754,"[18070, 0]",1,0,0,0
46755,"[18070, 1]",2,0,0,0
46756,"[18070, 2]",16,158,64,7
46757,"[18071, 0]",1,158,64,0
46758,"[18072, 0]",1,41,18,0
46759,"[18073, 0]",1,158,64,0
46760,"[18074, 0]",1,0,0,0
46761,"[18074, 1]",2,0,0,0
46762,"[18074, 2]",69,158,64,0
46763,"[18075, 0]",1,158,64,0
46764,"[18076, 0]",1,54,24,0
46765,"[18077, 0]",1,158,64,1
46766,"[18078, 0]",1,0,0,0
46767,"[18078, 1]",2,158,64,0
46768,"[18079, 0]",1,41,18,1
46769,"[18080, 0]",1,158,64,0
46770,"[18081, 0]",1,0,0,0
46771,"[18081, 1]",3,0,0,0
46772,"[18081, 2]",2,0,0,0
46773,"[18081, 3]",58,0,0,0
46774,"[18081, 4]",57,59,28,0
46775,"[18081, 5]",53,53,24,0
46776,"[18081, 6]",52,156,64,0
46777,"[18081, 7]",83,158,64,0
46778,"[18082, 0]",1,0,0,0
46779,"[18082, 1]",5,57,26,0
46780,"[18082, 2]",4,0,0,0
46781,"[18082, 3]",2,0,0,0
46782,"[18082, 4]",32,0,0,0
46783,"[18082, 5]",20,0,0,0
46784,"[18082, 6]",59,57,26,-1
46785,"[18082, 7]",44,2,1,0
46786,"[18083, 0]",1,0,0,0
46787,"[18083, 1]",2,41,18,0
46788,"[18084, 0]",1,0,0,0
46789,"[18084, 1]",5,158,64,0
46790,"[18084, 2]",3,0,0,0
46791,"[18084, 3]",2,0,0,0
46792,"[18084, 4]",33,0,0,0
46793,"[18084, 5]",28,41,18,0
46794,"[18084, 6]",73,57,26,0
46795,"[18085, 0]",1,41,18,0
46796,"[18086, 0]",1,0,0,0
46797,"[18086, 1]",2,0,0,0
46798,"[18086, 2]",17,41,18,0
46799,"[18087, 0]",1,55,26,0
46800,"[18088, 0]",1,158,64,0
46801,"[18089, 0]",1,2,1,0
46802,"[18090, 0]",1,156,64,0
46803,"[18091, 0]",1,54,24,0
46804,"[18092, 0]",1,0,0,0
46805,"[18092, 1]",2,57,26,0
46806,"[18093, 0]",1,158,64,0
46807,"[18094, 0]",1,0,0,2
46808,"[18094, 1]",4,158,64,0
46809,"[18095, 0]",1,55,26,1
46810,"[18096, 0]",1,57,26,0
46811,"[18097, 0]",1,41,18,0
46812,"[18098, 0]",1,158,64,0
46813,"[18099, 0]",1,156,64,0
46814,"[18100, 0]",1,0,0,0
46815,"[18100, 1]",2,158,64,0
46816,"[18101, 0]",1,0,0,0
46817,"[18101, 1]",2,158,64,0
46818,"[18102, 0]",1,59,28,0
46819,"[18103, 0]",1,0,0,0
46820,"[18103, 1]",2,0,0,0
46821,"[18103, 2]",38,158,64,0
46822,"[18104, 0]",1,158,64,0
46823,"[18105, 0]",1,53,24,0
46824,"[18106, 0]",1,41,18,0
46825,"[18107, 0]",1,0,0,0
46826,"[18107, 1]",2,57,26,0
46827,"[18108, 0]",1,41,18,0
46828,"[18109, 0]",1,158,64,0
46829,"[18110, 0]",1,158,64,0
46830,"[18111, 0]",1,158,64,0
46831,"[18112, 0]",1,2,1,0
46832,"[18113, 0]",1,41,18,0
46833,"[18114, 0]",1,0,0,0
46834,"[18114, 1]",2,0,0,0
46835,"[18114, 2]",33,57,26,0
46836,"[18115, 0]",1,41,18,0
46837,"[18116, 0]",1,0,0,0
46838,"[18116, 1]",2,0,0,0
46839,"[18116, 2]",35,2,1,0
46840,"[18117, 0]",1,158,64,0
46841,"[18118, 0]",1,158,64,0
46842,"[18119, 0]",1,0,0,0
46843,"[18119, 1]",2,41,18,0
46844,"[18120, 0]",1,0,0,0
46845,"[18120, 1]",2,156,64,0
46846,"[18121, 0]",1,156,64,0
46847,"[18122, 0]",1,158,64,0
46848,"[18123, 0]",1,156,64,0
46849,"[18124, 0]",1,0,0,0
46850,"[18124, 1]",4,41,18,0
46851,"[18124, 2]",3,0,0,0
46852,"[18124, 3]",2,0,0,0
46853,"[18124, 4]",14,158,64,0
46854,"[18124, 5]",10,158,64,0
46855,"[18125, 0]",1,158,64,0
46856,"[18126, 0]",1,0,0,0
46857,"[18126, 1]",2,41,18,0
46858,"[18127, 0]",1,0,0,0
46859,"[18127, 1]",2,41,18,0
46860,"[18128, 0]",1,158,64,0
46861,"[18129, 0]",1,158,64,0
46862,"[18130, 0]",1,57,26,0
46863,"[18131, 0]",1,156,64,0
46864,"[18132, 0]",1,158,64,0
46865,"[18133, 0]",1,158,64,0
46866,"[18134, 0]",1,0,0,0
46867,"[18134, 1]",2,57,26,0
46868,"[18135, 0]",1,0,0,0
46869,"[18135, 1]",2,2,1,0
46870,"[18136, 0]",1,0,0,0
46871,"[18136, 1]",2,55,26,0
46872,"[18137, 0]",1,41,18,0
46873,"[18138, 0]",1,0,0,1
46874,"[18138, 1]",2,0,0,1
46875,"[18138, 2]",51,158,64,0
46876,"[18139, 0]",1,0,0,0
46877,"[18139, 1]",2,158,64,1
46878,"[18140, 0]",1,158,64,0
46879,"[18141, 0]",1,2,1,0
46880,"[18142, 0]",1,158,64,0
46881,"[18143, 0]",1,156,64,0
46882,"[18144, 0]",1,158,64,0
46883,"[18145, 0]",1,156,64,0
46884,"[18146, 0]",1,41,18,0
46885,"[18147, 0]",1,41,18,0
46886,"[18148, 0]",1,0,0,0
46887,"[18148, 1]",2,0,0,0
46888,"[18148, 2]",77,158,64,0
46889,"[18149, 0]",1,158,64,0
46890,"[18150, 0]",1,0,0,0
46891,"[18150, 1]",2,156,64,0
46892,"[18151, 0]",1,156,64,0
46893,"[18152, 0]",1,0,0,0
46894,"[18152, 1]",2,0,0,0
46895,"[18152, 2]",63,156,64,0
46896,"[18153, 0]",1,53,24,0
46897,"[18154, 0]",1,156,64,0
46898,"[18155, 0]",1,0,0,1
46899,"[18155, 1]",2,57,26,0
46900,"[18156, 0]",1,158,64,1
46901,"[18157, 0]",1,0,0,0
46902,"[18157, 1]",2,57,26,0
46903,"[18158, 0]",1,0,0,0
46904,"[18158, 1]",2,0,0,0
46905,"[18158, 2]",16,61,28,7
46906,"[18159, 0]",1,0,0,0
46907,"[18159, 1]",2,41,18,0
46908,"[18160, 0]",1,158,64,1
46909,"[18161, 0]",1,41,18,0
46910,"[18162, 0]",1,158,64,0
46911,"[18163, 0]",1,158,64,0
46912,"[18164, 0]",1,156,64,0
46913,"[18165, 0]",1,57,26,0
46914,"[18166, 0]",1,158,64,0
46915,"[18167, 0]",1,0,0,0
46916,"[18167, 1]",2,0,0,0
46917,"[18167, 2]",29,156,64,0
46918,"[18168, 0]",1,0,0,0
46919,"[18168, 1]",3,0,0,0
46920,"[18168, 2]",2,0,0,0
46921,"[18168, 3]",16,158,64,-1
46922,"[18169, 0]",1,0,0,0
46923,"[18169, 1]",4,2,1,0
46924,"[18169, 2]",2,0,0,0
46925,"[18169, 3]",45,0,0,0
46926,"[18169, 4]",44,0,0,0
46927,"[18169, 5]",43,0,0,0
46928,"[18169, 6]",69,41,18,0
46929,"[18169, 7]",64,158,64,0
46930,"[18169, 8]",58,158,64,0
46931,"[18170, 0]",1,41,18,0
46932,"[18171, 0]",1,158,64,0
46933,"[18172, 0]",1,0,0,0
46934,"[18173, 0]",1,156,64,0
46935,"[18174, 0]",1,0,0,0
46936,"[18174, 1]",2,158,64,6
46937,"[18175, 0]",1,0,0,0
46938,"[18175, 1]",2,41,18,0
46939,"[18176, 0]",1,158,64,0
46940,"[18177, 0]",1,57,26,0
46941,"[18178, 0]",1,0,0,0
46942,"[18178, 1]",2,41,18,0
46943,"[18179, 0]",1,158,64,0
46944,"[18180, 0]",1,158,64,0
46945,"[18181, 0]",1,41,18,0
46946,"[18182, 0]",1,2,1,0
46947,"[18183, 0]",1,156,64,0
46948,"[18184, 0]",1,158,64,0
46949,"[18185, 0]",1,158,64,1
46950,"[18186, 0]",1,41,18,0
46951,"[18187, 0]",1,59,28,0
46952,"[18188, 0]",1,0,0,0
46953,"[18188, 1]",2,158,64,0
46954,"[18189, 0]",1,41,18,0
46955,"[18190, 0]",1,0,0,0
46956,"[18190, 1]",6,158,64,0
46957,"[18190, 2]",3,0,0,0
46958,"[18190, 3]",2,0,0,0
46959,"[18190, 4]",31,2,1,0
46960,"[18190, 5]",28,0,0,0
46961,"[18190, 6]",27,0,0,0
46962,"[18190, 7]",26,0,0,0
46963,"[18190, 8]",21,0,0,0
46964,"[18190, 9]",92,0,0,-1
46965,"[18190, 10]",68,0,0,0
46966,"[18190, 11]",62,158,64,1
46967,"[18190, 12]",58,0,0,0
46968,"[18190, 13]",351,41,18,3
46969,"[18190, 14]",302,156,64,0
46970,"[18190, 15]",238,158,64,6
46971,"[18191, 0]",1,41,18,1
46972,"[18192, 0]",1,2,1,0
46973,"[18193, 0]",1,0,0,0
46974,"[18194, 0]",1,0,0,0
46975,"[18194, 1]",2,57,26,0
46976,"[18195, 0]",1,2,1,0
46977,"[18196, 0]",1,156,64,0
46978,"[18197, 0]",1,0,0,0
46979,"[18197, 1]",2,158,64,0
46980,"[18198, 0]",1,41,18,0
46981,"[18199, 0]",1,0,0,0
46982,"[18199, 1]",4,0,0,0
46983,"[18199, 2]",3,0,0,0
46984,"[18199, 3]",2,0,0,0
46985,"[18199, 4]",51,156,64,0
46986,"[18199, 5]",50,0,0,0
46987,"[18199, 6]",45,0,0,-1
46988,"[18199, 7]",42,0,0,0
46989,"[18199, 8]",183,41,18,0
46990,"[18199, 9]",166,158,64,3
46991,"[18199, 10]",135,158,64,-1
46992,"[18200, 0]",1,0,0,0
46993,"[18200, 1]",2,57,26,0
46994,"[18201, 0]",1,0,0,0
46995,"[18201, 1]",2,0,0,0
46996,"[18201, 2]",22,158,64,0
46997,"[18202, 0]",1,0,0,0
46998,"[18202, 1]",2,158,64,1
46999,"[18203, 0]",1,0,0,0
47000,"[18203, 1]",2,0,0,0
47001,"[18203, 2]",31,57,26,0
47002,"[18204, 0]",1,0,0,0
47003,"[18204, 1]",2,158,64,0
47004,"[18205, 0]",1,57,26,0
47005,"[18206, 0]",1,158,64,0
47006,"[18207, 0]",1,0,0,0
47007,"[18207, 1]",2,0,0,0
47008,"[18207, 2]",46,0,0,0
47009,"[18207, 3]",45,0,0,0
47010,"[18207, 4]",78,0,0,0
47011,"[18207, 5]",74,0,0,0
47012,"[18207, 6]",73,0,0,0
47013,"[18207, 7]",139,41,18,0
47014,"[18207, 8]",136,158,64,0
47015,"[18207, 9]",108,0,0,0
47016,"[18207, 10]",208,0,0,0
47017,"[18207, 11]",236,0,0,0
47018,"[18207, 12]",234,0,0,0
47019,"[18207, 13]",233,0,0,0
47020,"[18207, 14]",384,0,0,0
47021,"[18207, 15]",380,57,26,0
47022,"[18207, 16]",366,57,26,0
47023,"[18207, 17]",405,2,1,0
47024,"[18208, 0]",1,0,0,0
47025,"[18208, 1]",2,54,24,0
47026,"[18209, 0]",1,0,0,0
47027,"[18209, 1]",2,156,64,0
47028,"[18210, 0]",1,158,64,0
47029,"[18211, 0]",1,0,0,0
47030,"[18211, 1]",2,158,64,0
47031,"[18212, 0]",1,158,64,0
47032,"[18213, 0]",1,158,64,0
47033,"[18214, 0]",1,2,1,0
47034,"[18215, 0]",1,158,64,0
47035,"[18216, 0]",1,41,18,0
47036,"[18217, 0]",1,0,0,0
47037,"[18217, 1]",6,0,0,0
47038,"[18217, 2]",5,0,0,0
47039,"[18217, 3]",3,0,0,0
47040,"[18217, 4]",29,156,64,0
47041,"[18217, 5]",18,2,1,-1
47042,"[18217, 6]",15,41,18,32
47043,"[18218, 0]",1,158,64,0
47044,"[18219, 0]",1,41,18,0
47045,"[18220, 0]",1,158,64,0
47046,"[18221, 0]",1,158,64,0
47047,"[18222, 0]",1,0,0,0
47048,"[18222, 1]",2,0,0,0
47049,"[18222, 2]",75,158,64,0
47050,"[18223, 0]",1,2,1,0
47051,"[18224, 0]",1,158,64,1
47052,"[18225, 0]",1,0,0,0
47053,"[18225, 1]",2,158,64,0
47054,"[18226, 0]",1,41,18,0
47055,"[18227, 0]",1,0,0,0
47056,"[18227, 1]",2,2,1,4
47057,"[18228, 0]",1,0,0,0
47058,"[18228, 1]",2,158,64,0
47059,"[18229, 0]",1,158,64,0
47060,"[18230, 0]",1,0,0,0
47061,"[18230, 1]",2,158,64,0
47062,"[18231, 0]",1,53,24,0
47063,"[18232, 0]",1,0,0,0
47064,"[18232, 1]",2,2,1,0
47065,"[18233, 0]",1,41,18,0
47066,"[18234, 0]",1,0,0,0
47067,"[18234, 1]",2,156,64,0
47068,"[18235, 0]",1,57,26,1
47069,"[18236, 0]",1,2,1,0
47070,"[18237, 0]",1,156,64,0
47071,"[18238, 0]",1,158,64,0
47072,"[18239, 0]",1,158,64,0
47073,"[18240, 0]",1,158,64,0
47074,"[18241, 0]",1,57,26,0
47075,"[18242, 0]",1,41,18,0
47076,"[18243, 0]",1,158,64,0
47077,"[18244, 0]",1,0,0,0
47078,"[18244, 1]",2,41,18,0
47079,"[18245, 0]",1,158,64,0
47080,"[18246, 0]",1,156,64,0
47081,"[18247, 0]",1,0,0,0
47082,"[18247, 1]",6,2,1,0
47083,"[18247, 2]",4,0,0,0
47084,"[18247, 3]",3,0,0,0
47085,"[18247, 4]",2,0,0,0
47086,"[18247, 5]",32,0,0,0
47087,"[18247, 6]",31,0,0,0
47088,"[18247, 7]",30,0,0,0
47089,"[18247, 8]",27,0,0,0
47090,"[18247, 9]",24,57,26,0
47091,"[18247, 10]",80,0,0,0
47092,"[18247, 11]",67,158,64,-1
47093,"[18247, 12]",66,158,64,-1
47094,"[18247, 13]",64,0,0,-1
47095,"[18247, 14]",60,0,0,1
47096,"[18247, 15]",57,158,64,8
47097,"[18247, 16]",194,158,64,0
47098,"[18247, 17]",177,0,0,-1
47099,"[18247, 18]",133,156,64,4
47100,"[18247, 19]",312,158,64,-1
47101,"[18248, 0]",1,0,0,0
47102,"[18248, 1]",3,0,0,-1
47103,"[18248, 2]",2,0,0,-1
47104,"[18248, 3]",39,158,64,-1
47105,"[18248, 4]",38,0,0,-1
47106,"[18248, 5]",34,2,1,-1
47107,"[18248, 6]",33,158,64,-1
47108,"[18248, 7]",94,158,64,-1
47109,"[18248, 8]",93,0,0,-1
47110,"[18248, 9]",297,158,64,-1
47111,"[18249, 0]",1,41,18,1
47112,"[18250, 0]",1,158,64,0
47113,"[18251, 0]",1,0,0,0
47114,"[18251, 1]",2,158,64,0
47115,"[18252, 0]",1,61,28,0
47116,"[18253, 0]",1,0,0,0
47117,"[18253, 1]",2,156,64,4
47118,"[18254, 0]",1,158,64,0
47119,"[18255, 0]",1,0,0,0
47120,"[18255, 1]",3,41,18,0
47121,"[18255, 2]",2,41,18,0
47122,"[18256, 0]",1,0,0,0
47123,"[18256, 1]",2,0,0,0
47124,"[18256, 2]",38,41,18,0
47125,"[18257, 0]",1,0,0,0
47126,"[18257, 1]",2,57,26,0
47127,"[18258, 0]",1,0,0,0
47128,"[18258, 1]",2,41,18,0
47129,"[18259, 0]",1,0,0,0
47130,"[18259, 1]",2,0,0,0
47131,"[18259, 2]",29,158,64,0
47132,"[18260, 0]",1,0,0,0
47133,"[18260, 1]",2,158,64,0
47134,"[18261, 0]",1,0,0,0
47135,"[18261, 1]",2,41,18,0
47136,"[18262, 0]",1,41,18,0
47137,"[18263, 0]",1,53,24,0
47138,"[18264, 0]",1,158,64,0
47139,"[18265, 0]",1,0,0,0
47140,"[18265, 1]",2,41,18,0
47141,"[18266, 0]",1,57,26,0
47142,"[18267, 0]",1,0,0,0
47143,"[18267, 1]",2,156,64,0
47144,"[18268, 0]",1,0,0,0
47145,"[18268, 1]",2,55,26,-1
47146,"[18269, 0]",1,0,0,0
47147,"[18269, 1]",3,0,0,0
47148,"[18269, 2]",2,0,0,0
47149,"[18269, 3]",42,156,64,0
47150,"[18269, 4]",35,0,0,0
47151,"[18269, 5]",104,57,26,0
47152,"[18270, 0]",1,0,0,0
47153,"[18270, 1]",2,0,0,0
47154,"[18270, 2]",37,0,0,0
47155,"[18270, 3]",36,2,1,0
47156,"[18270, 4]",35,0,0,0
47157,"[18270, 5]",75,158,64,0
47158,"[18270, 6]",68,2,1,0
47159,"[18271, 0]",1,64,29,0
47160,"[18272, 0]",1,54,24,0
47161,"[18273, 0]",1,57,26,0
47162,"[18274, 0]",1,158,64,0
47163,"[18275, 0]",1,0,0,0
47164,"[18275, 1]",2,158,64,0
47165,"[18276, 0]",1,0,0,0
47166,"[18276, 1]",2,41,18,0
47167,"[18277, 0]",1,0,0,0
47168,"[18277, 1]",2,0,0,0
47169,"[18277, 2]",28,0,0,14
47170,"[18277, 3]",36,57,26,21
47171,"[18278, 0]",1,158,64,1
47172,"[18279, 0]",1,158,64,0
47173,"[18280, 0]",1,0,0,0
47174,"[18280, 1]",2,41,18,27
47175,"[18281, 0]",1,0,0,0
47176,"[18281, 1]",2,57,26,0
47177,"[18282, 0]",1,158,64,0
47178,"[18283, 0]",1,0,0,0
47179,"[18283, 1]",2,0,0,0
47180,"[18283, 2]",32,0,0,0
47181,"[18283, 3]",31,0,0,0
47182,"[18283, 4]",40,0,0,1
47183,"[18283, 5]",37,158,64,0
47184,"[18283, 6]",55,158,64,0
47185,"[18284, 0]",1,0,0,0
47186,"[18284, 1]",6,2,1,0
47187,"[18284, 2]",5,0,0,0
47188,"[18284, 3]",3,41,18,0
47189,"[18284, 4]",10,156,64,8
47190,"[18285, 0]",1,41,18,0
47191,"[18286, 0]",1,0,0,0
47192,"[18286, 1]",2,41,18,8
47193,"[18287, 0]",1,59,28,0
47194,"[18288, 0]",1,158,64,0
47195,"[18289, 0]",1,0,0,0
47196,"[18289, 1]",5,158,64,0
47197,"[18289, 2]",3,0,0,0
47198,"[18289, 3]",2,0,0,0
47199,"[18289, 4]",39,0,0,0
47200,"[18289, 5]",35,0,0,0
47201,"[18289, 6]",86,2,1,3
47202,"[18289, 7]",64,158,64,0
47203,"[18290, 0]",1,0,0,0
47204,"[18290, 1]",2,57,26,0
47205,"[18291, 0]",1,57,26,0
47206,"[18292, 0]",1,158,64,0
47207,"[18293, 0]",1,41,18,0
47208,"[18294, 0]",1,41,18,0
47209,"[18295, 0]",1,0,0,0
47210,"[18295, 1]",2,41,18,0
47211,"[18296, 0]",1,0,0,0
47212,"[18296, 1]",2,158,64,0
47213,"[18297, 0]",1,0,0,0
47214,"[18297, 1]",2,158,64,0
47215,"[18298, 0]",1,0,0,1
47216,"[18298, 1]",4,156,64,0
47217,"[18299, 0]",1,156,64,0
47218,"[18300, 0]",1,0,0,0
47219,"[18300, 1]",2,41,18,0
47220,"[18301, 0]",1,0,0,0
47221,"[18301, 1]",6,0,0,0
47222,"[18301, 2]",4,53,24,0
47223,"[18301, 3]",3,158,64,0
47224,"[18301, 4]",2,0,0,0
47225,"[18301, 5]",34,156,64,0
47226,"[18301, 6]",13,156,64,1
47227,"[18302, 0]",1,0,0,0
47228,"[18302, 1]",2,57,26,0
47229,"[18303, 0]",1,41,18,0
47230,"[18304, 0]",1,0,0,0
47231,"[18304, 1]",2,158,64,0
47232,"[18305, 0]",1,158,64,0
47233,"[18306, 0]",1,0,0,0
47234,"[18306, 1]",2,158,64,0
47235,"[18307, 0]",1,158,64,0
47236,"[18308, 0]",1,0,0,0
47237,"[18308, 1]",4,53,24,0
47238,"[18308, 2]",2,0,0,0
47239,"[18308, 3]",23,0,0,0
47240,"[18308, 4]",22,0,0,0
47241,"[18308, 5]",67,0,0,-1
47242,"[18308, 6]",66,0,0,-1
47243,"[18308, 7]",64,0,0,-1
47244,"[18308, 8]",59,158,64,0
47245,"[18308, 9]",58,158,64,0
47246,"[18308, 10]",57,158,64,0
47247,"[18308, 11]",56,0,0,0
47248,"[18308, 12]",157,0,0,0
47249,"[18308, 13]",115,158,64,1
47250,"[18308, 14]",104,2,1,-1
47251,"[18308, 15]",101,0,0,-1
47252,"[18308, 16]",361,41,18,1
47253,"[18308, 17]",172,57,26,0
47254,"[18309, 0]",1,0,0,0
47255,"[18309, 1]",2,0,0,-1
47256,"[18309, 2]",16,158,64,7
47257,"[18310, 0]",1,158,64,0
47258,"[18311, 0]",1,0,0,0
47259,"[18311, 1]",2,0,0,0
47260,"[18311, 2]",34,158,64,0
47261,"[18311, 3]",33,158,64,0
47262,"[18312, 0]",1,0,0,0
47263,"[18312, 1]",2,41,18,0
47264,"[18313, 0]",1,158,64,0
47265,"[18314, 0]",1,41,18,0
47266,"[18315, 0]",1,0,0,0
47267,"[18315, 1]",6,59,28,0
47268,"[18315, 2]",5,41,18,0
47269,"[18315, 3]",2,0,0,0
47270,"[18315, 4]",24,158,64,0
47271,"[18315, 5]",23,2,1,0
47272,"[18316, 0]",1,0,0,1
47273,"[18316, 1]",2,41,18,0
47274,"[18317, 0]",1,41,18,0
47275,"[18318, 0]",1,57,26,0
47276,"[18319, 0]",1,158,64,0
47277,"[18320, 0]",1,156,64,0
47278,"[18321, 0]",1,0,0,0
47279,"[18321, 1]",2,0,0,0
47280,"[18321, 2]",15,158,64,0
47281,"[18322, 0]",1,158,64,0
47282,"[18323, 0]",1,0,0,0
47283,"[18323, 1]",11,0,0,0
47284,"[18323, 2]",9,0,0,0
47285,"[18323, 3]",5,0,0,0
47286,"[18323, 4]",4,0,0,0
47287,"[18323, 5]",3,0,0,0
47288,"[18323, 6]",2,0,0,0
47289,"[18323, 7]",64,158,64,0
47290,"[18323, 8]",62,158,64,0
47291,"[18323, 9]",61,0,0,0
47292,"[18323, 10]",58,0,0,0
47293,"[18323, 11]",57,0,0,0
47294,"[18323, 12]",52,0,0,-1
47295,"[18323, 13]",46,0,0,-1
47296,"[18323, 14]",34,57,26,4
47297,"[18323, 15]",21,158,64,0
47298,"[18323, 16]",138,158,64,4
47299,"[18323, 17]",100,158,64,3
47300,"[18323, 18]",97,158,64,0
47301,"[18323, 19]",87,156,64,0
47302,"[18324, 0]",1,2,1,0
47303,"[18325, 0]",1,0,0,0
47304,"[18325, 1]",2,156,64,0
47305,"[18326, 0]",1,0,0,0
47306,"[18326, 1]",2,158,64,0
47307,"[18327, 0]",1,41,18,1
47308,"[18328, 0]",1,0,0,0
47309,"[18328, 1]",7,0,0,0
47310,"[18328, 2]",5,0,0,0
47311,"[18328, 3]",4,0,0,0
47312,"[18328, 4]",3,0,0,0
47313,"[18328, 5]",50,156,64,0
47314,"[18328, 6]",48,158,64,0
47315,"[18328, 7]",46,158,64,0
47316,"[18328, 8]",36,158,64,0
47317,"[18328, 9]",33,0,0,0
47318,"[18328, 10]",21,0,0,0
47319,"[18328, 11]",211,57,26,0
47320,"[18328, 12]",198,0,0,-1
47321,"[18328, 13]",235,0,0,5
47322,"[18328, 14]",373,53,24,0
47323,"[18329, 0]",1,0,0,0
47324,"[18329, 1]",5,55,26,0
47325,"[18329, 2]",4,0,0,0
47326,"[18329, 3]",3,2,1,0
47327,"[18329, 4]",2,0,0,0
47328,"[18329, 5]",38,158,64,0
47329,"[18329, 6]",36,0,0,0
47330,"[18329, 7]",35,0,0,0
47331,"[18329, 8]",34,0,0,0
47332,"[18329, 9]",28,0,0,7
47333,"[18329, 10]",121,0,0,0
47334,"[18329, 11]",83,0,0,0
47335,"[18329, 12]",79,0,0,0
47336,"[18329, 13]",76,158,64,0
47337,"[18329, 14]",218,158,64,0
47338,"[18329, 15]",196,0,0,0
47339,"[18329, 16]",167,158,64,0
47340,"[18329, 17]",416,41,18,0
47341,"[18329, 18]",414,53,24,0
47342,"[18329, 19]",413,0,0,0
47343,"[18329, 20]",412,0,0,0
47344,"[18329, 21]",682,57,26,0
47345,"[18329, 22]",681,0,0,0
47346,"[18329, 23]",678,0,0,0
47347,"[18329, 24]",886,158,64,0
47348,"[18329, 25]",876,57,26,0
47349,"[18330, 0]",1,158,64,0
47350,"[18331, 0]",1,57,26,0
47351,"[18332, 0]",1,0,0,0
47352,"[18332, 1]",2,37,18,0
47353,"[18333, 0]",1,0,0,0
47354,"[18333, 1]",3,158,64,0
47355,"[18333, 2]",2,158,64,0
47356,"[18334, 0]",1,158,64,0
47357,"[18335, 0]",1,0,0,0
47358,"[18335, 1]",2,158,64,0
47359,"[18336, 0]",1,158,64,0
47360,"[18337, 0]",1,41,18,0
47361,"[18338, 0]",1,0,0,0
47362,"[18338, 1]",2,0,0,0
47363,"[18338, 2]",27,0,0,0
47364,"[18338, 3]",48,54,24,0
47365,"[18339, 0]",1,0,0,0
47366,"[18339, 1]",2,158,64,0
47367,"[18340, 0]",1,41,18,0
47368,"[18341, 0]",1,0,0,0
47369,"[18341, 1]",2,0,0,0
47370,"[18341, 2]",27,158,64,0
47371,"[18342, 0]",1,41,18,0
47372,"[18343, 0]",1,158,64,0
47373,"[18344, 0]",1,0,0,0
47374,"[18344, 1]",2,55,26,0
47375,"[18345, 0]",1,2,1,0
47376,"[18346, 0]",1,0,0,0
47377,"[18346, 1]",2,0,0,0
47378,"[18346, 2]",14,41,18,0
47379,"[18347, 0]",1,57,26,1
47380,"[18348, 0]",1,0,0,0
47381,"[18348, 1]",2,51,24,0
47382,"[18349, 0]",1,57,26,0
47383,"[18350, 0]",1,0,0,0
47384,"[18350, 1]",7,41,18,0
47385,"[18350, 2]",5,0,0,0
47386,"[18350, 3]",3,0,0,0
47387,"[18350, 4]",2,0,0,0
47388,"[18350, 5]",35,2,1,-1
47389,"[18350, 6]",33,2,1,-1
47390,"[18350, 7]",30,0,0,0
47391,"[18350, 8]",26,158,64,0
47392,"[18350, 9]",97,41,18,0
47393,"[18351, 0]",1,0,0,0
47394,"[18351, 1]",2,158,64,0
47395,"[18352, 0]",1,59,28,0
47396,"[18353, 0]",1,158,64,0
47397,"[18354, 0]",1,0,0,0
47398,"[18354, 1]",2,41,18,0
47399,"[18355, 0]",1,0,0,0
47400,"[18355, 1]",2,156,64,0
47401,"[18356, 0]",1,41,18,0
47402,"[18357, 0]",1,0,0,0
47403,"[18357, 1]",2,0,0,0
47404,"[18357, 2]",29,156,64,4
47405,"[18358, 0]",1,53,24,0
47406,"[18359, 0]",1,0,0,0
47407,"[18359, 1]",11,158,64,0
47408,"[18359, 2]",10,2,1,0
47409,"[18359, 3]",9,0,0,0
47410,"[18359, 4]",5,0,0,0
47411,"[18359, 5]",4,0,0,0
47412,"[18359, 6]",3,0,0,0
47413,"[18359, 7]",2,0,0,0
47414,"[18359, 8]",56,158,64,-1
47415,"[18359, 9]",53,0,0,0
47416,"[18359, 10]",52,0,0,0
47417,"[18359, 11]",44,0,0,0
47418,"[18359, 12]",35,158,64,0
47419,"[18359, 13]",29,41,18,1
47420,"[18359, 14]",159,156,64,0
47421,"[18359, 15]",88,158,64,0
47422,"[18359, 16]",84,41,18,0
47423,"[18360, 0]",1,0,0,0
47424,"[18360, 1]",2,57,26,0
47425,"[18361, 0]",1,0,0,0
47426,"[18361, 1]",2,0,0,0
47427,"[18361, 2]",16,158,64,0
47428,"[18362, 0]",1,0,0,0
47429,"[18362, 1]",2,0,0,0
47430,"[18362, 2]",23,158,64,0
47431,"[18363, 0]",1,0,0,0
47432,"[18363, 1]",2,0,0,0
47433,"[18363, 2]",27,0,0,0
47434,"[18363, 3]",37,0,0,0
47435,"[18363, 4]",52,158,64,0
47436,"[18364, 0]",1,158,64,0
47437,"[18365, 0]",1,158,64,0
47438,"[18366, 0]",1,0,0,0
47439,"[18366, 1]",3,0,0,0
47440,"[18366, 2]",2,0,0,0
47441,"[18366, 3]",11,2,1,0
47442,"[18366, 4]",8,158,64,0
47443,"[18367, 0]",1,0,0,0
47444,"[18367, 1]",2,158,64,0
47445,"[18368, 0]",1,156,64,0
47446,"[18369, 0]",1,0,0,0
47447,"[18369, 1]",2,41,18,0
47448,"[18370, 0]",1,41,18,0
47449,"[18371, 0]",1,41,18,0
47450,"[18372, 0]",1,158,64,0
47451,"[18373, 0]",1,0,0,0
47452,"[18373, 1]",2,158,64,0
47453,"[18374, 0]",1,0,0,0
47454,"[18374, 1]",2,0,0,0
47455,"[18374, 2]",16,2,1,0
47456,"[18375, 0]",1,0,0,0
47457,"[18375, 1]",4,158,64,0
47458,"[18376, 0]",1,0,0,0
47459,"[18376, 1]",6,156,64,0
47460,"[18376, 2]",4,0,0,0
47461,"[18376, 3]",3,0,0,0
47462,"[18376, 4]",38,156,64,0
47463,"[18376, 5]",34,2,1,0
47464,"[18377, 0]",1,158,64,0
47465,"[18378, 0]",1,0,0,0
47466,"[18378, 1]",2,0,0,0
47467,"[18378, 2]",20,158,64,-1
47468,"[18379, 0]",1,0,0,0
47469,"[18379, 1]",2,158,64,0
47470,"[18380, 0]",1,0,0,0
47471,"[18380, 1]",2,0,0,0
47472,"[18380, 2]",77,158,64,-1
47473,"[18381, 0]",1,0,0,0
47474,"[18381, 1]",3,158,64,0
47475,"[18381, 2]",2,0,0,0
47476,"[18381, 3]",31,0,0,0
47477,"[18381, 4]",30,0,0,0
47478,"[18381, 5]",28,0,0,0
47479,"[18381, 6]",69,158,64,0
47480,"[18381, 7]",68,41,18,0
47481,"[18381, 8]",67,0,0,0
47482,"[18381, 9]",66,0,0,0
47483,"[18381, 10]",64,0,0,0
47484,"[18381, 11]",55,59,28,0
47485,"[18381, 12]",52,57,26,0
47486,"[18381, 13]",163,57,26,0
47487,"[18381, 14]",161,0,0,0
47488,"[18381, 15]",159,0,0,0
47489,"[18381, 16]",153,41,18,0
47490,"[18381, 17]",150,0,0,0
47491,"[18381, 18]",396,158,64,9
47492,"[18381, 19]",361,156,64,0
47493,"[18381, 20]",347,158,64,0
47494,"[18382, 0]",1,0,0,0
47495,"[18382, 1]",2,0,0,2
47496,"[18382, 2]",42,55,26,0
47497,"[18383, 0]",1,0,0,0
47498,"[18383, 1]",2,0,0,0
47499,"[18383, 2]",25,0,0,0
47500,"[18383, 3]",86,158,64,0
47501,"[18384, 0]",1,158,64,0
47502,"[18385, 0]",1,0,0,0
47503,"[18385, 1]",2,0,0,0
47504,"[18385, 2]",18,37,18,0
47505,"[18386, 0]",1,156,64,0
47506,"[18387, 0]",1,41,18,0
47507,"[18388, 0]",1,158,64,0
47508,"[18389, 0]",1,41,18,0
47509,"[18390, 0]",1,41,18,0
47510,"[18391, 0]",1,158,64,0
47511,"[18392, 0]",1,0,0,0
47512,"[18392, 1]",2,156,64,0
47513,"[18393, 0]",1,0,0,0
47514,"[18393, 1]",4,158,64,0
47515,"[18393, 2]",3,0,0,0
47516,"[18393, 3]",2,0,0,0
47517,"[18393, 4]",26,0,0,0
47518,"[18393, 5]",25,0,0,0
47519,"[18393, 6]",23,0,0,0
47520,"[18393, 7]",18,158,64,0
47521,"[18393, 8]",56,41,18,0
47522,"[18393, 9]",52,58,26,0
47523,"[18393, 10]",47,41,18,0
47524,"[18394, 0]",1,41,18,0
47525,"[18395, 0]",1,57,26,0
47526,"[18396, 0]",1,41,18,0
47527,"[18397, 0]",1,0,0,0
47528,"[18397, 1]",2,158,64,0
47529,"[18398, 0]",1,0,0,0
47530,"[18398, 1]",2,0,0,0
47531,"[18399, 0]",1,156,64,0
47532,"[18400, 0]",1,158,64,1
47533,"[18401, 0]",1,156,64,0
47534,"[18402, 0]",1,0,0,0
47535,"[18402, 1]",2,41,18,0
47536,"[18403, 0]",1,54,24,0
47537,"[18404, 0]",1,0,0,0
47538,"[18404, 1]",2,0,0,0
47539,"[18404, 2]",45,158,64,8
47540,"[18405, 0]",1,0,0,0
47541,"[18405, 1]",2,158,64,0
47542,"[18406, 0]",1,0,0,0
47543,"[18406, 1]",2,158,64,4
47544,"[18407, 0]",1,0,0,0
47545,"[18407, 1]",2,57,26,0
47546,"[18408, 0]",1,0,0,0
47547,"[18408, 1]",2,158,64,1
47548,"[18409, 0]",1,158,64,0
47549,"[18410, 0]",1,0,0,0
47550,"[18410, 1]",2,158,64,-1
47551,"[18411, 0]",1,0,0,0
47552,"[18411, 1]",2,57,26,0
47553,"[18412, 0]",1,158,64,0
47554,"[18413, 0]",1,0,0,0
47555,"[18413, 1]",2,0,0,0
47556,"[18413, 2]",20,158,64,0
47557,"[18414, 0]",1,156,64,0
47558,"[18415, 0]",1,0,0,0
47559,"[18415, 1]",5,158,64,0
47560,"[18416, 0]",1,57,26,0
47561,"[18417, 0]",1,158,64,0
47562,"[18418, 0]",1,0,0,0
47563,"[18418, 1]",2,158,64,0
47564,"[18419, 0]",1,0,0,0
47565,"[18419, 1]",3,0,0,-1
47566,"[18419, 2]",2,0,0,-1
47567,"[18419, 3]",59,57,26,16
47568,"[18419, 4]",58,2,1,3
47569,"[18419, 5]",57,158,64,-1
47570,"[18419, 6]",56,158,64,4
47571,"[18419, 7]",53,0,0,-1
47572,"[18419, 8]",49,0,0,-1
47573,"[18419, 9]",138,0,0,2
47574,"[18419, 10]",104,158,64,-1
47575,"[18419, 11]",168,158,64,-1
47576,"[18420, 0]",1,57,26,0
47577,"[18421, 0]",1,0,0,0
47578,"[18421, 1]",2,158,64,0
47579,"[18422, 0]",1,156,64,0
47580,"[18423, 0]",1,57,26,0
47581,"[18424, 0]",1,158,64,0
47582,"[18425, 0]",1,0,0,0
47583,"[18425, 1]",2,0,0,0
47584,"[18425, 2]",32,57,26,0
47585,"[18426, 0]",1,0,0,1
47586,"[18426, 1]",5,57,26,0
47587,"[18426, 2]",3,0,0,0
47588,"[18426, 3]",2,0,0,0
47589,"[18426, 4]",41,0,0,0
47590,"[18426, 5]",39,0,0,0
47591,"[18426, 6]",35,0,0,0
47592,"[18426, 7]",34,2,1,0
47593,"[18426, 8]",98,0,0,0
47594,"[18426, 9]",67,0,0,0
47595,"[18426, 10]",55,41,18,0
47596,"[18426, 11]",205,41,18,0
47597,"[18426, 12]",164,158,64,0
47598,"[18427, 0]",1,158,64,0
47599,"[18428, 0]",1,0,0,0
47600,"[18428, 1]",2,57,26,0
47601,"[18429, 0]",1,41,18,0
47602,"[18430, 0]",1,0,0,0
47603,"[18430, 1]",7,41,18,0
47604,"[18430, 2]",5,0,0,0
47605,"[18430, 3]",4,0,0,0
47606,"[18430, 4]",3,0,0,0
47607,"[18430, 5]",2,0,0,0
47608,"[18430, 6]",51,158,64,0
47609,"[18430, 7]",50,41,18,0
47610,"[18430, 8]",49,0,0,0
47611,"[18430, 9]",46,0,0,0
47612,"[18430, 10]",45,0,0,0
47613,"[18430, 11]",38,0,0,2
47614,"[18430, 12]",31,158,64,0
47615,"[18430, 13]",169,158,64,0
47616,"[18430, 14]",98,0,0,0
47617,"[18430, 15]",95,0,0,-1
47618,"[18430, 16]",77,158,64,0
47619,"[18430, 17]",350,53,24,14
47620,"[18430, 18]",334,156,64,4
47621,"[18431, 0]",1,0,0,0
47622,"[18431, 1]",2,158,64,0
47623,"[18432, 0]",1,0,0,0
47624,"[18432, 1]",2,0,0,0
47625,"[18432, 2]",18,0,0,-1
47626,"[18432, 3]",37,158,64,-1
47627,"[18433, 0]",1,57,26,0
47628,"[18434, 0]",1,0,0,0
47629,"[18434, 1]",2,41,18,3
47630,"[18435, 0]",1,2,1,0
47631,"[18436, 0]",1,0,0,0
47632,"[18436, 1]",2,158,64,0
47633,"[18437, 0]",1,158,64,0
47634,"[18438, 0]",1,0,0,0
47635,"[18438, 1]",6,41,18,0
47636,"[18438, 2]",4,0,0,0
47637,"[18438, 3]",2,0,0,0
47638,"[18438, 4]",57,0,0,0
47639,"[18438, 5]",56,54,24,0
47640,"[18438, 6]",50,2,1,0
47641,"[18438, 7]",75,59,28,0
47642,"[18439, 0]",1,59,28,0
47643,"[18440, 0]",1,0,0,0
47644,"[18440, 1]",2,0,0,0
47645,"[18440, 2]",21,2,1,8
47646,"[18441, 0]",1,57,26,1
47647,"[18442, 0]",1,158,64,0
47648,"[18443, 0]",1,57,26,0
47649,"[18444, 0]",1,57,26,0
47650,"[18445, 0]",1,158,64,0
47651,"[18446, 0]",1,41,18,0
47652,"[18447, 0]",1,0,0,0
47653,"[18447, 1]",2,41,18,0
47654,"[18448, 0]",1,0,0,0
47655,"[18448, 1]",2,158,64,0
47656,"[18449, 0]",1,0,0,0
47657,"[18449, 1]",2,0,0,0
47658,"[18449, 2]",16,158,64,4
47659,"[18450, 0]",1,0,0,0
47660,"[18450, 1]",2,158,64,9
47661,"[18451, 0]",1,0,0,0
47662,"[18451, 1]",2,158,64,0
47663,"[18452, 0]",1,0,0,0
47664,"[18452, 1]",2,158,64,-1
47665,"[18453, 0]",1,158,64,0
47666,"[18454, 0]",1,0,0,0
47667,"[18454, 1]",5,0,0,8
47668,"[18454, 2]",2,2,1,-1
47669,"[18454, 3]",42,158,64,0
47670,"[18455, 0]",1,0,0,0
47671,"[18455, 1]",3,0,0,0
47672,"[18455, 2]",2,0,0,0
47673,"[18455, 3]",32,0,0,0
47674,"[18455, 4]",31,0,0,0
47675,"[18455, 5]",28,158,64,0
47676,"[18455, 6]",27,0,0,0
47677,"[18455, 7]",84,41,18,0
47678,"[18455, 8]",66,57,26,0
47679,"[18455, 9]",65,158,64,0
47680,"[18455, 10]",63,0,0,0
47681,"[18455, 11]",60,57,26,0
47682,"[18455, 12]",253,158,64,0
47683,"[18456, 0]",1,158,64,0
47684,"[18457, 0]",1,41,18,0
47685,"[18458, 0]",1,0,0,0
47686,"[18458, 1]",5,156,64,0
47687,"[18458, 2]",3,0,0,0
47688,"[18458, 3]",2,158,64,0
47689,"[18458, 4]",20,158,64,1
47690,"[18459, 0]",1,0,0,1
47691,"[18459, 1]",2,53,24,-1
47692,"[18460, 0]",1,0,0,0
47693,"[18460, 1]",2,41,18,0
47694,"[18461, 0]",1,41,18,0
47695,"[18462, 0]",1,0,0,0
47696,"[18462, 1]",2,158,64,0
47697,"[18463, 0]",1,2,1,0
47698,"[18464, 0]",1,0,0,1
47699,"[18464, 1]",2,158,64,0
47700,"[18465, 0]",1,158,64,0
47701,"[18466, 0]",1,156,64,0
47702,"[18467, 0]",1,0,0,0
47703,"[18467, 1]",4,0,0,0
47704,"[18467, 2]",2,0,0,0
47705,"[18467, 3]",50,158,64,0
47706,"[18467, 4]",49,158,64,0
47707,"[18467, 5]",36,158,64,0
47708,"[18468, 0]",1,57,26,1
47709,"[18469, 0]",1,158,64,0
47710,"[18470, 0]",1,156,64,0
47711,"[18471, 0]",1,41,18,0
47712,"[18472, 0]",1,0,0,0
47713,"[18472, 1]",2,0,0,0
47714,"[18472, 2]",52,158,64,6
47715,"[18473, 0]",1,0,0,0
47716,"[18473, 1]",2,0,0,0
47717,"[18473, 2]",42,156,64,-1
47718,"[18474, 0]",1,54,24,0
47719,"[18475, 0]",1,0,0,0
47720,"[18475, 1]",9,158,64,0
47721,"[18475, 2]",8,57,26,0
47722,"[18475, 3]",5,0,0,0
47723,"[18475, 4]",3,0,0,0
47724,"[18475, 5]",2,0,0,0
47725,"[18475, 6]",56,158,64,0
47726,"[18475, 7]",54,0,0,0
47727,"[18475, 8]",51,156,64,0
47728,"[18475, 9]",46,0,0,0
47729,"[18475, 10]",129,57,26,0
47730,"[18475, 11]",79,0,0,0
47731,"[18475, 12]",78,0,0,0
47732,"[18475, 13]",354,0,0,0
47733,"[18475, 14]",350,0,0,0
47734,"[18475, 15]",429,158,64,1
47735,"[18475, 16]",404,57,26,1
47736,"[18476, 0]",1,41,18,0
47737,"[18477, 0]",1,0,0,0
47738,"[18477, 1]",3,158,64,0
47739,"[18477, 2]",2,0,0,0
47740,"[18477, 3]",29,156,64,7
47741,"[18478, 0]",1,156,64,0
47742,"[18479, 0]",1,0,0,0
47743,"[18479, 1]",2,158,64,1
47744,"[18480, 0]",1,57,26,0
47745,"[18481, 0]",1,0,0,0
47746,"[18481, 1]",2,156,64,0
47747,"[18482, 0]",1,0,0,0
47748,"[18482, 1]",2,0,0,1
47749,"[18483, 0]",1,156,64,0
47750,"[18484, 0]",1,0,0,0
47751,"[18484, 1]",2,0,0,0
47752,"[18484, 2]",50,158,64,0
47753,"[18485, 0]",1,2,1,0
47754,"[18486, 0]",1,0,0,1
47755,"[18486, 1]",2,57,26,1
47756,"[18487, 0]",1,158,64,0
47757,"[18488, 0]",1,158,64,0
47758,"[18489, 0]",1,0,0,0
47759,"[18489, 1]",2,158,64,1
47760,"[18490, 0]",1,0,0,1
47761,"[18490, 1]",5,0,0,0
47762,"[18490, 2]",4,0,0,0
47763,"[18490, 3]",2,0,0,0
47764,"[18490, 4]",53,41,18,0
47765,"[18490, 5]",52,41,18,0
47766,"[18490, 6]",50,0,0,0
47767,"[18490, 7]",36,41,18,0
47768,"[18490, 8]",32,41,18,0
47769,"[18490, 9]",71,0,0,0
47770,"[18490, 10]",70,0,0,0
47771,"[18490, 11]",69,0,0,0
47772,"[18490, 12]",68,0,0,0
47773,"[18490, 13]",222,57,26,0
47774,"[18490, 14]",221,156,64,0
47775,"[18490, 15]",219,0,0,0
47776,"[18490, 16]",218,0,0,0
47777,"[18490, 17]",214,41,18,0
47778,"[18490, 18]",213,158,64,0
47779,"[18490, 19]",209,0,0,0
47780,"[18490, 20]",202,0,0,0
47781,"[18490, 21]",425,57,26,0
47782,"[18490, 22]",384,158,64,0
47783,"[18490, 23]",332,41,18,0
47784,"[18490, 24]",330,0,0,0
47785,"[18490, 25]",322,0,0,0
47786,"[18490, 26]",767,158,64,0
47787,"[18490, 27]",695,158,64,0
47788,"[18490, 28]",693,158,64,0
47789,"[18491, 0]",1,0,0,0
47790,"[18491, 1]",5,158,64,0
47791,"[18491, 2]",3,0,0,0
47792,"[18491, 3]",2,0,0,0
47793,"[18491, 4]",35,41,18,0
47794,"[18492, 0]",1,0,0,1
47795,"[18492, 1]",2,0,0,-1
47796,"[18492, 2]",38,0,0,-1
47797,"[18492, 3]",65,0,0,-1
47798,"[18492, 4]",64,0,0,-1
47799,"[18492, 5]",107,158,64,-1
47800,"[18492, 6]",100,158,64,-1
47801,"[18493, 0]",1,158,64,0
47802,"[18494, 0]",1,0,0,0
47803,"[18494, 1]",2,41,18,0
47804,"[18495, 0]",1,158,64,0
47805,"[18496, 0]",1,158,64,0
47806,"[18497, 0]",1,41,18,0
47807,"[18498, 0]",1,0,0,0
47808,"[18498, 1]",2,0,0,0
47809,"[18498, 2]",51,2,1,0
47810,"[18499, 0]",1,0,0,0
47811,"[18499, 1]",2,53,24,-1
47812,"[18500, 0]",1,0,0,0
47813,"[18500, 1]",2,0,0,0
47814,"[18500, 2]",41,158,64,0
47815,"[18501, 0]",1,0,0,0
47816,"[18501, 1]",2,0,0,0
47817,"[18501, 2]",85,156,64,3
47818,"[18502, 0]",1,0,0,0
47819,"[18502, 1]",2,41,18,0
47820,"[18503, 0]",1,156,64,0
47821,"[18504, 0]",1,41,18,0
47822,"[18505, 0]",1,0,0,0
47823,"[18505, 1]",2,41,18,6
47824,"[18506, 0]",1,158,64,0
47825,"[18507, 0]",1,0,0,0
47826,"[18507, 1]",2,0,0,0
47827,"[18507, 2]",16,158,64,0
47828,"[18508, 0]",1,158,64,0
47829,"[18509, 0]",1,158,64,0
47830,"[18510, 0]",1,0,0,0
47831,"[18510, 1]",2,156,64,-1
47832,"[18511, 0]",1,41,18,0
47833,"[18512, 0]",1,0,0,0
47834,"[18512, 1]",2,57,26,0
47835,"[18513, 0]",1,0,0,0
47836,"[18513, 1]",2,41,18,0
47837,"[18514, 0]",1,0,0,0
47838,"[18514, 1]",2,55,26,0
47839,"[18515, 0]",1,0,0,0
47840,"[18515, 1]",2,57,26,0
47841,"[18516, 0]",1,0,0,0
47842,"[18516, 1]",2,0,0,-1
47843,"[18516, 2]",19,41,18,10
47844,"[18517, 0]",1,0,0,0
47845,"[18517, 1]",2,0,0,0
47846,"[18517, 2]",18,53,24,3
47847,"[18518, 0]",1,0,0,0
47848,"[18518, 1]",2,158,64,0
47849,"[18519, 0]",1,51,24,0
47850,"[18520, 0]",1,156,64,0
47851,"[18521, 0]",1,0,0,0
47852,"[18521, 1]",2,0,0,0
47853,"[18521, 2]",13,158,64,0
47854,"[18522, 0]",1,55,26,0
47855,"[18523, 0]",1,0,0,0
47856,"[18523, 1]",2,0,0,0
47857,"[18523, 2]",16,0,0,0
47858,"[18523, 3]",91,57,26,0
47859,"[18524, 0]",1,0,0,0
47860,"[18524, 1]",3,158,64,0
47861,"[18524, 2]",2,57,26,0
47862,"[18525, 0]",1,0,0,0
47863,"[18525, 1]",2,158,64,0
47864,"[18526, 0]",1,158,64,0
47865,"[18527, 0]",1,41,18,0
47866,"[18528, 0]",1,0,0,0
47867,"[18528, 1]",2,41,18,18
47868,"[18529, 0]",1,0,0,0
47869,"[18529, 1]",2,158,64,0
47870,"[18530, 0]",1,0,0,0
47871,"[18530, 1]",2,0,0,0
47872,"[18530, 2]",25,0,0,0
47873,"[18530, 3]",24,158,64,0
47874,"[18530, 4]",59,158,64,0
47875,"[18531, 0]",1,57,26,0
47876,"[18532, 0]",1,158,64,0
47877,"[18533, 0]",1,158,64,0
47878,"[18534, 0]",1,158,64,0
47879,"[18535, 0]",1,0,0,0
47880,"[18535, 1]",2,57,26,23
47881,"[18536, 0]",1,0,0,0
47882,"[18536, 1]",2,0,0,0
47883,"[18536, 2]",47,0,0,0
47884,"[18536, 3]",61,59,28,0
47885,"[18537, 0]",1,41,18,0
47886,"[18538, 0]",1,57,26,0
47887,"[18539, 0]",1,0,0,0
47888,"[18539, 1]",2,0,0,0
47889,"[18539, 2]",36,0,0,0
47890,"[18539, 3]",63,41,18,0
47891,"[18539, 4]",60,0,0,0
47892,"[18539, 5]",59,0,0,0
47893,"[18539, 6]",90,0,0,0
47894,"[18539, 7]",87,41,18,3
47895,"[18539, 8]",123,158,64,0
47896,"[18540, 0]",1,156,64,0
47897,"[18541, 0]",1,57,26,0
47898,"[18542, 0]",1,0,0,1
47899,"[18542, 1]",2,2,1,-1
47900,"[18543, 0]",1,0,0,0
47901,"[18543, 1]",2,156,64,0
47902,"[18544, 0]",1,0,0,0
47903,"[18544, 1]",5,0,0,0
47904,"[18544, 2]",4,0,0,0
47905,"[18544, 3]",23,158,64,0
47906,"[18544, 4]",20,158,64,1
47907,"[18545, 0]",1,0,0,0
47908,"[18545, 1]",2,0,0,0
47909,"[18545, 2]",14,41,18,0
47910,"[18546, 0]",1,2,1,0
47911,"[18547, 0]",1,0,0,0
47912,"[18547, 1]",2,0,0,0
47913,"[18547, 2]",37,158,64,0
47914,"[18548, 0]",1,0,0,0
47915,"[18548, 1]",2,0,0,0
47916,"[18548, 2]",15,2,1,0
47917,"[18549, 0]",1,158,64,0
47918,"[18550, 0]",1,156,64,1
47919,"[18551, 0]",1,0,0,0
47920,"[18551, 1]",2,0,0,0
47921,"[18551, 2]",23,41,18,0
47922,"[18552, 0]",1,0,0,0
47923,"[18552, 1]",2,156,64,-1
47924,"[18553, 0]",1,41,18,0
47925,"[18554, 0]",1,158,64,1
47926,"[18555, 0]",1,0,0,0
47927,"[18555, 1]",2,41,18,0
47928,"[18556, 0]",1,41,18,0
47929,"[18557, 0]",1,0,0,0
47930,"[18557, 1]",2,41,18,0
47931,"[18558, 0]",1,0,0,0
47932,"[18558, 1]",2,37,18,0
47933,"[18559, 0]",1,0,0,0
47934,"[18559, 1]",2,158,64,-1
47935,"[18560, 0]",1,41,18,0
47936,"[18561, 0]",1,0,0,0
47937,"[18561, 1]",5,158,64,-1
47938,"[18562, 0]",1,158,64,0
47939,"[18563, 0]",1,0,0,0
47940,"[18563, 1]",2,0,0,0
47941,"[18563, 2]",30,158,64,4
47942,"[18564, 0]",1,0,0,0
47943,"[18564, 1]",2,41,18,0
47944,"[18565, 0]",1,57,26,0
47945,"[18566, 0]",1,0,0,0
47946,"[18566, 1]",2,156,64,0
47947,"[18567, 0]",1,0,0,0
47948,"[18567, 1]",2,41,18,0
47949,"[18568, 0]",1,0,0,0
47950,"[18568, 1]",2,158,64,0
47951,"[18569, 0]",1,0,0,0
47952,"[18569, 1]",6,158,64,0
47953,"[18569, 2]",5,0,0,0
47954,"[18569, 3]",4,0,0,0
47955,"[18569, 4]",3,0,0,0
47956,"[18569, 5]",2,0,0,0
47957,"[18569, 6]",55,0,0,0
47958,"[18569, 7]",54,0,0,0
47959,"[18569, 8]",46,41,18,0
47960,"[18569, 9]",41,41,18,0
47961,"[18569, 10]",38,41,18,0
47962,"[18569, 11]",81,158,64,0
47963,"[18569, 12]",78,158,64,0
47964,"[18570, 0]",1,41,18,0
47965,"[18571, 0]",1,0,0,0
47966,"[18571, 1]",2,41,18,0
47967,"[18572, 0]",1,158,64,0
47968,"[18573, 0]",1,0,0,0
47969,"[18573, 1]",2,57,26,0
47970,"[18574, 0]",1,41,18,0
47971,"[18575, 0]",1,0,0,0
47972,"[18575, 1]",2,59,28,0
47973,"[18576, 0]",1,0,0,0
47974,"[18576, 1]",7,158,64,0
47975,"[18576, 2]",6,158,64,0
47976,"[18576, 3]",4,0,0,0
47977,"[18576, 4]",2,0,0,0
47978,"[18576, 5]",50,41,18,0
47979,"[18576, 6]",42,158,64,0
47980,"[18577, 0]",1,158,64,0
47981,"[18578, 0]",1,0,0,0
47982,"[18578, 1]",2,158,64,0
47983,"[18579, 0]",1,158,64,0
47984,"[18580, 0]",1,158,64,0
47985,"[18581, 0]",1,0,0,1
47986,"[18581, 1]",2,158,64,-1
47987,"[18582, 0]",1,0,0,0
47988,"[18582, 1]",2,158,64,0
47989,"[18583, 0]",1,0,0,0
47990,"[18584, 0]",1,0,0,0
47991,"[18584, 1]",2,0,0,-1
47992,"[18584, 2]",27,156,64,3
47993,"[18585, 0]",1,0,0,0
47994,"[18585, 1]",2,41,18,0
47995,"[18586, 0]",1,0,0,0
47996,"[18587, 0]",1,41,18,0
47997,"[18588, 0]",1,0,0,0
47998,"[18588, 1]",2,0,0,2
47999,"[18588, 2]",61,41,18,0
48000,"[18589, 0]",1,0,0,0
48001,"[18589, 1]",2,0,0,0
48002,"[18589, 2]",14,2,1,0
48003,"[18590, 0]",1,0,0,0
48004,"[18590, 1]",2,0,0,0
48005,"[18590, 2]",15,158,64,0
48006,"[18591, 0]",1,41,18,0
48007,"[18592, 0]",1,0,0,0
48008,"[18592, 1]",4,0,0,0
48009,"[18592, 2]",2,0,0,0
48010,"[18592, 3]",39,0,0,0
48011,"[18592, 4]",38,0,0,0
48012,"[18592, 5]",22,156,64,0
48013,"[18592, 6]",47,2,1,0
48014,"[18592, 7]",44,41,18,0
48015,"[18593, 0]",1,0,0,0
48016,"[18593, 1]",2,75,32,0
48017,"[18594, 0]",1,0,0,0
48018,"[18594, 1]",2,158,64,0
48019,"[18595, 0]",1,57,26,0
48020,"[18596, 0]",1,0,0,0
48021,"[18596, 1]",2,2,1,0
48022,"[18597, 0]",1,158,64,0
48023,"[18598, 0]",1,0,0,0
48024,"[18598, 1]",2,41,18,0
48025,"[18599, 0]",1,156,64,0
48026,"[18600, 0]",1,0,0,0
48027,"[18600, 1]",2,0,0,0
48028,"[18600, 2]",42,156,64,0
48029,"[18601, 0]",1,158,64,1
48030,"[18602, 0]",1,2,1,0
48031,"[18603, 0]",1,158,64,0
48032,"[18604, 0]",1,2,1,0
48033,"[18605, 0]",1,41,18,0
48034,"[18606, 0]",1,0,0,0
48035,"[18606, 1]",2,0,0,0
48036,"[18606, 2]",69,158,64,0
48037,"[18607, 0]",1,0,0,0
48038,"[18607, 1]",5,0,0,0
48039,"[18607, 2]",3,0,0,0
48040,"[18607, 3]",2,0,0,0
48041,"[18607, 4]",70,0,0,0
48042,"[18607, 5]",66,57,26,0
48043,"[18607, 6]",64,0,0,0
48044,"[18607, 7]",63,0,0,0
48045,"[18607, 8]",46,158,64,0
48046,"[18607, 9]",143,54,24,0
48047,"[18607, 10]",140,41,18,0
48048,"[18607, 11]",109,0,0,0
48049,"[18607, 12]",310,57,26,0
48050,"[18608, 0]",1,0,0,0
48051,"[18608, 1]",6,158,64,0
48052,"[18608, 2]",2,0,0,0
48053,"[18608, 3]",52,156,64,0
48054,"[18608, 4]",48,0,0,0
48055,"[18608, 5]",47,0,0,0
48056,"[18608, 6]",45,0,0,0
48057,"[18608, 7]",108,41,18,0
48058,"[18608, 8]",107,156,64,0
48059,"[18608, 9]",103,158,64,0
48060,"[18608, 10]",98,41,18,0
48061,"[18609, 0]",1,0,0,0
48062,"[18609, 1]",2,41,18,0
48063,"[18610, 0]",1,0,0,0
48064,"[18610, 1]",6,0,0,0
48065,"[18610, 2]",4,0,0,0
48066,"[18610, 3]",2,0,0,0
48067,"[18610, 4]",46,158,64,0
48068,"[18610, 5]",30,158,64,0
48069,"[18610, 6]",20,57,26,0
48070,"[18611, 0]",1,158,64,0
48071,"[18612, 0]",1,0,0,0
48072,"[18612, 1]",5,41,18,0
48073,"[18612, 2]",4,158,64,0
48074,"[18612, 3]",2,0,0,0
48075,"[18612, 4]",30,158,64,0
48076,"[18613, 0]",1,0,0,0
48077,"[18613, 1]",2,158,64,0
48078,"[18614, 0]",1,0,0,0
48079,"[18614, 1]",2,41,18,0
48080,"[18615, 0]",1,158,64,0
48081,"[18616, 0]",1,0,0,0
48082,"[18616, 1]",7,41,18,0
48083,"[18616, 2]",5,0,0,0
48084,"[18616, 3]",4,0,0,0
48085,"[18616, 4]",2,0,0,0
48086,"[18616, 5]",49,0,0,0
48087,"[18616, 6]",48,0,0,0
48088,"[18616, 7]",47,0,0,0
48089,"[18616, 8]",46,0,0,0
48090,"[18616, 9]",40,41,18,0
48091,"[18616, 10]",33,2,1,0
48092,"[18616, 11]",88,0,0,0
48093,"[18616, 12]",87,0,0,0
48094,"[18616, 13]",84,41,18,0
48095,"[18616, 14]",83,54,24,0
48096,"[18616, 15]",82,59,28,0
48097,"[18616, 16]",80,0,0,0
48098,"[18616, 17]",75,158,64,0
48099,"[18616, 18]",71,41,18,0
48100,"[18616, 19]",287,158,64,0
48101,"[18616, 20]",253,158,64,0
48102,"[18616, 21]",251,158,64,0
48103,"[18616, 22]",250,0,0,0
48104,"[18616, 23]",249,0,0,0
48105,"[18616, 24]",244,0,0,0
48106,"[18616, 25]",643,41,18,0
48107,"[18616, 26]",626,158,64,0
48108,"[18616, 27]",622,57,26,0
48109,"[18617, 0]",1,0,0,0
48110,"[18617, 1]",2,156,64,0
48111,"[18618, 0]",1,0,0,0
48112,"[18618, 1]",2,2,1,0
48113,"[18619, 0]",1,0,0,0
48114,"[18619, 1]",2,158,64,0
48115,"[18620, 0]",1,158,64,0
48116,"[18621, 0]",1,158,64,0
48117,"[18622, 0]",1,0,0,0
48118,"[18622, 1]",4,158,64,0
48119,"[18623, 0]",1,0,0,0
48120,"[18623, 1]",2,0,0,0
48121,"[18623, 2]",26,0,0,0
48122,"[18623, 3]",40,158,64,0
48123,"[18624, 0]",1,2,1,0
48124,"[18625, 0]",1,41,18,0
48125,"[18626, 0]",1,41,18,0
48126,"[18627, 0]",1,0,0,0
48127,"[18627, 1]",2,158,64,0
48128,"[18628, 0]",1,0,0,0
48129,"[18628, 1]",5,158,64,0
48130,"[18628, 2]",4,57,26,0
48131,"[18628, 3]",2,0,0,0
48132,"[18628, 4]",28,156,64,0
48133,"[18628, 5]",26,41,18,0
48134,"[18628, 6]",25,0,0,0
48135,"[18628, 7]",51,158,64,0
48136,"[18629, 0]",1,51,24,0
48137,"[18630, 0]",1,0,0,0
48138,"[18630, 1]",5,59,28,0
48139,"[18630, 2]",4,57,26,0
48140,"[18630, 3]",3,0,0,0
48141,"[18630, 4]",20,41,18,0
48142,"[18631, 0]",1,0,0,0
48143,"[18632, 0]",1,41,18,0
48144,"[18633, 0]",1,0,0,0
48145,"[18633, 1]",2,0,0,0
48146,"[18633, 2]",38,0,0,0
48147,"[18633, 3]",48,0,0,0
48148,"[18633, 4]",70,57,26,0
48149,"[18634, 0]",1,0,0,0
48150,"[18634, 1]",2,0,0,0
48151,"[18634, 2]",17,158,64,0
48152,"[18635, 0]",1,158,64,0
48153,"[18636, 0]",1,158,64,0
48154,"[18637, 0]",1,57,26,0
48155,"[18638, 0]",1,0,0,0
48156,"[18638, 1]",2,158,64,0
48157,"[18639, 0]",1,0,0,0
48158,"[18639, 1]",2,59,28,0
48159,"[18640, 0]",1,158,64,0
48160,"[18641, 0]",1,57,26,0
48161,"[18642, 0]",1,41,18,0
48162,"[18643, 0]",1,156,64,0
48163,"[18644, 0]",1,0,0,0
48164,"[18644, 1]",2,0,0,-1
48165,"[18644, 2]",47,158,64,-1
48166,"[18644, 3]",46,0,0,-1
48167,"[18644, 4]",96,158,64,-1
48168,"[18644, 5]",95,0,0,-1
48169,"[18644, 6]",94,0,0,-1
48170,"[18644, 7]",190,2,1,-1
48171,"[18645, 0]",1,156,64,0
48172,"[18646, 0]",1,41,18,0
48173,"[18647, 0]",1,0,0,0
48174,"[18647, 1]",2,0,0,0
48175,"[18647, 2]",18,158,64,0
48176,"[18648, 0]",1,0,0,0
48177,"[18648, 1]",7,158,64,0
48178,"[18648, 2]",6,158,64,0
48179,"[18648, 3]",5,158,64,0
48180,"[18648, 4]",3,0,0,0
48181,"[18648, 5]",2,0,0,0
48182,"[18648, 6]",47,0,0,0
48183,"[18648, 7]",46,158,64,0
48184,"[18648, 8]",43,158,64,0
48185,"[18648, 9]",73,156,64,0
48186,"[18649, 0]",1,0,0,0
48187,"[18649, 1]",6,57,26,0
48188,"[18649, 2]",4,41,18,0
48189,"[18649, 3]",2,0,0,0
48190,"[18649, 4]",50,2,1,0
48191,"[18649, 5]",49,0,0,0
48192,"[18649, 6]",48,0,0,0
48193,"[18649, 7]",74,0,0,0
48194,"[18649, 8]",71,41,18,0
48195,"[18649, 9]",134,158,64,-1
48196,"[18650, 0]",1,158,64,0
48197,"[18651, 0]",1,0,0,0
48198,"[18651, 1]",2,41,18,23
48199,"[18652, 0]",1,158,64,0
48200,"[18653, 0]",1,0,0,0
48201,"[18653, 1]",2,0,0,0
48202,"[18653, 2]",16,156,64,-1
48203,"[18654, 0]",1,57,26,0
48204,"[18655, 0]",1,0,0,0
48205,"[18655, 1]",2,0,0,0
48206,"[18655, 2]",15,51,24,0
48207,"[18656, 0]",1,0,0,0
48208,"[18656, 1]",2,158,64,0
48209,"[18657, 0]",1,0,0,0
48210,"[18657, 1]",2,59,28,0
48211,"[18658, 0]",1,0,0,0
48212,"[18658, 1]",2,0,0,0
48213,"[18658, 2]",41,0,0,0
48214,"[18658, 3]",53,156,64,0
48215,"[18659, 0]",1,0,0,0
48216,"[18659, 1]",2,0,0,-1
48217,"[18659, 2]",26,158,64,-1
48218,"[18660, 0]",1,0,0,0
48219,"[18660, 1]",2,158,64,4
48220,"[18661, 0]",1,158,64,0
48221,"[18662, 0]",1,57,26,0
48222,"[18663, 0]",1,158,64,0
48223,"[18664, 0]",1,0,0,0
48224,"[18664, 1]",2,158,64,0
48225,"[18665, 0]",1,0,0,0
48226,"[18665, 1]",2,0,0,0
48227,"[18665, 2]",29,158,64,0
48228,"[18666, 0]",1,57,26,0
48229,"[18667, 0]",1,158,64,0
48230,"[18668, 0]",1,51,24,0
48231,"[18669, 0]",1,55,26,0
48232,"[18670, 0]",1,53,24,0
48233,"[18671, 0]",1,0,0,0
48234,"[18671, 1]",2,0,0,-1
48235,"[18671, 2]",13,158,64,-1
48236,"[18672, 0]",1,41,18,0
48237,"[18673, 0]",1,156,64,1
48238,"[18674, 0]",1,156,64,0
48239,"[18675, 0]",1,0,0,0
48240,"[18675, 1]",2,0,0,0
48241,"[18675, 2]",93,0,0,0
48242,"[18675, 3]",110,0,0,0
48243,"[18675, 4]",135,41,18,0
48244,"[18676, 0]",1,0,0,0
48245,"[18676, 1]",3,156,64,2
48246,"[18676, 2]",2,0,0,-1
48247,"[18676, 3]",57,51,24,2
48248,"[18677, 0]",1,0,0,0
48249,"[18677, 1]",2,158,64,0
48250,"[18678, 0]",1,158,64,0
48251,"[18679, 0]",1,0,0,0
48252,"[18679, 1]",2,41,18,0
48253,"[18680, 0]",1,158,64,0
48254,"[18681, 0]",1,0,0,0
48255,"[18681, 1]",2,0,0,17
48256,"[18681, 2]",28,158,64,17
48257,"[18682, 0]",1,158,64,1
48258,"[18683, 0]",1,0,0,0
48259,"[18683, 1]",4,0,0,-1
48260,"[18683, 2]",3,0,0,-1
48261,"[18683, 3]",44,158,64,-1
48262,"[18683, 4]",40,0,0,-1
48263,"[18683, 5]",110,41,18,1
48264,"[18684, 0]",1,55,26,0
48265,"[18685, 0]",1,41,18,0
48266,"[18686, 0]",1,0,0,0
48267,"[18686, 1]",2,0,0,-1
48268,"[18686, 2]",65,41,18,4
48269,"[18687, 0]",1,0,0,0
48270,"[18687, 1]",2,2,1,0
48271,"[18688, 0]",1,158,64,0
48272,"[18689, 0]",1,57,26,0
48273,"[18690, 0]",1,41,18,0
48274,"[18691, 0]",1,0,0,0
48275,"[18691, 1]",3,0,0,0
48276,"[18691, 2]",2,158,64,0
48277,"[18691, 3]",32,156,64,0
48278,"[18692, 0]",1,158,64,0
48279,"[18693, 0]",1,0,0,0
48280,"[18693, 1]",2,2,1,0
48281,"[18694, 0]",1,158,64,0
48282,"[18695, 0]",1,0,0,0
48283,"[18695, 1]",2,158,64,0
48284,"[18696, 0]",1,0,0,0
48285,"[18696, 1]",2,158,64,0
48286,"[18697, 0]",1,57,26,0
48287,"[18698, 0]",1,0,0,0
48288,"[18698, 1]",2,41,18,0
48289,"[18699, 0]",1,37,18,0
48290,"[18700, 0]",1,0,0,0
48291,"[18700, 1]",2,41,18,0
48292,"[18701, 0]",1,158,64,0
48293,"[18702, 0]",1,0,0,0
48294,"[18702, 1]",2,51,24,0
48295,"[18703, 0]",1,41,18,0
48296,"[18704, 0]",1,0,0,0
48297,"[18705, 0]",1,0,0,0
48298,"[18705, 1]",2,0,0,0
48299,"[18705, 2]",33,0,0,0
48300,"[18705, 3]",53,0,0,0
48301,"[18705, 4]",63,57,26,-1
48302,"[18706, 0]",1,2,1,0
48303,"[18707, 0]",1,158,64,0
48304,"[18708, 0]",1,0,0,0
48305,"[18708, 1]",2,156,64,0
48306,"[18709, 0]",1,0,0,0
48307,"[18709, 1]",2,158,64,0
48308,"[18710, 0]",1,158,64,0
48309,"[18711, 0]",1,0,0,0
48310,"[18711, 1]",8,0,0,0
48311,"[18711, 2]",6,158,64,0
48312,"[18711, 3]",5,0,0,0
48313,"[18711, 4]",2,0,0,0
48314,"[18711, 5]",49,0,0,0
48315,"[18711, 6]",48,41,18,0
48316,"[18711, 7]",47,0,0,0
48317,"[18711, 8]",44,0,0,0
48318,"[18711, 9]",36,158,64,0
48319,"[18711, 10]",13,57,26,0
48320,"[18711, 11]",85,0,0,0
48321,"[18711, 12]",66,158,64,0
48322,"[18711, 13]",59,158,64,0
48323,"[18711, 14]",300,158,64,0
48324,"[18712, 0]",1,0,0,0
48325,"[18712, 1]",2,41,18,0
48326,"[18713, 0]",1,156,64,0
48327,"[18714, 0]",1,158,64,0
48328,"[18715, 0]",1,0,0,0
48329,"[18715, 1]",2,0,0,0
48330,"[18715, 2]",26,2,1,1
48331,"[18716, 0]",1,158,64,0
48332,"[18717, 0]",1,158,64,0
48333,"[18718, 0]",1,64,29,0
48334,"[18719, 0]",1,2,1,0
48335,"[18720, 0]",1,158,64,0
48336,"[18721, 0]",1,0,0,0
48337,"[18721, 1]",2,158,64,0
48338,"[18722, 0]",1,0,0,0
48339,"[18722, 1]",3,158,64,0
48340,"[18722, 2]",2,0,0,0
48341,"[18722, 3]",43,158,64,0
48342,"[18723, 0]",1,0,0,0
48343,"[18723, 1]",2,158,64,0
48344,"[18724, 0]",1,158,64,0
48345,"[18725, 0]",1,0,0,0
48346,"[18725, 1]",2,2,1,0
48347,"[18726, 0]",1,0,0,0
48348,"[18726, 1]",2,158,64,0
48349,"[18727, 0]",1,0,0,0
48350,"[18727, 1]",2,0,0,0
48351,"[18727, 2]",65,0,0,0
48352,"[18727, 3]",93,41,18,0
48353,"[18728, 0]",1,158,64,0
48354,"[18729, 0]",1,158,64,0
48355,"[18730, 0]",1,57,26,0
48356,"[18731, 0]",1,0,0,0
48357,"[18731, 1]",2,41,18,0
48358,"[18732, 0]",1,158,64,0
48359,"[18733, 0]",1,0,0,0
48360,"[18733, 1]",2,0,0,0
48361,"[18733, 2]",81,156,64,0
48362,"[18734, 0]",1,57,26,1
48363,"[18735, 0]",1,0,0,0
48364,"[18735, 1]",2,57,26,0
48365,"[18736, 0]",1,0,0,0
48366,"[18736, 1]",4,0,0,0
48367,"[18736, 2]",2,158,64,0
48368,"[18736, 3]",32,0,0,-1
48369,"[18736, 4]",163,158,64,20
48370,"[18737, 0]",1,158,64,0
48371,"[18738, 0]",1,0,0,0
48372,"[18738, 1]",2,0,0,0
48373,"[18738, 2]",19,158,64,0
48374,"[18739, 0]",1,158,64,0
48375,"[18740, 0]",1,158,64,0
48376,"[18741, 0]",1,2,1,0
48377,"[18742, 0]",1,0,0,0
48378,"[18742, 1]",2,158,64,-1
48379,"[18743, 0]",1,0,0,0
48380,"[18743, 1]",2,158,64,2
48381,"[18744, 0]",1,0,0,0
48382,"[18744, 1]",2,0,0,0
48383,"[18744, 2]",21,0,0,0
48384,"[18744, 3]",94,158,64,0
48385,"[18745, 0]",1,158,64,0
48386,"[18746, 0]",1,77,32,1
48387,"[18747, 0]",1,158,64,0
48388,"[18748, 0]",1,0,0,0
48389,"[18748, 1]",2,57,26,0
48390,"[18749, 0]",1,2,1,0
48391,"[18750, 0]",1,0,0,0
48392,"[18750, 1]",2,41,18,0
48393,"[18751, 0]",1,158,64,0
48394,"[18752, 0]",1,0,0,0
48395,"[18752, 1]",3,0,0,0
48396,"[18752, 2]",2,158,64,0
48397,"[18752, 3]",37,41,18,0
48398,"[18753, 0]",1,156,64,0
48399,"[18754, 0]",1,2,1,0
48400,"[18755, 0]",1,0,0,0
48401,"[18755, 1]",2,59,28,0
48402,"[18756, 0]",1,0,0,0
48403,"[18756, 1]",2,57,26,0
48404,"[18757, 0]",1,158,64,0
48405,"[18758, 0]",1,0,0,0
48406,"[18758, 1]",2,0,0,0
48407,"[18758, 2]",62,41,18,0
48408,"[18758, 3]",61,158,64,0
48409,"[18759, 0]",1,0,0,0
48410,"[18759, 1]",6,158,64,0
48411,"[18759, 2]",5,2,1,0
48412,"[18759, 3]",2,0,0,0
48413,"[18759, 4]",36,158,64,0
48414,"[18759, 5]",34,57,26,0
48415,"[18759, 6]",32,0,0,0
48416,"[18759, 7]",62,0,0,0
48417,"[18759, 8]",214,158,64,0
48418,"[18760, 0]",1,0,0,0
48419,"[18760, 1]",2,57,26,0
48420,"[18761, 0]",1,0,0,0
48421,"[18761, 1]",2,156,64,-1
48422,"[18762, 0]",1,0,0,0
48423,"[18762, 1]",6,41,18,0
48424,"[18762, 2]",3,158,64,0
48425,"[18762, 3]",2,0,0,0
48426,"[18762, 4]",49,0,0,0
48427,"[18762, 5]",74,158,64,0
48428,"[18763, 0]",1,158,64,0
48429,"[18764, 0]",1,156,64,0
48430,"[18765, 0]",1,2,1,0
48431,"[18766, 0]",1,158,64,0
48432,"[18767, 0]",1,0,0,0
48433,"[18767, 1]",2,53,24,31
48434,"[18768, 0]",1,0,0,0
48435,"[18768, 1]",2,158,64,0
48436,"[18769, 0]",1,0,0,0
48437,"[18769, 1]",2,0,0,0
48438,"[18769, 2]",39,156,64,0
48439,"[18770, 0]",1,2,1,0
48440,"[18771, 0]",1,41,18,0
48441,"[18772, 0]",1,158,64,0
48442,"[18773, 0]",1,0,0,0
48443,"[18773, 1]",2,0,0,-1
48444,"[18773, 2]",43,158,64,1
48445,"[18774, 0]",1,158,64,0
48446,"[18775, 0]",1,41,18,0
48447,"[18776, 0]",1,2,1,0
48448,"[18777, 0]",1,158,64,0
48449,"[18778, 0]",1,158,64,0
48450,"[18779, 0]",1,0,0,0
48451,"[18779, 1]",2,0,0,0
48452,"[18779, 2]",32,41,18,1
48453,"[18780, 0]",1,0,0,0
48454,"[18780, 1]",2,158,64,4
48455,"[18781, 0]",1,0,0,0
48456,"[18781, 1]",2,158,64,2
48457,"[18782, 0]",1,0,0,0
48458,"[18782, 1]",2,2,1,0
48459,"[18783, 0]",1,158,64,0
48460,"[18784, 0]",1,0,0,0
48461,"[18784, 1]",5,41,18,0
48462,"[18784, 2]",4,59,28,0
48463,"[18784, 3]",3,41,18,0
48464,"[18785, 0]",1,0,0,0
48465,"[18785, 1]",6,156,64,0
48466,"[18785, 2]",5,0,0,0
48467,"[18785, 3]",4,0,0,0
48468,"[18785, 4]",31,0,0,0
48469,"[18785, 5]",28,57,26,0
48470,"[18785, 6]",62,158,64,0
48471,"[18786, 0]",1,41,18,0
48472,"[18787, 0]",1,0,0,0
48473,"[18787, 1]",7,156,64,4
48474,"[18787, 2]",6,158,64,1
48475,"[18787, 3]",2,0,0,-1
48476,"[18787, 4]",76,0,0,-1
48477,"[18787, 5]",96,156,64,3
48478,"[18788, 0]",1,0,0,0
48479,"[18788, 1]",2,41,18,0
48480,"[18789, 0]",1,0,0,0
48481,"[18789, 1]",2,156,64,0
48482,"[18790, 0]",1,0,0,0
48483,"[18790, 1]",2,0,0,0
48484,"[18790, 2]",82,158,64,0
48485,"[18791, 0]",1,2,1,0
48486,"[18792, 0]",1,158,64,0
48487,"[18793, 0]",1,158,64,0
48488,"[18794, 0]",1,0,0,0
48489,"[18794, 1]",2,2,1,0
48490,"[18795, 0]",1,158,64,0
48491,"[18796, 0]",1,0,0,0
48492,"[18796, 1]",2,156,64,0
48493,"[18797, 0]",1,156,64,0
48494,"[18798, 0]",1,0,0,0
48495,"[18798, 1]",2,2,1,0
48496,"[18799, 0]",1,0,0,1
48497,"[18799, 1]",3,0,0,0
48498,"[18799, 2]",2,0,0,0
48499,"[18799, 3]",32,158,64,0
48500,"[18799, 4]",31,57,26,0
48501,"[18799, 5]",30,158,64,0
48502,"[18799, 6]",29,0,0,0
48503,"[18799, 7]",28,0,0,0
48504,"[18799, 8]",24,57,26,0
48505,"[18799, 9]",22,0,0,0
48506,"[18799, 10]",96,158,64,-1
48507,"[18799, 11]",56,0,0,0
48508,"[18799, 12]",53,57,26,0
48509,"[18799, 13]",147,41,18,5
48510,"[18800, 0]",1,0,0,0
48511,"[18800, 1]",2,55,26,0
48512,"[18801, 0]",1,158,64,1
48513,"[18802, 0]",1,57,26,0
48514,"[18803, 0]",1,158,64,0
48515,"[18804, 0]",1,0,0,0
48516,"[18804, 1]",2,41,18,0
48517,"[18805, 0]",1,158,64,0
48518,"[18806, 0]",1,0,0,0
48519,"[18806, 1]",2,0,0,0
48520,"[18806, 2]",28,158,64,0
48521,"[18807, 0]",1,0,0,1
48522,"[18807, 1]",3,158,64,0
48523,"[18807, 2]",2,0,0,0
48524,"[18807, 3]",24,0,0,0
48525,"[18807, 4]",45,158,64,0
48526,"[18808, 0]",1,158,64,0
48527,"[18809, 0]",1,0,0,0
48528,"[18809, 1]",2,41,18,0
48529,"[18810, 0]",1,57,26,0
48530,"[18811, 0]",1,0,0,0
48531,"[18811, 1]",2,158,64,0
48532,"[18812, 0]",1,158,64,0
48533,"[18813, 0]",1,2,1,0
48534,"[18814, 0]",1,0,0,0
48535,"[18814, 1]",2,158,64,0
48536,"[18815, 0]",1,158,64,0
48537,"[18816, 0]",1,0,0,0
48538,"[18816, 1]",2,41,18,0
48539,"[18817, 0]",1,41,18,0
48540,"[18818, 0]",1,158,64,0
48541,"[18819, 0]",1,41,18,0
48542,"[18820, 0]",1,158,64,0
48543,"[18821, 0]",1,0,0,0
48544,"[18821, 1]",2,0,0,0
48545,"[18821, 2]",65,158,64,0
48546,"[18822, 0]",1,59,28,0
48547,"[18823, 0]",1,41,18,0
48548,"[18824, 0]",1,0,0,0
48549,"[18824, 1]",2,158,64,1
48550,"[18825, 0]",1,41,18,0
48551,"[18826, 0]",1,0,0,0
48552,"[18826, 1]",2,158,64,0
48553,"[18827, 0]",1,0,0,0
48554,"[18827, 1]",2,158,64,-1
48555,"[18828, 0]",1,158,64,0
48556,"[18829, 0]",1,0,0,0
48557,"[18829, 1]",3,0,0,0
48558,"[18829, 2]",2,158,64,0
48559,"[18829, 3]",25,156,64,0
48560,"[18830, 0]",1,156,64,0
48561,"[18831, 0]",1,156,64,0
48562,"[18832, 0]",1,57,26,0
48563,"[18833, 0]",1,41,18,0
48564,"[18834, 0]",1,51,24,0
48565,"[18835, 0]",1,0,0,1
48566,"[18835, 1]",2,158,64,32
48567,"[18836, 0]",1,0,0,0
48568,"[18836, 1]",2,53,24,4
48569,"[18837, 0]",1,0,0,0
48570,"[18837, 1]",2,41,18,2
48571,"[18838, 0]",1,2,1,0
48572,"[18839, 0]",1,158,64,0
48573,"[18840, 0]",1,0,0,0
48574,"[18840, 1]",2,158,64,0
48575,"[18841, 0]",1,0,0,0
48576,"[18841, 1]",2,158,64,0
48577,"[18842, 0]",1,158,64,0
48578,"[18843, 0]",1,158,64,0
48579,"[18844, 0]",1,41,18,0
48580,"[18845, 0]",1,77,32,0
48581,"[18846, 0]",1,0,0,0
48582,"[18846, 1]",2,158,64,0
48583,"[18847, 0]",1,158,64,0
48584,"[18848, 0]",1,0,0,0
48585,"[18848, 1]",2,156,64,0
48586,"[18849, 0]",1,0,0,0
48587,"[18849, 1]",3,57,26,0
48588,"[18849, 2]",2,0,0,0
48589,"[18849, 3]",30,51,24,0
48590,"[18850, 0]",1,156,64,0
48591,"[18851, 0]",1,54,24,0
48592,"[18852, 0]",1,158,64,0
48593,"[18853, 0]",1,156,64,0
48594,"[18854, 0]",1,158,64,0
48595,"[18855, 0]",1,0,0,0
48596,"[18855, 1]",2,41,18,0
48597,"[18856, 0]",1,156,64,0
48598,"[18857, 0]",1,2,1,0
48599,"[18858, 0]",1,41,18,0
48600,"[18859, 0]",1,158,64,0
48601,"[18860, 0]",1,0,0,0
48602,"[18860, 1]",2,57,26,0
48603,"[18861, 0]",1,41,18,0
48604,"[18862, 0]",1,2,1,0
48605,"[18863, 0]",1,158,64,0
48606,"[18864, 0]",1,0,0,1
48607,"[18864, 1]",2,0,0,0
48608,"[18864, 2]",71,158,64,-1
48609,"[18865, 0]",1,158,64,0
48610,"[18866, 0]",1,0,0,0
48611,"[18866, 1]",2,158,64,0
48612,"[18867, 0]",1,2,1,0
48613,"[18868, 0]",1,0,0,0
48614,"[18868, 1]",2,54,24,0
48615,"[18869, 0]",1,158,64,0
48616,"[18870, 0]",1,0,0,0
48617,"[18870, 1]",2,156,64,8
48618,"[18871, 0]",1,0,0,0
48619,"[18871, 1]",5,158,64,0
48620,"[18871, 2]",2,0,0,0
48621,"[18871, 3]",30,0,0,0
48622,"[18871, 4]",101,41,18,4
48623,"[18872, 0]",1,2,1,0
48624,"[18873, 0]",1,0,0,0
48625,"[18873, 1]",2,158,64,0
48626,"[18874, 0]",1,0,0,0
48627,"[18874, 1]",2,0,0,0
48628,"[18874, 2]",33,158,64,0
48629,"[18875, 0]",1,0,0,0
48630,"[18875, 1]",2,0,0,0
48631,"[18875, 2]",29,41,18,0
48632,"[18876, 0]",1,0,0,0
48633,"[18876, 1]",2,0,0,0
48634,"[18876, 2]",31,156,64,0
48635,"[18877, 0]",1,41,18,0
48636,"[18878, 0]",1,0,0,0
48637,"[18878, 1]",2,158,64,0
48638,"[18879, 0]",1,2,1,0
48639,"[18880, 0]",1,41,18,0
48640,"[18881, 0]",1,0,0,0
48641,"[18881, 1]",2,41,18,0
48642,"[18882, 0]",1,0,0,0
48643,"[18882, 1]",2,158,64,0
48644,"[18883, 0]",1,0,0,0
48645,"[18883, 1]",2,0,0,0
48646,"[18883, 2]",18,41,18,0
48647,"[18884, 0]",1,0,0,0
48648,"[18884, 1]",2,156,64,0
48649,"[18885, 0]",1,57,26,0
48650,"[18886, 0]",1,158,64,0
48651,"[18887, 0]",1,0,0,0
48652,"[18887, 1]",2,158,64,0
48653,"[18888, 0]",1,0,0,0
48654,"[18888, 1]",2,158,64,0
48655,"[18889, 0]",1,41,18,0
48656,"[18890, 0]",1,158,64,0
48657,"[18891, 0]",1,41,18,0
48658,"[18892, 0]",1,41,18,0
48659,"[18893, 0]",1,0,0,0
48660,"[18893, 1]",3,2,1,0
48661,"[18893, 2]",2,0,0,0
48662,"[18893, 3]",27,158,64,19
48663,"[18894, 0]",1,0,0,0
48664,"[18894, 1]",2,0,0,0
48665,"[18894, 2]",31,57,26,0
48666,"[18895, 0]",1,0,0,0
48667,"[18895, 1]",2,2,1,0
48668,"[18896, 0]",1,0,0,0
48669,"[18896, 1]",2,158,64,0
48670,"[18897, 0]",1,51,24,0
48671,"[18898, 0]",1,158,64,1
48672,"[18899, 0]",1,0,0,0
48673,"[18899, 1]",2,0,0,0
48674,"[18899, 2]",21,158,64,3
48675,"[18900, 0]",1,158,64,0
48676,"[18901, 0]",1,41,18,0
48677,"[18902, 0]",1,0,0,0
48678,"[18902, 1]",2,0,0,0
48679,"[18902, 2]",37,37,18,0
48680,"[18903, 0]",1,0,0,0
48681,"[18903, 1]",2,158,64,0
48682,"[18904, 0]",1,158,64,0
48683,"[18905, 0]",1,0,0,0
48684,"[18905, 1]",2,2,1,0
48685,"[18906, 0]",1,158,64,0
48686,"[18907, 0]",1,0,0,0
48687,"[18907, 1]",2,0,0,0
48688,"[18907, 2]",28,0,0,0
48689,"[18907, 3]",47,41,18,0
48690,"[18908, 0]",1,0,0,0
48691,"[18908, 1]",2,54,24,0
48692,"[18909, 0]",1,0,0,1
48693,"[18909, 1]",2,0,0,1
48694,"[18909, 2]",17,57,26,7
48695,"[18910, 0]",1,0,0,0
48696,"[18910, 1]",2,0,0,0
48697,"[18910, 2]",21,2,1,0
48698,"[18911, 0]",1,0,0,0
48699,"[18911, 1]",2,57,26,0
48700,"[18912, 0]",1,0,0,0
48701,"[18912, 1]",2,0,0,0
48702,"[18912, 2]",12,0,0,0
48703,"[18912, 3]",26,41,18,0
48704,"[18913, 0]",1,0,0,0
48705,"[18913, 1]",2,156,64,0
48706,"[18914, 0]",1,0,0,0
48707,"[18914, 1]",2,156,64,16
48708,"[18915, 0]",1,41,18,0
48709,"[18916, 0]",1,0,0,0
48710,"[18916, 1]",2,0,0,0
48711,"[18916, 2]",21,0,0,0
48712,"[18916, 3]",38,158,64,-1
48713,"[18917, 0]",1,2,1,0
48714,"[18918, 0]",1,0,0,0
48715,"[18918, 1]",2,57,26,0
48716,"[18919, 0]",1,158,64,0
48717,"[18920, 0]",1,54,24,0
48718,"[18921, 0]",1,41,18,0
48719,"[18922, 0]",1,156,64,0
48720,"[18923, 0]",1,0,0,0
48721,"[18923, 1]",2,158,64,0
48722,"[18924, 0]",1,0,0,0
48723,"[18924, 1]",2,156,64,0
48724,"[18925, 0]",1,0,0,0
48725,"[18925, 1]",2,57,26,0
48726,"[18926, 0]",1,0,0,0
48727,"[18926, 1]",2,59,28,0
48728,"[18927, 0]",1,0,0,0
48729,"[18927, 1]",2,54,24,0
48730,"[18928, 0]",1,158,64,0
48731,"[18929, 0]",1,158,64,0
48732,"[18930, 0]",1,0,0,0
48733,"[18930, 1]",2,0,0,0
48734,"[18930, 2]",12,158,64,0
48735,"[18931, 0]",1,158,64,0
48736,"[18932, 0]",1,2,1,0
48737,"[18933, 0]",1,0,0,0
48738,"[18933, 1]",3,0,0,0
48739,"[18933, 2]",2,0,0,0
48740,"[18933, 3]",48,0,0,-1
48741,"[18933, 4]",46,158,64,-1
48742,"[18933, 5]",45,0,0,-1
48743,"[18933, 6]",41,0,0,0
48744,"[18933, 7]",40,0,0,0
48745,"[18933, 8]",39,0,0,0
48746,"[18933, 9]",120,0,0,0
48747,"[18933, 10]",116,0,0,0
48748,"[18933, 11]",111,158,64,0
48749,"[18933, 12]",88,57,26,-1
48750,"[18933, 13]",86,0,0,-1
48751,"[18933, 14]",67,158,64,-1
48752,"[18933, 15]",208,158,64,-1
48753,"[18933, 16]",151,158,64,0
48754,"[18933, 17]",128,55,26,8
48755,"[18934, 0]",1,0,0,0
48756,"[18934, 1]",4,0,0,0
48757,"[18934, 2]",2,0,0,0
48758,"[18934, 3]",49,0,0,0
48759,"[18934, 4]",32,158,64,0
48760,"[18934, 5]",140,158,64,0
48761,"[18935, 0]",1,0,0,0
48762,"[18935, 1]",2,158,64,0
48763,"[18936, 0]",1,0,0,0
48764,"[18936, 1]",3,158,64,0
48765,"[18936, 2]",2,158,64,0
48766,"[18937, 0]",1,0,0,0
48767,"[18937, 1]",2,158,64,0
48768,"[18938, 0]",1,158,64,0
48769,"[18939, 0]",1,158,64,0
48770,"[18940, 0]",1,41,18,1
48771,"[18941, 0]",1,0,0,0
48772,"[18941, 1]",2,158,64,-1
48773,"[18942, 0]",1,41,18,0
48774,"[18943, 0]",1,0,0,0
48775,"[18943, 1]",2,0,0,0
48776,"[18943, 2]",27,158,64,1
48777,"[18944, 0]",1,0,0,0
48778,"[18944, 1]",5,57,26,0
48779,"[18944, 2]",4,0,0,0
48780,"[18944, 3]",2,0,0,0
48781,"[18944, 4]",45,41,18,0
48782,"[18944, 5]",28,156,64,0
48783,"[18945, 0]",1,158,64,0
48784,"[18946, 0]",1,41,18,0
48785,"[18947, 0]",1,0,0,0
48786,"[18947, 1]",2,41,18,0
48787,"[18948, 0]",1,0,0,0
48788,"[18948, 1]",2,57,26,0
48789,"[18949, 0]",1,41,18,0
48790,"[18950, 0]",1,41,18,0
48791,"[18951, 0]",1,0,0,0
48792,"[18951, 1]",2,41,18,0
48793,"[18952, 0]",1,2,1,0
48794,"[18953, 0]",1,2,1,0
48795,"[18954, 0]",1,37,18,0
48796,"[18955, 0]",1,0,0,0
48797,"[18955, 1]",5,0,0,0
48798,"[18955, 2]",4,0,0,0
48799,"[18955, 3]",3,0,0,0
48800,"[18955, 4]",42,0,0,0
48801,"[18955, 5]",39,0,0,0
48802,"[18955, 6]",36,57,26,0
48803,"[18955, 7]",90,158,64,0
48804,"[18955, 8]",78,57,26,0
48805,"[18956, 0]",1,2,1,0
48806,"[18957, 0]",1,0,0,0
48807,"[18957, 1]",2,41,18,0
48808,"[18958, 0]",1,0,0,0
48809,"[18959, 0]",1,0,0,0
48810,"[18959, 1]",2,41,18,0
48811,"[18960, 0]",1,55,26,0
48812,"[18961, 0]",1,156,64,0
48813,"[18962, 0]",1,0,0,0
48814,"[18962, 1]",2,61,28,7
48815,"[18963, 0]",1,0,0,0
48816,"[18964, 0]",1,0,0,0
48817,"[18964, 1]",3,156,64,0
48818,"[18964, 2]",2,0,0,0
48819,"[18964, 3]",12,0,0,0
48820,"[18964, 4]",31,58,26,17
48821,"[18965, 0]",1,0,0,0
48822,"[18965, 1]",2,0,0,0
48823,"[18965, 2]",26,158,64,0
48824,"[18965, 3]",24,0,0,0
48825,"[18965, 4]",23,0,0,0
48826,"[18965, 5]",62,0,0,0
48827,"[18965, 6]",61,0,0,0
48828,"[18965, 7]",60,0,0,0
48829,"[18965, 8]",59,0,0,0
48830,"[18965, 9]",54,41,18,0
48831,"[18965, 10]",95,158,64,0
48832,"[18965, 11]",94,0,0,0
48833,"[18965, 12]",90,0,0,0
48834,"[18965, 13]",85,158,64,0
48835,"[18965, 14]",82,41,18,0
48836,"[18965, 15]",263,0,0,-1
48837,"[18965, 16]",238,158,64,0
48838,"[18965, 17]",388,2,1,-1
48839,"[18966, 0]",1,0,0,0
48840,"[18966, 1]",2,2,1,0
48841,"[18967, 0]",1,0,0,0
48842,"[18967, 1]",2,0,0,-1
48843,"[18967, 2]",16,0,0,-1
48844,"[18967, 3]",35,158,64,7
48845,"[18968, 0]",1,0,0,0
48846,"[18968, 1]",2,41,18,0
48847,"[18969, 0]",1,0,0,0
48848,"[18969, 1]",2,41,18,0
48849,"[18970, 0]",1,158,64,0
48850,"[18971, 0]",1,0,0,0
48851,"[18971, 1]",5,158,64,0
48852,"[18971, 2]",3,0,0,0
48853,"[18971, 3]",2,0,0,0
48854,"[18971, 4]",37,0,0,0
48855,"[18971, 5]",33,51,24,0
48856,"[18971, 6]",53,0,0,0
48857,"[18971, 7]",52,158,64,0
48858,"[18971, 8]",186,158,64,0
48859,"[18972, 0]",1,0,0,0
48860,"[18972, 1]",8,41,18,0
48861,"[18972, 2]",6,0,0,0
48862,"[18972, 3]",5,0,0,0
48863,"[18972, 4]",3,0,0,0
48864,"[18972, 5]",2,0,0,0
48865,"[18972, 6]",54,57,26,0
48866,"[18972, 7]",49,0,0,0
48867,"[18972, 8]",48,41,18,0
48868,"[18972, 9]",42,0,0,0
48869,"[18972, 10]",38,0,0,0
48870,"[18972, 11]",175,41,18,0
48871,"[18972, 12]",156,57,26,0
48872,"[18972, 13]",116,53,24,0
48873,"[18973, 0]",1,158,64,0
48874,"[18974, 0]",1,158,64,0
48875,"[18975, 0]",1,0,0,0
48876,"[18975, 1]",2,0,0,0
48877,"[18975, 2]",56,158,64,0
48878,"[18976, 0]",1,41,18,0
48879,"[18977, 0]",1,0,0,0
48880,"[18977, 1]",2,41,18,0
48881,"[18978, 0]",1,0,0,0
48882,"[18978, 1]",2,59,28,1
48883,"[18979, 0]",1,0,0,0
48884,"[18979, 1]",4,158,64,0
48885,"[18979, 2]",2,0,0,0
48886,"[18979, 3]",24,158,64,0
48887,"[18979, 4]",22,158,64,0
48888,"[18979, 5]",21,0,0,0
48889,"[18979, 6]",19,0,0,0
48890,"[18979, 7]",18,0,0,0
48891,"[18979, 8]",52,41,18,0
48892,"[18979, 9]",45,2,1,0
48893,"[18979, 10]",41,41,18,0
48894,"[18980, 0]",1,57,26,0
48895,"[18981, 0]",1,158,64,0
48896,"[18982, 0]",1,0,0,1
48897,"[18982, 1]",2,41,18,0
48898,"[18983, 0]",1,158,64,0
48899,"[18984, 0]",1,0,0,0
48900,"[18984, 1]",4,0,0,0
48901,"[18984, 2]",2,0,0,0
48902,"[18984, 3]",46,0,0,0
48903,"[18984, 4]",43,0,0,0
48904,"[18984, 5]",42,0,0,0
48905,"[18984, 6]",38,57,26,0
48906,"[18984, 7]",36,0,0,0
48907,"[18984, 8]",109,158,64,0
48908,"[18984, 9]",107,0,0,0
48909,"[18984, 10]",84,158,64,0
48910,"[18984, 11]",83,158,64,0
48911,"[18984, 12]",82,0,0,0
48912,"[18984, 13]",81,0,0,0
48913,"[18984, 14]",77,0,0,0
48914,"[18984, 15]",52,57,26,0
48915,"[18984, 16]",262,0,0,0
48916,"[18984, 17]",245,57,26,0
48917,"[18984, 18]",243,41,18,0
48918,"[18984, 19]",242,0,0,0
48919,"[18984, 20]",238,57,26,0
48920,"[18984, 21]",154,0,0,0
48921,"[18984, 22]",153,158,64,0
48922,"[18984, 23]",519,158,64,6
48923,"[18984, 24]",341,158,64,0
48924,"[18984, 25]",320,0,0,0
48925,"[18984, 26]",776,41,18,0
48926,"[18985, 0]",1,0,0,0
48927,"[18985, 1]",2,158,64,1
48928,"[18986, 0]",1,0,0,0
48929,"[18986, 1]",2,0,0,-1
48930,"[18986, 2]",20,57,26,22
48931,"[18987, 0]",1,0,0,0
48932,"[18987, 1]",2,0,0,0
48933,"[18987, 2]",10,158,64,0
48934,"[18988, 0]",1,0,0,0
48935,"[18988, 1]",2,41,18,0
48936,"[18989, 0]",1,0,0,0
48937,"[18989, 1]",2,0,0,0
48938,"[18989, 2]",57,158,64,-1
48939,"[18990, 0]",1,158,64,0
48940,"[18991, 0]",1,0,0,0
48941,"[18991, 1]",2,0,0,0
48942,"[18991, 2]",29,2,1,0
48943,"[18992, 0]",1,158,64,1
48944,"[18993, 0]",1,158,64,0
48945,"[18994, 0]",1,158,64,0
48946,"[18995, 0]",1,2,1,0
48947,"[18996, 0]",1,158,64,1
48948,"[18997, 0]",1,158,64,0
48949,"[18998, 0]",1,158,64,0
48950,"[18999, 0]",1,0,0,0
48951,"[18999, 1]",2,0,0,0
48952,"[18999, 2]",26,156,64,0
48953,"[19000, 0]",1,0,0,0
48954,"[19000, 1]",2,41,18,0
48955,"[19001, 0]",1,57,26,0
48956,"[19002, 0]",1,0,0,0
48957,"[19002, 1]",2,0,0,0
48958,"[19002, 2]",39,156,64,0
48959,"[19003, 0]",1,0,0,0
48960,"[19003, 1]",2,59,28,-1
48961,"[19004, 0]",1,41,18,0
48962,"[19005, 0]",1,158,64,0
48963,"[19006, 0]",1,0,0,0
48964,"[19006, 1]",2,158,64,-1
48965,"[19007, 0]",1,158,64,0
48966,"[19008, 0]",1,41,18,0
48967,"[19009, 0]",1,41,18,0
48968,"[19010, 0]",1,158,64,0
48969,"[19011, 0]",1,0,0,0
48970,"[19011, 1]",2,0,0,0
48971,"[19011, 2]",25,158,64,0
48972,"[19012, 0]",1,0,0,0
48973,"[19012, 1]",2,156,64,0
48974,"[19013, 0]",1,0,0,0
48975,"[19013, 1]",6,158,64,0
48976,"[19013, 2]",2,0,0,0
48977,"[19013, 3]",59,0,0,0
48978,"[19013, 4]",84,0,0,0
48979,"[19013, 5]",127,156,64,0
48980,"[19014, 0]",1,0,0,0
48981,"[19014, 1]",8,57,26,0
48982,"[19014, 2]",7,41,18,0
48983,"[19014, 3]",5,41,18,0
48984,"[19014, 4]",3,0,0,0
48985,"[19014, 5]",2,0,0,0
48986,"[19014, 6]",49,0,0,0
48987,"[19014, 7]",44,158,64,0
48988,"[19014, 8]",72,0,0,0
48989,"[19014, 9]",260,41,18,0
48990,"[19015, 0]",1,156,64,1
48991,"[19016, 0]",1,0,0,0
48992,"[19016, 1]",2,0,0,0
48993,"[19016, 2]",12,158,64,1
48994,"[19017, 0]",1,57,26,0
48995,"[19018, 0]",1,0,0,0
48996,"[19018, 1]",2,41,18,0
48997,"[19019, 0]",1,0,0,0
48998,"[19019, 1]",8,0,0,0
48999,"[19019, 2]",5,0,0,0
49000,"[19019, 3]",4,0,0,0
49001,"[19019, 4]",3,0,0,0
49002,"[19019, 5]",2,0,0,0
49003,"[19019, 6]",54,41,18,0
49004,"[19019, 7]",53,0,0,0
49005,"[19019, 8]",45,37,18,0
49006,"[19019, 9]",38,158,64,0
49007,"[19019, 10]",31,0,0,0
49008,"[19019, 11]",25,0,0,0
49009,"[19019, 12]",254,158,64,0
49010,"[19019, 13]",237,158,64,0
49011,"[19019, 14]",80,158,64,0
49012,"[19020, 0]",1,0,0,0
49013,"[19020, 1]",3,0,0,0
49014,"[19020, 2]",2,0,0,0
49015,"[19020, 3]",40,57,26,0
49016,"[19020, 4]",39,0,0,0
49017,"[19020, 5]",38,158,64,0
49018,"[19020, 6]",37,0,0,0
49019,"[19020, 7]",34,158,64,2
49020,"[19020, 8]",60,57,26,0
49021,"[19020, 9]",53,41,18,0
49022,"[19021, 0]",1,2,1,0
49023,"[19022, 0]",1,156,64,0
49024,"[19023, 0]",1,0,0,0
49025,"[19023, 1]",2,0,0,0
49026,"[19023, 2]",16,41,18,0
49027,"[19024, 0]",1,0,0,0
49028,"[19024, 1]",2,55,26,0
49029,"[19025, 0]",1,158,64,0
49030,"[19026, 0]",1,41,18,0
49031,"[19027, 0]",1,158,64,0
49032,"[19028, 0]",1,156,64,0
49033,"[19029, 0]",1,0,0,0
49034,"[19029, 1]",2,41,18,0
49035,"[19030, 0]",1,0,0,0
49036,"[19030, 1]",5,0,0,0
49037,"[19030, 2]",4,0,0,0
49038,"[19030, 3]",2,0,0,0
49039,"[19030, 4]",38,57,26,0
49040,"[19030, 5]",20,2,1,0
49041,"[19030, 6]",17,37,18,0
49042,"[19031, 0]",1,57,26,0
49043,"[19032, 0]",1,158,64,0
49044,"[19033, 0]",1,2,1,0
49045,"[19034, 0]",1,0,0,0
49046,"[19034, 1]",2,0,0,0
49047,"[19034, 2]",48,158,64,0
49048,"[19035, 0]",1,54,24,0
49049,"[19036, 0]",1,0,0,0
49050,"[19036, 1]",5,0,0,0
49051,"[19036, 2]",3,0,0,0
49052,"[19036, 3]",2,0,0,0
49053,"[19036, 4]",53,158,64,0
49054,"[19036, 5]",52,0,0,0
49055,"[19036, 6]",51,0,0,0
49056,"[19036, 7]",43,158,64,0
49057,"[19036, 8]",38,158,64,-1
49058,"[19036, 9]",66,0,0,0
49059,"[19036, 10]",63,158,64,0
49060,"[19036, 11]",353,156,64,0
49061,"[19037, 0]",1,0,0,0
49062,"[19037, 1]",2,57,26,0
49063,"[19038, 0]",1,53,24,0
49064,"[19039, 0]",1,0,0,0
49065,"[19039, 1]",2,158,64,0
49066,"[19040, 0]",1,2,1,0
49067,"[19041, 0]",1,0,0,0
49068,"[19041, 1]",2,0,0,0
49069,"[19041, 2]",12,158,64,0
49070,"[19042, 0]",1,0,0,0
49071,"[19042, 1]",2,0,0,0
49072,"[19042, 2]",34,158,64,0
49073,"[19043, 0]",1,57,26,0
49074,"[19044, 0]",1,158,64,0
49075,"[19045, 0]",1,0,0,0
49076,"[19045, 1]",2,158,64,0
49077,"[19046, 0]",1,41,18,0
49078,"[19047, 0]",1,158,64,0
49079,"[19048, 0]",1,57,26,0
49080,"[19049, 0]",1,0,0,1
49081,"[19049, 1]",7,158,64,6
49082,"[19049, 2]",3,0,0,-1
49083,"[19049, 3]",2,0,0,-1
49084,"[19049, 4]",52,158,64,4
49085,"[19049, 5]",48,0,0,-1
49086,"[19049, 6]",107,0,0,6
49087,"[19049, 7]",218,158,64,4
49088,"[19050, 0]",1,0,0,0
49089,"[19050, 1]",2,0,0,0
49090,"[19050, 2]",30,0,0,0
49091,"[19050, 3]",39,156,64,12
49092,"[19051, 0]",1,0,0,0
49093,"[19051, 1]",2,2,1,0
49094,"[19052, 0]",1,158,64,0
49095,"[19053, 0]",1,158,64,0
49096,"[19054, 0]",1,158,64,0
49097,"[19055, 0]",1,0,0,0
49098,"[19055, 1]",6,158,64,0
49099,"[19055, 2]",3,158,64,0
49100,"[19055, 3]",2,0,0,0
49101,"[19055, 4]",37,2,1,0
49102,"[19056, 0]",1,158,64,0
49103,"[19057, 0]",1,158,64,0
49104,"[19058, 0]",1,59,28,0
49105,"[19059, 0]",1,2,1,0
49106,"[19060, 0]",1,2,1,0
49107,"[19061, 0]",1,2,1,0
49108,"[19062, 0]",1,0,0,0
49109,"[19062, 1]",2,158,64,0
49110,"[19063, 0]",1,0,0,0
49111,"[19063, 1]",6,0,0,0
49112,"[19063, 2]",5,2,1,0
49113,"[19063, 3]",2,0,0,0
49114,"[19063, 4]",59,0,0,0
49115,"[19063, 5]",31,158,64,-1
49116,"[19063, 6]",70,158,64,0
49117,"[19064, 0]",1,0,0,0
49118,"[19064, 1]",2,156,64,0
49119,"[19065, 0]",1,0,0,0
49120,"[19065, 1]",2,0,0,0
49121,"[19065, 2]",23,0,0,-1
49122,"[19065, 3]",36,158,64,-1
49123,"[19066, 0]",1,158,64,0
49124,"[19067, 0]",1,158,64,0
49125,"[19068, 0]",1,158,64,0
49126,"[19069, 0]",1,0,0,0
49127,"[19069, 1]",2,0,0,0
49128,"[19069, 2]",17,0,0,0
49129,"[19069, 3]",42,57,26,0
49130,"[19070, 0]",1,0,0,0
49131,"[19070, 1]",3,156,64,0
49132,"[19070, 2]",2,158,64,0
49133,"[19071, 0]",1,0,0,0
49134,"[19071, 1]",2,57,26,6
49135,"[19072, 0]",1,41,18,0
49136,"[19073, 0]",1,0,0,0
49137,"[19073, 1]",2,2,1,0
49138,"[19074, 0]",1,0,0,0
49139,"[19074, 1]",2,0,0,0
49140,"[19074, 2]",17,158,64,0
49141,"[19075, 0]",1,0,0,0
49142,"[19075, 1]",2,0,0,0
49143,"[19075, 2]",19,59,28,0
49144,"[19076, 0]",1,158,64,0
49145,"[19077, 0]",1,158,64,0
49146,"[19078, 0]",1,158,64,0
49147,"[19079, 0]",1,0,0,0
49148,"[19079, 1]",2,41,18,0
49149,"[19080, 0]",1,0,0,0
49150,"[19080, 1]",8,41,18,0
49151,"[19080, 2]",7,0,0,0
49152,"[19080, 3]",5,0,0,0
49153,"[19080, 4]",4,0,0,0
49154,"[19080, 5]",3,0,0,0
49155,"[19080, 6]",2,0,0,0
49156,"[19080, 7]",67,57,26,0
49157,"[19080, 8]",66,0,0,0
49158,"[19080, 9]",57,51,24,0
49159,"[19080, 10]",52,0,0,0
49160,"[19080, 11]",46,57,26,0
49161,"[19080, 12]",32,41,18,0
49162,"[19080, 13]",169,41,18,0
49163,"[19080, 14]",74,0,0,0
49164,"[19080, 15]",354,158,64,0
49165,"[19080, 16]",353,57,26,0
49166,"[19081, 0]",1,0,0,0
49167,"[19081, 1]",2,2,1,0
49168,"[19082, 0]",1,0,0,0
49169,"[19082, 1]",2,0,0,0
49170,"[19082, 2]",17,156,64,-1
49171,"[19083, 0]",1,57,26,0
49172,"[19084, 0]",1,158,64,0
49173,"[19085, 0]",1,158,64,1
49174,"[19086, 0]",1,0,0,0
49175,"[19086, 1]",2,0,0,0
49176,"[19086, 2]",21,57,26,0
49177,"[19087, 0]",1,0,0,0
49178,"[19087, 1]",2,41,18,0
49179,"[19088, 0]",1,156,64,0
49180,"[19089, 0]",1,0,0,0
49181,"[19089, 1]",2,57,26,0
49182,"[19090, 0]",1,2,1,0
49183,"[19091, 0]",1,158,64,0
49184,"[19092, 0]",1,55,26,0
49185,"[19093, 0]",1,59,28,0
49186,"[19094, 0]",1,0,0,0
49187,"[19094, 1]",2,158,64,0
49188,"[19095, 0]",1,0,0,0
49189,"[19095, 1]",2,41,18,1
49190,"[19096, 0]",1,0,0,0
49191,"[19096, 1]",2,158,64,-1
49192,"[19097, 0]",1,0,0,1
49193,"[19097, 1]",2,41,18,4
49194,"[19098, 0]",1,0,0,0
49195,"[19098, 1]",2,158,64,0
49196,"[19099, 0]",1,41,18,0
49197,"[19100, 0]",1,0,0,0
49198,"[19100, 1]",2,66,29,0
49199,"[19101, 0]",1,57,26,0
49200,"[19102, 0]",1,0,0,0
49201,"[19102, 1]",2,0,0,0
49202,"[19102, 2]",13,41,18,0
49203,"[19103, 0]",1,0,0,0
49204,"[19103, 1]",2,41,18,0
49205,"[19104, 0]",1,158,64,0
49206,"[19105, 0]",1,0,0,0
49207,"[19105, 1]",2,158,64,-1
49208,"[19106, 0]",1,41,18,0
49209,"[19107, 0]",1,0,0,0
49210,"[19107, 1]",2,57,26,0
49211,"[19108, 0]",1,0,0,0
49212,"[19108, 1]",2,0,0,0
49213,"[19108, 2]",30,158,64,0
49214,"[19109, 0]",1,158,64,0
49215,"[19110, 0]",1,0,0,0
49216,"[19110, 1]",5,0,0,0
49217,"[19110, 2]",3,0,0,0
49218,"[19110, 3]",2,0,0,0
49219,"[19110, 4]",28,2,1,0
49220,"[19110, 5]",23,158,64,0
49221,"[19110, 6]",7,57,26,3
49222,"[19111, 0]",1,41,18,0
49223,"[19112, 0]",1,0,0,0
49224,"[19112, 1]",4,158,64,0
49225,"[19112, 2]",2,0,0,0
49226,"[19112, 3]",31,0,0,0
49227,"[19112, 4]",111,41,18,0
49228,"[19113, 0]",1,0,0,0
49229,"[19113, 1]",2,41,18,0
49230,"[19114, 0]",1,0,0,0
49231,"[19114, 1]",5,59,28,0
49232,"[19114, 2]",3,0,0,0
49233,"[19114, 3]",2,0,0,0
49234,"[19114, 4]",40,158,64,0
49235,"[19114, 5]",32,2,1,0
49236,"[19115, 0]",1,0,0,0
49237,"[19115, 1]",2,41,18,0
49238,"[19116, 0]",1,51,24,1
49239,"[19117, 0]",1,0,0,0
49240,"[19117, 1]",2,41,18,0
49241,"[19118, 0]",1,0,0,0
49242,"[19118, 1]",2,41,18,0
49243,"[19119, 0]",1,0,0,0
49244,"[19119, 1]",5,57,26,0
49245,"[19119, 2]",3,0,0,0
49246,"[19119, 3]",21,158,64,0
49247,"[19119, 4]",20,158,64,0
49248,"[19119, 5]",18,0,0,0
49249,"[19119, 6]",50,158,64,0
49250,"[19119, 7]",49,158,64,0
49251,"[19120, 0]",1,158,64,0
49252,"[19121, 0]",1,41,18,0
49253,"[19122, 0]",1,158,64,0
49254,"[19123, 0]",1,41,18,0
49255,"[19124, 0]",1,0,0,0
49256,"[19124, 1]",2,0,0,-1
49257,"[19124, 2]",42,158,64,-1
49258,"[19125, 0]",1,158,64,0
49259,"[19126, 0]",1,0,0,0
49260,"[19126, 1]",2,158,64,-1
49261,"[19127, 0]",1,0,0,0
49262,"[19127, 1]",2,0,0,0
49263,"[19127, 2]",27,0,0,0
49264,"[19127, 3]",45,158,64,0
49265,"[19128, 0]",1,158,64,0
49266,"[19129, 0]",1,37,18,1
49267,"[19130, 0]",1,57,26,0
49268,"[19131, 0]",1,0,0,0
49269,"[19131, 1]",2,0,0,-1
49270,"[19131, 2]",21,57,26,3
49271,"[19132, 0]",1,0,0,0
49272,"[19132, 1]",2,0,0,0
49273,"[19132, 2]",39,158,64,-1
49274,"[19133, 0]",1,57,26,0
49275,"[19134, 0]",1,158,64,0
49276,"[19135, 0]",1,51,24,0
49277,"[19136, 0]",1,0,0,0
49278,"[19136, 1]",3,0,0,-1
49279,"[19136, 2]",26,158,64,-1
49280,"[19137, 0]",1,158,64,0
49281,"[19138, 0]",1,0,0,1
49282,"[19138, 1]",2,0,0,0
49283,"[19138, 2]",24,0,0,0
49284,"[19138, 3]",42,57,26,0
49285,"[19139, 0]",1,0,0,0
49286,"[19139, 1]",3,156,64,0
49287,"[19139, 2]",2,0,0,0
49288,"[19139, 3]",13,41,18,0
49289,"[19140, 0]",1,0,0,0
49290,"[19140, 1]",2,158,64,0
49291,"[19141, 0]",1,158,64,0
49292,"[19142, 0]",1,0,0,0
49293,"[19142, 1]",2,0,0,0
49294,"[19142, 2]",26,54,24,0
49295,"[19143, 0]",1,0,0,0
49296,"[19143, 1]",5,158,64,0
49297,"[19143, 2]",4,0,0,0
49298,"[19143, 3]",2,0,0,0
49299,"[19143, 4]",47,54,24,0
49300,"[19143, 5]",44,0,0,0
49301,"[19143, 6]",30,41,18,0
49302,"[19143, 7]",84,57,26,0
49303,"[19144, 0]",1,58,26,0
49304,"[19145, 0]",1,2,1,1
49305,"[19146, 0]",1,0,0,0
49306,"[19146, 1]",3,0,0,0
49307,"[19146, 2]",2,0,0,0
49308,"[19146, 3]",11,41,18,0
49309,"[19146, 4]",8,41,18,0
49310,"[19147, 0]",1,0,0,0
49311,"[19147, 1]",2,158,64,0
49312,"[19148, 0]",1,158,64,0
49313,"[19149, 0]",1,0,0,0
49314,"[19149, 1]",2,0,0,0
49315,"[19149, 2]",64,0,0,0
49316,"[19149, 3]",81,158,64,0
49317,"[19150, 0]",1,0,0,0
49318,"[19150, 1]",2,55,26,0
49319,"[19151, 0]",1,0,0,0
49320,"[19151, 1]",6,158,64,0
49321,"[19151, 2]",4,41,18,0
49322,"[19151, 3]",3,57,26,0
49323,"[19152, 0]",1,158,64,0
49324,"[19153, 0]",1,156,64,0
49325,"[19154, 0]",1,0,0,0
49326,"[19154, 1]",2,2,1,0
49327,"[19155, 0]",1,0,0,0
49328,"[19155, 1]",6,54,24,0
49329,"[19155, 2]",3,0,0,0
49330,"[19155, 3]",2,0,0,0
49331,"[19155, 4]",43,54,24,0
49332,"[19155, 5]",40,156,64,4
49333,"[19156, 0]",1,0,0,0
49334,"[19156, 1]",2,158,64,0
49335,"[19157, 0]",1,41,18,0
49336,"[19158, 0]",1,0,0,0
49337,"[19158, 1]",2,0,0,0
49338,"[19158, 2]",26,41,18,0
49339,"[19159, 0]",1,57,26,0
49340,"[19160, 0]",1,57,26,0
49341,"[19161, 0]",1,158,64,0
49342,"[19162, 0]",1,41,18,0
49343,"[19163, 0]",1,55,26,0
49344,"[19164, 0]",1,0,0,1
49345,"[19164, 1]",2,158,64,11
49346,"[19165, 0]",1,158,64,0
49347,"[19166, 0]",1,54,24,0
49348,"[19167, 0]",1,0,0,0
49349,"[19167, 1]",2,158,64,0
49350,"[19168, 0]",1,0,0,0
49351,"[19168, 1]",2,156,64,0
49352,"[19169, 0]",1,0,0,0
49353,"[19169, 1]",2,0,0,0
49354,"[19169, 2]",7,0,0,0
49355,"[19169, 3]",27,54,24,1
49356,"[19170, 0]",1,41,18,0
49357,"[19171, 0]",1,156,64,0
49358,"[19172, 0]",1,57,26,0
49359,"[19173, 0]",1,158,64,0
49360,"[19174, 0]",1,0,0,0
49361,"[19174, 1]",2,57,26,0
49362,"[19175, 0]",1,158,64,0
49363,"[19176, 0]",1,51,24,0
49364,"[19177, 0]",1,158,64,0
49365,"[19178, 0]",1,158,64,0
49366,"[19179, 0]",1,0,0,0
49367,"[19179, 1]",6,158,64,-1
49368,"[19179, 2]",5,0,0,-1
49369,"[19179, 3]",4,0,0,-1
49370,"[19179, 4]",62,158,64,-1
49371,"[19179, 5]",55,158,64,-1
49372,"[19180, 0]",1,158,64,0
49373,"[19181, 0]",1,0,0,0
49374,"[19181, 1]",2,156,64,0
49375,"[19182, 0]",1,0,0,0
49376,"[19182, 1]",2,158,64,0
49377,"[19183, 0]",1,156,64,0
49378,"[19184, 0]",1,0,0,0
49379,"[19184, 1]",6,57,26,0
49380,"[19184, 2]",5,57,26,0
49381,"[19184, 3]",2,0,0,0
49382,"[19184, 4]",21,0,0,0
49383,"[19184, 5]",45,0,0,-1
49384,"[19184, 6]",70,158,64,-1
49385,"[19185, 0]",1,0,0,0
49386,"[19185, 1]",2,57,26,0
49387,"[19186, 0]",1,0,0,0
49388,"[19186, 1]",2,156,64,0
49389,"[19187, 0]",1,57,26,0
49390,"[19188, 0]",1,0,0,1
49391,"[19188, 1]",5,158,64,0
49392,"[19188, 2]",3,0,0,0
49393,"[19188, 3]",2,0,0,0
49394,"[19188, 4]",38,0,0,0
49395,"[19188, 5]",34,59,28,0
49396,"[19188, 6]",50,0,0,0
49397,"[19188, 7]",153,0,0,0
49398,"[19188, 8]",170,41,18,0
49399,"[19189, 0]",1,158,64,0
49400,"[19190, 0]",1,0,0,0
49401,"[19190, 1]",2,158,64,0
49402,"[19191, 0]",1,2,1,0
49403,"[19192, 0]",1,57,26,0
49404,"[19193, 0]",1,2,1,0
49405,"[19194, 0]",1,158,64,0
49406,"[19195, 0]",1,55,26,0
49407,"[19196, 0]",1,55,26,0
49408,"[19197, 0]",1,158,64,0
49409,"[19198, 0]",1,41,18,0
49410,"[19199, 0]",1,0,0,1
49411,"[19199, 1]",2,41,18,0
49412,"[19200, 0]",1,158,64,0
49413,"[19201, 0]",1,158,64,0
49414,"[19202, 0]",1,0,0,0
49415,"[19202, 1]",4,0,0,0
49416,"[19202, 2]",2,0,0,0
49417,"[19202, 3]",28,0,0,0
49418,"[19202, 4]",17,57,26,0
49419,"[19202, 5]",105,158,64,0
49420,"[19203, 0]",1,0,0,0
49421,"[19203, 1]",2,158,64,0
49422,"[19204, 0]",1,0,0,0
49423,"[19204, 1]",3,158,64,0
49424,"[19204, 2]",2,0,0,0
49425,"[19204, 3]",35,0,0,0
49426,"[19204, 4]",49,156,64,0
49427,"[19205, 0]",1,0,0,0
49428,"[19205, 1]",5,156,64,0
49429,"[19205, 2]",3,41,18,0
49430,"[19205, 3]",2,0,0,0
49431,"[19205, 4]",25,41,18,0
49432,"[19206, 0]",1,158,64,0
49433,"[19207, 0]",1,54,24,1
49434,"[19208, 0]",1,54,24,1
49435,"[19209, 0]",1,0,0,0
49436,"[19209, 1]",2,2,1,0
49437,"[19210, 0]",1,2,1,0
49438,"[19211, 0]",1,158,64,1
49439,"[19212, 0]",1,158,64,0
49440,"[19213, 0]",1,0,0,0
49441,"[19213, 1]",2,0,0,0
49442,"[19213, 2]",35,2,1,0
49443,"[19214, 0]",1,2,1,0
49444,"[19215, 0]",1,0,0,0
49445,"[19215, 1]",2,41,18,0
49446,"[19216, 0]",1,57,26,0
49447,"[19217, 0]",1,53,24,0
49448,"[19218, 0]",1,0,0,0
49449,"[19218, 1]",5,0,0,0
49450,"[19218, 2]",3,0,0,0
49451,"[19218, 3]",40,158,64,0
49452,"[19218, 4]",39,57,26,0
49453,"[19218, 5]",26,158,64,0
49454,"[19219, 0]",1,0,0,0
49455,"[19219, 1]",2,0,0,0
49456,"[19219, 2]",85,158,64,0
49457,"[19220, 0]",1,0,0,0
49458,"[19220, 1]",2,2,1,0
49459,"[19221, 0]",1,0,0,0
49460,"[19221, 1]",2,2,1,0
49461,"[19222, 0]",1,156,64,0
49462,"[19223, 0]",1,57,26,0
49463,"[19224, 0]",1,0,0,0
49464,"[19224, 1]",2,2,1,0
49465,"[19225, 0]",1,156,64,0
49466,"[19226, 0]",1,158,64,0
49467,"[19227, 0]",1,0,0,0
49468,"[19227, 1]",2,158,64,0
49469,"[19228, 0]",1,41,18,0
49470,"[19229, 0]",1,0,0,0
49471,"[19229, 1]",2,57,26,1
49472,"[19230, 0]",1,158,64,0
49473,"[19231, 0]",1,41,18,0
49474,"[19232, 0]",1,57,26,0
49475,"[19233, 0]",1,41,18,0
49476,"[19234, 0]",1,0,0,0
49477,"[19234, 1]",2,41,18,0
49478,"[19235, 0]",1,0,0,0
49479,"[19235, 1]",2,41,18,0
49480,"[19236, 0]",1,0,0,0
49481,"[19236, 1]",2,158,64,-1
49482,"[19237, 0]",1,0,0,0
49483,"[19237, 1]",2,158,64,0
49484,"[19238, 0]",1,0,0,0
49485,"[19238, 1]",2,41,18,0
49486,"[19239, 0]",1,156,64,0
49487,"[19240, 0]",1,0,0,0
49488,"[19240, 1]",2,0,0,0
49489,"[19240, 2]",79,57,26,0
49490,"[19241, 0]",1,0,0,0
49491,"[19241, 1]",2,57,26,3
49492,"[19242, 0]",1,156,64,0
49493,"[19243, 0]",1,0,0,0
49494,"[19243, 1]",2,0,0,0
49495,"[19243, 2]",55,158,64,0
49496,"[19244, 0]",1,156,64,0
49497,"[19245, 0]",1,156,64,0
49498,"[19246, 0]",1,41,18,0
49499,"[19247, 0]",1,156,64,0
49500,"[19248, 0]",1,0,0,0
49501,"[19248, 1]",2,0,0,0
49502,"[19248, 2]",17,158,64,12
49503,"[19249, 0]",1,0,0,0
49504,"[19249, 1]",2,158,64,0
49505,"[19250, 0]",1,0,0,0
49506,"[19250, 1]",2,0,0,0
49507,"[19250, 2]",16,158,64,8
49508,"[19251, 0]",1,0,0,0
49509,"[19251, 1]",2,0,0,0
49510,"[19251, 2]",87,41,18,0
49511,"[19252, 0]",1,0,0,0
49512,"[19252, 1]",2,158,64,0
49513,"[19253, 0]",1,57,26,0
49514,"[19254, 0]",1,158,64,0
49515,"[19255, 0]",1,0,0,0
49516,"[19255, 1]",4,0,0,0
49517,"[19255, 2]",3,0,0,0
49518,"[19255, 3]",2,0,0,0
49519,"[19255, 4]",41,57,26,0
49520,"[19255, 5]",36,158,64,0
49521,"[19255, 6]",32,158,64,0
49522,"[19256, 0]",1,158,64,0
49523,"[19257, 0]",1,156,64,0
49524,"[19258, 0]",1,41,18,0
49525,"[19259, 0]",1,0,0,0
49526,"[19259, 1]",2,0,0,0
49527,"[19259, 2]",15,0,0,-1
49528,"[19259, 3]",32,59,28,2
49529,"[19260, 0]",1,0,0,0
49530,"[19260, 1]",2,156,64,0
49531,"[19261, 0]",1,158,64,0
49532,"[19262, 0]",1,57,26,0
49533,"[19263, 0]",1,0,0,0
49534,"[19263, 1]",4,57,26,0
49535,"[19263, 2]",10,0,0,0
49536,"[19263, 3]",61,41,18,0
49537,"[19264, 0]",1,158,64,1
49538,"[19265, 0]",1,0,0,0
49539,"[19265, 1]",2,158,64,0
49540,"[19266, 0]",1,158,64,0
49541,"[19267, 0]",1,0,0,0
49542,"[19267, 1]",2,0,0,0
49543,"[19267, 2]",13,57,26,4
49544,"[19268, 0]",1,41,18,0
49545,"[19269, 0]",1,41,18,0
49546,"[19270, 0]",1,2,1,0
49547,"[19271, 0]",1,0,0,0
49548,"[19271, 1]",6,55,26,0
49549,"[19271, 2]",3,0,0,0
49550,"[19271, 3]",2,0,0,0
49551,"[19271, 4]",46,0,0,-1
49552,"[19271, 5]",42,0,0,0
49553,"[19271, 6]",40,54,24,0
49554,"[19271, 7]",38,0,0,0
49555,"[19271, 8]",139,0,0,0
49556,"[19271, 9]",111,158,64,7
49557,"[19271, 10]",95,0,0,-1
49558,"[19271, 11]",260,2,1,-1
49559,"[19271, 12]",186,158,64,0
49560,"[19272, 0]",1,156,64,0
49561,"[19273, 0]",1,64,29,0
49562,"[19274, 0]",1,158,64,0
49563,"[19275, 0]",1,158,64,0
49564,"[19276, 0]",1,158,64,0
49565,"[19277, 0]",1,158,64,0
49566,"[19278, 0]",1,0,0,0
49567,"[19278, 1]",2,158,64,0
49568,"[19279, 0]",1,156,64,0
49569,"[19280, 0]",1,0,0,0
49570,"[19280, 1]",2,158,64,0
49571,"[19281, 0]",1,0,0,0
49572,"[19281, 1]",4,158,64,0
49573,"[19281, 2]",2,0,0,0
49574,"[19281, 3]",30,158,64,2
49575,"[19281, 4]",28,158,64,1
49576,"[19281, 5]",26,0,0,2
49577,"[19282, 0]",1,0,0,0
49578,"[19282, 1]",2,0,0,0
49579,"[19282, 2]",22,0,0,0
49580,"[19282, 3]",47,0,0,0
49581,"[19282, 4]",65,158,64,0
49582,"[19283, 0]",1,158,64,0
49583,"[19284, 0]",1,57,26,0
49584,"[19285, 0]",1,158,64,0
49585,"[19286, 0]",1,158,64,0
49586,"[19287, 0]",1,2,1,0
49587,"[19288, 0]",1,158,64,0
49588,"[19289, 0]",1,57,26,0
49589,"[19290, 0]",1,0,0,0
49590,"[19290, 1]",2,0,0,0
49591,"[19290, 2]",38,158,64,0
49592,"[19291, 0]",1,0,0,0
49593,"[19291, 1]",2,158,64,2
49594,"[19292, 0]",1,0,0,0
49595,"[19292, 1]",2,156,64,0
49596,"[19293, 0]",1,2,1,0
49597,"[19294, 0]",1,0,0,0
49598,"[19294, 1]",3,0,0,0
49599,"[19294, 2]",2,0,0,0
49600,"[19294, 3]",26,156,64,0
49601,"[19294, 4]",25,0,0,0
49602,"[19294, 5]",20,57,26,0
49603,"[19294, 6]",19,158,64,0
49604,"[19294, 7]",15,0,0,0
49605,"[19294, 8]",81,0,0,0
49606,"[19294, 9]",37,158,64,0
49607,"[19295, 0]",1,158,64,0
49608,"[19296, 0]",1,158,64,0
49609,"[19297, 0]",1,41,18,0
49610,"[19298, 0]",1,0,0,0
49611,"[19298, 1]",2,0,0,0
49612,"[19298, 2]",29,0,0,0
49613,"[19298, 3]",98,57,26,0
49614,"[19299, 0]",1,156,64,0
49615,"[19300, 0]",1,158,64,0
49616,"[19301, 0]",1,0,0,0
49617,"[19301, 1]",2,41,18,0
49618,"[19302, 0]",1,158,64,0
49619,"[19303, 0]",1,2,1,0
49620,"[19304, 0]",1,0,0,0
49621,"[19304, 1]",2,0,0,0
49622,"[19304, 2]",35,0,0,-1
49623,"[19304, 3]",55,158,64,-1
49624,"[19305, 0]",1,0,0,0
49625,"[19305, 1]",5,158,64,0
49626,"[19305, 2]",3,158,64,0
49627,"[19305, 3]",2,0,0,0
49628,"[19305, 4]",29,57,26,0
49629,"[19306, 0]",1,0,0,0
49630,"[19306, 1]",2,57,26,0
49631,"[19307, 0]",1,2,1,0
49632,"[19308, 0]",1,0,0,0
49633,"[19308, 1]",2,0,0,0
49634,"[19308, 2]",15,41,18,0
49635,"[19309, 0]",1,0,0,0
49636,"[19309, 1]",2,0,0,0
49637,"[19309, 2]",34,158,64,0
49638,"[19310, 0]",1,158,64,0
49639,"[19311, 0]",1,0,0,1
49640,"[19311, 1]",2,158,64,2
49641,"[19312, 0]",1,41,18,0
49642,"[19313, 0]",1,0,0,0
49643,"[19313, 1]",2,158,64,0
49644,"[19314, 0]",1,0,0,1
49645,"[19314, 1]",6,158,64,0
49646,"[19314, 2]",5,158,64,0
49647,"[19314, 3]",4,0,0,0
49648,"[19314, 4]",2,0,0,0
49649,"[19314, 5]",47,41,18,0
49650,"[19314, 6]",45,158,64,0
49651,"[19314, 7]",44,0,0,0
49652,"[19314, 8]",24,158,64,0
49653,"[19314, 9]",60,158,64,0
49654,"[19315, 0]",1,0,0,0
49655,"[19315, 1]",2,156,64,0
49656,"[19316, 0]",1,51,24,0
49657,"[19317, 0]",1,158,64,0
49658,"[19318, 0]",1,158,64,0
49659,"[19319, 0]",1,41,18,0
49660,"[19320, 0]",1,0,0,0
49661,"[19320, 1]",2,0,0,0
49662,"[19320, 2]",66,0,0,0
49663,"[19320, 3]",81,57,26,0
49664,"[19321, 0]",1,156,64,0
49665,"[19322, 0]",1,41,18,0
49666,"[19323, 0]",1,41,18,0
49667,"[19324, 0]",1,0,0,0
49668,"[19324, 1]",2,158,64,0
49669,"[19325, 0]",1,0,0,0
49670,"[19325, 1]",2,57,26,0
49671,"[19326, 0]",1,158,64,0
49672,"[19327, 0]",1,0,0,0
49673,"[19327, 1]",2,0,0,0
49674,"[19327, 2]",36,158,64,0
49675,"[19328, 0]",1,41,18,0
49676,"[19329, 0]",1,41,18,0
49677,"[19330, 0]",1,158,64,0
49678,"[19331, 0]",1,158,64,0
49679,"[19332, 0]",1,0,0,0
49680,"[19332, 1]",8,158,64,0
49681,"[19332, 2]",6,158,64,0
49682,"[19332, 3]",5,57,26,0
49683,"[19333, 0]",1,0,0,0
49684,"[19333, 1]",2,0,0,0
49685,"[19333, 2]",34,158,64,0
49686,"[19334, 0]",1,57,26,1
49687,"[19335, 0]",1,57,26,0
49688,"[19336, 0]",1,53,24,0
49689,"[19337, 0]",1,0,0,0
49690,"[19337, 1]",2,158,64,0
49691,"[19338, 0]",1,158,64,0
49692,"[19339, 0]",1,57,26,0
49693,"[19340, 0]",1,0,0,0
49694,"[19340, 1]",2,57,26,31
49695,"[19341, 0]",1,158,64,0
49696,"[19342, 0]",1,156,64,0
49697,"[19343, 0]",1,0,0,0
49698,"[19343, 1]",4,0,0,0
49699,"[19343, 2]",2,0,0,0
49700,"[19343, 3]",52,0,0,0
49701,"[19343, 4]",41,0,0,0
49702,"[19343, 5]",148,158,64,0
49703,"[19343, 6]",123,0,0,0
49704,"[19343, 7]",228,41,18,0
49705,"[19344, 0]",1,57,26,1
49706,"[19345, 0]",1,0,0,0
49707,"[19345, 1]",2,57,26,0
49708,"[19346, 0]",1,2,1,0
49709,"[19347, 0]",1,0,0,0
49710,"[19347, 1]",2,54,24,0
49711,"[19348, 0]",1,41,18,0
49712,"[19349, 0]",1,57,26,0
49713,"[19350, 0]",1,158,64,0
49714,"[19351, 0]",1,0,0,0
49715,"[19351, 1]",2,2,1,0
49716,"[19352, 0]",1,0,0,0
49717,"[19352, 1]",2,158,64,0
49718,"[19353, 0]",1,61,28,0
49719,"[19354, 0]",1,0,0,0
49720,"[19354, 1]",2,2,1,0
49721,"[19355, 0]",1,0,0,0
49722,"[19355, 1]",12,57,26,0
49723,"[19355, 2]",11,0,0,0
49724,"[19355, 3]",10,0,0,0
49725,"[19355, 4]",9,0,0,0
49726,"[19355, 5]",74,0,0,-1
49727,"[19355, 6]",70,0,0,0
49728,"[19355, 7]",69,0,0,0
49729,"[19355, 8]",68,0,0,0
49730,"[19355, 9]",66,0,0,0
49731,"[19355, 10]",65,0,0,0
49732,"[19355, 11]",54,158,64,0
49733,"[19355, 12]",52,0,0,0
49734,"[19355, 13]",43,0,0,0
49735,"[19355, 14]",40,41,18,0
49736,"[19355, 15]",37,158,64,0
49737,"[19355, 16]",309,0,0,0
49738,"[19355, 17]",308,158,64,0
49739,"[19355, 18]",271,0,0,0
49740,"[19355, 19]",198,158,64,0
49741,"[19355, 20]",197,0,0,0
49742,"[19355, 21]",194,0,0,0
49743,"[19355, 22]",192,41,18,0
49744,"[19355, 23]",191,158,64,0
49745,"[19355, 24]",166,41,18,0
49746,"[19355, 25]",162,0,0,0
49747,"[19355, 26]",159,0,0,0
49748,"[19355, 29]",145,156,64,-1
49749,"[19355, 30]",141,0,0,-1
49750,"[19355, 31]",140,0,0,-1
49751,"[19355, 32]",880,0,0,-1
49752,"[19355, 33]",876,158,64,-1
49753,"[19355, 38]",781,156,64,-1
49754,"[19355, 39]",762,2,1,0
49755,"[19355, 40]",668,158,64,0
49756,"[19355, 41]",665,0,0,0
49757,"[19355, 42]",652,57,26,0
49758,"[19355, 43]",562,41,18,0
49759,"[19355, 44]",476,158,64,0
49760,"[19355, 45]",1302,0,0,0
49761,"[19355, 48]",963,158,64,-1
49762,"[19355, 49]",960,158,64,-1
49763,"[19355, 51]",2133,0,0,0
49764,"[19355, 52]",3054,158,64,1
49765,"[19356, 0]",1,53,24,0
49766,"[19357, 0]",1,0,0,0
49767,"[19357, 1]",5,63,28,0
49768,"[19357, 2]",4,0,0,0
49769,"[19357, 3]",3,0,0,0
49770,"[19357, 4]",35,0,0,0
49771,"[19357, 5]",32,54,24,0
49772,"[19357, 6]",60,158,64,0
49773,"[19358, 0]",1,58,26,0
49774,"[19359, 0]",1,0,0,0
49775,"[19359, 1]",2,158,64,0
49776,"[19360, 0]",1,158,64,0
49777,"[19361, 0]",1,0,0,0
49778,"[19361, 1]",4,41,18,0
49779,"[19361, 2]",3,0,0,0
49780,"[19361, 3]",30,41,18,0
49781,"[19362, 0]",1,0,0,0
49782,"[19362, 1]",2,156,64,0
49783,"[19363, 0]",1,156,64,0
49784,"[19364, 0]",1,0,0,0
49785,"[19364, 1]",2,0,0,0
49786,"[19364, 2]",87,41,18,0
49787,"[19365, 0]",1,158,64,1
49788,"[19366, 0]",1,0,0,0
49789,"[19366, 1]",5,41,18,0
49790,"[19366, 2]",4,37,18,0
49791,"[19366, 3]",3,41,18,0
49792,"[19367, 0]",1,156,64,0
49793,"[19368, 0]",1,0,0,0
49794,"[19368, 1]",2,0,0,0
49795,"[19368, 2]",15,41,18,0
49796,"[19369, 0]",1,0,0,0
49797,"[19369, 1]",2,158,64,0
49798,"[19370, 0]",1,158,64,0
49799,"[19371, 0]",1,156,64,0
49800,"[19372, 0]",1,0,0,0
49801,"[19372, 1]",2,158,64,0
49802,"[19373, 0]",1,57,26,0
49803,"[19374, 0]",1,64,29,0
49804,"[19375, 0]",1,0,0,0
49805,"[19375, 1]",2,0,0,0
49806,"[19375, 2]",33,158,64,0
49807,"[19376, 0]",1,0,0,0
49808,"[19376, 1]",5,0,0,0
49809,"[19376, 2]",4,0,0,0
49810,"[19376, 3]",3,0,0,0
49811,"[19376, 4]",56,64,29,0
49812,"[19376, 5]",52,158,64,0
49813,"[19376, 6]",47,57,26,0
49814,"[19377, 0]",1,59,26,0
49815,"[19378, 0]",1,0,0,0
49816,"[19378, 1]",2,0,0,0
49817,"[19378, 2]",75,158,64,0
49818,"[19379, 0]",1,0,0,1
49819,"[19379, 1]",2,156,64,2
49820,"[19380, 0]",1,0,0,0
49821,"[19380, 1]",2,0,0,-1
49822,"[19380, 2]",18,57,26,2
49823,"[19381, 0]",1,2,1,0
49824,"[19382, 0]",1,0,0,0
49825,"[19382, 1]",2,41,18,2
49826,"[19383, 0]",1,0,0,0
49827,"[19383, 1]",2,156,64,0
49828,"[19384, 0]",1,37,18,0
49829,"[19385, 0]",1,55,26,0
49830,"[19386, 0]",1,0,0,0
49831,"[19386, 1]",5,0,0,0
49832,"[19386, 2]",3,0,0,0
49833,"[19386, 3]",2,0,0,0
49834,"[19386, 4]",40,158,64,0
49835,"[19386, 5]",37,0,0,0
49836,"[19386, 6]",33,51,24,0
49837,"[19386, 7]",17,158,64,0
49838,"[19386, 8]",77,0,0,0
49839,"[19386, 9]",190,41,18,0
49840,"[19387, 0]",1,0,0,0
49841,"[19387, 1]",4,2,1,0
49842,"[19387, 2]",2,0,0,0
49843,"[19387, 3]",39,156,64,0
49844,"[19387, 4]",38,41,18,0
49845,"[19388, 0]",1,0,0,0
49846,"[19388, 1]",3,158,64,-1
49847,"[19388, 2]",2,158,64,-1
49848,"[19389, 0]",1,0,0,0
49849,"[19389, 1]",2,158,64,0
49850,"[19390, 0]",1,0,0,0
49851,"[19390, 1]",3,156,64,0
49852,"[19390, 2]",2,156,64,0
49853,"[19391, 0]",1,0,0,0
49854,"[19391, 1]",2,37,18,0
49855,"[19392, 0]",1,0,0,0
49856,"[19392, 1]",6,0,0,0
49857,"[19392, 2]",5,0,0,0
49858,"[19392, 3]",2,0,0,0
49859,"[19392, 4]",46,0,0,0
49860,"[19392, 5]",45,158,64,0
49861,"[19392, 6]",20,158,64,0
49862,"[19392, 7]",17,0,0,0
49863,"[19392, 8]",83,41,18,0
49864,"[19392, 9]",51,0,0,6
49865,"[19392, 10]",155,0,0,0
49866,"[19392, 11]",172,57,26,1
49867,"[19393, 0]",1,64,29,0
49868,"[19394, 0]",1,41,18,0
49869,"[19395, 0]",1,0,0,0
49870,"[19395, 1]",2,0,0,0
49871,"[19395, 2]",31,0,0,0
49872,"[19395, 3]",76,0,0,0
49873,"[19395, 4]",115,0,0,0
49874,"[19395, 5]",113,0,0,0
49875,"[19395, 6]",112,0,0,0
49876,"[19395, 7]",165,0,0,-1
49877,"[19395, 8]",164,0,0,-1
49878,"[19395, 9]",156,156,64,0
49879,"[19395, 10]",139,158,64,0
49880,"[19395, 11]",196,158,64,-1
49881,"[19395, 12]",195,2,1,-1
49882,"[19395, 13]",191,158,64,-1
49883,"[19396, 0]",1,0,0,0
49884,"[19396, 1]",3,158,64,-1
49885,"[19397, 0]",1,41,18,0
49886,"[19398, 0]",1,0,0,0
49887,"[19398, 1]",2,158,64,0
49888,"[19399, 0]",1,0,0,0
49889,"[19399, 1]",2,0,0,0
49890,"[19399, 2]",15,57,26,0
49891,"[19400, 0]",1,158,64,0
49892,"[19401, 0]",1,158,64,0
49893,"[19402, 0]",1,0,0,0
49894,"[19402, 1]",2,0,0,0
49895,"[19402, 2]",27,158,64,0
49896,"[19403, 0]",1,41,18,0
49897,"[19404, 0]",1,156,64,1
49898,"[19405, 0]",1,0,0,0
49899,"[19405, 1]",2,158,64,0
49900,"[19406, 0]",1,0,0,0
49901,"[19406, 1]",2,57,26,4
49902,"[19407, 0]",1,158,64,0
49903,"[19408, 0]",1,0,0,0
49904,"[19408, 1]",2,41,18,0
49905,"[19409, 0]",1,158,64,0
49906,"[19410, 0]",1,0,0,0
49907,"[19410, 1]",2,0,0,0
49908,"[19410, 2]",41,158,64,6
49909,"[19411, 0]",1,158,64,0
49910,"[19412, 0]",1,0,0,0
49911,"[19412, 1]",2,158,64,2
49912,"[19413, 0]",1,57,26,0
49913,"[19414, 0]",1,0,0,0
49914,"[19414, 1]",2,0,0,0
49915,"[19414, 2]",20,0,0,0
49916,"[19414, 3]",35,158,64,0
49917,"[19415, 0]",1,158,64,0
49918,"[19416, 0]",1,0,0,0
49919,"[19416, 1]",3,41,18,0
49920,"[19416, 2]",2,0,0,0
49921,"[19416, 3]",22,0,0,0
49922,"[19416, 4]",42,0,0,0
49923,"[19416, 5]",132,158,64,0
49924,"[19417, 0]",1,0,0,0
49925,"[19417, 1]",2,41,18,0
49926,"[19418, 0]",1,41,18,0
49927,"[19419, 0]",1,0,0,0
49928,"[19419, 1]",2,55,26,0
49929,"[19420, 0]",1,41,18,0
49930,"[19421, 0]",1,0,0,0
49931,"[19421, 1]",2,0,0,0
49932,"[19421, 2]",27,158,64,0
49933,"[19422, 0]",1,0,0,0
49934,"[19422, 1]",2,158,64,0
49935,"[19423, 0]",1,0,0,0
49936,"[19423, 1]",3,41,18,0
49937,"[19423, 2]",2,0,0,0
49938,"[19423, 3]",32,0,0,0
49939,"[19423, 4]",63,57,26,0
49940,"[19424, 0]",1,41,18,0
49941,"[19425, 0]",1,0,0,0
49942,"[19425, 1]",2,156,64,0
49943,"[19426, 0]",1,0,0,0
49944,"[19426, 1]",2,158,64,0
49945,"[19427, 0]",1,156,64,0
49946,"[19428, 0]",1,156,64,0
49947,"[19429, 0]",1,0,0,0
49948,"[19429, 1]",2,57,26,0
49949,"[19430, 0]",1,41,18,0
49950,"[19431, 0]",1,158,64,0
49951,"[19432, 0]",1,0,0,0
49952,"[19432, 1]",2,2,1,0
49953,"[19433, 0]",1,158,64,0
49954,"[19434, 0]",1,0,0,0
49955,"[19434, 1]",2,0,0,0
49956,"[19434, 2]",29,54,24,0
49957,"[19434, 3]",27,0,0,0
49958,"[19434, 4]",26,0,0,0
49959,"[19434, 5]",65,0,0,0
49960,"[19434, 6]",62,0,0,0
49961,"[19434, 7]",60,0,0,0
49962,"[19434, 8]",55,158,64,0
49963,"[19434, 9]",119,57,26,0
49964,"[19434, 10]",116,0,0,0
49965,"[19434, 11]",111,41,18,0
49966,"[19434, 12]",89,158,64,5
49967,"[19434, 13]",227,158,64,0
49968,"[19434, 14]",226,158,64,0
49969,"[19435, 0]",1,156,64,0
49970,"[19436, 0]",1,158,64,0
49971,"[19437, 0]",1,2,1,0
49972,"[19438, 0]",1,0,0,0
49973,"[19438, 1]",2,158,64,0
49974,"[19439, 0]",1,54,24,0
49975,"[19440, 0]",1,158,64,0
49976,"[19441, 0]",1,158,64,0
49977,"[19442, 0]",1,158,64,0
49978,"[19443, 0]",1,0,0,0
49979,"[19444, 0]",1,0,0,0
49980,"[19444, 1]",6,156,64,0
49981,"[19444, 2]",4,0,0,0
49982,"[19444, 3]",3,0,0,0
49983,"[19444, 4]",28,0,0,0
49984,"[19444, 5]",25,51,24,0
49985,"[19444, 6]",52,158,64,17
49986,"[19445, 0]",1,0,0,0
49987,"[19445, 1]",2,57,26,0
49988,"[19446, 0]",1,0,0,0
49989,"[19446, 1]",6,51,24,0
49990,"[19446, 2]",2,0,0,0
49991,"[19446, 3]",38,0,0,0
49992,"[19446, 4]",36,0,0,0
49993,"[19446, 5]",70,2,1,-1
49994,"[19446, 6]",57,158,64,1
49995,"[19447, 0]",1,0,0,0
49996,"[19447, 1]",2,0,0,0
49997,"[19447, 2]",19,158,64,0
49998,"[19448, 0]",1,41,18,0
49999,"[19449, 0]",1,0,0,0
50000,"[19449, 1]",3,158,64,0
50001,"[19449, 2]",2,0,0,0
50002,"[19449, 3]",19,2,1,0
50003,"[19450, 0]",1,0,0,0
50004,"[19450, 1]",2,57,26,0
50005,"[19451, 0]",1,158,64,0
50006,"[19452, 0]",1,0,0,0
50007,"[19452, 1]",2,0,0,0
50008,"[19452, 2]",52,158,64,0
50009,"[19453, 0]",1,0,0,0
50010,"[19453, 1]",2,156,64,0
50011,"[19454, 0]",1,0,0,1
50012,"[19454, 1]",2,0,0,0
50013,"[19454, 2]",80,158,64,0
50014,"[19455, 0]",1,57,26,0
50015,"[19456, 0]",1,158,64,0
50016,"[19457, 0]",1,158,64,0
50017,"[19458, 0]",1,57,26,0
50018,"[19459, 0]",1,0,0,0
50019,"[19459, 1]",6,41,18,12
50020,"[19459, 2]",4,158,64,-1
50021,"[19459, 3]",2,158,64,-1
50022,"[19460, 0]",1,41,18,0
50023,"[19461, 0]",1,2,1,0
50024,"[19462, 0]",1,0,0,1
50025,"[19462, 1]",2,156,64,0
50026,"[19463, 0]",1,158,64,0
50027,"[19464, 0]",1,158,64,1
50028,"[19465, 0]",1,0,0,0
50029,"[19465, 1]",3,0,0,0
50030,"[19465, 2]",2,0,0,0
50031,"[19465, 3]",31,0,0,0
50032,"[19465, 4]",25,57,26,0
50033,"[19465, 5]",48,2,1,0
50034,"[19466, 0]",1,0,0,0
50035,"[19466, 1]",2,0,0,0
50036,"[19466, 2]",38,41,18,0
50037,"[19467, 0]",1,158,64,0
50038,"[19468, 0]",1,0,0,0
50039,"[19468, 1]",2,0,0,0
50040,"[19468, 2]",23,57,26,0
50041,"[19469, 0]",1,0,0,0
50042,"[19469, 1]",2,37,18,0
50043,"[19470, 0]",1,0,0,1
50044,"[19470, 1]",2,41,18,0
50045,"[19471, 0]",1,0,0,0
50046,"[19471, 1]",2,158,64,0
50047,"[19472, 0]",1,0,0,0
50048,"[19472, 1]",3,0,0,0
50049,"[19472, 2]",2,0,0,0
50050,"[19472, 3]",28,0,0,0
50051,"[19472, 4]",22,0,0,-1
50052,"[19472, 5]",79,158,64,22
50053,"[19472, 6]",49,158,64,0
50054,"[19473, 0]",1,0,0,0
50055,"[19473, 1]",2,41,18,0
50056,"[19474, 0]",1,0,0,0
50057,"[19474, 1]",2,0,0,-1
50058,"[19474, 2]",15,158,64,-1
50059,"[19475, 0]",1,57,26,0
50060,"[19476, 0]",1,0,0,0
50061,"[19476, 1]",3,41,18,0
50062,"[19476, 2]",2,158,64,0
50063,"[19477, 0]",1,0,0,0
50064,"[19477, 1]",2,0,0,0
50065,"[19477, 2]",38,0,0,-1
50066,"[19477, 3]",52,0,0,-1
50067,"[19477, 4]",65,158,64,-1
50068,"[19478, 0]",1,0,0,0
50069,"[19478, 1]",2,158,64,-1
50070,"[19479, 0]",1,0,0,0
50071,"[19479, 1]",6,158,64,0
50072,"[19479, 2]",4,0,0,0
50073,"[19479, 3]",3,0,0,0
50074,"[19479, 4]",2,0,0,0
50075,"[19479, 5]",52,158,64,0
50076,"[19479, 6]",49,0,0,0
50077,"[19479, 7]",41,156,64,0
50078,"[19479, 8]",36,156,64,0
50079,"[19479, 9]",94,158,64,0
50080,"[19480, 0]",1,158,64,0
50081,"[19481, 0]",1,156,64,0
50082,"[19482, 0]",1,158,64,0
50083,"[19483, 0]",1,0,0,0
50084,"[19483, 1]",5,0,0,0
50085,"[19483, 2]",4,0,0,0
50086,"[19483, 3]",3,2,1,0
50087,"[19483, 4]",2,0,0,0
50088,"[19483, 5]",39,0,0,0
50089,"[19483, 6]",34,158,64,1
50090,"[19483, 7]",31,158,64,0
50091,"[19483, 8]",77,0,0,0
50092,"[19483, 9]",346,158,64,0
50093,"[19484, 0]",1,0,0,0
50094,"[19484, 1]",2,158,64,0
50095,"[19485, 0]",1,0,0,0
50096,"[19485, 1]",2,57,26,1
50097,"[19486, 0]",1,55,26,1
50098,"[19487, 0]",1,0,0,0
50099,"[19487, 1]",2,57,26,0
50100,"[19488, 0]",1,2,1,0
50101,"[19489, 0]",1,2,1,1
50102,"[19490, 0]",1,0,0,0
50103,"[19490, 1]",2,2,1,23
50104,"[19491, 0]",1,57,26,0
50105,"[19492, 0]",1,156,64,0
50106,"[19493, 0]",1,158,64,0
50107,"[19494, 0]",1,41,18,0
50108,"[19495, 0]",1,41,18,0
50109,"[19496, 0]",1,57,26,0
50110,"[19497, 0]",1,59,28,0
50111,"[19498, 0]",1,0,0,0
50112,"[19498, 1]",2,41,18,0
50113,"[19499, 0]",1,158,64,0
50114,"[19500, 0]",1,158,64,0
50115,"[19501, 0]",1,41,18,0
50116,"[19502, 0]",1,0,0,0
50117,"[19502, 1]",4,0,0,0
50118,"[19502, 2]",3,0,0,0
50119,"[19502, 3]",23,156,64,0
50120,"[19502, 4]",20,41,18,0
50121,"[19503, 0]",1,0,0,0
50122,"[19503, 1]",2,158,64,3
50123,"[19504, 0]",1,0,0,0
50124,"[19504, 1]",2,158,64,2
50125,"[19505, 0]",1,0,0,0
50126,"[19505, 1]",2,41,18,0
50127,"[19506, 0]",1,0,0,0
50128,"[19506, 1]",2,41,18,0
50129,"[19507, 0]",1,0,0,0
50130,"[19507, 1]",2,158,64,-1
50131,"[19508, 0]",1,41,18,0
50132,"[19509, 0]",1,158,64,0
50133,"[19510, 0]",1,158,64,0
50134,"[19511, 0]",1,158,64,0
50135,"[19512, 0]",1,0,0,0
50136,"[19512, 1]",7,41,18,0
50137,"[19512, 2]",6,0,0,0
50138,"[19512, 3]",5,0,0,0
50139,"[19512, 4]",4,0,0,0
50140,"[19512, 5]",2,0,0,0
50141,"[19512, 6]",27,0,0,0
50142,"[19512, 7]",20,2,1,0
50143,"[19512, 8]",17,158,64,0
50144,"[19512, 9]",13,0,0,0
50145,"[19512, 10]",108,57,26,1
50146,"[19512, 11]",55,0,0,0
50147,"[19512, 12]",201,54,24,0
50148,"[19513, 0]",1,0,0,0
50149,"[19513, 1]",2,41,18,4
50150,"[19514, 0]",1,156,64,0
50151,"[19515, 0]",1,0,0,0
50152,"[19515, 1]",7,57,26,0
50153,"[19515, 2]",4,2,1,0
50154,"[19515, 3]",2,0,0,0
50155,"[19515, 4]",57,158,64,0
50156,"[19515, 5]",55,0,0,0
50157,"[19515, 6]",53,0,0,0
50158,"[19515, 7]",97,41,18,0
50159,"[19515, 8]",81,0,0,1
50160,"[19515, 9]",209,158,64,0
50161,"[19516, 0]",1,158,64,0
50162,"[19517, 0]",1,0,0,0
50163,"[19517, 1]",2,0,0,0
50164,"[19517, 2]",15,2,1,0
50165,"[19518, 0]",1,0,0,0
50166,"[19518, 1]",2,158,64,0
50167,"[19519, 0]",1,0,0,0
50168,"[19519, 1]",2,158,64,0
50169,"[19520, 0]",1,2,1,0
50170,"[19521, 0]",1,158,64,0
50171,"[19522, 0]",1,0,0,0
50172,"[19522, 1]",2,2,1,0
50173,"[19523, 0]",1,0,0,0
50174,"[19523, 1]",2,41,18,0
50175,"[19524, 0]",1,0,0,0
50176,"[19524, 1]",3,0,0,0
50177,"[19524, 2]",2,156,64,0
50178,"[19524, 3]",17,54,24,0
50179,"[19525, 0]",1,0,0,0
50180,"[19525, 1]",2,158,64,0
50181,"[19526, 0]",1,158,64,0
50182,"[19527, 0]",1,0,0,0
50183,"[19527, 1]",2,41,18,0
50184,"[19528, 0]",1,0,0,0
50185,"[19528, 1]",2,41,18,0
50186,"[19529, 0]",1,41,18,0
50187,"[19530, 0]",1,0,0,0
50188,"[19530, 1]",2,0,0,0
50189,"[19530, 2]",26,158,64,0
50190,"[19531, 0]",1,54,24,0
50191,"[19532, 0]",1,41,18,0
50192,"[19533, 0]",1,158,64,0
50193,"[19534, 0]",1,41,18,0
50194,"[19535, 0]",1,158,64,0
50195,"[19536, 0]",1,156,64,0
50196,"[19537, 0]",1,158,64,0
50197,"[19538, 0]",1,0,0,0
50198,"[19538, 1]",3,158,64,0
50199,"[19538, 2]",2,158,64,0
50200,"[19539, 0]",1,0,0,0
50201,"[19539, 1]",2,41,18,0
50202,"[19540, 0]",1,41,18,0
50203,"[19541, 0]",1,57,26,0
50204,"[19542, 0]",1,0,0,0
50205,"[19542, 1]",2,41,18,0
50206,"[19543, 0]",1,0,0,0
50207,"[19543, 1]",4,41,18,0
50208,"[19543, 2]",2,0,0,0
50209,"[19543, 3]",32,158,64,0
50210,"[19544, 0]",1,0,0,0
50211,"[19544, 1]",5,41,18,0
50212,"[19544, 2]",3,53,24,0
50213,"[19544, 3]",2,0,0,0
50214,"[19544, 4]",32,158,64,0
50215,"[19545, 0]",1,57,26,0
50216,"[19546, 0]",1,0,0,0
50217,"[19546, 1]",2,0,0,0
50218,"[19546, 2]",17,158,64,0
50219,"[19547, 0]",1,158,64,0
50220,"[19548, 0]",1,158,64,0
50221,"[19549, 0]",1,156,64,0
50222,"[19550, 0]",1,156,64,0
50223,"[19551, 0]",1,156,64,0
50224,"[19552, 0]",1,0,0,0
50225,"[19552, 1]",2,158,64,0
50226,"[19553, 0]",1,0,0,0
50227,"[19553, 1]",2,41,18,0
50228,"[19554, 0]",1,41,18,0
50229,"[19555, 0]",1,41,18,0
50230,"[19556, 0]",1,0,0,0
50231,"[19556, 1]",2,158,64,-1
50232,"[19557, 0]",1,158,64,0
50233,"[19558, 0]",1,158,64,1
50234,"[19559, 0]",1,0,0,0
50235,"[19559, 1]",2,57,26,0
50236,"[19560, 0]",1,41,18,0
50237,"[19561, 0]",1,0,0,0
50238,"[19561, 1]",2,0,0,0
50239,"[19561, 2]",56,0,0,0
50240,"[19561, 3]",72,57,26,0
50241,"[19562, 0]",1,0,0,0
50242,"[19562, 1]",3,158,64,0
50243,"[19562, 2]",2,158,64,0
50244,"[19563, 0]",1,2,1,0
50245,"[19564, 0]",1,2,1,0
50246,"[19565, 0]",1,57,26,0
50247,"[19566, 0]",1,0,0,0
50248,"[19566, 1]",4,2,1,0
50249,"[19566, 2]",3,0,0,0
50250,"[19566, 3]",2,0,0,0
50251,"[19566, 4]",36,158,64,0
50252,"[19566, 5]",32,2,1,0
50253,"[19567, 0]",1,2,1,0
50254,"[19568, 0]",1,0,0,0
50255,"[19568, 1]",2,158,64,0
50256,"[19569, 0]",1,0,0,0
50257,"[19569, 1]",2,156,64,9
50258,"[19570, 0]",1,0,0,0
50259,"[19570, 1]",2,63,28,0
50260,"[19571, 0]",1,57,26,0
50261,"[19572, 0]",1,158,64,0
50262,"[19573, 0]",1,0,0,0
50263,"[19573, 1]",2,41,18,0
50264,"[19574, 0]",1,0,0,0
50265,"[19574, 1]",2,41,18,0
50266,"[19575, 0]",1,0,0,0
50267,"[19575, 1]",2,156,64,0
50268,"[19576, 0]",1,41,18,0
50269,"[19577, 0]",1,0,0,0
50270,"[19577, 1]",2,41,18,0
50271,"[19578, 0]",1,0,0,0
50272,"[19579, 0]",1,0,0,0
50273,"[19579, 1]",3,156,64,0
50274,"[19579, 2]",2,0,0,0
50275,"[19579, 3]",36,158,64,0
50276,"[19579, 4]",35,57,26,0
50277,"[19580, 0]",1,158,64,0
50278,"[19581, 0]",1,57,26,0
50279,"[19582, 0]",1,0,0,0
50280,"[19582, 1]",2,158,64,0
50281,"[19583, 0]",1,41,18,0
50282,"[19584, 0]",1,158,64,0
50283,"[19585, 0]",1,2,1,0
50284,"[19586, 0]",1,0,0,0
50285,"[19586, 1]",2,0,0,0
50286,"[19586, 2]",25,158,64,-1
50287,"[19587, 0]",1,0,0,0
50288,"[19587, 1]",2,2,1,0
50289,"[19588, 0]",1,41,18,0
50290,"[19589, 0]",1,0,0,0
50291,"[19589, 1]",2,57,26,0
50292,"[19590, 0]",1,0,0,0
50293,"[19590, 1]",6,0,0,-1
50294,"[19590, 2]",2,0,0,3
50295,"[19590, 3]",24,158,64,-1
50296,"[19590, 4]",22,158,64,-1
50297,"[19590, 5]",20,158,64,0
50298,"[19590, 6]",17,158,64,0
50299,"[19590, 7]",16,158,64,0
50300,"[19590, 8]",15,0,0,0
50301,"[19590, 9]",13,0,0,0
50302,"[19590, 10]",8,41,18,8
50303,"[19590, 11]",103,158,64,0
50304,"[19590, 12]",100,0,0,0
50305,"[19590, 13]",99,0,0,0
50306,"[19590, 14]",95,0,0,-1
50307,"[19590, 15]",270,158,64,1
50308,"[19590, 16]",243,0,0,0
50309,"[19590, 17]",239,158,64,0
50310,"[19590, 18]",238,0,0,0
50311,"[19590, 19]",690,0,0,0
50312,"[19590, 20]",658,158,64,0
50313,"[19590, 21]",871,156,64,0
50314,"[19591, 0]",1,0,0,0
50315,"[19591, 1]",2,158,64,0
50316,"[19592, 0]",1,57,26,0
50317,"[19593, 0]",1,41,18,1
50318,"[19594, 0]",1,0,0,0
50319,"[19594, 1]",2,156,64,0
50320,"[19595, 0]",1,158,64,0
50321,"[19596, 0]",1,0,0,0
50322,"[19596, 1]",2,57,26,2
50323,"[19597, 0]",1,41,18,0
50324,"[19598, 0]",1,0,0,0
50325,"[19598, 1]",3,54,24,0
50326,"[19598, 2]",2,156,64,0
50327,"[19599, 0]",1,0,0,0
50328,"[19599, 1]",2,0,0,0
50329,"[19599, 2]",47,0,0,0
50330,"[19599, 3]",64,41,18,0
50331,"[19599, 4]",63,0,0,0
50332,"[19599, 5]",61,0,0,0
50333,"[19599, 6]",60,0,0,0
50334,"[19599, 7]",105,0,0,0
50335,"[19599, 8]",103,0,0,0
50336,"[19599, 9]",99,0,0,0
50337,"[19599, 10]",98,2,1,0
50338,"[19599, 11]",95,41,18,0
50339,"[19599, 12]",189,156,64,0
50340,"[19599, 13]",170,41,18,0
50341,"[19599, 14]",169,0,0,0
50342,"[19599, 15]",168,0,0,0
50343,"[19599, 16]",153,156,64,0
50344,"[19599, 17]",332,158,64,0
50345,"[19599, 18]",329,41,18,0
50346,"[19600, 0]",1,2,1,0
50347,"[19601, 0]",1,2,1,0
50348,"[19602, 0]",1,156,64,0
50349,"[19603, 0]",1,156,64,0
50350,"[19604, 0]",1,0,0,0
50351,"[19604, 1]",2,158,64,0
50352,"[19605, 0]",1,0,0,0
50353,"[19605, 1]",2,0,0,0
50354,"[19605, 2]",38,158,64,1
50355,"[19606, 0]",1,0,0,0
50356,"[19606, 1]",2,0,0,0
50357,"[19606, 2]",23,0,0,0
50358,"[19606, 3]",37,57,26,0
50359,"[19607, 0]",1,158,64,0
50360,"[19608, 0]",1,0,0,0
50361,"[19608, 1]",2,158,64,0
50362,"[19609, 0]",1,158,64,0
50363,"[19610, 0]",1,2,1,0
50364,"[19611, 0]",1,41,18,0
50365,"[19612, 0]",1,0,0,0
50366,"[19612, 1]",2,158,64,0
50367,"[19613, 0]",1,0,0,0
50368,"[19613, 1]",2,0,0,0
50369,"[19613, 2]",26,158,64,0
50370,"[19614, 0]",1,158,64,0
50371,"[19615, 0]",1,0,0,0
50372,"[19615, 1]",2,158,64,0
50373,"[19616, 0]",1,0,0,0
50374,"[19616, 1]",2,158,64,0
50375,"[19617, 0]",1,41,18,0
50376,"[19618, 0]",1,158,64,0
50377,"[19619, 0]",1,156,64,0
50378,"[19620, 0]",1,0,0,0
50379,"[19620, 1]",2,57,26,5
50380,"[19621, 0]",1,158,64,0
50381,"[19622, 0]",1,0,0,0
50382,"[19622, 1]",2,158,64,1
50383,"[19623, 0]",1,0,0,0
50384,"[19623, 1]",2,0,0,0
50385,"[19623, 2]",28,0,0,0
50386,"[19623, 3]",98,0,0,0
50387,"[19623, 4]",149,41,18,0
50388,"[19624, 0]",1,0,0,0
50389,"[19624, 1]",6,158,64,0
50390,"[19624, 2]",4,0,0,0
50391,"[19624, 3]",2,0,0,0
50392,"[19624, 4]",42,0,0,0
50393,"[19624, 5]",40,0,0,0
50394,"[19624, 6]",26,156,64,0
50395,"[19624, 7]",83,57,26,0
50396,"[19624, 8]",68,57,26,0
50397,"[19625, 0]",1,158,64,0
50398,"[19626, 0]",1,0,0,0
50399,"[19626, 1]",4,0,0,0
50400,"[19626, 2]",2,0,0,0
50401,"[19626, 3]",34,37,18,0
50402,"[19626, 4]",33,41,18,0
50403,"[19626, 5]",31,0,0,0
50404,"[19626, 6]",18,158,64,0
50405,"[19626, 7]",78,41,18,0
50406,"[19627, 0]",1,158,64,0
50407,"[19628, 0]",1,0,0,0
50408,"[19628, 1]",2,156,64,0
50409,"[19629, 0]",1,0,0,0
50410,"[19629, 1]",2,41,18,1
50411,"[19630, 0]",1,158,64,1
50412,"[19631, 0]",1,41,18,0
50413,"[19632, 0]",1,41,18,0
50414,"[19633, 0]",1,0,0,0
50415,"[19633, 1]",5,0,0,0
50416,"[19633, 2]",3,0,0,0
50417,"[19633, 3]",2,0,0,0
50418,"[19633, 4]",48,0,0,0
50419,"[19633, 5]",46,0,0,0
50420,"[19633, 6]",45,0,0,0
50421,"[19633, 7]",44,0,0,0
50422,"[19633, 8]",40,0,0,0
50423,"[19633, 9]",39,0,0,0
50424,"[19633, 10]",26,41,18,0
50425,"[19633, 11]",125,41,18,6
50426,"[19633, 12]",120,158,64,0
50427,"[19633, 13]",93,0,0,0
50428,"[19633, 14]",88,0,0,0
50429,"[19633, 15]",84,158,64,0
50430,"[19633, 16]",68,41,18,0
50431,"[19633, 17]",251,158,64,0
50432,"[19633, 18]",227,0,0,3
50433,"[19633, 19]",415,57,26,0
50434,"[19634, 0]",1,0,0,0
50435,"[19634, 1]",2,0,0,0
50436,"[19634, 2]",39,2,1,0
50437,"[19635, 0]",1,158,64,0
50438,"[19636, 0]",1,57,26,0
50439,"[19637, 0]",1,54,24,0
50440,"[19638, 0]",1,158,64,0
50441,"[19639, 0]",1,0,0,0
50442,"[19639, 1]",2,41,18,0
50443,"[19640, 0]",1,41,18,0
50444,"[19641, 0]",1,0,0,0
50445,"[19641, 1]",3,158,64,-1
50446,"[19641, 2]",2,0,0,-1
50447,"[19641, 3]",58,156,64,-1
50448,"[19642, 0]",1,158,64,0
50449,"[19643, 0]",1,0,0,0
50450,"[19643, 1]",2,41,18,0
50451,"[19644, 0]",1,0,0,0
50452,"[19644, 1]",2,41,18,0
50453,"[19645, 0]",1,158,64,0
50454,"[19646, 0]",1,0,0,0
50455,"[19646, 1]",4,0,0,-1
50456,"[19646, 2]",3,0,0,-1
50457,"[19646, 3]",2,0,0,-1
50458,"[19646, 4]",80,61,28,-1
50459,"[19646, 5]",78,0,0,-1
50460,"[19646, 6]",77,0,0,-1
50461,"[19646, 7]",72,0,0,-1
50462,"[19646, 8]",67,158,64,4
50463,"[19646, 9]",142,2,1,4
50464,"[19646, 10]",104,158,64,13
50465,"[19646, 11]",101,158,64,1
50466,"[19647, 0]",1,158,64,0
50467,"[19648, 0]",1,37,18,0
50468,"[19649, 0]",1,0,0,0
50469,"[19649, 1]",2,0,0,0
50470,"[19649, 2]",15,156,64,0
50471,"[19650, 0]",1,0,0,0
50472,"[19651, 0]",1,0,0,0
50473,"[19651, 1]",2,0,0,0
50474,"[19651, 2]",35,41,18,0
50475,"[19652, 0]",1,158,64,0
50476,"[19653, 0]",1,0,0,0
50477,"[19654, 0]",1,156,64,0
50478,"[19655, 0]",1,0,0,0
50479,"[19655, 1]",2,158,64,0
50480,"[19656, 0]",1,158,64,0
50481,"[19657, 0]",1,0,0,0
50482,"[19657, 1]",2,158,64,3
50483,"[19658, 0]",1,0,0,0
50484,"[19658, 1]",2,41,18,2
50485,"[19659, 0]",1,0,0,0
50486,"[19659, 1]",2,0,0,0
50487,"[19659, 2]",23,0,0,0
50488,"[19659, 3]",38,41,18,0
50489,"[19660, 0]",1,41,18,0
50490,"[19661, 0]",1,158,64,0
50491,"[19662, 0]",1,41,18,0
50492,"[19663, 0]",1,0,0,0
50493,"[19663, 1]",2,0,0,0
50494,"[19663, 2]",56,2,1,0
50495,"[19663, 3]",55,0,0,0
50496,"[19663, 4]",71,0,0,0
50497,"[19663, 5]",92,2,1,0
50498,"[19664, 0]",1,41,18,0
50499,"[19665, 0]",1,156,64,0
50500,"[19666, 0]",1,41,18,0
50501,"[19667, 0]",1,0,0,0
50502,"[19667, 1]",2,41,18,0
50503,"[19668, 0]",1,156,64,0
50504,"[19669, 0]",1,0,0,0
50505,"[19669, 1]",2,53,24,-1
50506,"[19670, 0]",1,41,18,0
50507,"[19671, 0]",1,2,1,0
50508,"[19672, 0]",1,158,64,0
50509,"[19673, 0]",1,158,64,0
50510,"[19674, 0]",1,158,64,0
50511,"[19675, 0]",1,41,18,1
50512,"[19676, 0]",1,158,64,0
50513,"[19677, 0]",1,156,64,0
50514,"[19678, 0]",1,0,0,0
50515,"[19678, 1]",2,41,18,0
50516,"[19679, 0]",1,0,0,0
50517,"[19679, 1]",2,158,64,0
50518,"[19680, 0]",1,158,64,0
50519,"[19681, 0]",1,57,26,0
50520,"[19682, 0]",1,0,0,0
50521,"[19682, 1]",2,0,0,0
50522,"[19682, 2]",28,158,64,0
50523,"[19683, 0]",1,0,0,0
50524,"[19683, 1]",9,41,18,0
50525,"[19683, 2]",7,0,0,0
50526,"[19683, 3]",6,0,0,0
50527,"[19683, 4]",5,0,0,0
50528,"[19683, 5]",4,0,0,0
50529,"[19683, 6]",3,0,0,0
50530,"[19683, 7]",57,2,1,-1
50531,"[19683, 8]",56,0,0,-1
50532,"[19683, 9]",53,0,0,-1
50533,"[19683, 10]",52,0,0,-1
50534,"[19683, 11]",45,158,64,-1
50535,"[19683, 12]",43,0,0,-1
50536,"[19683, 13]",42,0,0,-1
50537,"[19683, 14]",35,0,0,1
50538,"[19683, 15]",30,41,18,0
50539,"[19683, 16]",27,57,26,0
50540,"[19683, 17]",176,158,64,0
50541,"[19683, 18]",146,41,18,13
50542,"[19683, 19]",143,0,0,1
50543,"[19683, 20]",112,158,64,3
50544,"[19683, 21]",107,2,1,-1
50545,"[19683, 22]",79,158,64,-1
50546,"[19683, 23]",397,0,0,0
50547,"[19683, 24]",804,156,64,0
50548,"[19684, 0]",1,0,0,0
50549,"[19684, 1]",3,0,0,0
50550,"[19684, 2]",2,0,0,0
50551,"[19684, 3]",41,158,64,0
50552,"[19684, 4]",40,0,0,0
50553,"[19684, 5]",38,0,0,0
50554,"[19684, 6]",33,158,64,-1
50555,"[19684, 7]",96,2,1,2
50556,"[19684, 8]",95,158,64,18
50557,"[19684, 9]",94,0,0,-1
50558,"[19684, 10]",77,0,0,0
50559,"[19684, 11]",241,158,64,1
50560,"[19684, 12]",221,59,28,3
50561,"[19685, 0]",1,41,18,0
50562,"[19686, 0]",1,158,64,0
50563,"[19687, 0]",1,0,0,0
50564,"[19687, 1]",3,158,64,1
50565,"[19687, 2]",2,158,64,1
50566,"[19688, 0]",1,2,1,1
50567,"[19689, 0]",1,0,0,0
50568,"[19689, 1]",2,158,64,2
50569,"[19690, 0]",1,0,0,0
50570,"[19690, 1]",2,0,0,0
50571,"[19690, 2]",20,158,64,0
50572,"[19691, 0]",1,0,0,0
50573,"[19691, 1]",2,156,64,0
50574,"[19692, 0]",1,0,0,0
50575,"[19692, 1]",2,2,1,0
50576,"[19693, 0]",1,0,0,0
50577,"[19693, 1]",2,156,64,0
50578,"[19694, 0]",1,158,64,0
50579,"[19695, 0]",1,0,0,0
50580,"[19695, 1]",2,2,1,0
50581,"[19696, 0]",1,0,0,0
50582,"[19696, 1]",2,158,64,0
50583,"[19697, 0]",1,0,0,0
50584,"[19697, 1]",2,41,18,0
50585,"[19698, 0]",1,0,0,0
50586,"[19698, 1]",3,0,0,0
50587,"[19698, 2]",2,0,0,0
50588,"[19698, 3]",33,41,18,0
50589,"[19698, 4]",32,57,26,0
50590,"[19698, 5]",29,59,26,0
50591,"[19699, 0]",1,41,18,0
50592,"[19700, 0]",1,54,24,0
50593,"[19701, 0]",1,0,0,0
50594,"[19701, 1]",4,0,0,-1
50595,"[19701, 2]",12,156,64,-1
50596,"[19702, 0]",1,0,0,0
50597,"[19702, 1]",2,0,0,0
50598,"[19702, 2]",13,57,26,0
50599,"[19703, 0]",1,0,0,0
50600,"[19703, 1]",2,0,0,0
50601,"[19703, 2]",34,0,0,0
50602,"[19703, 3]",55,2,1,0
50603,"[19704, 0]",1,158,64,0
50604,"[19705, 0]",1,158,64,0
50605,"[19706, 0]",1,158,64,0
50606,"[19707, 0]",1,0,0,0
50607,"[19707, 1]",2,58,26,0
50608,"[19708, 0]",1,41,18,0
50609,"[19709, 0]",1,0,0,0
50610,"[19709, 1]",3,0,0,0
50611,"[19709, 2]",17,158,64,0
50612,"[19710, 0]",1,54,24,0
50613,"[19711, 0]",1,57,26,0
50614,"[19712, 0]",1,0,0,0
50615,"[19712, 1]",2,57,26,0
50616,"[19713, 0]",1,0,0,0
50617,"[19713, 1]",2,2,1,0
50618,"[19714, 0]",1,156,64,1
50619,"[19715, 0]",1,57,26,1
50620,"[19716, 0]",1,0,0,0
50621,"[19716, 1]",4,0,0,0
50622,"[19716, 2]",3,0,0,0
50623,"[19716, 3]",28,158,64,0
50624,"[19716, 4]",25,158,64,0
50625,"[19717, 0]",1,158,64,1
50626,"[19718, 0]",1,0,0,0
50627,"[19718, 1]",2,0,0,0
50628,"[19718, 2]",30,0,0,0
50629,"[19718, 3]",49,0,0,0
50630,"[19718, 4]",64,158,64,0
50631,"[19719, 0]",1,158,64,0
50632,"[19720, 0]",1,2,1,0
50633,"[19721, 0]",1,0,0,0
50634,"[19721, 1]",2,158,64,0
50635,"[19722, 0]",1,0,0,0
50636,"[19722, 1]",3,0,0,0
50637,"[19722, 2]",2,0,0,0
50638,"[19722, 3]",44,0,0,0
50639,"[19722, 4]",41,0,0,0
50640,"[19722, 5]",81,158,64,0
50641,"[19722, 6]",63,158,64,0
50642,"[19723, 0]",1,156,64,0
50643,"[19724, 0]",1,0,0,0
50644,"[19724, 1]",2,58,26,0
50645,"[19725, 0]",1,57,26,1
50646,"[19726, 0]",1,0,0,0
50647,"[19726, 1]",3,158,64,14
50648,"[19726, 2]",2,0,0,-1
50649,"[19726, 3]",28,0,0,-1
50650,"[19726, 4]",26,0,0,1
50651,"[19726, 5]",64,41,18,0
50652,"[19726, 6]",63,0,0,0
50653,"[19726, 7]",48,0,0,-1
50654,"[19726, 8]",119,158,64,2
50655,"[19726, 9]",103,0,0,-1
50656,"[19726, 10]",166,2,1,2
50657,"[19727, 0]",1,41,18,0
50658,"[19728, 0]",1,0,0,0
50659,"[19728, 1]",2,158,64,0
50660,"[19729, 0]",1,0,0,0
50661,"[19729, 1]",2,158,64,0
50662,"[19730, 0]",1,0,0,0
50663,"[19730, 1]",2,0,0,0
50664,"[19730, 2]",16,156,64,0
50665,"[19731, 0]",1,158,64,0
50666,"[19732, 0]",1,158,64,0
50667,"[19733, 0]",1,0,0,0
50668,"[19733, 1]",2,156,64,0
50669,"[19734, 0]",1,0,0,0
50670,"[19735, 0]",1,0,0,0
50671,"[19735, 1]",2,41,18,0
50672,"[19736, 0]",1,158,64,0
50673,"[19737, 0]",1,41,18,0
50674,"[19738, 0]",1,158,64,0
50675,"[19739, 0]",1,57,26,0
50676,"[19740, 0]",1,0,0,0
50677,"[19740, 1]",2,158,64,0
50678,"[19741, 0]",1,0,0,0
50679,"[19741, 1]",2,158,64,0
50680,"[19742, 0]",1,41,18,0
50681,"[19743, 0]",1,0,0,0
50682,"[19743, 1]",6,158,64,0
50683,"[19743, 2]",5,0,0,0
50684,"[19743, 3]",4,0,0,0
50685,"[19743, 4]",3,0,0,0
50686,"[19743, 5]",2,0,0,0
50687,"[19743, 6]",37,158,64,-1
50688,"[19743, 7]",29,0,0,-1
50689,"[19743, 8]",28,0,0,-1
50690,"[19743, 9]",25,158,64,0
50691,"[19743, 10]",21,156,64,-1
50692,"[19743, 11]",141,0,0,3
50693,"[19743, 12]",138,57,26,8
50694,"[19743, 13]",289,0,0,1
50695,"[19743, 14]",411,158,64,0
50696,"[19744, 0]",1,0,0,0
50697,"[19744, 1]",2,158,64,0
50698,"[19745, 0]",1,158,64,0
50699,"[19746, 0]",1,0,0,0
50700,"[19746, 1]",2,0,0,0
50701,"[19746, 2]",60,158,64,0
50702,"[19747, 0]",1,0,0,0
50703,"[19747, 1]",4,158,64,0
50704,"[19747, 2]",2,0,0,0
50705,"[19747, 3]",31,57,26,0
50706,"[19748, 0]",1,0,0,0
50707,"[19748, 1]",2,51,24,0
50708,"[19749, 0]",1,158,64,0
50709,"[19750, 0]",1,0,0,0
50710,"[19750, 1]",3,0,0,0
50711,"[19750, 2]",2,57,26,0
50712,"[19750, 3]",25,158,64,0
50713,"[19751, 0]",1,41,18,0
50714,"[19752, 0]",1,0,0,0
50715,"[19752, 1]",2,0,0,0
50716,"[19752, 2]",39,156,64,0
50717,"[19752, 3]",36,0,0,0
50718,"[19752, 4]",35,0,0,0
50719,"[19752, 5]",73,53,24,0
50720,"[19752, 6]",67,158,64,0
50721,"[19753, 0]",1,158,64,0
50722,"[19754, 0]",1,0,0,0
50723,"[19754, 1]",5,158,64,0
50724,"[19754, 2]",4,2,1,0
50725,"[19754, 3]",2,0,0,0
50726,"[19754, 4]",45,41,18,0
50727,"[19754, 5]",42,0,0,0
50728,"[19754, 6]",41,0,0,0
50729,"[19754, 7]",87,0,0,0
50730,"[19754, 8]",79,158,64,0
50731,"[19754, 9]",191,0,0,0
50732,"[19754, 10]",374,0,0,0
50733,"[19754, 11]",403,158,64,0
50734,"[19755, 0]",1,0,0,0
50735,"[19755, 1]",2,59,28,0
50736,"[19756, 0]",1,58,26,0
50737,"[19757, 0]",1,57,26,0
50738,"[19758, 0]",1,2,1,0
50739,"[19759, 0]",1,0,0,0
50740,"[19759, 1]",5,0,0,0
50741,"[19759, 2]",4,0,0,0
50742,"[19759, 3]",2,0,0,0
50743,"[19759, 4]",59,41,18,0
50744,"[19759, 5]",57,0,0,0
50745,"[19759, 6]",53,0,0,0
50746,"[19759, 7]",50,0,0,0
50747,"[19759, 8]",125,158,64,0
50748,"[19759, 9]",114,158,64,0
50749,"[19759, 10]",86,158,64,0
50750,"[19760, 0]",1,53,24,0
50751,"[19761, 0]",1,57,26,0
50752,"[19762, 0]",1,158,64,0
50753,"[19763, 0]",1,158,64,0
50754,"[19764, 0]",1,0,0,0
50755,"[19764, 1]",2,59,28,0
50756,"[19765, 0]",1,158,64,0
50757,"[19766, 0]",1,41,18,0
50758,"[19767, 0]",1,158,64,0
50759,"[19768, 0]",1,0,0,0
50760,"[19768, 1]",2,0,0,0
50761,"[19768, 2]",30,158,64,0
50762,"[19769, 0]",1,41,18,0
50763,"[19770, 0]",1,0,0,0
50764,"[19770, 1]",2,158,64,0
50765,"[19771, 0]",1,156,64,0
50766,"[19772, 0]",1,0,0,0
50767,"[19772, 1]",2,57,26,0
50768,"[19773, 0]",1,0,0,0
50769,"[19773, 1]",2,158,64,0
50770,"[19774, 0]",1,0,0,0
50771,"[19774, 1]",2,57,26,0
50772,"[19775, 0]",1,153,64,0
50773,"[19776, 0]",1,158,64,0
50774,"[19777, 0]",1,0,0,0
50775,"[19777, 1]",2,57,26,0
50776,"[19778, 0]",1,0,0,0
50777,"[19778, 1]",5,0,0,0
50778,"[19778, 2]",4,0,0,0
50779,"[19778, 3]",3,0,0,0
50780,"[19778, 4]",32,158,64,0
50781,"[19778, 5]",29,158,64,0
50782,"[19778, 6]",26,158,64,0
50783,"[19779, 0]",1,0,0,0
50784,"[19779, 1]",3,156,64,0
50785,"[19779, 2]",2,0,0,0
50786,"[19779, 3]",31,158,64,-1
50787,"[19780, 0]",1,2,1,0
50788,"[19781, 0]",1,41,18,0
50789,"[19782, 0]",1,57,26,0
50790,"[19783, 0]",1,156,64,0
50791,"[19784, 0]",1,158,64,0
50792,"[19785, 0]",1,0,0,0
50793,"[19785, 1]",2,158,64,2
50794,"[19786, 0]",1,0,0,0
50795,"[19786, 1]",2,158,64,0
50796,"[19787, 0]",1,0,0,0
50797,"[19787, 1]",5,41,18,0
50798,"[19787, 2]",3,0,0,0
50799,"[19787, 3]",2,0,0,0
50800,"[19787, 4]",33,2,1,0
50801,"[19787, 5]",31,41,18,0
50802,"[19787, 6]",29,0,0,0
50803,"[19787, 7]",25,0,0,-1
50804,"[19787, 8]",24,0,0,-1
50805,"[19787, 9]",110,57,26,1
50806,"[19787, 10]",105,158,64,-1
50807,"[19787, 11]",62,156,64,0
50808,"[19787, 12]",60,0,0,0
50809,"[19787, 13]",59,0,0,0
50810,"[19787, 14]",282,0,0,0
50811,"[19787, 15]",279,0,0,0
50812,"[19787, 16]",384,0,0,0
50813,"[19787, 17]",370,0,0,0
50814,"[19787, 18]",638,0,0,0
50815,"[19787, 19]",607,0,0,0
50816,"[19787, 20]",706,66,29,0
50817,"[19787, 21]",680,158,64,0
50818,"[19788, 0]",1,158,64,0
50819,"[19789, 0]",1,41,18,0
50820,"[19790, 0]",1,156,64,1
50821,"[19791, 0]",1,158,64,1
50822,"[19792, 0]",1,0,0,0
50823,"[19792, 1]",2,2,1,52
50824,"[19793, 0]",1,53,24,0
50825,"[19794, 0]",1,0,0,0
50826,"[19794, 1]",2,156,64,0
50827,"[19795, 0]",1,0,0,0
50828,"[19795, 1]",2,0,0,0
50829,"[19795, 2]",22,41,18,59
50830,"[19796, 0]",1,0,0,0
50831,"[19796, 1]",2,41,18,0
50832,"[19797, 0]",1,41,18,0
50833,"[19798, 0]",1,0,0,0
50834,"[19798, 1]",3,0,0,0
50835,"[19798, 2]",2,158,64,0
50836,"[19798, 3]",8,0,0,0
50837,"[19798, 4]",57,53,24,0
50838,"[19799, 0]",1,158,64,1
50839,"[19800, 0]",1,0,0,0
50840,"[19800, 1]",2,0,0,0
50841,"[19800, 2]",16,158,64,0
50842,"[19801, 0]",1,0,0,0
50843,"[19801, 1]",2,0,0,0
50844,"[19801, 2]",83,158,64,0
50845,"[19802, 0]",1,0,0,0
50846,"[19802, 1]",2,158,64,0
50847,"[19803, 0]",1,41,18,0
50848,"[19804, 0]",1,156,64,0
50849,"[19805, 0]",1,41,18,0
50850,"[19806, 0]",1,0,0,0
50851,"[19806, 1]",5,0,0,0
50852,"[19806, 2]",3,0,0,0
50853,"[19806, 3]",2,0,0,0
50854,"[19806, 4]",36,158,64,0
50855,"[19806, 5]",35,0,0,0
50856,"[19806, 6]",29,41,18,0
50857,"[19806, 7]",26,53,24,0
50858,"[19806, 8]",63,158,64,0
50859,"[19806, 9]",62,0,0,0
50860,"[19806, 10]",193,2,1,0
50861,"[19807, 0]",1,0,0,0
50862,"[19807, 1]",2,158,64,0
50863,"[19808, 0]",1,2,1,0
50864,"[19809, 0]",1,0,0,0
50865,"[19809, 1]",2,57,26,0
50866,"[19810, 0]",1,41,18,0
50867,"[19811, 0]",1,0,0,0
50868,"[19811, 1]",6,0,0,0
50869,"[19811, 2]",4,0,0,0
50870,"[19811, 3]",2,0,0,0
50871,"[19811, 4]",35,0,0,0
50872,"[19811, 5]",31,0,0,0
50873,"[19811, 6]",29,0,0,0
50874,"[19811, 7]",28,0,0,0
50875,"[19811, 8]",24,57,26,0
50876,"[19811, 9]",77,0,0,0
50877,"[19811, 10]",76,0,0,0
50878,"[19811, 11]",72,158,64,0
50879,"[19811, 12]",56,41,18,0
50880,"[19811, 13]",49,158,64,0
50881,"[19811, 14]",47,158,64,0
50882,"[19811, 15]",46,0,0,0
50883,"[19811, 16]",45,0,0,0
50884,"[19811, 17]",44,0,0,0
50885,"[19811, 18]",239,158,64,0
50886,"[19811, 19]",231,57,26,0
50887,"[19811, 20]",227,158,64,0
50888,"[19811, 21]",155,41,18,0
50889,"[19811, 22]",153,0,0,0
50890,"[19811, 23]",149,41,18,0
50891,"[19811, 24]",148,0,0,0
50892,"[19811, 25]",555,37,18,0
50893,"[19811, 26]",516,41,18,0
50894,"[19812, 0]",1,41,18,0
50895,"[19813, 0]",1,0,0,0
50896,"[19813, 1]",2,2,1,0
50897,"[19814, 0]",1,158,64,0
50898,"[19815, 0]",1,156,64,0
50899,"[19816, 0]",1,156,64,0
50900,"[19817, 0]",1,0,0,0
50901,"[19817, 1]",2,158,64,21
50902,"[19818, 0]",1,0,0,0
50903,"[19818, 1]",2,0,0,0
50904,"[19818, 2]",16,156,64,-1
50905,"[19819, 0]",1,0,0,0
50906,"[19819, 1]",6,156,64,0
50907,"[19819, 2]",3,0,0,0
50908,"[19819, 3]",2,0,0,0
50909,"[19819, 4]",54,0,0,0
50910,"[19819, 5]",53,156,64,0
50911,"[19819, 6]",47,158,64,0
50912,"[19819, 7]",76,158,64,0
50913,"[19820, 0]",1,2,1,1
50914,"[19821, 0]",1,53,24,0
50915,"[19822, 0]",1,41,18,0
50916,"[19823, 0]",1,57,26,0
50917,"[19824, 0]",1,41,18,1
50918,"[19825, 0]",1,0,0,0
50919,"[19825, 1]",5,0,0,0
50920,"[19825, 2]",4,0,0,0
50921,"[19825, 3]",3,0,0,0
50922,"[19825, 4]",2,0,0,0
50923,"[19825, 5]",69,41,18,0
50924,"[19825, 6]",67,0,0,0
50925,"[19825, 7]",65,0,0,0
50926,"[19825, 8]",64,0,0,0
50927,"[19825, 9]",58,158,64,0
50928,"[19825, 10]",55,158,64,3
50929,"[19825, 11]",52,2,1,2
50930,"[19825, 12]",120,158,64,0
50931,"[19825, 13]",118,0,0,0
50932,"[19825, 14]",117,0,0,0
50933,"[19825, 15]",113,0,0,0
50934,"[19825, 16]",112,41,18,0
50935,"[19825, 17]",91,57,26,0
50936,"[19825, 18]",362,158,64,2
50937,"[19825, 19]",336,0,0,0
50938,"[19825, 20]",333,54,24,0
50939,"[19825, 21]",494,2,1,0
50940,"[19825, 22]",493,0,0,0
50941,"[19825, 23]",654,54,24,0
50942,"[19826, 0]",1,158,64,0
50943,"[19827, 0]",1,41,18,0
50944,"[19828, 0]",1,158,64,0
50945,"[19829, 0]",1,2,1,0
50946,"[19830, 0]",1,0,0,0
50947,"[19830, 1]",2,57,26,0
50948,"[19831, 0]",1,0,0,0
50949,"[19831, 1]",2,0,0,0
50950,"[19831, 2]",33,158,64,0
50951,"[19832, 0]",1,158,64,0
50952,"[19833, 0]",1,41,18,1
50953,"[19834, 0]",1,0,0,0
50954,"[19834, 1]",2,41,18,0
50955,"[19835, 0]",1,158,64,0
50956,"[19836, 0]",1,41,18,0
50957,"[19837, 0]",1,0,0,0
50958,"[19837, 1]",2,158,64,6
50959,"[19838, 0]",1,59,28,0
50960,"[19839, 0]",1,0,0,0
50961,"[19839, 1]",2,0,0,1
50962,"[19839, 2]",19,41,18,0
50963,"[19840, 0]",1,0,0,0
50964,"[19840, 1]",2,158,64,0
50965,"[19841, 0]",1,158,64,0
50966,"[19842, 0]",1,41,18,0
50967,"[19843, 0]",1,41,18,0
50968,"[19844, 0]",1,156,64,0
50969,"[19845, 0]",1,158,64,0
50970,"[19846, 0]",1,0,0,0
50971,"[19846, 1]",3,0,0,0
50972,"[19846, 2]",2,0,0,0
50973,"[19846, 3]",37,0,0,0
50974,"[19846, 4]",36,2,1,0
50975,"[19846, 5]",35,0,0,0
50976,"[19846, 6]",34,0,0,0
50977,"[19846, 7]",30,41,18,0
50978,"[19846, 8]",29,0,0,0
50979,"[19846, 9]",28,0,0,0
50980,"[19846, 10]",26,0,0,0
50981,"[19846, 11]",109,41,18,0
50982,"[19846, 12]",93,2,1,0
50983,"[19846, 13]",90,41,18,0
50984,"[19846, 14]",74,0,0,0
50985,"[19846, 15]",71,0,0,0
50986,"[19846, 16]",70,0,0,0
50987,"[19846, 17]",65,158,64,0
50988,"[19846, 18]",60,2,1,0
50989,"[19846, 19]",250,0,0,0
50990,"[19846, 20]",241,0,0,0
50991,"[19846, 21]",230,156,64,0
50992,"[19846, 22]",452,41,18,0
50993,"[19846, 23]",385,41,18,0
50994,"[19847, 0]",1,0,0,0
50995,"[19847, 1]",2,57,26,0
50996,"[19848, 0]",1,158,64,0
50997,"[19849, 0]",1,0,0,1
50998,"[19849, 1]",2,53,24,0
50999,"[19850, 0]",1,41,18,0
51000,"[19851, 0]",1,0,0,0
51001,"[19851, 1]",2,156,64,0
51002,"[19852, 0]",1,57,26,0
51003,"[19853, 0]",1,0,0,0
51004,"[19853, 1]",5,0,0,0
51005,"[19853, 2]",3,0,0,0
51006,"[19853, 3]",2,0,0,0
51007,"[19853, 4]",33,158,64,0
51008,"[19853, 5]",31,158,64,0
51009,"[19853, 6]",30,0,0,0
51010,"[19853, 7]",20,158,64,3
51011,"[19853, 8]",68,41,18,0
51012,"[19854, 0]",1,156,64,0
51013,"[19855, 0]",1,0,0,0
51014,"[19855, 1]",2,41,18,0
51015,"[19856, 0]",1,57,26,0
51016,"[19857, 0]",1,41,18,0
51017,"[19858, 0]",1,158,64,1
51018,"[19859, 0]",1,158,64,0
51019,"[19860, 0]",1,158,64,0
51020,"[19861, 0]",1,0,0,0
51021,"[19861, 1]",4,2,1,0
51022,"[19861, 2]",3,0,0,0
51023,"[19861, 3]",2,0,0,0
51024,"[19861, 4]",24,0,0,0
51025,"[19861, 5]",21,0,0,0
51026,"[19861, 6]",122,158,64,-1
51027,"[19861, 7]",109,41,18,0
51028,"[19862, 0]",1,51,24,0
51029,"[19863, 0]",1,0,0,0
51030,"[19863, 1]",2,41,18,0
51031,"[19864, 0]",1,41,18,0
51032,"[19865, 0]",1,2,1,0
51033,"[19866, 0]",1,0,0,0
51034,"[19866, 1]",2,41,18,0
51035,"[19867, 0]",1,2,1,0
51036,"[19868, 0]",1,0,0,0
51037,"[19868, 1]",2,158,64,0
51038,"[19869, 0]",1,57,26,0
51039,"[19870, 0]",1,37,18,0
51040,"[19871, 0]",1,41,18,0
51041,"[19872, 0]",1,55,26,0
51042,"[19873, 0]",1,158,64,0
51043,"[19874, 0]",1,41,18,0
51044,"[19875, 0]",1,156,64,0
51045,"[19876, 0]",1,59,26,0
51046,"[19877, 0]",1,0,0,0
51047,"[19877, 1]",2,0,0,-1
51048,"[19877, 2]",53,158,64,-1
51049,"[19878, 0]",1,41,18,0
51050,"[19879, 0]",1,57,26,0
51051,"[19880, 0]",1,156,64,0
51052,"[19881, 0]",1,0,0,0
51053,"[19881, 1]",2,0,0,0
51054,"[19881, 2]",14,59,28,0
51055,"[19882, 0]",1,0,0,0
51056,"[19882, 1]",4,2,1,0
51057,"[19882, 2]",3,0,0,0
51058,"[19882, 3]",2,0,0,0
51059,"[19882, 4]",35,2,1,0
51060,"[19882, 5]",32,158,64,0
51061,"[19883, 0]",1,158,64,0
51062,"[19884, 0]",1,0,0,0
51063,"[19884, 1]",2,57,26,0
51064,"[19885, 0]",1,158,64,0
51065,"[19886, 0]",1,0,0,0
51066,"[19886, 1]",2,158,64,1
51067,"[19887, 0]",1,156,64,0
51068,"[19888, 0]",1,0,0,0
51069,"[19888, 1]",2,158,64,0
51070,"[19889, 0]",1,0,0,0
51071,"[19889, 1]",3,158,64,0
51072,"[19889, 2]",2,57,26,0
51073,"[19890, 0]",1,0,0,0
51074,"[19890, 1]",5,0,0,0
51075,"[19890, 2]",4,0,0,0
51076,"[19890, 3]",2,0,0,0
51077,"[19890, 4]",50,0,0,0
51078,"[19890, 5]",35,158,64,0
51079,"[19890, 6]",32,57,26,0
51080,"[19890, 7]",70,0,0,0
51081,"[19890, 8]",179,156,64,2
51082,"[19891, 0]",1,0,0,0
51083,"[19891, 1]",2,41,18,0
51084,"[19892, 0]",1,0,0,0
51085,"[19892, 1]",2,0,0,0
51086,"[19892, 2]",28,0,0,0
51087,"[19892, 3]",49,2,1,0
51088,"[19893, 0]",1,0,0,0
51089,"[19893, 1]",2,158,64,0
51090,"[19894, 0]",1,158,64,0
51091,"[19895, 0]",1,158,64,0
51092,"[19896, 0]",1,158,64,0
51093,"[19897, 0]",1,0,0,0
51094,"[19897, 1]",2,158,64,0
51095,"[19898, 0]",1,0,0,0
51096,"[19898, 1]",3,0,0,-1
51097,"[19898, 2]",2,0,0,-1
51098,"[19898, 3]",39,158,64,7
51099,"[19898, 4]",31,0,0,-1
51100,"[19898, 5]",112,57,26,-1
51101,"[19899, 0]",1,0,0,0
51102,"[19899, 1]",2,158,64,0
51103,"[19900, 0]",1,0,0,0
51104,"[19900, 1]",2,57,26,1
51105,"[19901, 0]",1,0,0,0
51106,"[19901, 1]",3,0,0,0
51107,"[19901, 2]",2,0,0,0
51108,"[19901, 3]",24,41,18,0
51109,"[19901, 4]",20,57,26,0
51110,"[19902, 0]",1,0,0,0
51111,"[19902, 1]",2,41,18,0
51112,"[19903, 0]",1,41,18,1
51113,"[19904, 0]",1,0,0,0
51114,"[19904, 1]",4,0,0,0
51115,"[19904, 2]",3,158,64,0
51116,"[19904, 3]",2,0,0,0
51117,"[19904, 4]",30,156,64,5
51118,"[19904, 5]",24,0,0,0
51119,"[19904, 6]",94,158,64,5
51120,"[19905, 0]",1,0,0,1
51121,"[19906, 0]",1,0,0,0
51122,"[19906, 1]",6,41,18,0
51123,"[19906, 2]",5,158,64,0
51124,"[19906, 3]",2,158,64,0
51125,"[19907, 0]",1,0,0,0
51126,"[19907, 1]",2,158,64,0
51127,"[19908, 0]",1,2,1,0
51128,"[19909, 0]",1,57,26,0
51129,"[19910, 0]",1,158,64,0
51130,"[19911, 0]",1,0,0,0
51131,"[19911, 1]",2,41,18,0
51132,"[19912, 0]",1,158,64,0
51133,"[19913, 0]",1,158,64,0
51134,"[19914, 0]",1,57,26,0
51135,"[19915, 0]",1,0,0,0
51136,"[19915, 1]",2,57,26,0
51137,"[19916, 0]",1,158,64,0
51138,"[19917, 0]",1,2,1,0
51139,"[19918, 0]",1,0,0,0
51140,"[19918, 1]",2,41,18,0
51141,"[19919, 0]",1,41,18,0
51142,"[19920, 0]",1,0,0,1
51143,"[19920, 1]",2,57,26,0
51144,"[19921, 0]",1,0,0,0
51145,"[19921, 1]",2,158,64,0
51146,"[19922, 0]",1,41,18,0
51147,"[19923, 0]",1,0,0,0
51148,"[19923, 1]",7,158,64,0
51149,"[19923, 2]",3,0,0,0
51150,"[19923, 3]",2,0,0,0
51151,"[19923, 4]",47,0,0,0
51152,"[19923, 5]",42,158,64,0
51153,"[19923, 6]",74,41,18,5
51154,"[19924, 0]",1,0,0,1
51155,"[19924, 1]",2,0,0,0
51156,"[19924, 2]",27,156,64,0
51157,"[19925, 0]",1,2,1,0
51158,"[19926, 0]",1,0,0,0
51159,"[19926, 1]",7,156,64,0
51160,"[19926, 2]",3,0,0,0
51161,"[19926, 3]",43,156,64,0
51162,"[19927, 0]",1,158,64,0
51163,"[19928, 0]",1,0,0,0
51164,"[19928, 1]",2,158,64,0
51165,"[19929, 0]",1,0,0,0
51166,"[19929, 1]",2,57,26,0
51167,"[19930, 0]",1,158,64,0
51168,"[19931, 0]",1,156,64,0
51169,"[19932, 0]",1,0,0,0
51170,"[19932, 1]",2,158,64,0
51171,"[19933, 0]",1,158,64,0
51172,"[19934, 0]",1,41,18,0
51173,"[19935, 0]",1,0,0,0
51174,"[19935, 1]",5,0,0,0
51175,"[19935, 2]",4,57,26,0
51176,"[19935, 3]",2,0,0,0
51177,"[19935, 4]",40,0,0,0
51178,"[19935, 5]",39,0,0,0
51179,"[19935, 6]",38,0,0,0
51180,"[19935, 7]",31,156,64,0
51181,"[19935, 8]",72,158,64,0
51182,"[19935, 9]",68,158,64,0
51183,"[19935, 10]",65,158,64,0
51184,"[19936, 0]",1,158,64,0
51185,"[19937, 0]",1,158,64,0
51186,"[19938, 0]",1,158,64,0
51187,"[19939, 0]",1,0,0,0
51188,"[19939, 1]",11,57,26,0
51189,"[19939, 2]",9,158,64,0
51190,"[19939, 3]",8,0,0,0
51191,"[19939, 4]",7,0,0,0
51192,"[19939, 5]",6,0,0,0
51193,"[19939, 6]",5,0,0,0
51194,"[19939, 7]",3,0,0,0
51195,"[19939, 8]",64,54,24,0
51196,"[19939, 9]",57,156,64,0
51197,"[19939, 10]",52,0,0,0
51198,"[19939, 11]",47,158,64,0
51199,"[19939, 12]",44,58,26,0
51200,"[19939, 13]",203,0,0,0
51201,"[19939, 14]",493,41,18,27
51202,"[19940, 0]",1,158,64,0
51203,"[19941, 0]",1,158,64,0
51204,"[19942, 0]",1,0,0,0
51205,"[19942, 1]",2,158,64,0
51206,"[19943, 0]",1,0,0,0
51207,"[19943, 1]",9,0,0,0
51208,"[19943, 2]",8,156,64,0
51209,"[19943, 3]",5,0,0,0
51210,"[19943, 4]",3,0,0,0
51211,"[19943, 5]",2,0,0,0
51212,"[19943, 6]",59,0,0,0
51213,"[19943, 7]",54,0,0,-1
51214,"[19943, 8]",32,41,18,0
51215,"[19943, 9]",22,57,26,8
51216,"[19943, 10]",144,158,64,-1
51217,"[19943, 11]",103,158,64,0
51218,"[19943, 12]",101,41,18,0
51219,"[19943, 13]",98,0,0,0
51220,"[19943, 14]",97,0,0,0
51221,"[19943, 15]",96,0,0,0
51222,"[19943, 16]",425,0,0,0
51223,"[19943, 17]",424,158,64,0
51224,"[19943, 18]",419,0,0,0
51225,"[19943, 19]",413,57,26,0
51226,"[19943, 20]",515,0,0,0
51227,"[19943, 21]",481,158,64,1
51228,"[19943, 22]",777,0,0,-1
51229,"[19943, 23]",898,0,0,4
51230,"[19943, 24]",951,156,64,3
51231,"[19944, 0]",1,57,26,0
51232,"[19945, 0]",1,158,64,0
51233,"[19946, 0]",1,158,64,0
51234,"[19947, 0]",1,0,0,0
51235,"[19947, 1]",2,0,0,0
51236,"[19947, 2]",17,158,64,0
51237,"[19948, 0]",1,41,18,0
51238,"[19949, 0]",1,0,0,0
51239,"[19949, 1]",2,158,64,0
51240,"[19950, 0]",1,0,0,0
51241,"[19950, 1]",2,158,64,0
51242,"[19951, 0]",1,0,0,0
51243,"[19951, 1]",3,156,64,2
51244,"[19951, 2]",2,0,0,1
51245,"[19951, 3]",49,158,64,0
51246,"[19952, 0]",1,0,0,0
51247,"[19952, 1]",2,158,64,0
51248,"[19953, 0]",1,41,18,0
51249,"[19954, 0]",1,0,0,0
51250,"[19954, 1]",2,158,64,1
51251,"[19955, 0]",1,55,26,0
51252,"[19956, 0]",1,0,0,0
51253,"[19956, 1]",4,57,26,0
51254,"[19956, 2]",2,0,0,0
51255,"[19956, 3]",52,57,26,0
51256,"[19956, 4]",49,158,64,0
51257,"[19956, 5]",48,0,0,0
51258,"[19956, 6]",85,158,64,0
51259,"[19957, 0]",1,0,0,0
51260,"[19957, 1]",2,57,26,-1
51261,"[19958, 0]",1,158,64,0
51262,"[19959, 0]",1,41,18,0
51263,"[19960, 0]",1,158,64,0
51264,"[19961, 0]",1,0,0,0
51265,"[19961, 1]",2,59,28,0
51266,"[19962, 0]",1,0,0,0
51267,"[19962, 1]",4,158,64,0
51268,"[19962, 2]",3,41,18,0
51269,"[19962, 3]",2,0,0,0
51270,"[19962, 4]",22,63,28,0
51271,"[19963, 0]",1,0,0,1
51272,"[19963, 1]",2,158,64,1
51273,"[19964, 0]",1,158,64,0
51274,"[19965, 0]",1,158,64,0
51275,"[19966, 0]",1,158,64,0
51276,"[19967, 0]",1,2,1,0
51277,"[19968, 0]",1,0,0,0
51278,"[19968, 1]",2,41,18,0
51279,"[19969, 0]",1,0,0,0
51280,"[19969, 1]",2,2,1,0
51281,"[19970, 0]",1,0,0,0
51282,"[19970, 1]",2,0,0,0
51283,"[19970, 2]",31,41,18,0
51284,"[19971, 0]",1,0,0,0
51285,"[19971, 1]",2,0,0,0
51286,"[19971, 2]",18,0,0,4
51287,"[19971, 3]",31,57,26,0
51288,"[19972, 0]",1,158,64,0
51289,"[19973, 0]",1,158,64,1
51290,"[19974, 0]",1,0,0,0
51291,"[19974, 1]",12,59,28,0
51292,"[19974, 2]",10,156,64,0
51293,"[19974, 3]",9,0,0,0
51294,"[19974, 4]",7,0,0,0
51295,"[19974, 5]",4,0,0,0
51296,"[19974, 6]",3,0,0,0
51297,"[19974, 7]",68,59,28,0
51298,"[19974, 8]",67,2,1,0
51299,"[19974, 9]",63,158,64,0
51300,"[19974, 10]",61,158,64,0
51301,"[19974, 11]",60,0,0,0
51302,"[19974, 12]",58,0,0,0
51303,"[19974, 13]",54,158,64,0
51304,"[19974, 14]",52,0,0,0
51305,"[19974, 15]",49,2,1,0
51306,"[19974, 16]",45,0,0,0
51307,"[19974, 17]",36,41,18,0
51308,"[19974, 18]",33,0,0,0
51309,"[19974, 19]",236,156,64,3
51310,"[19974, 20]",195,158,64,0
51311,"[19974, 21]",194,158,64,0
51312,"[19974, 22]",192,0,0,0
51313,"[19974, 23]",146,0,0,-1
51314,"[19974, 24]",109,158,64,2
51315,"[19974, 25]",106,0,0,-1
51316,"[19974, 26]",101,156,64,0
51317,"[19974, 27]",511,158,64,-1
51318,"[19974, 28]",509,158,64,-1
51319,"[19974, 29]",432,0,0,-1
51320,"[19974, 30]",431,0,0,-1
51321,"[19974, 31]",370,0,0,0
51322,"[19974, 32]",369,0,0,0
51323,"[19974, 33]",367,0,0,0
51324,"[19974, 34]",866,2,1,0
51325,"[19974, 35]",849,57,26,1
51326,"[19974, 36]",846,0,0,0
51327,"[19974, 38]",804,158,64,-1
51328,"[19974, 40]",1200,54,24,4
51329,"[19975, 0]",1,54,24,0
51330,"[19976, 0]",1,158,64,0
51331,"[19977, 0]",1,158,64,0
51332,"[19978, 0]",1,57,26,0
51333,"[19979, 0]",1,156,64,0
51334,"[19980, 0]",1,57,26,0
51335,"[19981, 0]",1,0,0,0
51336,"[19981, 1]",5,158,64,0
51337,"[19981, 2]",3,156,64,0
51338,"[19981, 3]",2,0,0,0
51339,"[19981, 4]",35,54,24,0
51340,"[19982, 0]",1,0,0,0
51341,"[19982, 1]",2,158,64,0
51342,"[19983, 0]",1,41,18,0
51343,"[19984, 0]",1,57,26,0
51344,"[19985, 0]",1,158,64,0
51345,"[19986, 0]",1,158,64,0
51346,"[19987, 0]",1,0,0,0
51347,"[19987, 1]",2,41,18,0
51348,"[19988, 0]",1,158,64,0
51349,"[19989, 0]",1,0,0,0
51350,"[19989, 1]",2,55,26,0
51351,"[19990, 0]",1,0,0,0
51352,"[19990, 1]",2,156,64,0
51353,"[19991, 0]",1,0,0,1
51354,"[19991, 1]",5,0,0,0
51355,"[19991, 2]",4,0,0,0
51356,"[19991, 3]",2,0,0,0
51357,"[19991, 4]",42,0,0,0
51358,"[19991, 5]",23,158,64,0
51359,"[19991, 6]",20,0,0,0
51360,"[19991, 7]",122,158,64,0
51361,"[19991, 8]",71,0,0,0
51362,"[19991, 9]",266,158,64,0
51363,"[19992, 0]",1,41,18,0
51364,"[19993, 0]",1,57,26,0
51365,"[19994, 0]",1,0,0,0
51366,"[19994, 1]",2,2,1,0
51367,"[19995, 0]",1,0,0,0
51368,"[19995, 1]",2,156,64,0
51369,"[19996, 0]",1,59,28,1
51370,"[19997, 0]",1,41,18,0
51371,"[19998, 0]",1,57,26,0
51372,"[19999, 0]",1,0,0,0
51373,"[19999, 1]",2,0,0,0
51374,"[19999, 2]",15,57,26,0
51375,"[20000, 0]",1,156,64,0
51376,"[20001, 0]",1,0,0,0
51377,"[20001, 1]",2,158,64,-1
51378,"[20002, 0]",1,0,0,0
51379,"[20002, 1]",2,54,24,0
51380,"[20003, 0]",1,0,0,0
51381,"[20003, 1]",6,158,64,0
51382,"[20003, 2]",4,0,0,0
51383,"[20003, 3]",3,0,0,0
51384,"[20003, 4]",2,0,0,0
51385,"[20003, 5]",43,158,64,0
51386,"[20003, 6]",42,0,0,0
51387,"[20003, 7]",41,0,0,0
51388,"[20003, 8]",37,0,0,0
51389,"[20003, 9]",32,0,0,0
51390,"[20003, 10]",120,158,64,0
51391,"[20003, 11]",81,158,64,0
51392,"[20003, 12]",60,0,0,0
51393,"[20003, 13]",212,2,1,0
51394,"[20004, 0]",1,158,64,0
51395,"[20005, 0]",1,158,64,0
51396,"[20006, 0]",1,156,64,0
51397,"[20007, 0]",1,158,64,0
51398,"[20008, 0]",1,0,0,0
51399,"[20008, 1]",2,0,0,0
51400,"[20008, 2]",27,158,64,0
51401,"[20009, 0]",1,0,0,0
51402,"[20009, 1]",2,0,0,0
51403,"[20009, 2]",35,57,26,0
51404,"[20010, 0]",1,156,64,0
51405,"[20011, 0]",1,0,0,1
51406,"[20011, 1]",2,156,64,0
51407,"[20012, 0]",1,156,64,0
51408,"[20013, 0]",1,2,1,0
51409,"[20014, 0]",1,2,1,0
51410,"[20015, 0]",1,0,0,0
51411,"[20015, 1]",2,0,0,0
51412,"[20015, 2]",18,156,64,1
51413,"[20016, 0]",1,0,0,0
51414,"[20016, 1]",2,41,18,0
51415,"[20017, 0]",1,0,0,0
51416,"[20017, 1]",2,158,64,-1
51417,"[20018, 0]",1,0,0,0
51418,"[20018, 1]",2,41,18,0
51419,"[20019, 0]",1,158,64,0
51420,"[20020, 0]",1,158,64,0
51421,"[20021, 0]",1,0,0,0
51422,"[20021, 1]",2,156,64,0
51423,"[20022, 0]",1,61,28,0
51424,"[20023, 0]",1,0,0,0
51425,"[20023, 1]",2,41,18,0
51426,"[20024, 0]",1,41,18,0
51427,"[20025, 0]",1,158,64,0
51428,"[20026, 0]",1,0,0,0
51429,"[20026, 1]",3,0,0,0
51430,"[20026, 2]",2,0,0,0
51431,"[20026, 3]",34,2,1,0
51432,"[20026, 4]",30,0,0,0
51433,"[20026, 5]",25,0,0,0
51434,"[20026, 6]",84,156,64,0
51435,"[20026, 7]",65,158,64,0
51436,"[20027, 0]",1,158,64,0
51437,"[20028, 0]",1,41,18,0
51438,"[20029, 0]",1,0,0,0
51439,"[20029, 1]",9,41,18,0
51440,"[20029, 2]",7,2,1,0
51441,"[20029, 3]",6,158,64,0
51442,"[20029, 4]",4,0,0,0
51443,"[20029, 5]",2,0,0,0
51444,"[20029, 6]",66,0,0,0
51445,"[20029, 7]",53,158,64,0
51446,"[20029, 8]",139,0,0,-1
51447,"[20029, 9]",376,158,64,-1
51448,"[20030, 0]",1,156,64,0
51449,"[20031, 0]",1,0,0,0
51450,"[20031, 1]",3,57,26,0
51451,"[20031, 2]",2,0,0,0
51452,"[20031, 3]",42,0,0,0
51453,"[20031, 4]",117,0,0,0
51454,"[20031, 5]",147,158,64,0
51455,"[20032, 0]",1,0,0,0
51456,"[20032, 1]",2,41,18,0
51457,"[20033, 0]",1,156,64,0
51458,"[20034, 0]",1,158,64,0
51459,"[20035, 0]",1,0,0,0
51460,"[20035, 1]",2,158,64,0
51461,"[20036, 0]",1,156,64,0
51462,"[20037, 0]",1,158,64,0
51463,"[20038, 0]",1,156,64,0
51464,"[20039, 0]",1,158,64,0
51465,"[20040, 0]",1,156,64,0
51466,"[20041, 0]",1,0,0,0
51467,"[20041, 1]",2,2,1,2
51468,"[20042, 0]",1,2,1,0
51469,"[20043, 0]",1,0,0,0
51470,"[20043, 1]",5,2,1,0
51471,"[20043, 2]",4,0,0,0
51472,"[20043, 3]",2,0,0,0
51473,"[20043, 4]",38,54,24,0
51474,"[20043, 5]",34,0,0,0
51475,"[20043, 6]",33,0,0,0
51476,"[20043, 7]",25,59,28,0
51477,"[20043, 8]",85,41,18,0
51478,"[20043, 9]",83,0,0,0
51479,"[20043, 10]",80,158,64,0
51480,"[20043, 11]",208,2,1,0
51481,"[20044, 0]",1,0,0,0
51482,"[20044, 1]",17,41,18,0
51483,"[20044, 2]",14,0,0,0
51484,"[20044, 3]",13,0,0,0
51485,"[20044, 4]",12,0,0,0
51486,"[20044, 5]",10,0,0,0
51487,"[20044, 6]",8,0,0,0
51488,"[20044, 7]",6,0,0,0
51489,"[20044, 8]",3,0,0,0
51490,"[20044, 9]",2,0,0,0
51491,"[20044, 10]",99,158,64,0
51492,"[20044, 11]",98,0,0,0
51493,"[20044, 12]",95,0,0,0
51494,"[20044, 13]",93,0,0,0
51495,"[20044, 14]",92,0,0,0
51496,"[20044, 15]",89,156,64,0
51497,"[20044, 16]",88,158,64,0
51498,"[20044, 17]",87,0,0,0
51499,"[20044, 18]",86,0,0,0
51500,"[20044, 19]",84,0,0,0
51501,"[20044, 20]",81,158,64,0
51502,"[20044, 21]",78,51,24,0
51503,"[20044, 22]",77,0,0,0
51504,"[20044, 23]",69,158,64,0
51505,"[20044, 24]",62,0,0,0
51506,"[20044, 25]",53,0,0,0
51507,"[20044, 26]",48,41,18,0
51508,"[20044, 27]",44,0,0,0
51509,"[20044, 28]",386,0,0,0
51510,"[20044, 29]",355,158,64,0
51511,"[20044, 30]",320,57,26,0
51512,"[20044, 31]",229,41,18,0
51513,"[20044, 32]",192,0,0,0
51514,"[20044, 33]",179,41,18,0
51515,"[20044, 34]",176,2,1,0
51516,"[20044, 35]",149,158,64,0
51517,"[20044, 36]",148,0,0,0
51518,"[20044, 37]",147,0,0,0
51519,"[20044, 38]",143,57,26,0
51520,"[20044, 39]",142,41,18,0
51521,"[20044, 40]",129,158,64,0
51522,"[20044, 41]",125,37,18,0
51523,"[20044, 42]",900,0,0,0
51524,"[20044, 43]",896,41,18,0
51525,"[20044, 44]",694,158,64,0
51526,"[20044, 45]",435,158,64,0
51527,"[20044, 46]",1131,156,64,0
51528,"[20045, 0]",1,0,0,0
51529,"[20045, 1]",2,158,64,0
51530,"[20046, 0]",1,158,64,0
51531,"[20047, 0]",1,57,26,0
51532,"[20048, 0]",1,158,64,0
51533,"[20049, 0]",1,158,64,0
51534,"[20050, 0]",1,158,64,0
51535,"[20051, 0]",1,0,0,0
51536,"[20051, 1]",2,158,64,0
51537,"[20052, 0]",1,0,0,0
51538,"[20052, 1]",2,158,64,0
51539,"[20053, 0]",1,0,0,0
51540,"[20053, 1]",6,41,18,0
51541,"[20053, 2]",2,0,0,0
51542,"[20053, 3]",50,158,64,0
51543,"[20053, 4]",48,0,0,0
51544,"[20053, 5]",47,41,18,0
51545,"[20053, 6]",82,158,64,0
51546,"[20054, 0]",1,158,64,0
51547,"[20055, 0]",1,158,64,0
51548,"[20056, 0]",1,158,64,0
51549,"[20057, 0]",1,0,0,0
51550,"[20057, 1]",2,158,64,0
51551,"[20058, 0]",1,0,0,0
51552,"[20058, 1]",7,54,24,0
51553,"[20058, 2]",5,41,18,0
51554,"[20058, 3]",4,0,0,0
51555,"[20058, 4]",2,0,0,0
51556,"[20058, 5]",46,158,64,0
51557,"[20058, 6]",44,0,0,0
51558,"[20058, 7]",29,158,64,0
51559,"[20058, 8]",74,0,0,0
51560,"[20058, 9]",72,0,0,0
51561,"[20058, 10]",228,0,0,0
51562,"[20058, 11]",226,0,0,0
51563,"[20058, 12]",220,0,0,0
51564,"[20058, 13]",292,158,64,4
51565,"[20058, 14]",274,0,0,0
51566,"[20058, 15]",255,2,1,0
51567,"[20058, 16]",423,41,18,0
51568,"[20059, 0]",1,158,64,1
51569,"[20060, 0]",1,0,0,0
51570,"[20060, 1]",2,158,64,0
51571,"[20061, 0]",1,0,0,0
51572,"[20061, 1]",2,0,0,0
51573,"[20061, 2]",21,2,1,0
51574,"[20062, 0]",1,156,64,0
51575,"[20063, 0]",1,158,64,0
51576,"[20064, 0]",1,57,26,0
51577,"[20065, 0]",1,0,0,0
51578,"[20065, 1]",2,41,18,0
51579,"[20066, 0]",1,156,64,0
51580,"[20067, 0]",1,0,0,0
51581,"[20067, 1]",2,0,0,0
51582,"[20067, 2]",35,0,0,0
51583,"[20067, 3]",60,41,18,0
51584,"[20068, 0]",1,0,0,0
51585,"[20068, 1]",4,0,0,0
51586,"[20068, 2]",3,0,0,0
51587,"[20068, 3]",2,0,0,0
51588,"[20068, 4]",24,156,64,0
51589,"[20068, 5]",22,0,0,0
51590,"[20068, 6]",19,0,0,0
51591,"[20068, 7]",16,158,64,0
51592,"[20068, 8]",84,156,64,0
51593,"[20068, 9]",67,41,18,0
51594,"[20069, 0]",1,0,0,0
51595,"[20069, 1]",2,158,64,3
51596,"[20070, 0]",1,57,26,0
51597,"[20071, 0]",1,0,0,0
51598,"[20071, 1]",2,57,26,0
51599,"[20072, 0]",1,156,64,0
51600,"[20073, 0]",1,158,64,0
51601,"[20074, 0]",1,158,64,0
51602,"[20075, 0]",1,0,0,0
51603,"[20075, 1]",2,57,26,1
51604,"[20076, 0]",1,0,0,0
51605,"[20076, 1]",2,158,64,0
51606,"[20077, 0]",1,41,18,0
51607,"[20078, 0]",1,158,64,0
51608,"[20079, 0]",1,156,64,0
51609,"[20080, 0]",1,41,18,0
51610,"[20081, 0]",1,0,0,1
51611,"[20081, 1]",5,54,24,0
51612,"[20081, 2]",4,0,0,0
51613,"[20081, 3]",2,0,0,0
51614,"[20081, 4]",61,57,26,0
51615,"[20081, 5]",59,158,64,0
51616,"[20081, 6]",57,158,64,0
51617,"[20081, 7]",43,41,18,0
51618,"[20082, 0]",1,0,0,0
51619,"[20082, 1]",2,158,64,-1
51620,"[20083, 0]",1,158,64,0
51621,"[20084, 0]",1,0,0,0
51622,"[20084, 1]",3,51,24,0
51623,"[20084, 2]",2,0,0,0
51624,"[20084, 3]",10,0,0,0
51625,"[20084, 4]",29,158,64,1
51626,"[20085, 0]",1,0,0,0
51627,"[20085, 1]",4,156,64,0
51628,"[20085, 2]",3,156,64,0
51629,"[20085, 3]",2,41,18,0
51630,"[20086, 0]",1,41,18,0
51631,"[20087, 0]",1,156,64,0
51632,"[20088, 0]",1,0,0,0
51633,"[20088, 1]",2,41,18,0
51634,"[20089, 0]",1,158,64,0
51635,"[20090, 0]",1,0,0,0
51636,"[20090, 1]",2,158,64,0
51637,"[20091, 0]",1,0,0,0
51638,"[20091, 1]",2,0,0,-1
51639,"[20091, 2]",15,158,64,5
51640,"[20092, 0]",1,53,24,0
51641,"[20093, 0]",1,158,64,0
51642,"[20094, 0]",1,0,0,0
51643,"[20094, 1]",2,158,64,0
51644,"[20095, 0]",1,0,0,0
51645,"[20095, 1]",2,41,18,0
51646,"[20096, 0]",1,0,0,0
51647,"[20096, 1]",2,41,18,0
51648,"[20097, 0]",1,156,64,0
51649,"[20098, 0]",1,41,18,0
51650,"[20099, 0]",1,0,0,0
51651,"[20099, 1]",2,158,64,0
51652,"[20100, 0]",1,0,0,0
51653,"[20100, 1]",2,0,0,0
51654,"[20100, 2]",23,0,0,0
51655,"[20100, 3]",91,57,26,-1
51656,"[20101, 0]",1,0,0,0
51657,"[20101, 1]",6,0,0,0
51658,"[20101, 2]",5,0,0,0
51659,"[20101, 3]",4,0,0,0
51660,"[20101, 4]",3,0,0,0
51661,"[20101, 5]",2,0,0,0
51662,"[20101, 6]",56,57,26,-1
51663,"[20101, 7]",55,0,0,-1
51664,"[20101, 8]",49,0,0,0
51665,"[20101, 9]",43,0,0,0
51666,"[20101, 10]",40,0,0,-1
51667,"[20101, 11]",35,158,64,0
51668,"[20101, 12]",127,158,64,-1
51669,"[20101, 13]",114,2,1,-1
51670,"[20101, 14]",98,0,0,0
51671,"[20101, 15]",66,0,0,-1
51672,"[20101, 16]",291,158,64,2
51673,"[20101, 17]",278,54,24,0
51674,"[20102, 0]",1,0,0,0
51675,"[20102, 1]",2,0,0,0
51676,"[20102, 2]",13,158,64,0
51677,"[20103, 0]",1,55,26,0
51678,"[20104, 0]",1,158,64,0
51679,"[20105, 0]",1,0,0,0
51680,"[20105, 1]",5,59,28,0
51681,"[20105, 2]",4,57,26,0
51682,"[20105, 3]",2,0,0,0
51683,"[20105, 4]",43,0,0,0
51684,"[20105, 5]",111,41,18,0
51685,"[20106, 0]",1,41,18,0
51686,"[20107, 0]",1,54,24,0
51687,"[20108, 0]",1,0,0,0
51688,"[20108, 1]",5,156,64,0
51689,"[20108, 2]",3,41,18,0
51690,"[20108, 3]",2,0,0,0
51691,"[20108, 4]",27,158,64,0
51692,"[20108, 5]",26,0,0,0
51693,"[20108, 6]",40,57,26,0
51694,"[20109, 0]",1,0,0,0
51695,"[20109, 1]",2,0,0,0
51696,"[20109, 2]",16,2,1,0
51697,"[20110, 0]",1,61,28,0
51698,"[20111, 0]",1,158,64,0
51699,"[20112, 0]",1,0,0,0
51700,"[20112, 1]",2,41,18,0
51701,"[20113, 0]",1,158,64,0
51702,"[20114, 0]",1,0,0,1
51703,"[20114, 1]",2,158,64,0
51704,"[20115, 0]",1,158,64,0
51705,"[20116, 0]",1,158,64,0
51706,"[20117, 0]",1,0,0,0
51707,"[20117, 1]",2,2,1,0
51708,"[20118, 0]",1,158,64,0
51709,"[20119, 0]",1,0,0,0
51710,"[20119, 1]",2,158,64,0
51711,"[20120, 0]",1,0,0,0
51712,"[20120, 1]",2,0,0,0
51713,"[20120, 2]",29,0,0,0
51714,"[20120, 3]",45,41,18,0
51715,"[20121, 0]",1,158,64,0
51716,"[20122, 0]",1,62,28,0
51717,"[20123, 0]",1,156,64,0
51718,"[20124, 0]",1,0,0,0
51719,"[20124, 1]",5,158,64,0
51720,"[20124, 2]",4,41,18,0
51721,"[20124, 3]",2,0,0,0
51722,"[20124, 4]",30,158,64,0
51723,"[20125, 0]",1,156,64,0
51724,"[20126, 0]",1,158,64,0
51725,"[20127, 0]",1,41,18,0
51726,"[20128, 0]",1,158,64,0
51727,"[20129, 0]",1,57,26,0
51728,"[20130, 0]",1,0,0,0
51729,"[20130, 1]",6,0,0,0
51730,"[20130, 2]",5,0,0,0
51731,"[20130, 3]",4,0,0,0
51732,"[20130, 4]",2,0,0,0
51733,"[20130, 5]",46,0,0,0
51734,"[20130, 6]",44,0,0,0
51735,"[20130, 7]",30,0,0,0
51736,"[20130, 8]",27,158,64,0
51737,"[20130, 9]",24,57,26,10
51738,"[20130, 10]",114,158,64,0
51739,"[20130, 11]",95,158,64,0
51740,"[20130, 12]",79,158,64,5
51741,"[20131, 0]",1,0,0,0
51742,"[20131, 1]",2,2,1,0
51743,"[20132, 0]",1,2,1,0
51744,"[20133, 0]",1,57,26,1
51745,"[20134, 0]",1,0,0,0
51746,"[20134, 1]",2,158,64,0
51747,"[20135, 0]",1,0,0,0
51748,"[20135, 1]",2,158,64,0
51749,"[20136, 0]",1,0,0,0
51750,"[20136, 1]",2,57,26,0
51751,"[20137, 0]",1,0,0,0
51752,"[20137, 1]",2,2,1,-1
51753,"[20138, 0]",1,57,26,0
51754,"[20139, 0]",1,41,18,0
51755,"[20140, 0]",1,41,18,0
51756,"[20141, 0]",1,0,0,0
51757,"[20141, 1]",2,41,18,0
51758,"[20142, 0]",1,0,0,0
51759,"[20142, 1]",4,64,29,0
51760,"[20142, 2]",3,2,1,0
51761,"[20142, 3]",2,0,0,0
51762,"[20142, 4]",20,41,18,1
51763,"[20143, 0]",1,0,0,0
51764,"[20143, 1]",5,41,18,0
51765,"[20143, 2]",4,2,1,0
51766,"[20143, 3]",2,0,0,0
51767,"[20143, 4]",45,158,64,0
51768,"[20143, 5]",42,0,0,0
51769,"[20143, 6]",40,0,0,0
51770,"[20143, 7]",84,158,64,0
51771,"[20143, 8]",67,41,18,0
51772,"[20144, 0]",1,0,0,0
51773,"[20144, 1]",2,2,1,0
51774,"[20145, 0]",1,158,64,0
51775,"[20146, 0]",1,156,64,0
51776,"[20147, 0]",1,0,0,0
51777,"[20147, 1]",2,0,0,0
51778,"[20147, 2]",19,41,18,0
51779,"[20148, 0]",1,0,0,1
51780,"[20148, 1]",2,2,1,0
51781,"[20149, 0]",1,158,64,0
51782,"[20150, 0]",1,41,18,0
51783,"[20151, 0]",1,41,18,1
51784,"[20152, 0]",1,0,0,0
51785,"[20152, 1]",2,158,64,0
51786,"[20153, 0]",1,158,64,0
51787,"[20154, 0]",1,0,0,0
51788,"[20154, 1]",2,0,0,0
51789,"[20154, 2]",14,158,64,0
51790,"[20155, 0]",1,57,26,0
51791,"[20156, 0]",1,0,0,0
51792,"[20156, 1]",2,0,0,0
51793,"[20156, 2]",40,156,64,2
51794,"[20157, 0]",1,158,64,0
51795,"[20158, 0]",1,0,0,0
51796,"[20158, 1]",2,158,64,0
51797,"[20159, 0]",1,158,64,0
51798,"[20160, 0]",1,158,64,0
51799,"[20161, 0]",1,158,64,0
51800,"[20162, 0]",1,0,0,0
51801,"[20162, 1]",2,0,0,-1
51802,"[20162, 2]",27,41,18,5
51803,"[20163, 0]",1,41,18,0
51804,"[20164, 0]",1,0,0,0
51805,"[20164, 1]",2,0,0,3
51806,"[20164, 2]",60,158,64,-1
51807,"[20165, 0]",1,0,0,0
51808,"[20165, 1]",4,57,26,0
51809,"[20165, 2]",3,0,0,0
51810,"[20165, 3]",21,158,64,0
51811,"[20166, 0]",1,0,0,0
51812,"[20166, 1]",5,57,26,0
51813,"[20166, 2]",4,0,0,0
51814,"[20166, 3]",3,0,0,0
51815,"[20166, 4]",2,0,0,0
51816,"[20166, 5]",46,0,0,0
51817,"[20166, 6]",37,158,64,0
51818,"[20166, 7]",28,158,64,0
51819,"[20166, 8]",125,51,24,0
51820,"[20167, 0]",1,158,64,0
51821,"[20168, 0]",1,156,64,0
51822,"[20169, 0]",1,41,18,0
51823,"[20170, 0]",1,41,18,0
51824,"[20171, 0]",1,0,0,0
51825,"[20171, 1]",2,41,18,0
51826,"[20172, 0]",1,0,0,0
51827,"[20172, 1]",2,0,0,-1
51828,"[20172, 2]",17,0,0,-1
51829,"[20172, 3]",30,158,64,-1
51830,"[20173, 0]",1,0,0,0
51831,"[20173, 1]",2,57,26,0
51832,"[20174, 0]",1,0,0,0
51833,"[20174, 1]",2,57,26,0
51834,"[20175, 0]",1,158,64,0
51835,"[20176, 0]",1,158,64,0
51836,"[20177, 0]",1,158,64,0
51837,"[20178, 0]",1,0,0,0
51838,"[20178, 1]",2,0,0,0
51839,"[20179, 0]",1,63,28,0
51840,"[20180, 0]",1,57,26,0
51841,"[20181, 0]",1,0,0,0
51842,"[20181, 1]",2,57,26,0
51843,"[20182, 0]",1,158,64,0
51844,"[20183, 0]",1,2,1,0
51845,"[20184, 0]",1,41,18,0
51846,"[20185, 0]",1,2,1,0
51847,"[20186, 0]",1,158,64,0
51848,"[20187, 0]",1,0,0,0
51849,"[20187, 1]",2,0,0,0
51850,"[20187, 2]",19,57,26,3
51851,"[20188, 0]",1,41,18,0
51852,"[20189, 0]",1,41,18,0
51853,"[20190, 0]",1,158,64,0
51854,"[20191, 0]",1,41,18,0
51855,"[20192, 0]",1,158,64,0
51856,"[20193, 0]",1,0,0,0
51857,"[20193, 1]",4,0,0,0
51858,"[20193, 2]",3,0,0,0
51859,"[20193, 3]",2,0,0,0
51860,"[20193, 4]",34,0,0,0
51861,"[20193, 5]",31,0,0,0
51862,"[20193, 6]",30,0,0,0
51863,"[20193, 7]",29,0,0,0
51864,"[20193, 8]",28,0,0,0
51865,"[20193, 9]",25,0,0,0
51866,"[20193, 10]",22,0,0,4
51867,"[20193, 11]",118,158,64,-1
51868,"[20193, 12]",102,59,28,0
51869,"[20193, 13]",88,0,0,-1
51870,"[20193, 14]",87,0,0,-1
51871,"[20193, 15]",84,158,64,0
51872,"[20193, 16]",83,158,64,0
51873,"[20193, 17]",74,0,0,0
51874,"[20193, 18]",68,0,0,1
51875,"[20193, 19]",64,57,26,0
51876,"[20193, 20]",274,57,26,6
51877,"[20193, 21]",231,158,64,0
51878,"[20193, 22]",153,158,64,-1
51879,"[20193, 23]",152,158,64,-1
51880,"[20194, 0]",1,57,26,0
51881,"[20195, 0]",1,0,0,0
51882,"[20195, 1]",2,0,0,0
51883,"[20195, 2]",28,57,26,0
51884,"[20195, 3]",23,0,0,0
51885,"[20195, 4]",22,0,0,0
51886,"[20195, 5]",53,0,0,0
51887,"[20195, 6]",45,2,1,0
51888,"[20195, 7]",86,158,64,0
51889,"[20196, 0]",1,158,64,0
51890,"[20197, 0]",1,158,64,0
51891,"[20198, 0]",1,158,64,1
51892,"[20199, 0]",1,0,0,0
51893,"[20199, 1]",2,55,26,0
51894,"[20200, 0]",1,57,26,0
51895,"[20201, 0]",1,2,1,0
51896,"[20202, 0]",1,57,26,0
51897,"[20203, 0]",1,0,0,0
51898,"[20203, 1]",2,158,64,0
51899,"[20204, 0]",1,158,64,0
51900,"[20205, 0]",1,41,18,0
51901,"[20206, 0]",1,0,0,0
51902,"[20206, 1]",2,158,64,0
51903,"[20207, 0]",1,0,0,0
51904,"[20207, 1]",2,0,0,0
51905,"[20207, 2]",31,57,26,0
51906,"[20208, 0]",1,0,0,0
51907,"[20208, 1]",2,55,26,0
51908,"[20209, 0]",1,0,0,0
51909,"[20209, 1]",3,158,64,0
51910,"[20209, 2]",2,158,64,0
51911,"[20210, 0]",1,0,0,0
51912,"[20210, 1]",2,41,18,0
51913,"[20211, 0]",1,0,0,0
51914,"[20211, 1]",3,0,0,-1
51915,"[20211, 2]",2,0,0,4
51916,"[20211, 3]",40,0,0,0
51917,"[20211, 4]",39,0,0,0
51918,"[20211, 5]",35,0,0,1
51919,"[20211, 6]",70,158,64,16
51920,"[20211, 7]",48,156,64,0
51921,"[20211, 8]",45,41,18,0
51922,"[20212, 0]",1,0,0,0
51923,"[20212, 1]",5,41,18,0
51924,"[20212, 2]",3,0,0,0
51925,"[20212, 3]",2,0,0,0
51926,"[20212, 4]",20,0,0,0
51927,"[20212, 5]",19,158,64,0
51928,"[20212, 6]",16,57,26,0
51929,"[20212, 7]",39,0,0,-1
51930,"[20212, 8]",133,158,64,3
51931,"[20213, 0]",1,158,64,0
51932,"[20214, 0]",1,0,0,0
51933,"[20214, 1]",2,158,64,0
51934,"[20215, 0]",1,57,26,0
51935,"[20216, 0]",1,2,1,0
51936,"[20217, 0]",1,57,26,0
51937,"[20218, 0]",1,0,0,0
51938,"[20218, 1]",2,0,0,-1
51939,"[20219, 0]",1,158,64,0
51940,"[20220, 0]",1,156,64,0
51941,"[20221, 0]",1,158,64,0
51942,"[20222, 0]",1,158,64,0
51943,"[20223, 0]",1,156,64,0
51944,"[20224, 0]",1,41,18,0
51945,"[20225, 0]",1,0,0,0
51946,"[20225, 1]",2,0,0,0
51947,"[20225, 2]",38,41,18,6
51948,"[20226, 0]",1,158,64,0
51949,"[20227, 0]",1,0,0,0
51950,"[20227, 1]",2,57,26,0
51951,"[20228, 0]",1,41,18,0
51952,"[20229, 0]",1,0,0,0
51953,"[20229, 1]",5,158,64,0
51954,"[20229, 2]",3,158,64,0
51955,"[20229, 3]",2,0,0,0
51956,"[20229, 4]",34,2,1,0
51957,"[20230, 0]",1,0,0,0
51958,"[20230, 1]",2,0,0,-1
51959,"[20231, 0]",1,0,0,0
51960,"[20231, 1]",2,158,64,0
51961,"[20232, 0]",1,0,0,0
51962,"[20232, 1]",2,0,0,0
51963,"[20232, 2]",46,0,0,0
51964,"[20232, 3]",74,156,64,0
51965,"[20233, 0]",1,0,0,0
51966,"[20233, 1]",2,0,0,0
51967,"[20233, 2]",11,53,24,0
51968,"[20234, 0]",1,0,0,0
51969,"[20234, 1]",2,0,0,0
51970,"[20234, 2]",81,0,0,0
51971,"[20234, 3]",127,41,18,0
51972,"[20235, 0]",1,0,0,0
51973,"[20235, 1]",2,158,64,0
51974,"[20236, 0]",1,0,0,0
51975,"[20236, 1]",3,156,64,-1
51976,"[20236, 2]",2,0,0,-1
51977,"[20236, 3]",75,158,64,-1
51978,"[20236, 4]",73,0,0,-1
51979,"[20236, 5]",141,0,0,-1
51980,"[20236, 6]",140,0,0,-1
51981,"[20236, 8]",293,158,64,-1
51982,"[20237, 0]",1,0,0,0
51983,"[20237, 1]",2,2,1,0
51984,"[20238, 0]",1,0,0,0
51985,"[20238, 1]",3,158,64,0
51986,"[20238, 2]",2,2,1,0
51987,"[20239, 0]",1,0,0,0
51988,"[20239, 1]",5,0,0,0
51989,"[20239, 2]",3,0,0,0
51990,"[20239, 3]",2,0,0,0
51991,"[20239, 4]",37,158,64,0
51992,"[20239, 5]",35,158,64,0
51993,"[20239, 6]",29,0,0,0
51994,"[20239, 7]",24,41,18,0
51995,"[20239, 8]",77,158,64,0
51996,"[20240, 0]",1,2,1,0
51997,"[20241, 0]",1,41,18,0
51998,"[20242, 0]",1,41,18,0
51999,"[20243, 0]",1,158,64,0
52000,"[20244, 0]",1,158,64,0
52001,"[20245, 0]",1,41,18,0
52002,"[20246, 0]",1,41,18,0
52003,"[20247, 0]",1,0,0,0
52004,"[20247, 1]",2,158,64,0
52005,"[20248, 0]",1,41,18,0
52006,"[20249, 0]",1,2,1,0
52007,"[20250, 0]",1,0,0,0
52008,"[20250, 1]",2,156,64,4
52009,"[20251, 0]",1,0,0,0
52010,"[20251, 1]",6,158,64,0
52011,"[20251, 2]",4,158,64,0
52012,"[20251, 3]",2,0,0,0
52013,"[20251, 4]",31,156,64,0
52014,"[20252, 0]",1,0,0,0
52015,"[20252, 1]",2,54,24,0
52016,"[20253, 0]",1,158,64,1
52017,"[20254, 0]",1,0,0,0
52018,"[20254, 1]",5,57,26,0
52019,"[20254, 2]",3,57,26,0
52020,"[20254, 3]",2,0,0,0
52021,"[20254, 4]",25,158,64,1
52022,"[20255, 0]",1,158,64,0
52023,"[20256, 0]",1,0,0,0
52024,"[20256, 1]",2,0,0,0
52025,"[20256, 2]",15,158,64,0
52026,"[20257, 0]",1,0,0,0
52027,"[20257, 1]",2,156,64,0
52028,"[20258, 0]",1,2,1,0
52029,"[20259, 0]",1,158,64,0
52030,"[20260, 0]",1,0,0,0
52031,"[20260, 1]",2,0,0,0
52032,"[20260, 2]",14,57,26,0
52033,"[20261, 0]",1,156,64,0
52034,"[20262, 0]",1,158,64,0
52035,"[20263, 0]",1,41,18,0
52036,"[20264, 0]",1,0,0,0
52037,"[20264, 1]",2,156,64,4
52038,"[20265, 0]",1,0,0,0
52039,"[20265, 1]",2,0,0,0
52040,"[20265, 2]",14,57,26,0
52041,"[20266, 0]",1,158,64,0
52042,"[20267, 0]",1,158,64,0
52043,"[20268, 0]",1,158,64,0
52044,"[20269, 0]",1,158,64,0
52045,"[20270, 0]",1,0,0,0
52046,"[20270, 1]",2,158,64,0
52047,"[20271, 0]",1,0,0,0
52048,"[20271, 1]",2,0,0,0
52049,"[20271, 2]",15,41,18,0
52050,"[20272, 0]",1,41,18,0
52051,"[20273, 0]",1,0,0,0
52052,"[20273, 1]",7,41,18,0
52053,"[20273, 2]",4,0,0,0
52054,"[20273, 3]",3,158,64,0
52055,"[20273, 4]",2,0,0,0
52056,"[20273, 5]",49,53,24,0
52057,"[20273, 6]",48,0,0,0
52058,"[20273, 7]",47,158,64,0
52059,"[20273, 8]",38,41,18,0
52060,"[20273, 9]",77,158,64,0
52061,"[20274, 0]",1,0,0,0
52062,"[20274, 1]",2,0,0,0
52063,"[20274, 2]",42,41,18,0
52064,"[20275, 0]",1,0,0,0
52065,"[20275, 1]",2,75,32,0
52066,"[20276, 0]",1,0,0,0
52067,"[20276, 1]",5,158,64,0
52068,"[20276, 2]",3,0,0,0
52069,"[20276, 3]",2,0,0,0
52070,"[20276, 4]",25,41,18,0
52071,"[20276, 5]",23,156,64,0
52072,"[20276, 6]",22,0,0,0
52073,"[20276, 7]",19,0,0,0
52074,"[20276, 8]",59,156,64,4
52075,"[20276, 9]",48,41,18,0
52076,"[20276, 10]",47,158,64,0
52077,"[20276, 11]",45,0,0,0
52078,"[20276, 12]",44,0,0,0
52079,"[20276, 13]",43,0,0,0
52080,"[20276, 14]",212,158,64,0
52081,"[20276, 15]",211,0,0,0
52082,"[20276, 16]",205,0,0,0
52083,"[20276, 17]",198,0,0,0
52084,"[20276, 18]",387,55,26,0
52085,"[20276, 19]",349,41,18,0
52086,"[20276, 20]",313,158,64,0
52087,"[20276, 21]",311,0,0,0
52088,"[20276, 22]",310,0,0,0
52089,"[20276, 23]",580,0,0,0
52090,"[20276, 24]",577,2,1,0
52091,"[20276, 25]",697,41,18,0
52092,"[20277, 0]",1,158,64,0
52093,"[20278, 0]",1,0,0,0
52094,"[20278, 1]",2,59,28,0
52095,"[20279, 0]",1,158,64,0
52096,"[20280, 0]",1,0,0,0
52097,"[20280, 1]",2,57,26,0
52098,"[20281, 0]",1,0,0,0
52099,"[20281, 1]",4,158,64,0
52100,"[20281, 2]",2,0,0,0
52101,"[20281, 3]",43,158,64,0
52102,"[20282, 0]",1,41,18,0
52103,"[20283, 0]",1,158,64,0
52104,"[20284, 0]",1,0,0,0
52105,"[20284, 1]",5,158,64,0
52106,"[20284, 2]",4,0,0,0
52107,"[20284, 3]",3,0,0,0
52108,"[20284, 4]",2,0,0,0
52109,"[20284, 5]",26,57,26,5
52110,"[20284, 6]",24,0,0,-1
52111,"[20284, 7]",20,0,0,-1
52112,"[20284, 8]",17,57,26,0
52113,"[20284, 9]",87,0,0,-1
52114,"[20284, 10]",58,0,0,-1
52115,"[20284, 11]",57,0,0,-1
52116,"[20284, 12]",55,0,0,2
52117,"[20284, 13]",185,158,64,0
52118,"[20284, 14]",172,57,26,-1
52119,"[20284, 15]",169,158,64,2
52120,"[20284, 16]",156,158,64,4
52121,"[20285, 0]",1,41,18,0
52122,"[20286, 0]",1,0,0,0
52123,"[20286, 1]",5,0,0,0
52124,"[20286, 2]",3,0,0,0
52125,"[20286, 3]",2,0,0,0
52126,"[20286, 4]",31,158,64,0
52127,"[20286, 5]",29,0,0,0
52128,"[20286, 6]",27,41,18,0
52129,"[20286, 7]",25,0,0,0
52130,"[20286, 8]",24,0,0,0
52131,"[20286, 9]",19,41,18,0
52132,"[20286, 10]",79,158,64,0
52133,"[20286, 11]",78,0,0,0
52134,"[20286, 12]",77,0,0,0
52135,"[20286, 13]",70,158,64,0
52136,"[20286, 14]",53,158,64,-1
52137,"[20286, 15]",173,158,64,0
52138,"[20286, 16]",167,0,0,0
52139,"[20286, 17]",576,57,26,2
52140,"[20287, 0]",1,158,64,0
52141,"[20288, 0]",1,0,0,0
52142,"[20288, 1]",2,2,1,0
52143,"[20289, 0]",1,2,1,0
52144,"[20290, 0]",1,158,64,0
52145,"[20291, 0]",1,41,18,0
52146,"[20292, 0]",1,0,0,0
52147,"[20292, 1]",2,158,64,3
52148,"[20293, 0]",1,0,0,0
52149,"[20293, 1]",2,158,64,0
52150,"[20294, 0]",1,0,0,0
52151,"[20294, 1]",3,0,0,0
52152,"[20294, 2]",2,0,0,0
52153,"[20294, 3]",23,0,0,0
52154,"[20294, 4]",20,158,64,0
52155,"[20294, 5]",49,0,0,0
52156,"[20294, 6]",91,158,64,2
52157,"[20295, 0]",1,156,64,0
52158,"[20296, 0]",1,0,0,0
52159,"[20296, 1]",4,0,0,0
52160,"[20296, 2]",2,0,0,0
52161,"[20296, 3]",33,0,0,0
52162,"[20296, 4]",32,0,0,0
52163,"[20296, 5]",15,57,26,-1
52164,"[20296, 6]",62,0,0,0
52165,"[20296, 7]",61,0,0,0
52166,"[20296, 8]",58,57,26,0
52167,"[20296, 9]",57,158,64,0
52168,"[20296, 10]",56,0,0,0
52169,"[20296, 11]",184,57,26,0
52170,"[20296, 12]",162,0,0,0
52171,"[20296, 13]",158,57,26,0
52172,"[20296, 14]",318,156,64,0
52173,"[20296, 15]",317,156,64,0
52174,"[20297, 0]",1,0,0,0
52175,"[20297, 1]",2,0,0,0
52176,"[20297, 2]",20,158,64,0
52177,"[20298, 0]",1,158,64,0
52178,"[20299, 0]",1,0,0,0
52179,"[20299, 1]",2,0,0,0
52180,"[20299, 2]",49,0,0,0
52181,"[20299, 3]",67,0,0,0
52182,"[20299, 4]",128,2,1,0
52183,"[20300, 0]",1,0,0,0
52184,"[20300, 1]",2,158,64,-1
52185,"[20301, 0]",1,0,0,0
52186,"[20301, 1]",2,158,64,0
52187,"[20302, 0]",1,0,0,0
52188,"[20302, 1]",2,41,18,0
52189,"[20303, 0]",1,0,0,0
52190,"[20303, 1]",2,0,0,0
52191,"[20303, 2]",35,158,64,-1
52192,"[20303, 3]",33,158,64,-1
52193,"[20304, 0]",1,41,18,1
52194,"[20305, 0]",1,0,0,0
52195,"[20305, 1]",2,158,64,0
52196,"[20306, 0]",1,41,18,0
52197,"[20307, 0]",1,2,1,0
52198,"[20308, 0]",1,158,64,0
52199,"[20309, 0]",1,158,64,0
52200,"[20310, 0]",1,0,0,0
52201,"[20310, 1]",2,59,28,0
52202,"[20311, 0]",1,0,0,0
52203,"[20311, 1]",2,41,18,0
52204,"[20312, 0]",1,158,64,0
52205,"[20313, 0]",1,41,18,0
52206,"[20314, 0]",1,0,0,0
52207,"[20314, 1]",2,0,0,0
52208,"[20314, 2]",36,158,64,0
52209,"[20315, 0]",1,64,29,0
52210,"[20316, 0]",1,156,64,0
52211,"[20317, 0]",1,41,18,0
52212,"[20318, 0]",1,0,0,0
52213,"[20318, 1]",2,0,0,0
52214,"[20318, 2]",75,0,0,0
52215,"[20318, 3]",103,158,64,0
52216,"[20319, 0]",1,41,18,0
52217,"[20320, 0]",1,41,18,0
52218,"[20321, 0]",1,41,18,0
52219,"[20322, 0]",1,41,18,0
52220,"[20323, 0]",1,0,0,1
52221,"[20323, 1]",6,158,64,0
52222,"[20323, 2]",5,158,64,0
52223,"[20323, 3]",2,0,0,0
52224,"[20323, 4]",56,0,0,0
52225,"[20323, 5]",55,158,64,0
52226,"[20323, 6]",78,156,64,0
52227,"[20324, 0]",1,59,28,0
52228,"[20325, 0]",1,57,26,0
52229,"[20326, 0]",1,0,0,0
52230,"[20326, 1]",2,158,64,0
52231,"[20327, 0]",1,158,64,0
52232,"[20328, 0]",1,41,18,0
52233,"[20329, 0]",1,0,0,0
52234,"[20329, 1]",6,158,64,0
52235,"[20329, 2]",4,0,0,0
52236,"[20329, 3]",3,0,0,0
52237,"[20329, 4]",2,0,0,0
52238,"[20329, 5]",50,0,0,0
52239,"[20329, 6]",48,0,0,0
52240,"[20329, 7]",47,0,0,0
52241,"[20329, 8]",43,0,0,0
52242,"[20329, 9]",42,0,0,0
52243,"[20329, 10]",40,0,0,0
52244,"[20329, 11]",36,0,0,0
52245,"[20329, 12]",140,57,26,0
52246,"[20329, 13]",123,158,64,0
52247,"[20329, 14]",110,158,64,0
52248,"[20329, 15]",107,59,28,0
52249,"[20329, 16]",90,41,18,0
52250,"[20329, 17]",88,0,0,0
52251,"[20329, 18]",87,0,0,0
52252,"[20329, 19]",80,158,64,0
52253,"[20329, 20]",79,0,0,0
52254,"[20329, 21]",78,57,26,0
52255,"[20329, 22]",75,0,0,0
52256,"[20329, 23]",364,156,64,0
52257,"[20329, 24]",339,158,64,0
52258,"[20329, 25]",300,158,64,0
52259,"[20329, 26]",297,41,18,0
52260,"[20330, 0]",1,158,64,0
52261,"[20331, 0]",1,57,26,0
52262,"[20332, 0]",1,158,64,0
52263,"[20333, 0]",1,0,0,0
52264,"[20333, 1]",2,57,26,0
52265,"[20334, 0]",1,0,0,0
52266,"[20334, 1]",2,0,0,3
52267,"[20334, 2]",13,41,18,33
52268,"[20335, 0]",1,0,0,0
52269,"[20335, 1]",2,0,0,0
52270,"[20335, 2]",33,158,64,0
52271,"[20336, 0]",1,158,64,0
52272,"[20337, 0]",1,158,64,0
52273,"[20338, 0]",1,158,64,0
52274,"[20339, 0]",1,0,0,0
52275,"[20339, 1]",2,0,0,0
52276,"[20339, 2]",28,0,0,0
52277,"[20339, 3]",97,158,64,0
52278,"[20340, 0]",1,0,0,0
52279,"[20340, 1]",2,0,0,-1
52280,"[20340, 2]",18,0,0,-1
52281,"[20340, 3]",50,0,0,-1
52282,"[20340, 4]",78,57,26,4
52283,"[20341, 0]",1,0,0,0
52284,"[20341, 1]",2,0,0,0
52285,"[20341, 2]",15,158,64,5
52286,"[20342, 0]",1,158,64,0
52287,"[20343, 0]",1,0,0,0
52288,"[20343, 1]",2,158,64,0
52289,"[20344, 0]",1,0,0,0
52290,"[20344, 1]",2,2,1,0
52291,"[20345, 0]",1,0,0,0
52292,"[20345, 1]",2,158,64,0
52293,"[20346, 0]",1,158,64,0
52294,"[20347, 0]",1,0,0,0
52295,"[20347, 1]",2,0,0,0
52296,"[20347, 2]",73,158,64,0
52297,"[20348, 0]",1,0,0,0
52298,"[20348, 1]",2,158,64,0
52299,"[20349, 0]",1,2,1,0
52300,"[20350, 0]",1,2,1,0
52301,"[20351, 0]",1,0,0,0
52302,"[20351, 1]",2,0,0,0
52303,"[20351, 2]",26,0,0,0
52304,"[20351, 3]",25,156,64,0
52305,"[20351, 4]",31,158,64,0
52306,"[20352, 0]",1,156,64,0
52307,"[20353, 0]",1,41,18,1
52308,"[20354, 0]",1,156,64,0
52309,"[20355, 0]",1,41,18,0
52310,"[20356, 0]",1,0,0,0
52311,"[20356, 1]",5,0,0,0
52312,"[20356, 2]",4,0,0,0
52313,"[20356, 3]",2,0,0,0
52314,"[20356, 4]",32,158,64,-1
52315,"[20356, 5]",29,0,0,0
52316,"[20356, 6]",26,0,0,0
52317,"[20356, 7]",114,41,18,0
52318,"[20356, 8]",100,158,64,0
52319,"[20357, 0]",1,0,0,0
52320,"[20357, 1]",5,41,18,0
52321,"[20357, 2]",4,158,64,0
52322,"[20357, 3]",2,0,0,0
52323,"[20357, 4]",32,156,64,0
52324,"[20358, 0]",1,158,64,0
52325,"[20359, 0]",1,0,0,0
52326,"[20359, 1]",3,0,0,0
52327,"[20359, 2]",2,0,0,0
52328,"[20359, 3]",39,61,28,0
52329,"[20359, 4]",36,158,64,6
52330,"[20360, 0]",1,158,64,0
52331,"[20361, 0]",1,0,0,0
52332,"[20361, 1]",2,0,0,0
52333,"[20361, 2]",36,0,0,0
52334,"[20361, 3]",35,0,0,0
52335,"[20361, 4]",32,0,0,0
52336,"[20361, 5]",92,158,64,0
52337,"[20361, 6]",63,41,18,0
52338,"[20361, 7]",60,41,18,0
52339,"[20362, 0]",1,0,0,0
52340,"[20362, 1]",2,57,26,12
52341,"[20363, 0]",1,0,0,0
52342,"[20363, 1]",9,158,64,0
52343,"[20363, 2]",6,158,64,0
52344,"[20363, 3]",5,0,0,0
52345,"[20363, 4]",62,0,0,0
52346,"[20363, 5]",61,0,0,0
52347,"[20363, 6]",59,0,0,0
52348,"[20363, 7]",52,0,0,0
52349,"[20363, 8]",50,0,0,0
52350,"[20363, 9]",49,0,0,0
52351,"[20363, 10]",46,0,0,0
52352,"[20363, 11]",45,0,0,0
52353,"[20363, 12]",37,57,26,0
52354,"[20363, 13]",201,41,18,0
52355,"[20363, 14]",199,0,0,0
52356,"[20363, 15]",197,0,0,0
52357,"[20363, 16]",194,41,18,0
52358,"[20363, 17]",190,158,64,0
52359,"[20363, 18]",187,158,64,0
52360,"[20363, 19]",177,2,1,0
52361,"[20363, 20]",138,57,26,0
52362,"[20363, 21]",136,0,0,0
52363,"[20363, 22]",135,158,64,0
52364,"[20363, 23]",122,0,0,0
52365,"[20363, 24]",121,0,0,0
52366,"[20363, 25]",116,158,64,0
52367,"[20363, 26]",113,2,1,0
52368,"[20363, 27]",519,0,0,0
52369,"[20363, 28]",515,57,26,0
52370,"[20363, 29]",471,57,26,0
52371,"[20363, 30]",387,158,64,0
52372,"[20363, 31]",381,158,64,0
52373,"[20363, 32]",750,0,0,0
52374,"[20363, 33]",1267,54,24,-1
52375,"[20364, 0]",1,41,18,0
52376,"[20365, 0]",1,0,0,0
52377,"[20365, 1]",2,0,0,0
52378,"[20365, 2]",36,0,0,0
52379,"[20365, 3]",63,158,64,-1
52380,"[20366, 0]",1,0,0,0
52381,"[20366, 1]",2,0,0,0
52382,"[20366, 2]",34,57,26,0
52383,"[20366, 3]",33,156,64,0
52384,"[20367, 0]",1,0,0,0
52385,"[20367, 1]",2,0,0,0
52386,"[20367, 2]",19,158,64,0
52387,"[20368, 0]",1,0,0,0
52388,"[20368, 1]",2,158,64,8
52389,"[20369, 0]",1,2,1,0
52390,"[20370, 0]",1,0,0,0
52391,"[20370, 1]",4,41,18,0
52392,"[20370, 2]",2,0,0,0
52393,"[20370, 3]",29,41,18,0
52394,"[20370, 4]",26,0,0,0
52395,"[20370, 5]",25,41,18,0
52396,"[20370, 6]",23,0,0,0
52397,"[20370, 7]",22,0,0,0
52398,"[20370, 8]",74,0,0,0
52399,"[20370, 9]",70,53,24,0
52400,"[20370, 10]",63,41,18,6
52401,"[20370, 11]",137,2,1,-1
52402,"[20371, 0]",1,57,26,0
52403,"[20372, 0]",1,0,0,0
52404,"[20372, 1]",2,53,24,2
52405,"[20373, 0]",1,0,0,0
52406,"[20373, 1]",5,158,64,0
52407,"[20373, 2]",3,0,0,0
52408,"[20373, 3]",2,0,0,0
52409,"[20373, 4]",32,158,64,0
52410,"[20373, 5]",31,0,0,0
52411,"[20373, 6]",28,0,0,2
52412,"[20373, 7]",76,41,18,0
52413,"[20373, 8]",61,158,64,-1
52414,"[20374, 0]",1,0,0,0
52415,"[20374, 1]",2,0,0,0
52416,"[20374, 2]",12,158,64,0
52417,"[20375, 0]",1,0,0,0
52418,"[20375, 1]",2,0,0,0
52419,"[20375, 2]",36,158,64,-1
52420,"[20376, 0]",1,158,64,0
52421,"[20377, 0]",1,0,0,0
52422,"[20377, 1]",2,158,64,0
52423,"[20378, 0]",1,158,64,0
52424,"[20379, 0]",1,58,26,0
52425,"[20380, 0]",1,0,0,0
52426,"[20380, 1]",2,0,0,0
52427,"[20380, 2]",28,57,26,0
52428,"[20381, 0]",1,0,0,0
52429,"[20381, 1]",2,2,1,-1
52430,"[20382, 0]",1,158,64,0
52431,"[20383, 0]",1,0,0,0
52432,"[20383, 1]",5,57,26,0
52433,"[20383, 2]",2,0,0,0
52434,"[20383, 3]",37,2,1,0
52435,"[20384, 0]",1,41,18,0
52436,"[20385, 0]",1,158,64,0
52437,"[20386, 0]",1,41,18,0
52438,"[20387, 0]",1,158,64,0
52439,"[20388, 0]",1,0,0,0
52440,"[20388, 1]",2,158,64,0
52441,"[20389, 0]",1,0,0,0
52442,"[20389, 1]",10,156,64,0
52443,"[20389, 2]",9,156,64,0
52444,"[20389, 3]",8,0,0,0
52445,"[20389, 4]",5,0,0,0
52446,"[20389, 5]",4,0,0,0
52447,"[20389, 6]",3,0,0,0
52448,"[20389, 7]",71,41,18,0
52449,"[20389, 8]",69,0,0,0
52450,"[20389, 9]",63,41,18,0
52451,"[20389, 10]",60,0,0,0
52452,"[20389, 11]",54,0,0,0
52453,"[20389, 12]",52,0,0,0
52454,"[20389, 13]",47,0,0,0
52455,"[20389, 14]",34,158,64,0
52456,"[20389, 15]",195,54,24,0
52457,"[20389, 16]",165,0,0,0
52458,"[20389, 17]",149,158,64,0
52459,"[20389, 18]",115,158,64,1
52460,"[20389, 19]",81,0,0,0
52461,"[20389, 20]",643,158,64,8
52462,"[20389, 21]",552,158,64,0
52463,"[20390, 0]",1,158,64,0
52464,"[20391, 0]",1,0,0,0
52465,"[20391, 1]",4,0,0,-1
52466,"[20391, 2]",65,158,64,-1
52467,"[20392, 0]",1,0,0,0
52468,"[20392, 1]",3,0,0,0
52469,"[20392, 2]",2,158,64,0
52470,"[20392, 3]",30,2,1,0
52471,"[20393, 0]",1,0,0,0
52472,"[20393, 1]",3,158,64,0
52473,"[20393, 2]",2,2,1,0
52474,"[20394, 0]",1,54,24,0
52475,"[20395, 0]",1,158,64,0
52476,"[20396, 0]",1,57,26,0
52477,"[20397, 0]",1,0,0,0
52478,"[20397, 1]",2,41,18,0
52479,"[20398, 0]",1,0,0,0
52480,"[20398, 1]",2,53,24,0
52481,"[20399, 0]",1,158,64,0
52482,"[20400, 0]",1,156,64,0
52483,"[20401, 0]",1,41,18,0
52484,"[20402, 0]",1,156,64,0
52485,"[20403, 0]",1,0,0,0
52486,"[20403, 1]",2,0,0,0
52487,"[20403, 2]",17,53,24,4
52488,"[20404, 0]",1,51,24,0
52489,"[20405, 0]",1,0,0,0
52490,"[20405, 1]",2,158,64,0
52491,"[20406, 0]",1,0,0,0
52492,"[20406, 1]",2,41,18,0
52493,"[20407, 0]",1,0,0,0
52494,"[20407, 1]",2,0,0,0
52495,"[20407, 2]",54,158,64,0
52496,"[20408, 0]",1,0,0,0
52497,"[20408, 1]",5,57,26,0
52498,"[20408, 2]",2,0,0,0
52499,"[20408, 3]",51,158,64,0
52500,"[20408, 4]",48,0,0,0
52501,"[20408, 5]",84,158,64,0
52502,"[20409, 0]",1,158,64,0
52503,"[20410, 0]",1,41,18,0
52504,"[20411, 0]",1,2,1,1
52505,"[20412, 0]",1,51,24,0
52506,"[20413, 0]",1,158,64,0
52507,"[20414, 0]",1,0,0,0
52508,"[20414, 1]",2,156,64,43
52509,"[20415, 0]",1,0,0,0
52510,"[20415, 1]",2,0,0,0
52511,"[20415, 2]",24,158,64,0
52512,"[20416, 0]",1,0,0,0
52513,"[20416, 1]",3,158,64,-1
52514,"[20417, 0]",1,0,0,1
52515,"[20417, 1]",2,158,64,2
52516,"[20418, 0]",1,57,26,1
52517,"[20419, 0]",1,0,0,0
52518,"[20419, 1]",2,156,64,0
52519,"[20420, 0]",1,0,0,0
52520,"[20420, 1]",2,2,1,0
52521,"[20421, 0]",1,158,64,0
52522,"[20422, 0]",1,0,0,0
52523,"[20422, 1]",2,53,24,1
52524,"[20423, 0]",1,158,64,0
52525,"[20424, 0]",1,0,0,0
52526,"[20424, 1]",2,41,18,0
52527,"[20425, 0]",1,0,0,0
52528,"[20425, 1]",5,0,0,0
52529,"[20425, 2]",3,0,0,0
52530,"[20425, 3]",2,0,0,0
52531,"[20425, 4]",43,156,64,0
52532,"[20425, 5]",41,41,18,0
52533,"[20425, 6]",38,0,0,0
52534,"[20425, 7]",37,0,0,0
52535,"[20425, 8]",36,0,0,0
52536,"[20425, 9]",32,0,0,0
52537,"[20425, 10]",31,0,0,0
52538,"[20425, 11]",29,0,0,0
52539,"[20425, 12]",12,2,1,0
52540,"[20425, 13]",110,0,0,0
52541,"[20425, 14]",96,2,1,0
52542,"[20425, 15]",93,41,18,0
52543,"[20425, 16]",78,158,64,0
52544,"[20425, 17]",77,0,0,0
52545,"[20425, 18]",73,0,0,0
52546,"[20425, 19]",69,0,0,0
52547,"[20425, 20]",321,156,64,0
52548,"[20425, 21]",303,0,0,0
52549,"[20425, 22]",278,0,0,0
52550,"[20425, 23]",222,156,64,0
52551,"[20425, 24]",512,158,64,0
52552,"[20425, 25]",491,0,0,0
52553,"[20425, 26]",845,41,18,0
52554,"[20426, 0]",1,0,0,0
52555,"[20426, 1]",2,41,18,0
52556,"[20427, 0]",1,158,64,0
52557,"[20428, 0]",1,54,24,0
52558,"[20429, 0]",1,158,64,0
52559,"[20430, 0]",1,0,0,0
52560,"[20430, 1]",2,57,26,-1
52561,"[20431, 0]",1,0,0,0
52562,"[20431, 1]",2,156,64,0
52563,"[20432, 0]",1,0,0,0
52564,"[20432, 1]",4,41,18,0
52565,"[20432, 2]",3,0,0,0
52566,"[20432, 3]",2,0,0,0
52567,"[20432, 4]",22,2,1,0
52568,"[20432, 5]",19,158,64,0
52569,"[20433, 0]",1,0,0,0
52570,"[20433, 1]",2,158,64,0
52571,"[20434, 0]",1,0,0,0
52572,"[20434, 1]",2,158,64,32
52573,"[20435, 0]",1,57,26,0
52574,"[20436, 0]",1,158,64,0
52575,"[20437, 0]",1,2,1,0
52576,"[20438, 0]",1,0,0,0
52577,"[20438, 1]",2,158,64,-1
52578,"[20439, 0]",1,41,18,0
52579,"[20440, 0]",1,2,1,0
52580,"[20441, 0]",1,0,0,0
52581,"[20441, 1]",2,57,26,0
52582,"[20442, 0]",1,0,0,0
52583,"[20442, 1]",2,0,0,0
52584,"[20442, 2]",89,57,26,0
52585,"[20443, 0]",1,156,64,0
52586,"[20444, 0]",1,2,1,0
52587,"[20445, 0]",1,0,0,0
52588,"[20445, 1]",9,158,64,0
52589,"[20445, 2]",4,0,0,0
52590,"[20445, 3]",3,0,0,0
52591,"[20445, 4]",2,0,0,0
52592,"[20445, 5]",73,158,64,0
52593,"[20445, 6]",71,0,0,0
52594,"[20445, 7]",70,0,0,0
52595,"[20445, 8]",66,0,0,0
52596,"[20445, 9]",65,156,64,0
52597,"[20445, 10]",57,57,26,0
52598,"[20445, 11]",160,64,29,0
52599,"[20445, 12]",124,41,18,0
52600,"[20445, 13]",120,158,64,0
52601,"[20446, 0]",1,0,0,0
52602,"[20446, 1]",2,64,29,0
52603,"[20447, 0]",1,0,0,0
52604,"[20447, 1]",8,0,0,0
52605,"[20447, 2]",5,0,0,0
52606,"[20447, 3]",2,0,0,0
52607,"[20447, 4]",47,158,64,0
52608,"[20447, 5]",46,158,64,0
52609,"[20447, 6]",33,41,18,0
52610,"[20447, 7]",10,0,0,-1
52611,"[20447, 8]",110,158,64,-1
52612,"[20448, 0]",1,0,0,0
52613,"[20448, 1]",12,0,0,0
52614,"[20448, 2]",10,0,0,0
52615,"[20448, 3]",9,0,0,0
52616,"[20448, 4]",5,0,0,0
52617,"[20448, 5]",4,0,0,0
52618,"[20448, 6]",2,0,0,0
52619,"[20448, 7]",60,0,0,1
52620,"[20448, 8]",58,158,64,3
52621,"[20448, 9]",57,0,0,-1
52622,"[20448, 10]",56,0,0,1
52623,"[20448, 11]",50,0,0,-1
52624,"[20448, 12]",47,0,0,0
52625,"[20448, 13]",42,2,1,0
52626,"[20448, 14]",38,57,26,0
52627,"[20448, 15]",26,158,64,2
52628,"[20448, 16]",178,0,0,0
52629,"[20448, 17]",165,158,64,-1
52630,"[20448, 18]",161,0,0,-1
52631,"[20448, 19]",125,0,0,0
52632,"[20448, 20]",124,0,0,0
52633,"[20448, 21]",118,2,1,3
52634,"[20448, 22]",93,158,64,1
52635,"[20448, 23]",527,41,18,0
52636,"[20448, 24]",526,0,0,0
52637,"[20448, 25]",524,0,0,0
52638,"[20448, 26]",523,0,0,0
52639,"[20448, 27]",474,158,64,-1
52640,"[20448, 28]",405,158,64,0
52641,"[20448, 29]",742,0,0,0
52642,"[20448, 30]",739,0,0,0
52643,"[20448, 31]",723,158,64,0
52644,"[20448, 32]",1099,57,26,0
52645,"[20448, 33]",1090,2,1,0
52646,"[20449, 0]",1,158,64,0
52647,"[20450, 0]",1,57,26,0
52648,"[20451, 0]",1,0,0,0
52649,"[20451, 1]",2,0,0,0
52650,"[20451, 2]",24,158,64,0
52651,"[20452, 0]",1,0,0,0
52652,"[20452, 1]",2,41,18,0
52653,"[20453, 0]",1,0,0,0
52654,"[20453, 1]",2,158,64,0
52655,"[20454, 0]",1,0,0,0
52656,"[20454, 1]",7,158,64,0
52657,"[20454, 2]",5,41,18,0
52658,"[20454, 3]",4,0,0,0
52659,"[20454, 4]",3,0,0,0
52660,"[20454, 5]",2,0,0,0
52661,"[20454, 6]",42,158,64,0
52662,"[20454, 7]",38,41,18,0
52663,"[20454, 8]",32,57,26,0
52664,"[20455, 0]",1,41,18,0
52665,"[20456, 0]",1,0,0,0
52666,"[20456, 1]",2,2,1,0
52667,"[20457, 0]",1,57,26,0
52668,"[20458, 0]",1,41,18,0
52669,"[20459, 0]",1,158,64,3
52670,"[20460, 0]",1,0,0,0
52671,"[20460, 1]",2,41,18,0
52672,"[20461, 0]",1,0,0,0
52673,"[20461, 1]",2,158,64,0
52674,"[20462, 0]",1,41,18,0
52675,"[20463, 0]",1,0,0,0
52676,"[20463, 1]",2,0,0,0
52677,"[20463, 2]",28,0,0,0
52678,"[20463, 3]",43,41,18,0
52679,"[20464, 0]",1,0,0,0
52680,"[20464, 1]",2,41,18,0
52681,"[20465, 0]",1,41,18,0
52682,"[20466, 0]",1,158,64,0
52683,"[20467, 0]",1,2,1,0
52684,"[20468, 0]",1,0,0,0
52685,"[20468, 1]",2,158,64,0
52686,"[20469, 0]",1,0,0,0
52687,"[20469, 1]",2,0,0,0
52688,"[20469, 2]",29,41,18,0
52689,"[20470, 0]",1,0,0,0
52690,"[20470, 1]",2,41,18,0
52691,"[20471, 0]",1,158,64,0
52692,"[20472, 0]",1,0,0,0
52693,"[20472, 1]",3,156,64,0
52694,"[20472, 2]",2,158,64,0
52695,"[20473, 0]",1,158,64,0
52696,"[20474, 0]",1,0,0,0
52697,"[20474, 1]",4,0,0,0
52698,"[20474, 2]",2,0,0,0
52699,"[20474, 3]",28,0,0,-1
52700,"[20474, 4]",19,0,0,0
52701,"[20474, 5]",111,158,64,4
52702,"[20474, 6]",92,0,0,-1
52703,"[20474, 7]",142,0,0,2
52704,"[20474, 8]",169,156,64,3
52705,"[20475, 0]",1,158,64,0
52706,"[20476, 0]",1,158,64,0
52707,"[20477, 0]",1,0,0,0
52708,"[20477, 1]",2,158,64,0
52709,"[20478, 0]",1,158,64,0
52710,"[20479, 0]",1,158,64,0
52711,"[20480, 0]",1,41,18,0
52712,"[20481, 0]",1,158,64,0
52713,"[20482, 0]",1,0,0,0
52714,"[20482, 1]",2,51,24,0
52715,"[20483, 0]",1,156,64,0
52716,"[20484, 0]",1,41,18,0
52717,"[20485, 0]",1,158,64,0
52718,"[20486, 0]",1,0,0,0
52719,"[20486, 1]",5,0,0,0
52720,"[20486, 2]",2,0,0,0
52721,"[20486, 3]",30,158,64,0
52722,"[20486, 4]",28,0,0,0
52723,"[20486, 5]",27,0,0,0
52724,"[20486, 6]",10,158,64,2
52725,"[20486, 7]",66,158,64,0
52726,"[20486, 8]",62,0,0,0
52727,"[20486, 9]",224,2,1,0
52728,"[20487, 0]",1,158,64,0
52729,"[20488, 0]",1,156,64,0
52730,"[20489, 0]",1,0,0,0
52731,"[20489, 1]",2,0,0,0
52732,"[20489, 2]",36,0,0,0
52733,"[20489, 3]",34,0,0,0
52734,"[20489, 4]",68,0,0,0
52735,"[20489, 5]",52,41,18,0
52736,"[20489, 6]",106,41,18,0
52737,"[20490, 0]",1,41,18,0
52738,"[20491, 0]",1,158,64,0
52739,"[20492, 0]",1,41,18,0
52740,"[20493, 0]",1,41,18,0
52741,"[20494, 0]",1,0,0,0
52742,"[20494, 1]",2,53,24,0
52743,"[20495, 0]",1,57,26,0
52744,"[20496, 0]",1,0,0,0
52745,"[20496, 1]",2,156,64,0
52746,"[20497, 0]",1,0,0,0
52747,"[20497, 1]",2,158,64,0
52748,"[20498, 0]",1,0,0,0
52749,"[20498, 1]",2,156,64,32
52750,"[20499, 0]",1,158,64,0
52751,"[20500, 0]",1,54,24,0
52752,"[20501, 0]",1,0,0,0
52753,"[20501, 1]",2,57,26,1
52754,"[20502, 0]",1,54,24,0
52755,"[20503, 0]",1,0,0,0
52756,"[20503, 1]",2,57,26,0
52757,"[20504, 0]",1,158,64,0
52758,"[20505, 0]",1,158,64,0
52759,"[20506, 0]",1,0,0,0
52760,"[20506, 1]",2,41,18,0
52761,"[20507, 0]",1,158,64,0
52762,"[20508, 0]",1,158,64,0
52763,"[20509, 0]",1,158,64,0
52764,"[20510, 0]",1,0,0,0
52765,"[20510, 1]",4,158,64,0
52766,"[20510, 2]",2,0,0,0
52767,"[20510, 3]",33,158,64,0
52768,"[20510, 4]",31,0,0,0
52769,"[20510, 5]",61,0,0,0
52770,"[20510, 6]",81,41,18,0
52771,"[20511, 0]",1,158,64,0
52772,"[20512, 0]",1,0,0,0
52773,"[20512, 1]",2,0,0,0
52774,"[20512, 2]",7,51,24,0
52775,"[20513, 0]",1,0,0,0
52776,"[20513, 1]",2,41,18,0
52777,"[20514, 0]",1,0,0,0
52778,"[20514, 1]",4,0,0,0
52779,"[20514, 2]",2,0,0,0
52780,"[20514, 3]",47,0,0,0
52781,"[20514, 4]",30,41,18,0
52782,"[20514, 5]",69,41,18,0
52783,"[20515, 0]",1,66,29,0
52784,"[20516, 0]",1,158,64,1
52785,"[20517, 0]",1,0,0,0
52786,"[20517, 1]",2,57,26,0
52787,"[20518, 0]",1,0,0,0
52788,"[20518, 1]",2,158,64,0
52789,"[20519, 0]",1,0,0,0
52790,"[20519, 1]",7,158,64,0
52791,"[20519, 2]",5,0,0,0
52792,"[20519, 3]",3,0,0,0
52793,"[20519, 4]",36,156,64,0
52794,"[20519, 5]",33,158,64,0
52795,"[20520, 0]",1,0,0,0
52796,"[20520, 1]",2,0,0,-1
52797,"[20520, 2]",17,41,18,6
52798,"[20521, 0]",1,0,0,0
52799,"[20521, 1]",6,158,64,0
52800,"[20521, 2]",5,158,64,0
52801,"[20521, 3]",2,0,0,0
52802,"[20521, 4]",55,158,64,0
52803,"[20522, 0]",1,0,0,1
52804,"[20522, 1]",3,2,1,0
52805,"[20522, 2]",2,57,26,0
52806,"[20523, 0]",1,158,64,0
52807,"[20524, 0]",1,0,0,0
52808,"[20524, 1]",2,59,28,0
52809,"[20525, 0]",1,0,0,0
52810,"[20525, 1]",2,0,0,0
52811,"[20525, 2]",32,57,26,0
52812,"[20526, 0]",1,55,26,0
52813,"[20527, 0]",1,158,64,0
52814,"[20528, 0]",1,57,26,0
52815,"[20529, 0]",1,0,0,0
52816,"[20529, 1]",2,158,64,0
52817,"[20530, 0]",1,158,64,0
52818,"[20531, 0]",1,156,64,0
52819,"[20532, 0]",1,0,0,0
52820,"[20532, 1]",4,2,1,0
52821,"[20533, 0]",1,57,26,0
52822,"[20534, 0]",1,158,64,0
52823,"[20535, 0]",1,158,64,0
52824,"[20536, 0]",1,158,64,0
52825,"[20537, 0]",1,0,0,0
52826,"[20537, 1]",2,54,24,0
52827,"[20538, 0]",1,57,26,0
52828,"[20539, 0]",1,156,64,0
52829,"[20540, 0]",1,0,0,0
52830,"[20540, 1]",2,158,64,0
52831,"[20541, 0]",1,156,64,0
52832,"[20542, 0]",1,0,0,0
52833,"[20542, 1]",4,158,64,0
52834,"[20542, 2]",37,0,0,0
52835,"[20542, 3]",34,0,0,0
52836,"[20542, 4]",55,41,18,0
52837,"[20542, 5]",39,41,18,0
52838,"[20543, 0]",1,54,24,0
52839,"[20544, 0]",1,2,1,0
52840,"[20545, 0]",1,156,64,0
52841,"[20546, 0]",1,0,0,0
52842,"[20546, 1]",6,0,0,0
52843,"[20546, 2]",4,0,0,0
52844,"[20546, 3]",2,0,0,0
52845,"[20546, 4]",48,2,1,0
52846,"[20546, 5]",46,0,0,0
52847,"[20546, 6]",44,0,0,0
52848,"[20546, 7]",35,158,64,0
52849,"[20546, 8]",32,41,18,0
52850,"[20546, 9]",81,59,28,0
52851,"[20546, 10]",63,158,64,0
52852,"[20547, 0]",1,0,0,0
52853,"[20547, 1]",2,57,26,0
52854,"[20548, 0]",1,0,0,0
52855,"[20548, 1]",2,41,18,0
52856,"[20549, 0]",1,158,64,0
52857,"[20550, 0]",1,0,0,0
52858,"[20550, 1]",2,41,18,0
52859,"[20551, 0]",1,57,26,0
52860,"[20552, 0]",1,158,64,0
52861,"[20553, 0]",1,158,64,0
52862,"[20554, 0]",1,0,0,0
52863,"[20554, 1]",6,41,18,0
52864,"[20554, 2]",4,41,18,0
52865,"[20554, 3]",2,0,0,0
52866,"[20554, 4]",33,158,64,0
52867,"[20555, 0]",1,0,0,0
52868,"[20555, 1]",4,0,0,0
52869,"[20555, 2]",2,0,0,0
52870,"[20555, 3]",22,0,0,0
52871,"[20555, 4]",17,41,18,0
52872,"[20555, 5]",63,54,24,0
52873,"[20556, 0]",1,0,0,0
52874,"[20556, 1]",2,158,64,0
52875,"[20557, 0]",1,0,0,0
52876,"[20557, 1]",2,158,64,-1
52877,"[20558, 0]",1,0,0,0
52878,"[20558, 1]",2,0,0,0
52879,"[20558, 2]",16,41,18,0
52880,"[20559, 0]",1,158,64,0
52881,"[20560, 0]",1,0,0,0
52882,"[20560, 1]",2,156,64,5
52883,"[20561, 0]",1,158,64,0
52884,"[20562, 0]",1,2,1,0
52885,"[20563, 0]",1,59,28,0
52886,"[20564, 0]",1,2,1,0
52887,"[20565, 0]",1,158,64,0
52888,"[20566, 0]",1,0,0,0
52889,"[20566, 1]",4,158,64,0
52890,"[20566, 2]",2,0,0,0
52891,"[20566, 3]",27,0,0,0
52892,"[20566, 4]",50,2,1,0
52893,"[20567, 0]",1,158,64,0
52894,"[20568, 0]",1,156,64,0
52895,"[20569, 0]",1,54,24,0
52896,"[20570, 0]",1,158,64,0
52897,"[20571, 0]",1,0,0,0
52898,"[20571, 1]",2,0,0,0
52899,"[20571, 2]",23,51,24,-1
52900,"[20572, 0]",1,0,0,0
52901,"[20572, 1]",2,57,26,0
52902,"[20573, 0]",1,0,0,0
52903,"[20573, 1]",2,158,64,0
52904,"[20574, 0]",1,0,0,0
52905,"[20574, 1]",2,54,24,0
52906,"[20575, 0]",1,0,0,0
52907,"[20575, 1]",2,156,64,4
52908,"[20576, 0]",1,0,0,0
52909,"[20576, 1]",2,158,64,0
52910,"[20577, 0]",1,158,64,0
52911,"[20578, 0]",1,41,18,0
52912,"[20579, 0]",1,41,18,0
52913,"[20580, 0]",1,0,0,0
52914,"[20580, 1]",6,0,0,0
52915,"[20580, 2]",4,0,0,0
52916,"[20580, 3]",2,0,0,0
52917,"[20580, 4]",25,0,0,0
52918,"[20580, 5]",21,0,0,0
52919,"[20580, 6]",17,158,64,0
52920,"[20580, 7]",107,41,18,0
52921,"[20580, 8]",90,41,18,0
52922,"[20581, 0]",1,0,0,0
52923,"[20581, 1]",2,57,26,13
52924,"[20582, 0]",1,0,0,0
52925,"[20582, 1]",3,0,0,0
52926,"[20582, 2]",2,37,18,0
52927,"[20582, 3]",8,2,1,0
52928,"[20583, 0]",1,0,0,0
52929,"[20583, 1]",3,0,0,0
52930,"[20583, 2]",2,158,64,0
52931,"[20583, 3]",8,158,64,0
52932,"[20584, 0]",1,0,0,0
52933,"[20584, 1]",2,41,18,0
52934,"[20585, 0]",1,0,0,0
52935,"[20585, 1]",2,156,64,2
52936,"[20586, 0]",1,158,64,0
52937,"[20587, 0]",1,0,0,0
52938,"[20587, 1]",3,0,0,0
52939,"[20587, 2]",2,0,0,0
52940,"[20587, 3]",31,0,0,0
52941,"[20587, 4]",30,0,0,0
52942,"[20587, 5]",29,0,0,0
52943,"[20587, 6]",23,0,0,0
52944,"[20587, 7]",22,0,0,0
52945,"[20587, 8]",19,0,0,0
52946,"[20587, 9]",137,0,0,0
52947,"[20587, 10]",113,158,64,0
52948,"[20587, 11]",110,41,18,0
52949,"[20587, 12]",70,158,64,0
52950,"[20587, 13]",68,0,0,0
52951,"[20587, 14]",67,0,0,0
52952,"[20587, 15]",65,0,0,0
52953,"[20587, 16]",61,57,26,0
52954,"[20587, 17]",60,2,1,0
52955,"[20587, 18]",57,156,64,2
52956,"[20587, 19]",240,156,64,0
52957,"[20587, 20]",237,158,64,0
52958,"[20587, 21]",236,0,0,0
52959,"[20587, 22]",228,158,64,0
52960,"[20587, 23]",221,0,0,0
52961,"[20587, 24]",149,0,0,0
52962,"[20587, 25]",709,158,64,0
52963,"[20587, 26]",484,158,64,1
52964,"[20587, 27]",412,158,64,0
52965,"[20588, 0]",1,0,0,0
52966,"[20588, 1]",2,0,0,0
52967,"[20588, 2]",25,41,18,0
52968,"[20589, 0]",1,158,64,0
52969,"[20590, 0]",1,57,26,0
52970,"[20591, 0]",1,0,0,0
52971,"[20591, 1]",3,0,0,0
52972,"[20591, 2]",2,156,64,0
52973,"[20591, 3]",28,2,1,0
52974,"[20592, 0]",1,0,0,0
52975,"[20592, 1]",2,158,64,1
52976,"[20593, 0]",1,158,64,0
52977,"[20594, 0]",1,0,0,0
52978,"[20594, 1]",2,0,0,0
52979,"[20594, 2]",28,158,64,0
52980,"[20595, 0]",1,0,0,0
52981,"[20595, 1]",2,158,64,6
52982,"[20596, 0]",1,158,64,0
52983,"[20597, 0]",1,0,0,0
52984,"[20597, 1]",3,0,0,0
52985,"[20597, 2]",2,0,0,0
52986,"[20597, 3]",42,53,24,0
52987,"[20597, 4]",39,0,0,0
52988,"[20597, 5]",38,2,1,0
52989,"[20597, 6]",37,0,0,0
52990,"[20597, 7]",33,158,64,0
52991,"[20597, 8]",31,55,26,0
52992,"[20597, 9]",30,0,0,0
52993,"[20597, 10]",115,41,18,0
52994,"[20597, 11]",91,41,18,0
52995,"[20597, 12]",89,2,1,0
52996,"[20597, 13]",88,0,0,0
52997,"[20597, 14]",85,0,0,0
52998,"[20597, 15]",84,0,0,0
52999,"[20597, 16]",83,0,0,0
53000,"[20597, 17]",82,0,0,0
53001,"[20597, 18]",76,158,64,-1
53002,"[20597, 19]",264,0,0,0
53003,"[20597, 20]",260,2,1,0
53004,"[20597, 21]",259,41,18,0
53005,"[20597, 22]",255,158,64,0
53006,"[20597, 23]",254,156,64,0
53007,"[20597, 24]",248,0,0,0
53008,"[20597, 25]",236,41,18,0
53009,"[20597, 26]",472,156,64,0
53010,"[20597, 27]",377,158,64,0
53011,"[20598, 0]",1,2,1,0
53012,"[20599, 0]",1,0,0,0
53013,"[20599, 1]",3,0,0,0
53014,"[20599, 2]",2,0,0,0
53015,"[20599, 3]",53,156,64,0
53016,"[20599, 4]",52,0,0,0
53017,"[20599, 5]",50,0,0,0
53018,"[20599, 6]",42,41,18,0
53019,"[20599, 7]",91,158,64,0
53020,"[20599, 8]",90,158,64,0
53021,"[20599, 9]",89,0,0,0
53022,"[20599, 10]",87,0,0,0
53023,"[20599, 11]",86,0,0,0
53024,"[20599, 12]",70,0,0,0
53025,"[20599, 13]",258,64,29,0
53026,"[20599, 14]",247,158,64,-1
53027,"[20599, 15]",241,0,0,2
53028,"[20599, 16]",226,59,28,0
53029,"[20599, 17]",390,158,64,0
53030,"[20600, 0]",1,0,0,0
53031,"[20600, 1]",2,0,0,0
53032,"[20600, 2]",15,158,64,0
53033,"[20601, 0]",1,0,0,0
53034,"[20601, 1]",6,0,0,0
53035,"[20601, 2]",4,0,0,0
53036,"[20601, 3]",2,0,0,0
53037,"[20601, 4]",37,41,18,0
53038,"[20601, 5]",36,0,0,0
53039,"[20601, 6]",35,0,0,0
53040,"[20601, 7]",29,0,0,0
53041,"[20601, 8]",13,57,26,0
53042,"[20601, 9]",75,57,26,0
53043,"[20601, 10]",50,158,64,0
53044,"[20601, 11]",47,41,18,0
53045,"[20602, 0]",1,158,64,0
53046,"[20603, 0]",1,0,0,0
53047,"[20603, 1]",2,0,0,0
53048,"[20603, 2]",27,158,64,0
53049,"[20604, 0]",1,0,0,0
53050,"[20604, 1]",2,158,64,-1
53051,"[20605, 0]",1,0,0,0
53052,"[20605, 1]",2,158,64,0
53053,"[20606, 0]",1,158,64,0
53054,"[20607, 0]",1,158,64,0
53055,"[20608, 0]",1,0,0,0
53056,"[20608, 1]",2,41,18,0
53057,"[20609, 0]",1,0,0,0
53058,"[20609, 1]",2,158,64,-1
53059,"[20610, 0]",1,158,64,0
53060,"[20611, 0]",1,57,26,0
53061,"[20612, 0]",1,0,0,0
53062,"[20612, 1]",6,156,64,0
53063,"[20612, 2]",3,0,0,0
53064,"[20612, 3]",2,0,0,0
53065,"[20612, 4]",80,2,1,0
53066,"[20612, 5]",79,0,0,0
53067,"[20612, 6]",77,0,0,0
53068,"[20612, 7]",76,54,24,0
53069,"[20612, 8]",110,2,1,0
53070,"[20612, 9]",104,41,18,0
53071,"[20612, 10]",103,158,64,0
53072,"[20612, 11]",99,0,0,0
53073,"[20612, 12]",287,57,26,0
53074,"[20613, 0]",1,0,0,0
53075,"[20613, 1]",2,0,0,-1
53076,"[20613, 2]",15,158,64,-1
53077,"[20614, 0]",1,57,26,0
53078,"[20615, 0]",1,0,0,0
53079,"[20615, 1]",11,2,1,-1
53080,"[20615, 2]",10,2,1,-1
53081,"[20615, 3]",7,0,0,-1
53082,"[20615, 4]",6,156,64,-1
53083,"[20615, 5]",3,0,0,-1
53084,"[20615, 6]",81,158,64,-1
53085,"[20615, 7]",80,158,64,3
53086,"[20615, 8]",54,0,0,-1
53087,"[20615, 9]",213,2,1,1
53088,"[20616, 0]",1,158,64,0
53089,"[20617, 0]",1,0,0,0
53090,"[20617, 1]",8,41,18,0
53091,"[20617, 2]",6,0,0,0
53092,"[20617, 3]",4,158,64,0
53093,"[20617, 4]",3,0,0,0
53094,"[20617, 5]",2,0,0,0
53095,"[20617, 6]",31,0,0,0
53096,"[20617, 7]",25,57,26,-1
53097,"[20617, 8]",19,156,64,-1
53098,"[20617, 9]",110,0,0,0
53099,"[20617, 10]",294,158,64,0
53100,"[20618, 0]",1,61,28,0
53101,"[20619, 0]",1,0,0,0
53102,"[20619, 1]",7,156,64,0
53103,"[20619, 2]",4,2,1,0
53104,"[20619, 3]",3,0,0,0
53105,"[20619, 4]",2,0,0,0
53106,"[20619, 5]",59,158,64,2
53107,"[20619, 6]",58,0,0,-1
53108,"[20619, 7]",51,158,64,2
53109,"[20619, 8]",93,158,64,5
53110,"[20620, 0]",1,0,0,0
53111,"[20620, 1]",2,2,1,0
53112,"[20621, 0]",1,57,26,0
53113,"[20622, 0]",1,0,0,0
53114,"[20622, 1]",5,158,64,0
53115,"[20622, 2]",3,0,0,0
53116,"[20622, 3]",2,0,0,0
53117,"[20622, 4]",34,0,0,0
53118,"[20622, 5]",31,0,0,0
53119,"[20622, 6]",55,41,18,0
53120,"[20622, 7]",43,41,18,0
53121,"[20623, 0]",1,158,64,0
53122,"[20624, 0]",1,0,0,0
53123,"[20624, 1]",2,158,64,0
53124,"[20625, 0]",1,0,0,0
53125,"[20625, 1]",2,158,64,0
53126,"[20626, 0]",1,41,18,0
53127,"[20627, 0]",1,0,0,0
53128,"[20627, 1]",2,41,18,0
53129,"[20628, 0]",1,57,26,0
53130,"[20629, 0]",1,41,18,1
53131,"[20630, 0]",1,0,0,0
53132,"[20630, 1]",2,158,64,-1
53133,"[20631, 0]",1,0,0,0
53134,"[20631, 1]",2,0,0,0
53135,"[20631, 2]",25,55,26,-1
53136,"[20632, 0]",1,0,0,0
53137,"[20632, 1]",2,158,64,0
53138,"[20633, 0]",1,57,26,0
53139,"[20634, 0]",1,0,0,0
53140,"[20634, 1]",5,0,0,0
53141,"[20634, 2]",4,0,0,0
53142,"[20634, 3]",3,0,0,0
53143,"[20634, 4]",28,158,64,0
53144,"[20634, 5]",24,0,0,0
53145,"[20634, 6]",20,158,64,0
53146,"[20634, 7]",110,158,64,0
53147,"[20635, 0]",1,156,64,0
53148,"[20636, 0]",1,41,18,0
53149,"[20637, 0]",1,41,18,0
53150,"[20638, 0]",1,0,0,0
53151,"[20638, 1]",2,2,1,7
53152,"[20639, 0]",1,158,64,0
53153,"[20640, 0]",1,158,64,0
53154,"[20641, 0]",1,61,28,0
53155,"[20642, 0]",1,2,1,0
53156,"[20643, 0]",1,156,64,0
53157,"[20644, 0]",1,0,0,0
53158,"[20644, 1]",5,158,64,0
53159,"[20644, 2]",4,156,64,0
53160,"[20644, 3]",3,0,0,0
53161,"[20644, 4]",2,0,0,0
53162,"[20644, 5]",40,0,0,-1
53163,"[20644, 6]",37,0,0,0
53164,"[20644, 7]",82,41,18,0
53165,"[20644, 8]",70,2,1,-1
53166,"[20644, 9]",69,0,0,-1
53167,"[20644, 10]",65,0,0,-1
53168,"[20644, 11]",298,158,64,-1
53169,"[20644, 12]",248,158,64,-1
53170,"[20645, 0]",1,0,0,0
53171,"[20645, 1]",5,57,26,0
53172,"[20645, 2]",4,158,64,0
53173,"[20645, 3]",3,156,64,0
53174,"[20646, 0]",1,158,64,0
53175,"[20647, 0]",1,0,0,0
53176,"[20647, 1]",2,41,18,0
53177,"[20648, 0]",1,0,0,0
53178,"[20648, 1]",2,0,0,0
53179,"[20648, 2]",73,156,64,0
53180,"[20649, 0]",1,0,0,0
53181,"[20649, 1]",2,57,26,0
53182,"[20650, 0]",1,156,64,0
53183,"[20651, 0]",1,0,0,0
53184,"[20651, 1]",2,41,18,0
53185,"[20652, 0]",1,0,0,0
53186,"[20652, 1]",2,0,0,0
53187,"[20652, 2]",33,2,1,0
53188,"[20653, 0]",1,0,0,0
53189,"[20653, 1]",2,57,26,0
53190,"[20654, 0]",1,41,18,0
53191,"[20655, 0]",1,41,18,0
53192,"[20656, 0]",1,156,64,0
53193,"[20657, 0]",1,158,64,0
53194,"[20658, 0]",1,158,64,0
53195,"[20659, 0]",1,158,64,0
53196,"[20660, 0]",1,158,64,0
53197,"[20661, 0]",1,0,0,0
53198,"[20661, 1]",3,0,0,0
53199,"[20661, 2]",2,0,0,0
53200,"[20661, 3]",35,0,0,0
53201,"[20661, 4]",34,0,0,0
53202,"[20661, 5]",33,0,0,0
53203,"[20661, 6]",29,0,0,0
53204,"[20661, 7]",105,158,64,-1
53205,"[20661, 8]",87,0,0,-1
53206,"[20661, 9]",82,0,0,0
53207,"[20661, 10]",76,0,0,0
53208,"[20661, 11]",247,57,26,0
53209,"[20661, 12]",211,158,64,0
53210,"[20661, 13]",174,0,0,-1
53211,"[20661, 14]",344,0,0,-1
53212,"[20661, 15]",533,0,0,-1
53213,"[20661, 16]",673,2,1,-1
53214,"[20662, 0]",1,0,0,0
53215,"[20662, 1]",2,41,18,0
53216,"[20663, 0]",1,0,0,0
53217,"[20663, 1]",2,0,0,0
53218,"[20663, 2]",39,0,0,0
53219,"[20663, 3]",37,0,0,0
53220,"[20663, 4]",66,156,64,0
53221,"[20663, 5]",54,158,64,0
53222,"[20664, 0]",1,158,64,0
53223,"[20665, 0]",1,53,24,0
53224,"[20666, 0]",1,0,0,0
53225,"[20666, 1]",2,156,64,0
53226,"[20667, 0]",1,41,18,0
53227,"[20668, 0]",1,158,64,0
53228,"[20669, 0]",1,0,0,0
53229,"[20669, 1]",2,158,64,0
53230,"[20670, 0]",1,158,64,0
53231,"[20671, 0]",1,41,18,0
53232,"[20672, 0]",1,0,0,0
53233,"[20672, 1]",2,41,18,0
53234,"[20673, 0]",1,0,0,0
53235,"[20673, 1]",2,41,18,0
53236,"[20674, 0]",1,0,0,0
53237,"[20674, 1]",4,41,18,0
53238,"[20674, 2]",2,0,0,0
53239,"[20674, 3]",46,0,0,0
53240,"[20674, 4]",45,156,64,0
53241,"[20674, 5]",44,58,26,0
53242,"[20674, 6]",54,158,64,1
53243,"[20675, 0]",1,57,26,0
53244,"[20676, 0]",1,0,0,0
53245,"[20676, 1]",2,158,64,-1
53246,"[20677, 0]",1,0,0,0
53247,"[20677, 1]",2,158,64,0
53248,"[20678, 0]",1,158,64,0
53249,"[20679, 0]",1,41,18,0
53250,"[20680, 0]",1,0,0,0
53251,"[20680, 1]",2,64,29,0
53252,"[20681, 0]",1,57,26,0
53253,"[20682, 0]",1,53,24,0
53254,"[20683, 0]",1,0,0,0
53255,"[20683, 1]",2,156,64,0
53256,"[20684, 0]",1,0,0,1
53257,"[20684, 1]",2,158,64,0
53258,"[20685, 0]",1,2,1,0
53259,"[20686, 0]",1,59,28,0
53260,"[20687, 0]",1,0,0,0
53261,"[20687, 1]",2,0,0,-1
53262,"[20687, 2]",20,0,0,-1
53263,"[20688, 0]",1,0,0,0
53264,"[20688, 1]",6,41,18,0
53265,"[20688, 2]",5,0,0,0
53266,"[20688, 3]",2,0,0,0
53267,"[20688, 4]",30,0,0,1
53268,"[20688, 5]",12,41,18,0
53269,"[20688, 6]",39,158,64,0
53270,"[20689, 0]",1,158,64,0
53271,"[20690, 0]",1,0,0,0
53272,"[20690, 1]",2,57,26,0
53273,"[20691, 0]",1,0,0,0
53274,"[20691, 1]",2,2,1,0
53275,"[20692, 0]",1,0,0,0
53276,"[20692, 1]",7,158,64,0
53277,"[20692, 2]",6,2,1,0
53278,"[20692, 3]",3,0,0,0
53279,"[20692, 4]",2,0,0,0
53280,"[20692, 5]",61,158,64,0
53281,"[20692, 6]",59,0,0,0
53282,"[20692, 7]",55,0,0,0
53283,"[20692, 8]",51,0,0,0
53284,"[20692, 9]",140,158,64,0
53285,"[20692, 10]",118,0,0,-1
53286,"[20692, 11]",95,158,64,0
53287,"[20692, 12]",295,0,0,2
53288,"[20692, 13]",411,41,18,0
53289,"[20693, 0]",1,0,0,0
53290,"[20693, 1]",2,158,64,2
53291,"[20694, 0]",1,0,0,0
53292,"[20694, 1]",2,0,0,0
53293,"[20694, 2]",16,158,64,2
53294,"[20695, 0]",1,0,0,0
53295,"[20695, 1]",2,0,0,0
53296,"[20695, 2]",24,156,64,0
53297,"[20696, 0]",1,0,0,0
53298,"[20697, 0]",1,0,0,0
53299,"[20697, 1]",2,37,18,0
53300,"[20698, 0]",1,158,64,0
53301,"[20699, 0]",1,0,0,0
53302,"[20699, 1]",2,77,32,0
53303,"[20700, 0]",1,0,0,0
53304,"[20700, 1]",2,51,24,-1
53305,"[20701, 0]",1,57,26,0
53306,"[20702, 0]",1,0,0,0
53307,"[20702, 1]",2,0,0,0
53308,"[20702, 2]",34,0,0,0
53309,"[20702, 3]",75,158,64,0
53310,"[20703, 0]",1,158,64,0
53311,"[20704, 0]",1,0,0,0
53312,"[20704, 1]",3,158,64,0
53313,"[20704, 2]",2,158,64,0
53314,"[20705, 0]",1,158,64,0
53315,"[20706, 0]",1,2,1,0
53316,"[20707, 0]",1,57,26,0
53317,"[20708, 0]",1,0,0,0
53318,"[20708, 1]",2,0,0,0
53319,"[20708, 2]",20,41,18,0
53320,"[20709, 0]",1,41,18,0
53321,"[20710, 0]",1,158,64,1
53322,"[20711, 0]",1,2,1,0
53323,"[20712, 0]",1,158,64,0
53324,"[20713, 0]",1,0,0,0
53325,"[20713, 1]",2,158,64,0
53326,"[20714, 0]",1,158,64,0
53327,"[20715, 0]",1,0,0,0
53328,"[20715, 1]",2,158,64,0
53329,"[20716, 0]",1,54,24,0
53330,"[20717, 0]",1,158,64,0
53331,"[20718, 0]",1,41,18,0
53332,"[20719, 0]",1,2,1,0
53333,"[20720, 0]",1,158,64,0
53334,"[20721, 0]",1,41,18,1
53335,"[20722, 0]",1,57,26,0
53336,"[20723, 0]",1,0,0,0
53337,"[20723, 1]",2,158,64,0
53338,"[20724, 0]",1,57,26,0
53339,"[20725, 0]",1,54,24,0
53340,"[20726, 0]",1,0,0,0
53341,"[20726, 1]",3,0,0,0
53342,"[20726, 2]",2,0,0,0
53343,"[20726, 3]",42,0,0,0
53344,"[20726, 4]",41,0,0,0
53345,"[20726, 5]",39,41,18,0
53346,"[20726, 6]",37,41,18,0
53347,"[20726, 7]",36,0,0,0
53348,"[20726, 8]",102,0,0,0
53349,"[20726, 9]",85,2,1,0
53350,"[20726, 10]",84,0,0,0
53351,"[20726, 11]",82,0,0,0
53352,"[20726, 12]",78,0,0,0
53353,"[20726, 13]",245,41,18,0
53354,"[20726, 14]",224,158,64,1
53355,"[20726, 15]",222,0,0,2
53356,"[20726, 16]",221,0,0,1
53357,"[20726, 17]",214,158,64,0
53358,"[20726, 18]",125,158,64,-1
53359,"[20726, 19]",291,0,0,0
53360,"[20726, 20]",288,0,0,0
53361,"[20726, 21]",488,158,64,0
53362,"[20726, 22]",475,158,64,0
53363,"[20727, 0]",1,2,1,0
53364,"[20728, 0]",1,158,64,0
53365,"[20729, 0]",1,0,0,0
53366,"[20729, 1]",5,55,26,0
53367,"[20729, 2]",2,0,0,0
53368,"[20729, 3]",46,41,18,0
53369,"[20729, 4]",45,0,0,0
53370,"[20729, 5]",43,0,0,0
53371,"[20729, 6]",40,0,0,0
53372,"[20729, 7]",39,0,0,0
53373,"[20729, 8]",102,41,18,0
53374,"[20729, 9]",96,0,0,0
53375,"[20729, 10]",75,41,18,0
53376,"[20729, 11]",58,75,32,0
53377,"[20729, 12]",221,57,26,0
53378,"[20730, 0]",1,0,0,0
53379,"[20730, 1]",2,41,18,3
53380,"[20731, 0]",1,0,0,0
53381,"[20731, 1]",5,2,1,0
53382,"[20731, 2]",4,54,24,0
53383,"[20731, 3]",2,0,0,0
53384,"[20731, 4]",38,0,0,0
53385,"[20731, 5]",117,0,0,0
53386,"[20731, 6]",239,0,0,0
53387,"[20731, 7]",266,57,26,0
53388,"[20732, 0]",1,41,18,0
53389,"[20733, 0]",1,0,0,0
53390,"[20733, 1]",2,2,1,0
53391,"[20734, 0]",1,0,0,0
53392,"[20734, 1]",2,158,64,0
53393,"[20735, 0]",1,41,18,0
53394,"[20736, 0]",1,158,64,0
53395,"[20737, 0]",1,55,26,0
53396,"[20738, 0]",1,158,64,0
53397,"[20739, 0]",1,0,0,0
53398,"[20739, 1]",2,57,26,0
53399,"[20740, 0]",1,41,18,0
53400,"[20741, 0]",1,0,0,0
53401,"[20741, 1]",2,2,1,-1
53402,"[20742, 0]",1,158,64,0
53403,"[20743, 0]",1,0,0,0
53404,"[20743, 1]",2,0,0,0
53405,"[20743, 2]",79,158,64,0
53406,"[20744, 0]",1,158,64,0
53407,"[20745, 0]",1,158,64,0
53408,"[20746, 0]",1,0,0,0
53409,"[20746, 1]",2,0,0,0
53410,"[20746, 2]",17,158,64,-1
53411,"[20747, 0]",1,0,0,0
53412,"[20747, 1]",2,0,0,0
53413,"[20747, 2]",31,158,64,0
53414,"[20748, 0]",1,0,0,0
53415,"[20748, 1]",2,158,64,0
53416,"[20749, 0]",1,0,0,0
53417,"[20749, 1]",2,158,64,0
53418,"[20750, 0]",1,158,64,0
53419,"[20751, 0]",1,158,64,0
53420,"[20752, 0]",1,0,0,0
53421,"[20752, 1]",6,158,64,0
53422,"[20752, 2]",4,156,64,0
53423,"[20752, 3]",2,0,0,0
53424,"[20752, 4]",49,158,64,0
53425,"[20753, 0]",1,156,64,0
53426,"[20754, 0]",1,158,64,0
53427,"[20755, 0]",1,0,0,0
53428,"[20755, 1]",5,2,1,0
53429,"[20755, 2]",4,57,26,0
53430,"[20755, 3]",2,0,0,0
53431,"[20755, 4]",18,57,26,0
53432,"[20756, 0]",1,0,0,0
53433,"[20756, 1]",2,158,64,9
53434,"[20757, 0]",1,158,64,0
53435,"[20758, 0]",1,158,64,0
53436,"[20759, 0]",1,2,1,0
53437,"[20760, 0]",1,158,64,0
53438,"[20761, 0]",1,158,64,0
53439,"[20762, 0]",1,0,0,0
53440,"[20762, 1]",2,158,64,-1
53441,"[20763, 0]",1,0,0,0
53442,"[20763, 1]",2,156,64,0
53443,"[20764, 0]",1,0,0,0
53444,"[20764, 1]",2,158,64,0
53445,"[20765, 0]",1,0,0,0
53446,"[20765, 1]",6,158,64,0
53447,"[20765, 2]",5,0,0,0
53448,"[20765, 3]",2,0,0,0
53449,"[20765, 4]",60,0,0,0
53450,"[20765, 5]",38,57,26,0
53451,"[20765, 6]",82,0,0,0
53452,"[20765, 7]",233,51,24,0
53453,"[20766, 0]",1,0,0,0
53454,"[20766, 1]",2,0,0,0
53455,"[20766, 2]",21,158,64,0
53456,"[20767, 0]",1,158,64,0
53457,"[20768, 0]",1,0,0,0
53458,"[20768, 1]",2,57,26,0
53459,"[20769, 0]",1,0,0,0
53460,"[20769, 1]",2,41,18,0
53461,"[20770, 0]",1,158,64,0
53462,"[20771, 0]",1,0,0,0
53463,"[20771, 1]",2,0,0,0
53464,"[20771, 2]",24,158,64,0
53465,"[20772, 0]",1,158,64,0
53466,"[20773, 0]",1,158,64,0
53467,"[20774, 0]",1,57,26,0
53468,"[20775, 0]",1,41,18,0
53469,"[20776, 0]",1,0,0,0
53470,"[20776, 1]",3,0,0,0
53471,"[20776, 2]",2,0,0,0
53472,"[20776, 3]",12,158,64,0
53473,"[20776, 4]",8,158,64,0
53474,"[20777, 0]",1,0,0,0
53475,"[20777, 1]",2,0,0,0
53476,"[20777, 2]",39,158,64,0
53477,"[20777, 3]",37,0,0,0
53478,"[20777, 4]",35,0,0,0
53479,"[20777, 5]",106,0,0,0
53480,"[20777, 6]",87,158,64,0
53481,"[20777, 7]",153,41,18,0
53482,"[20778, 0]",1,158,64,0
53483,"[20779, 0]",1,158,64,0
53484,"[20780, 0]",1,41,18,0
53485,"[20781, 0]",1,158,64,0
53486,"[20782, 0]",1,0,0,0
53487,"[20782, 1]",3,0,0,0
53488,"[20782, 2]",2,2,1,0
53489,"[20782, 3]",30,158,64,0
53490,"[20783, 0]",1,0,0,0
53491,"[20783, 1]",2,41,18,0
53492,"[20784, 0]",1,156,64,0
53493,"[20785, 0]",1,57,26,0
53494,"[20786, 0]",1,2,1,0
53495,"[20787, 0]",1,0,0,0
53496,"[20787, 1]",8,0,0,0
53497,"[20787, 2]",5,0,0,0
53498,"[20787, 3]",4,0,0,0
53499,"[20787, 4]",3,0,0,0
53500,"[20787, 5]",2,0,0,0
53501,"[20787, 6]",49,0,0,0
53502,"[20787, 7]",45,0,0,0
53503,"[20787, 8]",41,0,0,0
53504,"[20787, 9]",34,0,0,0
53505,"[20787, 10]",19,158,64,0
53506,"[20787, 11]",175,41,18,0
53507,"[20787, 12]",142,158,64,0
53508,"[20787, 13]",124,41,18,0
53509,"[20787, 14]",108,0,0,0
53510,"[20787, 15]",290,158,64,0
53511,"[20788, 0]",1,0,0,0
53512,"[20788, 1]",3,41,18,0
53513,"[20788, 2]",2,158,64,0
53514,"[20789, 0]",1,0,0,0
53515,"[20789, 1]",2,158,64,0
53516,"[20790, 0]",1,55,26,0
53517,"[20791, 0]",1,41,18,0
53518,"[20792, 0]",1,0,0,0
53519,"[20792, 1]",2,0,0,0
53520,"[20792, 2]",52,57,26,0
53521,"[20793, 0]",1,0,0,0
53522,"[20793, 1]",2,158,64,0
53523,"[20794, 0]",1,0,0,0
53524,"[20794, 1]",2,0,0,0
53525,"[20794, 2]",31,0,0,0
53526,"[20794, 3]",99,158,64,0
53527,"[20795, 0]",1,0,0,0
53528,"[20795, 1]",3,0,0,0
53529,"[20795, 2]",13,37,18,0
53530,"[20796, 0]",1,158,64,0
53531,"[20797, 0]",1,0,0,0
53532,"[20797, 1]",2,57,26,0
53533,"[20798, 0]",1,156,64,0
53534,"[20799, 0]",1,0,0,0
53535,"[20799, 1]",2,156,64,0
53536,"[20800, 0]",1,58,26,0
53537,"[20801, 0]",1,0,0,0
53538,"[20801, 1]",2,158,64,0
53539,"[20802, 0]",1,0,0,0
53540,"[20802, 1]",2,158,64,0
53541,"[20803, 0]",1,156,64,0
53542,"[20804, 0]",1,0,0,0
53543,"[20804, 1]",2,158,64,0
53544,"[20805, 0]",1,0,0,0
53545,"[20805, 1]",3,0,0,0
53546,"[20805, 2]",2,0,0,0
53547,"[20805, 3]",45,158,64,0
53548,"[20805, 4]",42,57,26,0
53549,"[20806, 0]",1,158,64,0
53550,"[20807, 0]",1,0,0,0
53551,"[20807, 1]",2,158,64,-1
53552,"[20808, 0]",1,57,26,0
53553,"[20809, 0]",1,57,26,0
53554,"[20810, 0]",1,0,0,0
53555,"[20810, 1]",2,158,64,0
53556,"[20811, 0]",1,0,0,0
53557,"[20812, 0]",1,158,64,0
53558,"[20813, 0]",1,0,0,0
53559,"[20813, 1]",2,158,64,0
53560,"[20814, 0]",1,158,64,0
53561,"[20815, 0]",1,41,18,0
53562,"[20816, 0]",1,41,18,0
53563,"[20817, 0]",1,0,0,0
53564,"[20817, 1]",2,158,64,4
53565,"[20818, 0]",1,156,64,0
53566,"[20819, 0]",1,158,64,0
53567,"[20820, 0]",1,57,26,0
53568,"[20821, 0]",1,0,0,0
53569,"[20821, 1]",2,57,26,0
53570,"[20822, 0]",1,158,64,0
53571,"[20823, 0]",1,0,0,0
53572,"[20823, 1]",2,59,28,0
53573,"[20824, 0]",1,0,0,0
53574,"[20824, 1]",2,2,1,0
53575,"[20825, 0]",1,59,28,0
53576,"[20826, 0]",1,0,0,0
53577,"[20826, 1]",2,63,28,0
53578,"[20827, 0]",1,2,1,0
53579,"[20828, 0]",1,2,1,0
53580,"[20829, 0]",1,156,64,0
53581,"[20830, 0]",1,0,0,0
53582,"[20830, 1]",2,2,1,1
53583,"[20831, 0]",1,0,0,0
53584,"[20831, 1]",5,156,64,0
53585,"[20831, 2]",4,2,1,0
53586,"[20831, 3]",3,0,0,0
53587,"[20831, 4]",2,0,0,0
53588,"[20831, 5]",27,0,0,0
53589,"[20831, 6]",21,158,64,0
53590,"[20831, 7]",55,0,0,0
53591,"[20831, 8]",218,57,26,0
53592,"[20832, 0]",1,0,0,0
53593,"[20832, 1]",2,158,64,0
53594,"[20833, 0]",1,158,64,0
53595,"[20834, 0]",1,158,64,0
53596,"[20835, 0]",1,0,0,0
53597,"[20835, 1]",6,158,64,0
53598,"[20835, 2]",4,158,64,0
53599,"[20835, 3]",2,0,0,0
53600,"[20835, 4]",49,0,0,0
53601,"[20835, 5]",48,0,0,0
53602,"[20835, 6]",90,2,1,0
53603,"[20835, 7]",86,0,0,0
53604,"[20835, 8]",251,41,18,0
53605,"[20836, 0]",1,0,0,0
53606,"[20836, 1]",2,41,18,0
53607,"[20837, 0]",1,0,0,0
53608,"[20837, 1]",6,59,28,0
53609,"[20837, 2]",5,0,0,0
53610,"[20837, 3]",2,0,0,0
53611,"[20837, 4]",40,156,64,15
53612,"[20837, 5]",23,0,0,0
53613,"[20837, 6]",105,41,18,1
53614,"[20838, 0]",1,41,18,0
53615,"[20839, 0]",1,158,64,0
53616,"[20840, 0]",1,41,18,0
53617,"[20841, 0]",1,0,0,0
53618,"[20841, 1]",2,41,18,0
53619,"[20842, 0]",1,158,64,0
53620,"[20843, 0]",1,158,64,0
53621,"[20844, 0]",1,57,26,0
53622,"[20845, 0]",1,0,0,0
53623,"[20845, 1]",2,57,26,7
53624,"[20846, 0]",1,158,64,0
53625,"[20847, 0]",1,0,0,0
53626,"[20847, 1]",2,158,64,0
53627,"[20848, 0]",1,57,26,0
53628,"[20849, 0]",1,0,0,0
53629,"[20849, 1]",5,158,64,0
53630,"[20849, 2]",4,2,1,0
53631,"[20849, 3]",2,0,0,0
53632,"[20849, 4]",32,158,64,0
53633,"[20850, 0]",1,0,0,0
53634,"[20850, 1]",6,57,26,0
53635,"[20850, 2]",5,0,0,0
53636,"[20850, 3]",4,0,0,0
53637,"[20850, 4]",28,41,18,0
53638,"[20850, 5]",24,57,26,0
53639,"[20851, 0]",1,0,0,0
53640,"[20851, 1]",2,57,26,1
53641,"[20852, 0]",1,0,0,0
53642,"[20852, 1]",4,0,0,0
53643,"[20852, 2]",2,0,0,0
53644,"[20852, 3]",18,158,64,-1
53645,"[20852, 4]",13,2,1,-1
53646,"[20853, 0]",1,0,0,0
53647,"[20853, 1]",2,156,64,0
53648,"[20854, 0]",1,0,0,0
53649,"[20854, 1]",2,57,26,0
53650,"[20855, 0]",1,0,0,0
53651,"[20855, 1]",2,2,1,1
53652,"[20856, 0]",1,156,64,0
53653,"[20857, 0]",1,41,18,0
53654,"[20858, 0]",1,41,18,0
53655,"[20859, 0]",1,0,0,0
53656,"[20859, 1]",2,156,64,0
53657,"[20860, 0]",1,2,1,0
53658,"[20861, 0]",1,158,64,0
53659,"[20862, 0]",1,156,64,0
53660,"[20863, 0]",1,158,64,0
53661,"[20864, 0]",1,158,64,1
53662,"[20865, 0]",1,57,26,0
53663,"[20866, 0]",1,0,0,0
53664,"[20866, 1]",2,156,64,0
53665,"[20867, 0]",1,0,0,0
53666,"[20867, 1]",2,158,64,3
53667,"[20868, 0]",1,0,0,0
53668,"[20868, 1]",2,0,0,0
53669,"[20868, 2]",38,158,64,5
53670,"[20869, 0]",1,0,0,0
53671,"[20869, 1]",2,158,64,0
53672,"[20870, 0]",1,0,0,0
53673,"[20870, 1]",2,0,0,0
53674,"[20870, 2]",16,158,64,0
53675,"[20871, 0]",1,41,18,0
53676,"[20872, 0]",1,0,0,0
53677,"[20872, 1]",2,156,64,1
53678,"[20873, 0]",1,0,0,0
53679,"[20873, 1]",2,0,0,1
53680,"[20873, 2]",13,158,64,0
53681,"[20874, 0]",1,0,0,0
53682,"[20874, 1]",6,158,64,0
53683,"[20874, 2]",5,0,0,0
53684,"[20874, 3]",2,0,0,0
53685,"[20874, 4]",52,158,64,0
53686,"[20874, 5]",51,41,18,0
53687,"[20874, 6]",50,41,18,0
53688,"[20874, 7]",19,0,0,0
53689,"[20874, 8]",99,158,64,0
53690,"[20875, 0]",1,54,24,0
53691,"[20876, 0]",1,0,0,0
53692,"[20876, 1]",2,156,64,0
53693,"[20877, 0]",1,0,0,0
53694,"[20877, 1]",2,0,0,0
53695,"[20877, 2]",21,156,64,0
53696,"[20878, 0]",1,41,18,1
53697,"[20879, 0]",1,57,26,0
53698,"[20880, 0]",1,0,0,0
53699,"[20880, 1]",2,158,64,0
53700,"[20881, 0]",1,0,0,0
53701,"[20881, 1]",2,57,26,0
53702,"[20882, 0]",1,0,0,0
53703,"[20882, 1]",2,158,64,-1
53704,"[20883, 0]",1,0,0,0
53705,"[20883, 1]",2,41,18,0
53706,"[20884, 0]",1,41,18,0
53707,"[20885, 0]",1,0,0,0
53708,"[20885, 1]",2,41,18,0
53709,"[20886, 0]",1,41,18,0
53710,"[20887, 0]",1,0,0,0
53711,"[20887, 1]",2,158,64,0
53712,"[20888, 0]",1,54,24,0
53713,"[20889, 0]",1,0,0,0
53714,"[20889, 1]",5,2,1,0
53715,"[20889, 2]",4,2,1,0
53716,"[20889, 3]",2,0,0,0
53717,"[20889, 4]",29,0,0,0
53718,"[20889, 5]",39,41,18,12
53719,"[20890, 0]",1,0,0,0
53720,"[20890, 1]",2,41,18,0
53721,"[20891, 0]",1,0,0,0
53722,"[20891, 1]",2,57,26,-1
53723,"[20892, 0]",1,158,64,0
53724,"[20893, 0]",1,0,0,0
53725,"[20893, 1]",2,41,18,0
53726,"[20894, 0]",1,156,64,0
53727,"[20895, 0]",1,158,64,0
53728,"[20896, 0]",1,158,64,0
53729,"[20897, 0]",1,51,24,0
53730,"[20898, 0]",1,158,64,0
53731,"[20899, 0]",1,53,24,1
53732,"[20900, 0]",1,0,0,0
53733,"[20900, 1]",9,57,26,0
53734,"[20900, 2]",8,158,64,0
53735,"[20900, 3]",5,0,0,0
53736,"[20900, 4]",4,0,0,0
53737,"[20900, 5]",3,0,0,0
53738,"[20900, 6]",44,158,64,0
53739,"[20900, 7]",43,2,1,0
53740,"[20900, 8]",36,158,64,0
53741,"[20900, 9]",31,158,64,0
53742,"[20901, 0]",1,0,0,0
53743,"[20901, 1]",2,158,64,-1
53744,"[20902, 0]",1,0,0,0
53745,"[20902, 1]",2,0,0,0
53746,"[20902, 2]",28,41,18,0
53747,"[20903, 0]",1,0,0,0
53748,"[20903, 1]",6,41,18,0
53749,"[20903, 2]",2,0,0,0
53750,"[20903, 3]",48,156,64,0
53751,"[20904, 0]",1,158,64,0
53752,"[20905, 0]",1,158,64,0
53753,"[20906, 0]",1,156,64,0
53754,"[20907, 0]",1,158,64,0
53755,"[20908, 0]",1,0,0,0
53756,"[20908, 1]",2,0,0,0
53757,"[20908, 2]",64,57,26,0
53758,"[20909, 0]",1,0,0,0
53759,"[20909, 1]",2,156,64,0
53760,"[20910, 0]",1,57,26,0
53761,"[20911, 0]",1,0,0,0
53762,"[20911, 1]",2,2,1,11
53763,"[20912, 0]",1,51,24,0
53764,"[20913, 0]",1,0,0,0
53765,"[20913, 1]",2,57,26,0
53766,"[20914, 0]",1,0,0,0
53767,"[20914, 1]",2,0,0,0
53768,"[20914, 2]",34,41,18,0
53769,"[20915, 0]",1,0,0,0
53770,"[20915, 1]",2,156,64,0
53771,"[20916, 0]",1,0,0,0
53772,"[20916, 1]",2,0,0,0
53773,"[20916, 2]",39,158,64,0
53774,"[20917, 0]",1,2,1,1
53775,"[20918, 0]",1,0,0,1
53776,"[20918, 1]",2,2,1,0
53777,"[20919, 0]",1,158,64,0
53778,"[20920, 0]",1,0,0,0
53779,"[20920, 1]",2,2,1,0
53780,"[20921, 0]",1,158,64,0
53781,"[20922, 0]",1,0,0,0
53782,"[20922, 1]",2,53,24,0
53783,"[20923, 0]",1,0,0,0
53784,"[20923, 1]",2,158,64,0
53785,"[20924, 0]",1,61,28,0
53786,"[20925, 0]",1,158,64,0
53787,"[20926, 0]",1,156,64,0
53788,"[20927, 0]",1,158,64,0
53789,"[20928, 0]",1,158,64,1
53790,"[20929, 0]",1,158,64,0
53791,"[20930, 0]",1,54,24,0
53792,"[20931, 0]",1,158,64,0
53793,"[20932, 0]",1,0,0,0
53794,"[20932, 1]",2,158,64,0
53795,"[20933, 0]",1,158,64,0
53796,"[20934, 0]",1,158,64,0
53797,"[20935, 0]",1,0,0,0
53798,"[20935, 1]",2,63,28,0
53799,"[20936, 0]",1,0,0,0
53800,"[20936, 1]",2,0,0,0
53801,"[20936, 2]",42,41,18,0
53802,"[20937, 0]",1,0,0,0
53803,"[20937, 1]",2,57,26,-1
53804,"[20938, 0]",1,0,0,0
53805,"[20938, 1]",2,41,18,0
53806,"[20939, 0]",1,156,64,0
53807,"[20940, 0]",1,0,0,0
53808,"[20940, 1]",2,0,0,0
53809,"[20940, 2]",15,0,0,0
53810,"[20940, 3]",30,158,64,0
53811,"[20941, 0]",1,0,0,0
53812,"[20941, 1]",2,158,64,0
53813,"[20942, 0]",1,41,18,1
53814,"[20943, 0]",1,158,64,0
53815,"[20944, 0]",1,158,64,0
53816,"[20945, 0]",1,0,0,0
53817,"[20945, 1]",2,0,0,0
53818,"[20945, 2]",15,0,0,0
53819,"[20945, 3]",53,57,26,0
53820,"[20946, 0]",1,0,0,0
53821,"[20946, 1]",2,158,64,0
53822,"[20947, 0]",1,0,0,1
53823,"[20947, 1]",2,158,64,0
53824,"[20948, 0]",1,0,0,0
53825,"[20948, 1]",3,158,64,0
53826,"[20948, 2]",2,53,24,0
53827,"[20949, 0]",1,158,64,0
53828,"[20950, 0]",1,0,0,0
53829,"[20950, 1]",2,158,64,0
53830,"[20951, 0]",1,158,64,0
53831,"[20952, 0]",1,158,64,0
53832,"[20953, 0]",1,156,64,1
53833,"[20954, 0]",1,0,0,0
53834,"[20954, 1]",2,0,0,0
53835,"[20954, 2]",25,158,64,1
53836,"[20954, 3]",23,0,0,-1
53837,"[20954, 4]",72,158,64,-1
53838,"[20955, 0]",1,158,64,0
53839,"[20956, 0]",1,0,0,0
53840,"[20956, 1]",2,158,64,11
53841,"[20957, 0]",1,0,0,0
53842,"[20957, 1]",3,158,64,0
53843,"[20957, 2]",2,0,0,0
53844,"[20957, 3]",43,158,64,-1
53845,"[20957, 4]",42,0,0,-1
53846,"[20957, 5]",40,0,0,-1
53847,"[20957, 6]",82,2,1,4
53848,"[20957, 7]",68,158,64,-1
53849,"[20958, 0]",1,0,0,0
53850,"[20958, 1]",2,41,18,0
53851,"[20959, 0]",1,0,0,0
53852,"[20959, 1]",4,158,64,0
53853,"[20959, 2]",3,0,0,0
53854,"[20959, 3]",22,41,18,0
53855,"[20960, 0]",1,158,64,0
53856,"[20961, 0]",1,0,0,0
53857,"[20961, 1]",2,158,64,0
53858,"[20962, 0]",1,156,64,0
53859,"[20963, 0]",1,61,28,0
53860,"[20964, 0]",1,0,0,0
53861,"[20964, 1]",6,0,0,0
53862,"[20964, 2]",3,0,0,0
53863,"[20964, 3]",2,0,0,0
53864,"[20964, 4]",50,0,0,0
53865,"[20964, 5]",46,57,26,0
53866,"[20964, 6]",45,0,0,0
53867,"[20964, 7]",31,156,64,0
53868,"[20964, 8]",124,57,26,0
53869,"[20964, 9]",77,0,0,0
53870,"[20964, 10]",273,41,18,0
53871,"[20965, 0]",1,59,28,0
53872,"[20966, 0]",1,156,64,0
53873,"[20967, 0]",1,0,0,0
53874,"[20967, 1]",2,41,18,0
53875,"[20968, 0]",1,58,26,0
53876,"[20969, 0]",1,57,26,0
53877,"[20970, 0]",1,0,0,0
53878,"[20970, 1]",2,0,0,0
53879,"[20970, 2]",23,0,0,0
53880,"[20970, 3]",37,158,64,0
53881,"[20971, 0]",1,156,64,0
53882,"[20972, 0]",1,158,64,0
53883,"[20973, 0]",1,158,64,0
53884,"[20974, 0]",1,0,0,0
53885,"[20974, 1]",2,54,24,-1
53886,"[20975, 0]",1,0,0,0
53887,"[20975, 1]",6,57,26,0
53888,"[20975, 2]",4,0,0,0
53889,"[20975, 3]",2,0,0,0
53890,"[20975, 4]",46,57,26,0
53891,"[20975, 5]",34,158,64,0
53892,"[20976, 0]",1,158,64,0
53893,"[20977, 0]",1,53,24,0
53894,"[20978, 0]",1,0,0,0
53895,"[20978, 1]",2,0,0,0
53896,"[20978, 2]",17,158,64,0
53897,"[20979, 0]",1,41,18,0
53898,"[20980, 0]",1,0,0,0
53899,"[20980, 1]",2,0,0,0
53900,"[20980, 2]",16,59,28,0
53901,"[20981, 0]",1,158,64,0
53902,"[20982, 0]",1,57,26,0
53903,"[20983, 0]",1,0,0,0
53904,"[20983, 1]",2,156,64,0
53905,"[20984, 0]",1,2,1,0
53906,"[20985, 0]",1,0,0,0
53907,"[20985, 1]",2,158,64,-1
53908,"[20986, 0]",1,61,28,0
53909,"[20987, 0]",1,0,0,0
53910,"[20987, 1]",2,54,24,0
53911,"[20988, 0]",1,0,0,0
53912,"[20988, 1]",2,0,0,0
53913,"[20988, 2]",72,0,0,0
53914,"[20988, 3]",106,41,18,0
53915,"[20989, 0]",1,0,0,0
53916,"[20989, 1]",2,158,64,-1
53917,"[20990, 0]",1,0,0,0
53918,"[20990, 1]",2,158,64,4
53919,"[20991, 0]",1,0,0,0
53920,"[20991, 1]",4,158,64,0
53921,"[20991, 2]",2,0,0,0
53922,"[20991, 3]",32,0,0,0
53923,"[20991, 4]",58,158,64,0
53924,"[20992, 0]",1,0,0,0
53925,"[20992, 1]",2,158,64,0
53926,"[20993, 0]",1,0,0,0
53927,"[20993, 1]",2,0,0,0
53928,"[20993, 2]",27,158,64,-1
53929,"[20994, 0]",1,41,18,0
53930,"[20995, 0]",1,0,0,0
53931,"[20995, 1]",2,156,64,0
53932,"[20996, 0]",1,0,0,0
53933,"[20996, 1]",2,0,0,0
53934,"[20996, 2]",29,55,26,0
53935,"[20997, 0]",1,0,0,0
53936,"[20997, 1]",2,2,1,-1
53937,"[20998, 0]",1,0,0,0
53938,"[20998, 1]",2,41,18,0
53939,"[20999, 0]",1,0,0,0
53940,"[20999, 1]",2,0,0,0
53941,"[20999, 2]",9,2,1,0
53942,"[20999, 3]",7,0,0,0
53943,"[20999, 4]",28,0,0,0
53944,"[20999, 5]",59,158,64,1
53945,"[21000, 0]",1,0,0,0
53946,"[21000, 1]",6,158,64,0
53947,"[21000, 2]",5,41,18,0
53948,"[21000, 3]",4,158,64,0
53949,"[21000, 4]",2,0,0,0
53950,"[21000, 5]",42,0,0,0
53951,"[21000, 6]",56,156,64,0
53952,"[21001, 0]",1,0,0,0
53953,"[21001, 1]",2,156,64,0
53954,"[21002, 0]",1,0,0,1
53955,"[21002, 1]",2,57,26,0
53956,"[21003, 0]",1,0,0,0
53957,"[21003, 1]",5,158,64,0
53958,"[21003, 2]",3,0,0,0
53959,"[21003, 3]",2,0,0,0
53960,"[21003, 4]",30,0,0,0
53961,"[21003, 5]",23,0,0,0
53962,"[21003, 6]",128,2,1,0
53963,"[21003, 7]",80,156,64,0
53964,"[21003, 8]",79,0,0,0
53965,"[21003, 9]",78,0,0,0
53966,"[21003, 10]",172,0,0,0
53967,"[21003, 11]",168,0,0,0
53968,"[21003, 12]",210,158,64,0
53969,"[21003, 13]",199,0,0,0
53970,"[21003, 14]",346,158,64,0
53971,"[21004, 0]",1,0,0,0
53972,"[21004, 1]",2,0,0,0
53973,"[21004, 2]",38,156,64,0
53974,"[21005, 0]",1,158,64,0
53975,"[21006, 0]",1,158,64,0
53976,"[21007, 0]",1,0,0,0
53977,"[21007, 1]",3,158,64,0
53978,"[21007, 2]",2,0,0,0
53979,"[21007, 3]",37,156,64,-1
53980,"[21008, 0]",1,158,64,0
53981,"[21009, 0]",1,41,18,0
53982,"[21010, 0]",1,158,64,0
53983,"[21011, 0]",1,158,64,0
53984,"[21012, 0]",1,41,18,0
53985,"[21013, 0]",1,0,0,0
53986,"[21013, 1]",2,0,0,0
53987,"[21013, 2]",15,158,64,-1
53988,"[21014, 0]",1,158,64,0
53989,"[21015, 0]",1,0,0,0
53990,"[21015, 1]",2,0,0,0
53991,"[21015, 2]",16,158,64,0
53992,"[21016, 0]",1,0,0,0
53993,"[21016, 1]",2,0,0,0
53994,"[21016, 2]",76,156,64,0
53995,"[21017, 0]",1,158,64,0
53996,"[21018, 0]",1,0,0,0
53997,"[21018, 1]",2,158,64,-1
53998,"[21019, 0]",1,156,64,0
53999,"[21020, 0]",1,158,64,0
54000,"[21021, 0]",1,158,64,0
54001,"[21022, 0]",1,158,64,0
54002,"[21023, 0]",1,2,1,0
54003,"[21024, 0]",1,0,0,0
54004,"[21024, 1]",4,41,18,0
54005,"[21024, 2]",2,0,0,0
54006,"[21024, 3]",40,54,24,0
54007,"[21024, 4]",38,156,64,0
54008,"[21024, 5]",36,0,0,0
54009,"[21024, 6]",81,41,18,0
54010,"[21025, 0]",1,41,18,0
54011,"[21026, 0]",1,158,64,0
54012,"[21027, 0]",1,0,0,0
54013,"[21027, 1]",2,51,24,0
54014,"[21028, 0]",1,53,24,0
54015,"[21029, 0]",1,0,0,0
54016,"[21029, 1]",2,0,0,0
54017,"[21029, 2]",50,41,18,0
54018,"[21030, 0]",1,0,0,0
54019,"[21030, 1]",2,54,24,0
54020,"[21031, 0]",1,158,64,0
54021,"[21032, 0]",1,0,0,0
54022,"[21032, 1]",2,55,26,24
54023,"[21033, 0]",1,0,0,0
54024,"[21033, 1]",2,0,0,0
54025,"[21033, 2]",49,158,64,-1
54026,"[21034, 0]",1,0,0,0
54027,"[21034, 1]",3,2,1,0
54028,"[21034, 2]",2,41,18,0
54029,"[21035, 0]",1,41,18,0
54030,"[21036, 0]",1,2,1,0
54031,"[21037, 0]",1,158,64,0
54032,"[21038, 0]",1,57,26,0
54033,"[21039, 0]",1,0,0,0
54034,"[21039, 1]",2,158,64,0
54035,"[21040, 0]",1,158,64,0
54036,"[21041, 0]",1,0,0,0
54037,"[21041, 1]",2,0,0,0
54038,"[21041, 2]",30,158,64,0
54039,"[21042, 0]",1,41,18,0
54040,"[21043, 0]",1,158,64,1
54041,"[21044, 0]",1,0,0,0
54042,"[21044, 1]",6,59,28,0
54043,"[21044, 2]",2,0,0,0
54044,"[21044, 3]",48,158,64,0
54045,"[21045, 0]",1,158,64,1
54046,"[21046, 0]",1,0,0,0
54047,"[21046, 1]",2,158,64,0
54048,"[21047, 0]",1,0,0,0
54049,"[21047, 1]",2,158,64,0
54050,"[21048, 0]",1,0,0,0
54051,"[21048, 1]",2,0,0,0
54052,"[21048, 2]",26,158,64,0
54053,"[21048, 3]",24,41,18,0
54054,"[21048, 4]",23,0,0,0
54055,"[21048, 5]",46,0,0,0
54056,"[21048, 6]",73,158,64,0
54057,"[21049, 0]",1,158,64,0
54058,"[21050, 0]",1,0,0,0
54059,"[21050, 1]",4,156,64,-1
54060,"[21050, 2]",3,156,64,-1
54061,"[21050, 3]",2,0,0,-1
54062,"[21050, 4]",69,158,64,-1
54063,"[21050, 5]",68,0,0,-1
54064,"[21050, 6]",118,158,64,-1
54065,"[21051, 0]",1,0,0,0
54066,"[21051, 1]",2,41,18,0
54067,"[21052, 0]",1,0,0,0
54068,"[21052, 1]",2,158,64,0
54069,"[21053, 0]",1,0,0,0
54070,"[21053, 1]",2,0,0,0
54071,"[21053, 2]",18,41,18,0
54072,"[21054, 0]",1,2,1,0
54073,"[21055, 0]",1,158,64,0
54074,"[21056, 0]",1,41,18,0
54075,"[21057, 0]",1,0,0,0
54076,"[21057, 1]",2,0,0,0
54077,"[21057, 2]",31,41,18,0
54078,"[21058, 0]",1,158,64,0
54079,"[21059, 0]",1,0,0,0
54080,"[21059, 1]",7,0,0,0
54081,"[21059, 2]",6,0,0,0
54082,"[21059, 3]",5,0,0,0
54083,"[21059, 4]",3,0,0,0
54084,"[21059, 5]",39,0,0,0
54085,"[21059, 6]",35,41,18,0
54086,"[21059, 7]",32,0,0,0
54087,"[21059, 8]",29,0,0,0
54088,"[21059, 9]",125,57,26,2
54089,"[21059, 10]",104,41,18,0
54090,"[21059, 11]",60,156,64,0
54091,"[21060, 0]",1,0,0,0
54092,"[21060, 1]",4,0,0,1
54093,"[21060, 2]",3,0,0,-1
54094,"[21060, 3]",66,156,64,4
54095,"[21060, 4]",64,0,0,-1
54096,"[21060, 5]",61,0,0,-1
54097,"[21060, 6]",60,0,0,-1
54098,"[21060, 7]",120,0,0,-1
54099,"[21060, 8]",114,156,64,-1
54100,"[21060, 9]",104,158,64,-1
54101,"[21060, 10]",214,57,26,1
54102,"[21061, 0]",1,158,64,0
54103,"[21062, 0]",1,158,64,0
54104,"[21063, 0]",1,0,0,0
54105,"[21063, 1]",2,41,18,0
54106,"[21064, 0]",1,0,0,0
54107,"[21064, 1]",2,0,0,0
54108,"[21064, 2]",11,158,64,0
54109,"[21065, 0]",1,57,26,0
54110,"[21066, 0]",1,0,0,0
54111,"[21066, 1]",2,158,64,0
54112,"[21067, 0]",1,0,0,0
54113,"[21067, 1]",2,0,0,0
54114,"[21067, 2]",32,2,1,15
54115,"[21068, 0]",1,0,0,0
54116,"[21068, 1]",2,2,1,0
54117,"[21069, 0]",1,0,0,0
54118,"[21069, 1]",2,158,64,0
54119,"[21070, 0]",1,0,0,0
54120,"[21070, 1]",2,158,64,0
54121,"[21071, 0]",1,0,0,1
54122,"[21071, 1]",3,0,0,0
54123,"[21071, 2]",2,0,0,0
54124,"[21071, 3]",40,158,64,0
54125,"[21071, 4]",39,158,64,0
54126,"[21071, 5]",37,0,0,0
54127,"[21071, 6]",31,0,0,-1
54128,"[21071, 7]",59,158,64,0
54129,"[21072, 0]",1,158,64,0
54130,"[21073, 0]",1,2,1,0
54131,"[21074, 0]",1,0,0,0
54132,"[21074, 1]",4,158,64,0
54133,"[21074, 2]",3,41,18,0
54134,"[21074, 3]",2,0,0,0
54135,"[21074, 4]",27,0,0,0
54136,"[21074, 5]",94,41,18,0
54137,"[21075, 0]",1,0,0,0
54138,"[21075, 1]",2,0,0,0
54139,"[21075, 2]",67,2,1,0
54140,"[21076, 0]",1,0,0,0
54141,"[21076, 1]",2,0,0,0
54142,"[21076, 2]",43,158,64,0
54143,"[21076, 3]",42,0,0,0
54144,"[21076, 4]",84,2,1,0
54145,"[21077, 0]",1,57,26,0
54146,"[21078, 0]",1,2,1,0
54147,"[21079, 0]",1,0,0,0
54148,"[21079, 1]",2,158,64,0
54149,"[21080, 0]",1,158,64,0
54150,"[21081, 0]",1,0,0,0
54151,"[21081, 1]",2,158,64,0
54152,"[21082, 0]",1,0,0,0
54153,"[21082, 1]",2,0,0,0
54154,"[21082, 2]",38,0,0,0
54155,"[21082, 3]",107,57,26,0
54156,"[21083, 0]",1,0,0,1
54157,"[21083, 1]",6,41,18,0
54158,"[21083, 2]",4,0,0,0
54159,"[21083, 3]",2,0,0,0
54160,"[21083, 4]",39,41,18,0
54161,"[21083, 5]",38,57,26,0
54162,"[21083, 6]",36,0,0,0
54163,"[21083, 7]",35,0,0,0
54164,"[21083, 8]",21,41,18,0
54165,"[21083, 9]",105,37,18,0
54166,"[21083, 10]",104,158,64,0
54167,"[21083, 11]",98,158,64,0
54168,"[21084, 0]",1,0,0,0
54169,"[21084, 1]",5,0,0,0
54170,"[21084, 2]",3,0,0,0
54171,"[21084, 3]",2,0,0,0
54172,"[21084, 4]",61,0,0,0
54173,"[21084, 5]",57,0,0,0
54174,"[21084, 6]",37,41,18,0
54175,"[21084, 7]",161,41,18,0
54176,"[21084, 8]",134,158,64,0
54177,"[21085, 0]",1,0,0,1
54178,"[21085, 1]",2,59,28,3
54179,"[21086, 0]",1,2,1,0
54180,"[21087, 0]",1,57,26,0
54181,"[21088, 0]",1,57,26,0
54182,"[21089, 0]",1,158,64,0
54183,"[21090, 0]",1,0,0,0
54184,"[21090, 1]",2,156,64,-1
54185,"[21091, 0]",1,158,64,0
54186,"[21092, 0]",1,158,64,0
54187,"[21093, 0]",1,158,64,0
54188,"[21094, 0]",1,0,0,0
54189,"[21094, 1]",2,158,64,0
54190,"[21095, 0]",1,158,64,0
54191,"[21096, 0]",1,57,26,0
54192,"[21097, 0]",1,158,64,0
54193,"[21098, 0]",1,57,26,0
54194,"[21099, 0]",1,0,0,0
54195,"[21099, 1]",2,2,1,0
54196,"[21100, 0]",1,41,18,0
54197,"[21101, 0]",1,0,0,0
54198,"[21102, 0]",1,0,0,0
54199,"[21102, 1]",5,158,64,0
54200,"[21102, 2]",2,0,0,0
54201,"[21102, 3]",38,57,26,0
54202,"[21102, 4]",37,158,64,0
54203,"[21103, 0]",1,0,0,0
54204,"[21103, 1]",2,156,64,0
54205,"[21104, 0]",1,158,64,0
54206,"[21105, 0]",1,0,0,0
54207,"[21105, 1]",4,156,64,0
54208,"[21105, 2]",3,0,0,0
54209,"[21105, 3]",2,0,0,0
54210,"[21105, 4]",15,0,0,0
54211,"[21105, 5]",9,158,64,0
54212,"[21105, 6]",38,0,0,0
54213,"[21105, 7]",153,57,26,0
54214,"[21106, 0]",1,41,18,0
54215,"[21107, 0]",1,41,18,0
54216,"[21108, 0]",1,2,1,0
54217,"[21109, 0]",1,0,0,0
54218,"[21109, 1]",2,156,64,0
54219,"[21110, 0]",1,0,0,0
54220,"[21110, 1]",2,158,64,1
54221,"[21111, 0]",1,51,24,0
54222,"[21112, 0]",1,0,0,0
54223,"[21112, 1]",2,0,0,0
54224,"[21112, 2]",25,0,0,0
54225,"[21112, 3]",43,41,18,14
54226,"[21113, 0]",1,0,0,0
54227,"[21113, 1]",2,156,64,0
54228,"[21114, 0]",1,0,0,0
54229,"[21114, 1]",2,158,64,0
54230,"[21115, 0]",1,0,0,0
54231,"[21115, 1]",2,0,0,0
54232,"[21115, 2]",10,158,64,0
54233,"[21116, 0]",1,0,0,0
54234,"[21116, 1]",2,0,0,0
54235,"[21116, 2]",40,2,1,0
54236,"[21116, 3]",39,41,18,0
54237,"[21117, 0]",1,158,64,0
54238,"[21118, 0]",1,0,0,0
54239,"[21118, 1]",2,41,18,0
54240,"[21119, 0]",1,0,0,0
54241,"[21119, 1]",2,0,0,0
54242,"[21119, 2]",13,158,64,0
54243,"[21120, 0]",1,0,0,0
54244,"[21120, 1]",2,59,28,0
54245,"[21121, 0]",1,41,18,0
54246,"[21122, 0]",1,156,64,0
54247,"[21123, 0]",1,57,26,0
54248,"[21124, 0]",1,0,0,0
54249,"[21124, 1]",2,0,0,0
54250,"[21124, 2]",32,158,64,0
54251,"[21125, 0]",1,0,0,0
54252,"[21125, 1]",2,0,0,0
54253,"[21125, 2]",75,41,18,0
54254,"[21126, 0]",1,0,0,0
54255,"[21126, 1]",2,0,0,0
54256,"[21126, 2]",24,0,0,0
54257,"[21126, 3]",29,0,0,0
54258,"[21126, 4]",47,158,64,6
54259,"[21127, 0]",1,158,64,3
54260,"[21128, 0]",1,0,0,0
54261,"[21128, 1]",7,158,64,0
54262,"[21128, 2]",6,0,0,0
54263,"[21128, 3]",4,0,0,0
54264,"[21128, 4]",3,0,0,0
54265,"[21128, 5]",38,2,1,-1
54266,"[21128, 6]",33,158,64,0
54267,"[21128, 7]",28,54,24,0
54268,"[21129, 0]",1,53,24,0
54269,"[21130, 0]",1,156,64,0
54270,"[21131, 0]",1,0,0,0
54271,"[21131, 1]",2,158,64,0
54272,"[21132, 0]",1,0,0,0
54273,"[21132, 1]",2,0,0,0
54274,"[21132, 2]",43,158,64,0
54275,"[21133, 0]",1,0,0,0
54276,"[21133, 1]",2,158,64,0
54277,"[21134, 0]",1,0,0,0
54278,"[21134, 1]",2,0,0,0
54279,"[21134, 2]",35,158,64,1
54280,"[21135, 0]",1,156,64,0
54281,"[21136, 0]",1,2,1,0
54282,"[21137, 0]",1,158,64,0
54283,"[21138, 0]",1,158,64,0
54284,"[21139, 0]",1,41,18,0
54285,"[21140, 0]",1,0,0,0
54286,"[21140, 1]",2,41,18,3
54287,"[21141, 0]",1,0,0,0
54288,"[21141, 1]",2,0,0,0
54289,"[21141, 2]",40,41,18,0
54290,"[21142, 0]",1,0,0,0
54291,"[21142, 1]",5,41,18,0
54292,"[21142, 2]",4,156,64,0
54293,"[21142, 3]",3,0,0,0
54294,"[21142, 4]",2,0,0,0
54295,"[21142, 5]",36,0,0,0
54296,"[21142, 6]",31,57,26,0
54297,"[21142, 7]",54,41,18,0
54298,"[21143, 0]",1,0,0,0
54299,"[21143, 1]",2,41,18,0
54300,"[21144, 0]",1,158,64,0
54301,"[21145, 0]",1,0,0,0
54302,"[21145, 1]",2,158,64,0
54303,"[21146, 0]",1,158,64,0
54304,"[21147, 0]",1,158,64,0
54305,"[21148, 0]",1,158,64,0
54306,"[21149, 0]",1,0,0,0
54307,"[21149, 1]",2,41,18,0
54308,"[21150, 0]",1,158,64,0
54309,"[21151, 0]",1,0,0,0
54310,"[21151, 1]",2,53,24,0
54311,"[21152, 0]",1,0,0,0
54312,"[21152, 1]",8,57,26,0
54313,"[21152, 2]",5,0,0,0
54314,"[21152, 3]",4,0,0,0
54315,"[21152, 4]",3,0,0,0
54316,"[21152, 5]",2,0,0,0
54317,"[21152, 6]",47,2,1,0
54318,"[21152, 7]",45,0,0,0
54319,"[21152, 8]",44,0,0,0
54320,"[21152, 9]",40,0,0,0
54321,"[21152, 10]",39,0,0,0
54322,"[21152, 11]",31,0,0,0
54323,"[21152, 12]",27,158,64,0
54324,"[21152, 13]",160,158,64,0
54325,"[21152, 14]",104,41,18,0
54326,"[21152, 15]",103,0,0,0
54327,"[21152, 16]",102,0,0,0
54328,"[21152, 17]",100,0,0,0
54329,"[21152, 18]",96,0,0,0
54330,"[21152, 19]",95,0,0,0
54331,"[21152, 20]",80,0,0,-1
54332,"[21152, 21]",78,158,64,-1
54333,"[21152, 22]",72,0,0,-1
54334,"[21152, 23]",71,0,0,-1
54335,"[21152, 24]",373,0,0,-1
54336,"[21152, 25]",367,0,0,3
54337,"[21152, 26]",341,156,64,-1
54338,"[21152, 27]",315,158,64,0
54339,"[21152, 28]",312,0,0,0
54340,"[21152, 29]",287,0,0,0
54341,"[21152, 30]",281,158,64,0
54342,"[21152, 31]",278,158,64,0
54343,"[21152, 32]",636,0,0,0
54344,"[21152, 33]",625,0,0,0
54345,"[21152, 34]",408,158,64,1
54346,"[21152, 35]",913,2,1,0
54347,"[21152, 36]",899,158,64,5
54348,"[21153, 0]",1,158,64,1
54349,"[21154, 0]",1,0,0,0
54350,"[21154, 1]",2,2,1,0
54351,"[21155, 0]",1,158,64,0
54352,"[21156, 0]",1,0,0,0
54353,"[21156, 1]",2,158,64,7
54354,"[21157, 0]",1,0,0,0
54355,"[21157, 1]",2,41,18,0
54356,"[21158, 0]",1,41,18,0
54357,"[21159, 0]",1,158,64,0
54358,"[21160, 0]",1,0,0,0
54359,"[21160, 1]",2,158,64,0
54360,"[21161, 0]",1,2,1,0
54361,"[21162, 0]",1,0,0,0
54362,"[21162, 1]",2,53,24,3
54363,"[21163, 0]",1,158,64,0
54364,"[21164, 0]",1,158,64,0
54365,"[21165, 0]",1,57,26,0
54366,"[21166, 0]",1,0,0,0
54367,"[21166, 1]",2,0,0,0
54368,"[21166, 2]",16,58,26,-1
54369,"[21167, 0]",1,158,64,0
54370,"[21168, 0]",1,156,64,0
54371,"[21169, 0]",1,58,26,0
54372,"[21170, 0]",1,158,64,0
54373,"[21171, 0]",1,158,64,0
54374,"[21172, 0]",1,158,64,0
54375,"[21173, 0]",1,2,1,0
54376,"[21174, 0]",1,0,0,0
54377,"[21174, 1]",2,0,0,0
54378,"[21174, 2]",44,158,64,-1
54379,"[21174, 3]",42,0,0,-1
54380,"[21174, 4]",41,158,64,3
54381,"[21174, 5]",72,158,64,-1
54382,"[21175, 0]",1,158,64,0
54383,"[21176, 0]",1,0,0,0
54384,"[21176, 1]",4,0,0,0
54385,"[21176, 2]",2,0,0,0
54386,"[21176, 3]",40,158,64,0
54387,"[21176, 4]",27,57,26,0
54388,"[21177, 0]",1,156,64,0
54389,"[21178, 0]",1,158,64,0
54390,"[21179, 0]",1,57,26,0
54391,"[21180, 0]",1,41,18,0
54392,"[21181, 0]",1,158,64,0
54393,"[21182, 0]",1,158,64,0
54394,"[21183, 0]",1,158,64,0
54395,"[21184, 0]",1,0,0,0
54396,"[21184, 1]",2,0,0,0
54397,"[21184, 2]",32,158,64,0
54398,"[21184, 3]",31,158,64,0
54399,"[21185, 0]",1,0,0,0
54400,"[21185, 1]",2,2,1,0
54401,"[21186, 0]",1,0,0,0
54402,"[21186, 1]",2,54,24,0
54403,"[21187, 0]",1,0,0,0
54404,"[21187, 1]",4,158,64,0
54405,"[21187, 2]",3,0,0,0
54406,"[21187, 3]",2,0,0,0
54407,"[21187, 4]",37,0,0,-1
54408,"[21187, 5]",34,53,24,-1
54409,"[21187, 6]",46,54,24,-1
54410,"[21188, 0]",1,2,1,0
54411,"[21189, 0]",1,158,64,0
54412,"[21190, 0]",1,0,0,0
54413,"[21190, 1]",2,0,0,0
54414,"[21190, 2]",77,64,29,0
54415,"[21191, 0]",1,0,0,0
54416,"[21191, 1]",2,57,26,2
54417,"[21192, 0]",1,0,0,0
54418,"[21192, 1]",9,156,64,2
54419,"[21192, 2]",8,0,0,-1
54420,"[21192, 3]",7,0,0,1
54421,"[21192, 4]",5,0,0,-1
54422,"[21192, 5]",3,0,0,-1
54423,"[21192, 6]",43,0,0,6
54424,"[21192, 7]",34,158,64,-1
54425,"[21192, 8]",30,0,0,0
54426,"[21192, 9]",27,0,0,-1
54427,"[21192, 10]",178,0,0,2
54428,"[21192, 11]",162,156,64,0
54429,"[21192, 12]",72,156,64,-1
54430,"[21192, 13]",261,158,64,3
54431,"[21193, 0]",1,158,64,0
54432,"[21194, 0]",1,0,0,0
54433,"[21194, 1]",2,41,18,0
54434,"[21195, 0]",1,57,26,0
54435,"[21196, 0]",1,41,18,0
54436,"[21197, 0]",1,57,26,0
54437,"[21198, 0]",1,158,64,0
54438,"[21199, 0]",1,0,0,0
54439,"[21199, 1]",3,0,0,0
54440,"[21199, 2]",2,57,26,0
54441,"[21199, 3]",25,0,0,-1
54442,"[21199, 4]",70,156,64,4
54443,"[21200, 0]",1,158,64,0
54444,"[21201, 0]",1,158,64,0
54445,"[21202, 0]",1,54,24,1
54446,"[21203, 0]",1,41,18,0
54447,"[21204, 0]",1,57,26,0
54448,"[21205, 0]",1,156,64,0
54449,"[21206, 0]",1,41,18,0
54450,"[21207, 0]",1,158,64,0
54451,"[21208, 0]",1,41,18,0
54452,"[21209, 0]",1,0,0,0
54453,"[21209, 1]",2,0,0,0
54454,"[21209, 2]",29,158,64,-1
54455,"[21210, 0]",1,158,64,0
54456,"[21211, 0]",1,57,26,0
54457,"[21212, 0]",1,158,64,0
54458,"[21213, 0]",1,0,0,0
54459,"[21213, 1]",2,0,0,0
54460,"[21213, 2]",16,2,1,0
54461,"[21214, 0]",1,0,0,0
54462,"[21214, 1]",5,158,64,4
54463,"[21215, 0]",1,158,64,0
54464,"[21216, 0]",1,156,64,1
54465,"[21217, 0]",1,0,0,0
54466,"[21217, 1]",2,41,18,0
54467,"[21218, 0]",1,0,0,0
54468,"[21218, 1]",2,0,0,0
54469,"[21218, 2]",20,57,26,0
54470,"[21219, 0]",1,57,26,0
54471,"[21220, 0]",1,0,0,0
54472,"[21220, 1]",2,41,18,0
54473,"[21221, 0]",1,0,0,0
54474,"[21221, 1]",3,158,64,-1
54475,"[21222, 0]",1,0,0,0
54476,"[21222, 1]",2,2,1,0
54477,"[21223, 0]",1,158,64,0
54478,"[21224, 0]",1,59,28,0
54479,"[21225, 0]",1,0,0,0
54480,"[21225, 1]",2,158,64,8
54481,"[21226, 0]",1,0,0,0
54482,"[21226, 1]",2,41,18,0
54483,"[21227, 0]",1,0,0,0
54484,"[21227, 1]",2,0,0,0
54485,"[21227, 2]",59,63,28,-1
54486,"[21228, 0]",1,158,64,0
54487,"[21229, 0]",1,0,0,0
54488,"[21229, 1]",2,2,1,0
54489,"[21230, 0]",1,0,0,0
54490,"[21230, 1]",3,0,0,0
54491,"[21230, 2]",2,0,0,0
54492,"[21230, 3]",24,0,0,0
54493,"[21230, 4]",16,59,28,0
54494,"[21230, 5]",35,158,64,0
54495,"[21231, 0]",1,0,0,0
54496,"[21231, 1]",2,41,18,0
54497,"[21232, 0]",1,41,18,0
54498,"[21233, 0]",1,0,0,0
54499,"[21233, 1]",2,158,64,0
54500,"[21234, 0]",1,41,18,0
54501,"[21235, 0]",1,0,0,0
54502,"[21235, 1]",2,0,0,-1
54503,"[21235, 2]",13,156,64,2
54504,"[21236, 0]",1,0,0,0
54505,"[21236, 1]",2,158,64,0
54506,"[21237, 0]",1,57,26,0
54507,"[21238, 0]",1,0,0,0
54508,"[21238, 1]",4,158,64,0
54509,"[21238, 2]",3,0,0,0
54510,"[21238, 3]",35,158,64,0
54511,"[21239, 0]",1,0,0,0
54512,"[21239, 1]",2,158,64,-1
54513,"[21240, 0]",1,2,1,0
54514,"[21241, 0]",1,158,64,0
54515,"[21242, 0]",1,158,64,0
54516,"[21243, 0]",1,158,64,0
54517,"[21244, 0]",1,0,0,0
54518,"[21244, 1]",5,58,26,0
54519,"[21244, 2]",4,2,1,0
54520,"[21244, 3]",2,0,0,0
54521,"[21244, 4]",44,0,0,0
54522,"[21244, 5]",43,41,18,0
54523,"[21244, 6]",68,156,64,0
54524,"[21245, 0]",1,0,0,0
54525,"[21245, 1]",2,41,18,0
54526,"[21246, 0]",1,41,18,0
54527,"[21247, 0]",1,158,64,1
54528,"[21248, 0]",1,0,0,0
54529,"[21248, 1]",4,0,0,0
54530,"[21248, 2]",21,57,26,0
54531,"[21249, 0]",1,158,64,0
54532,"[21250, 0]",1,158,64,0
54533,"[21251, 0]",1,2,1,0
54534,"[21252, 0]",1,158,64,0
54535,"[21253, 0]",1,0,0,0
54536,"[21253, 1]",2,0,0,0
54537,"[21253, 2]",23,156,64,-1
54538,"[21254, 0]",1,158,64,0
54539,"[21255, 0]",1,158,64,0
54540,"[21256, 0]",1,0,0,0
54541,"[21256, 1]",2,0,0,0
54542,"[21256, 2]",35,41,18,0
54543,"[21257, 0]",1,158,64,0
54544,"[21258, 0]",1,41,18,0
54545,"[21259, 0]",1,158,64,0
54546,"[21260, 0]",1,158,64,0
54547,"[21261, 0]",1,0,0,0
54548,"[21261, 1]",2,61,28,7
54549,"[21262, 0]",1,0,0,0
54550,"[21262, 1]",4,156,64,0
54551,"[21262, 2]",2,0,0,0
54552,"[21262, 3]",21,156,64,0
54553,"[21263, 0]",1,0,0,0
54554,"[21263, 1]",2,0,0,0
54555,"[21263, 2]",19,0,0,0
54556,"[21263, 3]",33,156,64,4
54557,"[21264, 0]",1,0,0,0
54558,"[21264, 1]",2,0,0,0
54559,"[21264, 2]",83,57,26,-1
54560,"[21265, 0]",1,41,18,0
54561,"[21266, 0]",1,2,1,0
54562,"[21267, 0]",1,0,0,0
54563,"[21267, 1]",2,0,0,0
54564,"[21267, 2]",18,158,64,0
54565,"[21268, 0]",1,158,64,0
54566,"[21269, 0]",1,41,18,0
54567,"[21270, 0]",1,0,0,0
54568,"[21270, 1]",4,0,0,0
54569,"[21270, 2]",3,0,0,0
54570,"[21270, 3]",2,0,0,0
54571,"[21270, 4]",29,57,26,0
54572,"[21270, 5]",28,0,0,0
54573,"[21270, 6]",25,0,0,0
54574,"[21270, 7]",21,158,64,0
54575,"[21270, 8]",20,41,18,0
54576,"[21270, 9]",18,0,0,0
54577,"[21270, 10]",13,0,0,0
54578,"[21270, 11]",112,59,28,0
54579,"[21270, 12]",95,158,64,0
54580,"[21270, 13]",68,0,0,0
54581,"[21270, 14]",39,158,64,0
54582,"[21270, 15]",240,0,0,0
54583,"[21270, 16]",362,0,0,0
54584,"[21270, 17]",502,0,0,-1
54585,"[21270, 18]",582,41,18,4
54586,"[21271, 0]",1,0,0,0
54587,"[21271, 1]",2,0,0,0
54588,"[21271, 2]",26,2,1,0
54589,"[21272, 0]",1,41,18,0
54590,"[21273, 0]",1,41,18,0
54591,"[21274, 0]",1,41,18,0
54592,"[21275, 0]",1,158,64,0
54593,"[21276, 0]",1,41,18,0
54594,"[21277, 0]",1,0,0,0
54595,"[21277, 1]",2,158,64,0
54596,"[21278, 0]",1,41,18,0
54597,"[21279, 0]",1,0,0,0
54598,"[21279, 1]",9,41,18,0
54599,"[21279, 2]",6,158,64,0
54600,"[21279, 3]",4,41,18,0
54601,"[21279, 4]",3,0,0,0
54602,"[21279, 5]",50,158,64,0
54603,"[21280, 0]",1,0,0,0
54604,"[21280, 1]",2,156,64,0
54605,"[21281, 0]",1,0,0,0
54606,"[21281, 1]",3,158,64,0
54607,"[21281, 2]",2,158,64,0
54608,"[21282, 0]",1,41,18,0
54609,"[21283, 0]",1,0,0,0
54610,"[21283, 1]",2,0,0,0
54611,"[21283, 2]",31,0,0,0
54612,"[21283, 3]",52,41,18,0
54613,"[21284, 0]",1,41,18,1
54614,"[21285, 0]",1,0,0,0
54615,"[21285, 1]",2,158,64,6
54616,"[21286, 0]",1,0,0,0
54617,"[21286, 1]",2,0,0,0
54618,"[21286, 2]",17,41,18,0
54619,"[21287, 0]",1,0,0,0
54620,"[21287, 1]",3,158,64,0
54621,"[21287, 2]",2,0,0,0
54622,"[21287, 3]",28,0,0,0
54623,"[21287, 4]",39,158,64,0
54624,"[21288, 0]",1,0,0,0
54625,"[21288, 1]",2,2,1,0
54626,"[21289, 0]",1,41,18,0
54627,"[21290, 0]",1,41,18,0
54628,"[21291, 0]",1,158,64,0
54629,"[21292, 0]",1,0,0,0
54630,"[21292, 1]",3,158,64,0
54631,"[21292, 2]",2,0,0,0
54632,"[21292, 3]",17,0,0,0
54633,"[21292, 4]",14,0,0,0
54634,"[21292, 5]",13,0,0,0
54635,"[21292, 6]",47,0,0,0
54636,"[21292, 7]",43,57,26,0
54637,"[21292, 8]",19,41,18,10
54638,"[21292, 9]",184,158,64,0
54639,"[21293, 0]",1,0,0,0
54640,"[21293, 1]",2,158,64,0
54641,"[21294, 0]",1,0,0,0
54642,"[21294, 1]",3,158,64,0
54643,"[21294, 2]",2,0,0,0
54644,"[21294, 3]",35,57,26,0
54645,"[21295, 0]",1,0,0,0
54646,"[21295, 1]",2,0,0,0
54647,"[21295, 2]",83,57,26,0
54648,"[21296, 0]",1,0,0,0
54649,"[21296, 1]",2,0,0,0
54650,"[21296, 2]",12,57,26,0
54651,"[21297, 0]",1,158,64,0
54652,"[21298, 0]",1,41,18,0
54653,"[21299, 0]",1,57,26,0
54654,"[21300, 0]",1,158,64,0
54655,"[21301, 0]",1,0,0,0
54656,"[21301, 1]",2,0,0,0
54657,"[21301, 2]",78,51,24,0
54658,"[21301, 3]",73,0,0,0
54659,"[21301, 4]",71,0,0,0
54660,"[21301, 5]",70,0,0,0
54661,"[21301, 6]",69,0,0,0
54662,"[21301, 7]",126,0,0,-1
54663,"[21301, 8]",125,0,0,-1
54664,"[21301, 9]",122,158,64,0
54665,"[21301, 10]",120,0,0,0
54666,"[21301, 11]",119,0,0,0
54667,"[21301, 12]",118,0,0,0
54668,"[21301, 13]",115,158,64,0
54669,"[21301, 14]",114,158,64,0
54670,"[21301, 15]",111,156,64,0
54671,"[21301, 16]",102,158,64,4
54672,"[21301, 17]",199,0,0,0
54673,"[21301, 18]",195,55,26,0
54674,"[21301, 19]",193,0,0,0
54675,"[21301, 20]",190,158,64,1
54676,"[21301, 21]",159,0,0,-1
54677,"[21301, 22]",157,2,1,-1
54678,"[21301, 23]",154,0,0,-1
54679,"[21301, 24]",791,0,0,-1
54680,"[21301, 25]",747,0,0,-1
54681,"[21301, 26]",746,0,0,-1
54682,"[21301, 27]",661,0,0,0
54683,"[21301, 28]",628,0,0,4
54684,"[21301, 29]",627,0,0,1
54685,"[21301, 30]",1058,0,0,0
54686,"[21301, 31]",1055,156,64,0
54687,"[21301, 32]",969,158,64,0
54688,"[21301, 33]",905,158,64,-1
54689,"[21301, 34]",904,2,1,-1
54690,"[21301, 35]",903,158,64,-1
54691,"[21301, 36]",897,156,64,-1
54692,"[21301, 37]",847,156,64,-1
54693,"[21301, 38]",846,0,0,-1
54694,"[21301, 39]",1357,0,0,-1
54695,"[21301, 40]",1205,158,64,0
54696,"[21301, 41]",1438,0,0,-1
54697,"[21301, 42]",1437,0,0,-1
54698,"[21301, 43]",2009,158,64,-1
54699,"[21301, 44]",2005,158,64,-1
54700,"[21302, 0]",1,0,0,0
54701,"[21302, 1]",2,0,0,0
54702,"[21302, 2]",16,158,64,1
54703,"[21303, 0]",1,158,64,0
54704,"[21304, 0]",1,0,0,0
54705,"[21305, 0]",1,57,26,0
54706,"[21306, 0]",1,41,18,0
54707,"[21307, 0]",1,158,64,0
54708,"[21308, 0]",1,0,0,0
54709,"[21308, 1]",2,158,64,0
54710,"[21309, 0]",1,0,0,0
54711,"[21309, 1]",2,158,64,0
54712,"[21310, 0]",1,0,0,0
54713,"[21310, 1]",2,158,64,0
54714,"[21311, 0]",1,0,0,0
54715,"[21311, 1]",2,41,18,0
54716,"[21312, 0]",1,0,0,0
54717,"[21312, 1]",6,41,18,0
54718,"[21312, 2]",4,0,0,0
54719,"[21312, 3]",2,0,0,0
54720,"[21312, 4]",24,158,64,0
54721,"[21312, 5]",20,57,26,0
54722,"[21313, 0]",1,0,0,0
54723,"[21313, 1]",5,57,26,0
54724,"[21314, 0]",1,0,0,0
54725,"[21314, 1]",7,0,0,0
54726,"[21314, 2]",4,0,0,0
54727,"[21314, 3]",2,0,0,0
54728,"[21314, 4]",48,0,0,0
54729,"[21314, 5]",46,0,0,0
54730,"[21314, 6]",43,158,64,0
54731,"[21314, 7]",28,158,64,0
54732,"[21314, 8]",83,156,64,-1
54733,"[21314, 9]",82,0,0,-1
54734,"[21314, 10]",68,0,0,0
54735,"[21314, 11]",323,41,18,0
54736,"[21315, 0]",1,2,1,0
54737,"[21316, 0]",1,156,64,0
54738,"[21317, 0]",1,158,64,0
54739,"[21318, 0]",1,41,18,0
54740,"[21319, 0]",1,0,0,0
54741,"[21319, 1]",4,156,64,0
54742,"[21319, 2]",3,0,0,0
54743,"[21319, 3]",2,0,0,0
54744,"[21319, 4]",32,57,26,0
54745,"[21319, 5]",31,0,0,0
54746,"[21319, 6]",27,158,64,0
54747,"[21319, 7]",66,156,64,1
54748,"[21320, 0]",1,0,0,0
54749,"[21320, 1]",3,0,0,0
54750,"[21320, 2]",2,0,0,0
54751,"[21320, 3]",12,0,0,0
54752,"[21320, 4]",8,0,0,0
54753,"[21320, 5]",49,61,28,0
54754,"[21320, 6]",36,158,64,-1
54755,"[21321, 0]",1,0,0,0
54756,"[21321, 1]",2,158,64,0
54757,"[21322, 0]",1,57,26,0
54758,"[21323, 0]",1,158,64,1
54759,"[21324, 0]",1,0,0,0
54760,"[21324, 1]",2,158,64,0
54761,"[21325, 0]",1,156,64,0
54762,"[21326, 0]",1,0,0,0
54763,"[21326, 1]",2,57,26,0
54764,"[21327, 0]",1,53,24,0
54765,"[21328, 0]",1,158,64,0
54766,"[21329, 0]",1,0,0,0
54767,"[21329, 1]",2,158,64,0
54768,"[21330, 0]",1,158,64,0
54769,"[21331, 0]",1,0,0,0
54770,"[21331, 1]",2,0,0,0
54771,"[21332, 0]",1,158,64,0
54772,"[21333, 0]",1,41,18,0
54773,"[21334, 0]",1,0,0,0
54774,"[21334, 1]",2,41,18,0
54775,"[21335, 0]",1,158,64,0
54776,"[21336, 0]",1,0,0,0
54777,"[21336, 1]",2,57,26,3
54778,"[21337, 0]",1,41,18,0
54779,"[21338, 0]",1,158,64,0
54780,"[21339, 0]",1,41,18,0
54781,"[21340, 0]",1,2,1,0
54782,"[21341, 0]",1,0,0,0
54783,"[21341, 1]",2,55,26,0
54784,"[21342, 0]",1,57,26,0
54785,"[21343, 0]",1,156,64,0
54786,"[21344, 0]",1,156,64,0
54787,"[21345, 0]",1,0,0,0
54788,"[21345, 1]",2,2,1,0
54789,"[21346, 0]",1,0,0,0
54790,"[21346, 1]",2,41,18,0
54791,"[21347, 0]",1,158,64,1
54792,"[21348, 0]",1,0,0,0
54793,"[21348, 1]",2,0,0,0
54794,"[21348, 2]",21,54,24,0
54795,"[21349, 0]",1,0,0,0
54796,"[21349, 1]",5,41,18,0
54797,"[21349, 2]",3,0,0,0
54798,"[21349, 3]",2,0,0,0
54799,"[21349, 4]",24,0,0,0
54800,"[21349, 5]",23,0,0,0
54801,"[21349, 6]",19,158,64,0
54802,"[21349, 7]",42,0,0,0
54803,"[21349, 8]",39,41,18,0
54804,"[21349, 9]",180,2,1,0
54805,"[21350, 0]",1,158,64,0
54806,"[21351, 0]",1,156,64,0
54807,"[21352, 0]",1,0,0,0
54808,"[21352, 1]",2,0,0,0
54809,"[21352, 2]",15,158,64,0
54810,"[21353, 0]",1,41,18,0
54811,"[21354, 0]",1,0,0,0
54812,"[21354, 1]",2,156,64,-1
54813,"[21355, 0]",1,158,64,0
54814,"[21356, 0]",1,0,0,0
54815,"[21356, 1]",2,156,64,0
54816,"[21357, 0]",1,0,0,0
54817,"[21357, 1]",5,55,26,0
54818,"[21357, 2]",3,0,0,0
54819,"[21357, 3]",2,0,0,0
54820,"[21357, 4]",30,158,64,0
54821,"[21357, 5]",26,57,26,0
54822,"[21358, 0]",1,158,64,0
54823,"[21359, 0]",1,57,26,0
54824,"[21360, 0]",1,158,64,0
54825,"[21361, 0]",1,158,64,1
54826,"[21362, 0]",1,158,64,0
54827,"[21363, 0]",1,158,64,0
54828,"[21364, 0]",1,2,1,0
54829,"[21365, 0]",1,0,0,0
54830,"[21365, 1]",2,158,64,0
54831,"[21366, 0]",1,57,26,0
54832,"[21367, 0]",1,0,0,0
54833,"[21367, 1]",4,0,0,0
54834,"[21367, 2]",3,0,0,0
54835,"[21367, 3]",24,156,64,0
54836,"[21367, 4]",19,156,64,9
54837,"[21368, 0]",1,158,64,0
54838,"[21369, 0]",1,158,64,0
54839,"[21370, 0]",1,158,64,0
54840,"[21371, 0]",1,158,64,0
54841,"[21372, 0]",1,41,18,0
54842,"[21373, 0]",1,156,64,0
54843,"[21374, 0]",1,0,0,0
54844,"[21374, 1]",7,158,64,0
54845,"[21374, 2]",6,41,18,0
54846,"[21374, 3]",2,0,0,0
54847,"[21374, 4]",29,158,64,0
54848,"[21374, 5]",28,0,0,0
54849,"[21374, 6]",26,0,0,0
54850,"[21374, 7]",73,0,0,0
54851,"[21374, 8]",72,0,0,0
54852,"[21374, 9]",70,0,0,0
54853,"[21374, 10]",51,57,26,0
54854,"[21374, 11]",236,158,64,0
54855,"[21374, 12]",235,41,18,0
54856,"[21374, 13]",221,158,64,0
54857,"[21374, 14]",217,156,64,0
54858,"[21375, 0]",1,0,0,0
54859,"[21375, 1]",2,0,0,0
54860,"[21375, 2]",31,2,1,0
54861,"[21376, 0]",1,0,0,0
54862,"[21376, 1]",2,0,0,0
54863,"[21376, 2]",18,158,64,0
54864,"[21377, 0]",1,0,0,0
54865,"[21377, 1]",2,0,0,0
54866,"[21377, 2]",13,158,64,0
54867,"[21378, 0]",1,0,0,0
54868,"[21378, 1]",3,57,26,0
54869,"[21378, 2]",2,41,18,0
54870,"[21379, 0]",1,0,0,0
54871,"[21379, 1]",2,41,18,32
54872,"[21380, 0]",1,158,64,0
54873,"[21381, 0]",1,0,0,0
54874,"[21381, 1]",2,41,18,0
54875,"[21382, 0]",1,0,0,0
54876,"[21382, 1]",2,57,26,0
54877,"[21383, 0]",1,41,18,0
54878,"[21384, 0]",1,0,0,0
54879,"[21384, 1]",2,0,0,0
54880,"[21384, 2]",58,0,0,0
54881,"[21384, 3]",75,59,28,0
54882,"[21385, 0]",1,0,0,0
54883,"[21385, 1]",2,0,0,0
54884,"[21385, 2]",28,54,24,0
54885,"[21386, 0]",1,0,0,0
54886,"[21386, 1]",3,41,18,0
54887,"[21386, 2]",2,0,0,0
54888,"[21386, 3]",32,2,1,0
54889,"[21387, 0]",1,2,1,0
54890,"[21388, 0]",1,0,0,0
54891,"[21388, 1]",2,158,64,0
54892,"[21389, 0]",1,0,0,0
54893,"[21389, 1]",2,0,0,-1
54894,"[21389, 2]",14,158,64,5
54895,"[21390, 0]",1,0,0,0
54896,"[21390, 1]",5,156,64,0
54897,"[21390, 2]",3,0,0,0
54898,"[21390, 3]",2,0,0,0
54899,"[21390, 4]",34,158,64,0
54900,"[21390, 5]",31,0,0,3
54901,"[21390, 6]",112,158,64,8
54902,"[21391, 0]",1,57,26,0
54903,"[21392, 0]",1,158,64,0
54904,"[21393, 0]",1,158,64,0
54905,"[21394, 0]",1,158,64,0
54906,"[21395, 0]",1,158,64,0
54907,"[21396, 0]",1,0,0,0
54908,"[21397, 0]",1,0,0,0
54909,"[21397, 1]",2,0,0,0
54910,"[21397, 2]",21,37,18,0
54911,"[21398, 0]",1,0,0,0
54912,"[21398, 1]",2,0,0,0
54913,"[21398, 2]",13,41,18,0
54914,"[21399, 0]",1,158,64,0
54915,"[21400, 0]",1,0,0,0
54916,"[21400, 1]",2,158,64,-1
54917,"[21401, 0]",1,41,18,0
54918,"[21402, 0]",1,158,64,0
54919,"[21403, 0]",1,41,18,0
54920,"[21404, 0]",1,156,64,0
54921,"[21405, 0]",1,158,64,0
54922,"[21406, 0]",1,57,26,0
54923,"[21407, 0]",1,158,64,0
54924,"[21408, 0]",1,158,64,0
54925,"[21409, 0]",1,0,0,0
54926,"[21409, 1]",4,75,32,0
54927,"[21409, 2]",2,0,0,0
54928,"[21409, 3]",31,0,0,0
54929,"[21409, 4]",67,2,1,0
54930,"[21410, 0]",1,0,0,0
54931,"[21410, 1]",2,156,64,-1
54932,"[21411, 0]",1,0,0,0
54933,"[21411, 1]",5,156,64,0
54934,"[21411, 2]",4,0,0,0
54935,"[21411, 3]",3,0,0,0
54936,"[21411, 4]",2,0,0,0
54937,"[21411, 5]",70,158,64,0
54938,"[21411, 6]",64,57,26,0
54939,"[21411, 7]",61,41,18,0
54940,"[21412, 0]",1,0,0,0
54941,"[21412, 1]",2,0,0,0
54942,"[21412, 2]",74,0,0,0
54943,"[21412, 3]",97,156,64,0
54944,"[21413, 0]",1,158,64,0
54945,"[21414, 0]",1,0,0,0
54946,"[21414, 1]",2,0,0,0
54947,"[21414, 2]",68,158,64,0
54948,"[21415, 0]",1,0,0,0
54949,"[21415, 1]",2,158,64,0
54950,"[21416, 0]",1,54,24,0
54951,"[21417, 0]",1,158,64,0
54952,"[21418, 0]",1,0,0,0
54953,"[21418, 1]",6,156,64,0
54954,"[21418, 2]",5,2,1,0
54955,"[21418, 3]",3,41,18,0
54956,"[21419, 0]",1,156,64,0
54957,"[21420, 0]",1,158,64,0
54958,"[21421, 0]",1,41,18,0
54959,"[21422, 0]",1,0,0,0
54960,"[21422, 1]",2,0,0,0
54961,"[21422, 2]",15,41,18,0
54962,"[21423, 0]",1,0,0,0
54963,"[21423, 1]",2,57,26,0
54964,"[21424, 0]",1,0,0,0
54965,"[21424, 1]",2,0,0,0
54966,"[21424, 2]",18,55,26,0
54967,"[21425, 0]",1,0,0,0
54968,"[21425, 1]",2,57,26,0
54969,"[21426, 0]",1,2,1,0
54970,"[21427, 0]",1,0,0,0
54971,"[21427, 1]",2,0,0,0
54972,"[21427, 2]",16,0,0,0
54973,"[21427, 3]",41,57,26,0
54974,"[21428, 0]",1,0,0,0
54975,"[21428, 1]",2,158,64,0
54976,"[21429, 0]",1,57,26,0
54977,"[21430, 0]",1,41,18,0
54978,"[21431, 0]",1,0,0,0
54979,"[21431, 1]",2,158,64,0
54980,"[21432, 0]",1,158,64,0
54981,"[21433, 0]",1,0,0,0
54982,"[21433, 1]",2,158,64,0
54983,"[21434, 0]",1,156,64,0
54984,"[21435, 0]",1,57,26,0
54985,"[21436, 0]",1,0,0,0
54986,"[21436, 1]",2,158,64,0
54987,"[21437, 0]",1,0,0,0
54988,"[21437, 1]",2,0,0,0
54989,"[21437, 2]",20,0,0,0
54990,"[21437, 3]",19,0,0,0
54991,"[21437, 4]",18,0,0,0
54992,"[21437, 5]",70,0,0,0
54993,"[21437, 6]",60,0,0,0
54994,"[21437, 7]",56,0,0,0
54995,"[21437, 8]",179,158,64,0
54996,"[21437, 9]",164,156,64,0
54997,"[21437, 10]",95,158,64,0
54998,"[21438, 0]",1,54,24,0
54999,"[21439, 0]",1,41,18,0
55000,"[21440, 0]",1,0,0,0
55001,"[21440, 1]",5,156,64,-1
55002,"[21440, 2]",2,0,0,-1
55003,"[21440, 3]",65,0,0,-1
55004,"[21441, 0]",1,158,64,0
55005,"[21442, 0]",1,0,0,0
55006,"[21442, 1]",2,41,18,0
55007,"[21443, 0]",1,0,0,0
55008,"[21443, 1]",2,0,0,0
55009,"[21443, 2]",17,158,64,0
55010,"[21444, 0]",1,156,64,0
55011,"[21445, 0]",1,0,0,0
55012,"[21445, 1]",2,63,28,0
55013,"[21446, 0]",1,0,0,0
55014,"[21446, 1]",5,0,0,0
55015,"[21446, 2]",3,0,0,0
55016,"[21446, 3]",2,0,0,0
55017,"[21446, 4]",34,0,0,0
55018,"[21446, 5]",33,0,0,0
55019,"[21446, 6]",31,0,0,0
55020,"[21446, 7]",26,0,0,0
55021,"[21446, 8]",25,0,0,0
55022,"[21446, 9]",20,0,0,0
55023,"[21446, 10]",143,0,0,0
55024,"[21446, 11]",104,0,0,0
55025,"[21446, 12]",101,0,0,0
55026,"[21446, 13]",71,41,18,0
55027,"[21446, 14]",70,0,0,0
55028,"[21446, 15]",54,41,18,0
55029,"[21446, 16]",50,158,64,0
55030,"[21446, 17]",238,41,18,0
55031,"[21446, 18]",211,156,64,-1
55032,"[21446, 19]",204,41,18,0
55033,"[21446, 20]",161,41,18,0
55034,"[21447, 0]",1,41,18,0
55035,"[21448, 0]",1,41,18,0
55036,"[21449, 0]",1,2,1,0
55037,"[21450, 0]",1,57,26,0
55038,"[21451, 0]",1,0,0,0
55039,"[21451, 1]",2,0,0,-1
55040,"[21451, 2]",12,0,0,-1
55041,"[21451, 3]",23,2,1,1
55042,"[21452, 0]",1,158,64,0
55043,"[21453, 0]",1,0,0,0
55044,"[21453, 1]",2,0,0,0
55045,"[21453, 2]",19,0,0,0
55046,"[21453, 3]",49,0,0,0
55047,"[21453, 4]",93,41,18,7
55048,"[21454, 0]",1,2,1,1
55049,"[21455, 0]",1,0,0,0
55050,"[21455, 1]",2,0,0,0
55051,"[21455, 2]",36,158,64,0
55052,"[21456, 0]",1,0,0,0
55053,"[21456, 1]",6,41,18,0
55054,"[21456, 2]",5,158,64,0
55055,"[21456, 3]",3,0,0,0
55056,"[21456, 4]",2,0,0,0
55057,"[21456, 5]",49,0,0,-1
55058,"[21456, 6]",46,0,0,5
55059,"[21456, 7]",127,0,0,0
55060,"[21456, 8]",115,156,64,-1
55061,"[21456, 9]",112,158,64,-1
55062,"[21456, 10]",249,158,64,-1
55063,"[21457, 0]",1,0,0,0
55064,"[21457, 1]",2,41,18,0
55065,"[21458, 0]",1,0,0,0
55066,"[21458, 1]",2,58,26,0
55067,"[21459, 0]",1,41,18,0
55068,"[21460, 0]",1,0,0,0
55069,"[21460, 1]",2,0,0,0
55070,"[21460, 2]",28,158,64,0
55071,"[21461, 0]",1,158,64,1
55072,"[21462, 0]",1,0,0,0
55073,"[21462, 1]",3,156,64,-1
55074,"[21463, 0]",1,0,0,0
55075,"[21463, 1]",2,0,0,0
55076,"[21463, 2]",32,158,64,0
55077,"[21464, 0]",1,0,0,0
55078,"[21464, 1]",2,158,64,0
55079,"[21465, 0]",1,0,0,0
55080,"[21465, 1]",2,156,64,0
55081,"[21466, 0]",1,0,0,0
55082,"[21466, 1]",2,2,1,0
55083,"[21467, 0]",1,0,0,0
55084,"[21467, 1]",2,158,64,0
55085,"[21468, 0]",1,0,0,0
55086,"[21468, 1]",2,2,1,0
55087,"[21469, 0]",1,41,18,0
55088,"[21470, 0]",1,0,0,0
55089,"[21470, 1]",2,158,64,0
55090,"[21471, 0]",1,0,0,0
55091,"[21471, 1]",2,2,1,0
55092,"[21472, 0]",1,0,0,0
55093,"[21472, 1]",2,0,0,-1
55094,"[21472, 2]",33,0,0,6
55095,"[21472, 3]",45,55,26,2
55096,"[21473, 0]",1,158,64,0
55097,"[21474, 0]",1,0,0,0
55098,"[21474, 1]",2,156,64,0
55099,"[21475, 0]",1,0,0,0
55100,"[21475, 1]",2,41,18,0
55101,"[21476, 0]",1,0,0,0
55102,"[21476, 1]",2,0,0,0
55103,"[21476, 2]",27,158,64,0
55104,"[21477, 0]",1,0,0,0
55105,"[21477, 1]",2,158,64,0
55106,"[21478, 0]",1,0,0,0
55107,"[21478, 1]",4,59,28,0
55108,"[21478, 2]",2,0,0,0
55109,"[21478, 3]",34,0,0,0
55110,"[21478, 4]",102,57,26,0
55111,"[21479, 0]",1,0,0,0
55112,"[21479, 1]",7,57,26,0
55113,"[21479, 2]",6,0,0,0
55114,"[21479, 3]",3,0,0,0
55115,"[21479, 4]",2,0,0,0
55116,"[21479, 5]",43,0,0,0
55117,"[21479, 6]",42,0,0,0
55118,"[21479, 7]",19,41,18,0
55119,"[21479, 8]",110,57,26,0
55120,"[21479, 9]",106,41,18,0
55121,"[21480, 0]",1,158,64,0
55122,"[21481, 0]",1,41,18,0
55123,"[21482, 0]",1,0,0,0
55124,"[21482, 1]",4,0,0,0
55125,"[21482, 2]",3,0,0,0
55126,"[21482, 3]",2,0,0,0
55127,"[21482, 4]",29,0,0,0
55128,"[21482, 5]",26,158,64,0
55129,"[21482, 6]",23,158,64,-1
55130,"[21482, 7]",96,158,64,0
55131,"[21483, 0]",1,0,0,0
55132,"[21483, 1]",2,57,26,-1
55133,"[21484, 0]",1,0,0,0
55134,"[21484, 1]",5,156,64,0
55135,"[21484, 2]",4,2,1,0
55136,"[21484, 3]",2,0,0,0
55137,"[21484, 4]",40,0,0,0
55138,"[21484, 5]",66,0,0,0
55139,"[21484, 6]",65,0,0,0
55140,"[21484, 7]",307,158,64,-1
55141,"[21484, 8]",299,156,64,-1
55142,"[21485, 0]",1,41,18,1
55143,"[21486, 0]",1,2,1,0
55144,"[21487, 0]",1,158,64,0
55145,"[21488, 0]",1,158,64,0
55146,"[21489, 0]",1,158,64,0
55147,"[21490, 0]",1,53,24,0
55148,"[21491, 0]",1,0,0,0
55149,"[21491, 1]",2,0,0,0
55150,"[21491, 2]",32,41,18,0
55151,"[21491, 3]",30,0,0,0
55152,"[21491, 4]",29,0,0,0
55153,"[21491, 5]",28,0,0,0
55154,"[21491, 6]",95,0,0,0
55155,"[21491, 7]",90,158,64,0
55156,"[21491, 8]",87,158,64,0
55157,"[21491, 9]",167,156,64,0
55158,"[21492, 0]",1,0,0,0
55159,"[21492, 1]",6,158,64,0
55160,"[21492, 2]",3,0,0,0
55161,"[21492, 3]",35,158,64,0
55162,"[21493, 0]",1,156,64,0
55163,"[21494, 0]",1,0,0,0
55164,"[21494, 1]",2,158,64,5
55165,"[21495, 0]",1,0,0,0
55166,"[21495, 1]",2,2,1,0
55167,"[21496, 0]",1,0,0,0
55168,"[21496, 1]",3,0,0,0
55169,"[21496, 2]",2,0,0,0
55170,"[21496, 3]",32,57,26,0
55171,"[21496, 4]",28,0,0,0
55172,"[21496, 5]",53,53,24,0
55173,"[21497, 0]",1,41,18,0
55174,"[21498, 0]",1,0,0,0
55175,"[21498, 1]",2,0,0,0
55176,"[21498, 2]",27,0,0,0
55177,"[21498, 3]",42,158,64,-1
55178,"[21499, 0]",1,0,0,0
55179,"[21499, 1]",2,57,26,0
55180,"[21500, 0]",1,41,18,0
55181,"[21501, 0]",1,0,0,0
55182,"[21501, 1]",2,0,0,0
55183,"[21501, 2]",15,51,24,13
55184,"[21502, 0]",1,41,18,0
55185,"[21503, 0]",1,0,0,0
55186,"[21503, 1]",2,0,0,0
55187,"[21503, 2]",10,2,1,3
55188,"[21504, 0]",1,0,0,0
55189,"[21504, 1]",3,156,64,0
55190,"[21504, 2]",2,158,64,0
55191,"[21505, 0]",1,41,18,0
55192,"[21506, 0]",1,0,0,0
55193,"[21506, 1]",2,158,64,0
55194,"[21507, 0]",1,158,64,0
55195,"[21508, 0]",1,0,0,0
55196,"[21508, 1]",2,59,28,0
55197,"[21509, 0]",1,0,0,0
55198,"[21509, 1]",2,156,64,0
55199,"[21510, 0]",1,0,0,0
55200,"[21510, 1]",2,158,64,0
55201,"[21511, 0]",1,0,0,1
55202,"[21511, 1]",2,0,0,0
55203,"[21511, 2]",14,158,64,0
55204,"[21512, 0]",1,0,0,0
55205,"[21512, 1]",2,0,0,0
55206,"[21512, 2]",21,57,26,0
55207,"[21513, 0]",1,0,0,0
55208,"[21513, 1]",6,158,64,0
55209,"[21513, 2]",2,0,0,0
55210,"[21513, 3]",51,57,26,0
55211,"[21514, 0]",1,0,0,0
55212,"[21514, 1]",2,158,64,1
55213,"[21515, 0]",1,0,0,0
55214,"[21515, 1]",2,158,64,0
55215,"[21516, 0]",1,0,0,0
55216,"[21516, 1]",2,158,64,0
55217,"[21517, 0]",1,0,0,0
55218,"[21517, 1]",2,0,0,0
55219,"[21517, 2]",75,57,26,0
55220,"[21518, 0]",1,0,0,0
55221,"[21518, 1]",2,0,0,-1
55222,"[21518, 2]",16,158,64,-1
55223,"[21519, 0]",1,0,0,0
55224,"[21519, 1]",2,0,0,0
55225,"[21519, 2]",42,0,0,0
55226,"[21519, 3]",114,158,64,0
55227,"[21520, 0]",1,57,26,0
55228,"[21521, 0]",1,63,28,0
55229,"[21522, 0]",1,156,64,0
55230,"[21523, 0]",1,0,0,0
55231,"[21523, 1]",3,57,26,0
55232,"[21523, 2]",2,0,0,0
55233,"[21523, 3]",31,41,18,0
55234,"[21524, 0]",1,158,64,0
55235,"[21525, 0]",1,158,64,0
55236,"[21526, 0]",1,41,18,0
55237,"[21527, 0]",1,41,18,0
55238,"[21528, 0]",1,156,64,0
55239,"[21529, 0]",1,2,1,0
55240,"[21530, 0]",1,0,0,0
55241,"[21530, 1]",2,0,0,0
55242,"[21530, 2]",17,0,0,0
55243,"[21530, 3]",51,54,24,0
55244,"[21530, 4]",50,158,64,0
55245,"[21531, 0]",1,0,0,0
55246,"[21531, 1]",2,156,64,0
55247,"[21532, 0]",1,158,64,0
55248,"[21533, 0]",1,0,0,0
55249,"[21533, 1]",2,0,0,0
55250,"[21533, 2]",19,0,0,-1
55251,"[21533, 3]",33,156,64,3
55252,"[21534, 0]",1,57,26,0
55253,"[21535, 0]",1,0,0,0
55254,"[21535, 1]",2,2,1,0
55255,"[21536, 0]",1,57,26,0
55256,"[21537, 0]",1,0,0,0
55257,"[21537, 1]",2,156,64,0
55258,"[21538, 0]",1,41,18,0
55259,"[21539, 0]",1,0,0,0
55260,"[21539, 1]",3,156,64,0
55261,"[21539, 2]",2,158,64,0
55262,"[21540, 0]",1,0,0,0
55263,"[21540, 1]",2,0,0,0
55264,"[21540, 2]",7,158,64,0
55265,"[21541, 0]",1,0,0,0
55266,"[21541, 1]",4,158,64,0
55267,"[21541, 2]",3,0,0,0
55268,"[21541, 3]",2,0,0,0
55269,"[21541, 4]",22,0,0,0
55270,"[21541, 5]",17,158,64,0
55271,"[21541, 6]",34,41,18,0
55272,"[21542, 0]",1,0,0,0
55273,"[21542, 1]",8,0,0,0
55274,"[21542, 2]",4,0,0,0
55275,"[21542, 3]",3,0,0,0
55276,"[21542, 4]",2,0,0,0
55277,"[21542, 5]",57,158,64,0
55278,"[21542, 6]",56,158,64,0
55279,"[21542, 7]",55,0,0,0
55280,"[21542, 8]",44,41,18,0
55281,"[21542, 9]",38,0,0,0
55282,"[21542, 10]",23,158,64,4
55283,"[21542, 11]",241,61,28,0
55284,"[21542, 12]",89,57,26,0
55285,"[21543, 0]",1,158,64,0
55286,"[21544, 0]",1,0,0,0
55287,"[21544, 1]",2,158,64,0
55288,"[21545, 0]",1,0,0,0
55289,"[21545, 1]",2,158,64,-1
55290,"[21546, 0]",1,158,64,0
55291,"[21547, 0]",1,0,0,0
55292,"[21547, 1]",2,158,64,0
55293,"[21548, 0]",1,0,0,1
55294,"[21548, 1]",2,158,64,0
55295,"[21549, 0]",1,54,24,0
55296,"[21550, 0]",1,0,0,0
55297,"[21550, 1]",2,158,64,0
55298,"[21551, 0]",1,158,64,0
55299,"[21552, 0]",1,0,0,0
55300,"[21552, 1]",7,158,64,0
55301,"[21552, 2]",5,156,64,0
55302,"[21552, 3]",2,0,0,0
55303,"[21552, 4]",68,158,64,0
55304,"[21552, 5]",67,57,26,0
55305,"[21553, 0]",1,158,64,0
55306,"[21554, 0]",1,53,24,0
55307,"[21555, 0]",1,0,0,0
55308,"[21555, 1]",4,0,0,0
55309,"[21555, 2]",3,0,0,0
55310,"[21555, 3]",2,0,0,0
55311,"[21555, 4]",42,158,64,0
55312,"[21555, 5]",37,158,64,0
55313,"[21555, 6]",35,0,0,0
55314,"[21555, 7]",33,0,0,0
55315,"[21555, 8]",30,0,0,0
55316,"[21555, 9]",116,57,26,0
55317,"[21555, 10]",100,0,0,-1
55318,"[21555, 11]",86,58,26,1
55319,"[21555, 12]",151,57,26,3
55320,"[21556, 0]",1,158,64,0
55321,"[21557, 0]",1,158,64,0
55322,"[21558, 0]",1,0,0,0
55323,"[21558, 1]",2,0,0,0
55324,"[21558, 2]",21,57,26,0
55325,"[21559, 0]",1,0,0,0
55326,"[21559, 1]",3,158,64,0
55327,"[21559, 2]",2,0,0,0
55328,"[21559, 3]",31,158,64,0
55329,"[21560, 0]",1,0,0,0
55330,"[21560, 1]",2,158,64,0
55331,"[21561, 0]",1,158,64,1
55332,"[21562, 0]",1,158,64,0
55333,"[21563, 0]",1,0,0,0
55334,"[21563, 1]",2,158,64,0
55335,"[21564, 0]",1,158,64,0
55336,"[21565, 0]",1,0,0,0
55337,"[21565, 1]",2,0,0,0
55338,"[21565, 2]",23,2,1,0
55339,"[21566, 0]",1,0,0,0
55340,"[21566, 1]",2,57,26,0
55341,"[21567, 0]",1,0,0,0
55342,"[21567, 1]",2,0,0,0
55343,"[21567, 2]",28,57,26,0
55344,"[21568, 0]",1,0,0,0
55345,"[21568, 1]",3,158,64,0
55346,"[21568, 2]",2,0,0,0
55347,"[21568, 3]",34,57,26,0
55348,"[21569, 0]",1,0,0,1
55349,"[21569, 1]",2,158,64,0
55350,"[21570, 0]",1,0,0,0
55351,"[21570, 1]",2,158,64,0
55352,"[21571, 0]",1,158,64,0
55353,"[21572, 0]",1,158,64,0
55354,"[21573, 0]",1,0,0,0
55355,"[21573, 1]",2,2,1,0
55356,"[21574, 0]",1,0,0,0
55357,"[21574, 1]",4,0,0,0
55358,"[21574, 2]",32,158,64,-1
55359,"[21575, 0]",1,0,0,0
55360,"[21575, 1]",2,41,18,0
55361,"[21576, 0]",1,0,0,0
55362,"[21576, 1]",2,158,64,0
55363,"[21577, 0]",1,0,0,0
55364,"[21577, 1]",2,41,18,0
55365,"[21578, 0]",1,41,18,0
55366,"[21579, 0]",1,0,0,0
55367,"[21579, 1]",2,2,1,0
55368,"[21580, 0]",1,0,0,0
55369,"[21580, 1]",2,0,0,0
55370,"[21580, 2]",14,0,0,0
55371,"[21580, 3]",36,158,64,1
55372,"[21581, 0]",1,41,18,0
55373,"[21582, 0]",1,0,0,0
55374,"[21582, 1]",5,158,64,0
55375,"[21582, 2]",4,0,0,0
55376,"[21582, 3]",3,0,0,0
55377,"[21582, 4]",22,41,18,0
55378,"[21582, 5]",19,2,1,0
55379,"[21583, 0]",1,57,26,0
55380,"[21584, 0]",1,0,0,0
55381,"[21584, 1]",2,158,64,0
55382,"[21585, 0]",1,0,0,0
55383,"[21585, 1]",2,57,26,0
55384,"[21586, 0]",1,0,0,0
55385,"[21586, 1]",2,158,64,0
55386,"[21587, 0]",1,0,0,0
55387,"[21587, 1]",4,158,64,0
55388,"[21587, 2]",2,0,0,0
55389,"[21587, 3]",28,0,0,0
55390,"[21587, 4]",27,0,0,0
55391,"[21587, 5]",36,158,64,0
55392,"[21587, 6]",33,158,64,0
55393,"[21588, 0]",1,0,0,0
55394,"[21588, 1]",2,158,64,0
55395,"[21589, 0]",1,57,26,0
55396,"[21590, 0]",1,0,0,0
55397,"[21590, 1]",2,2,1,0
55398,"[21591, 0]",1,57,26,0
55399,"[21592, 0]",1,0,0,0
55400,"[21592, 1]",4,57,26,0
55401,"[21592, 2]",3,0,0,0
55402,"[21592, 3]",2,0,0,0
55403,"[21592, 4]",29,158,64,2
55404,"[21592, 5]",28,0,0,-1
55405,"[21592, 6]",25,158,64,0
55406,"[21592, 7]",61,0,0,-1
55407,"[21592, 8]",174,158,64,-1
55408,"[21593, 0]",1,41,18,0
55409,"[21594, 0]",1,0,0,1
55410,"[21594, 1]",2,2,1,0
55411,"[21595, 0]",1,158,64,0
55412,"[21596, 0]",1,158,64,0
55413,"[21597, 0]",1,0,0,0
55414,"[21597, 1]",2,59,28,0
55415,"[21598, 0]",1,0,0,0
55416,"[21598, 1]",2,0,0,0
55417,"[21598, 2]",17,158,64,0
55418,"[21599, 0]",1,158,64,0
55419,"[21600, 0]",1,156,64,0
55420,"[21601, 0]",1,158,64,0
55421,"[21602, 0]",1,158,64,0
55422,"[21603, 0]",1,0,0,0
55423,"[21603, 1]",2,158,64,0
55424,"[21604, 0]",1,0,0,0
55425,"[21604, 1]",5,0,0,0
55426,"[21604, 2]",3,0,0,0
55427,"[21604, 3]",2,0,0,0
55428,"[21604, 4]",34,59,28,0
55429,"[21604, 5]",31,0,0,0
55430,"[21604, 6]",30,0,0,0
55431,"[21604, 7]",26,158,64,0
55432,"[21604, 8]",12,156,64,0
55433,"[21604, 9]",66,0,0,0
55434,"[21604, 10]",65,158,64,0
55435,"[21604, 11]",59,0,0,0
55436,"[21604, 12]",303,57,26,3
55437,"[21604, 13]",257,53,24,0
55438,"[21605, 0]",1,0,0,0
55439,"[21605, 1]",2,2,1,3
55440,"[21606, 0]",1,57,26,0
55441,"[21607, 0]",1,158,64,0
55442,"[21608, 0]",1,0,0,0
55443,"[21608, 1]",2,59,28,0
55444,"[21609, 0]",1,57,26,0
55445,"[21610, 0]",1,57,26,0
55446,"[21611, 0]",1,158,64,1
55447,"[21612, 0]",1,158,64,0
55448,"[21613, 0]",1,0,0,0
55449,"[21613, 1]",2,37,18,0
55450,"[21614, 0]",1,0,0,0
55451,"[21614, 1]",2,158,64,0
55452,"[21615, 0]",1,41,18,0
55453,"[21616, 0]",1,0,0,0
55454,"[21616, 1]",2,158,64,0
55455,"[21617, 0]",1,158,64,0
55456,"[21618, 0]",1,0,0,0
55457,"[21618, 1]",5,0,0,0
55458,"[21618, 2]",3,0,0,0
55459,"[21618, 3]",2,0,0,0
55460,"[21618, 4]",37,0,0,-1
55461,"[21618, 5]",31,2,1,0
55462,"[21618, 6]",24,0,0,0
55463,"[21618, 7]",114,158,64,25
55464,"[21618, 8]",46,158,64,1
55465,"[21619, 0]",1,0,0,0
55466,"[21619, 1]",2,158,64,1
55467,"[21620, 0]",1,2,1,0
55468,"[21621, 0]",1,156,64,0
55469,"[21622, 0]",1,158,64,0
55470,"[21623, 0]",1,158,64,0
55471,"[21624, 0]",1,0,0,0
55472,"[21624, 1]",2,158,64,0
55473,"[21625, 0]",1,0,0,0
55474,"[21625, 1]",2,158,64,0
55475,"[21626, 0]",1,158,64,0
55476,"[21627, 0]",1,2,1,0
55477,"[21628, 0]",1,0,0,0
55478,"[21628, 1]",2,0,0,0
55479,"[21628, 2]",22,156,64,-1
55480,"[21629, 0]",1,2,1,0
55481,"[21630, 0]",1,0,0,0
55482,"[21630, 1]",2,2,1,-1
55483,"[21631, 0]",1,0,0,0
55484,"[21631, 1]",2,0,0,0
55485,"[21631, 2]",35,158,64,0
55486,"[21631, 3]",34,158,64,0
55487,"[21631, 4]",33,0,0,0
55488,"[21631, 5]",59,64,29,0
55489,"[21632, 0]",1,41,18,0
55490,"[21633, 0]",1,0,0,0
55491,"[21633, 1]",2,0,0,0
55492,"[21633, 2]",46,57,26,0
55493,"[21634, 0]",1,158,64,0
55494,"[21635, 0]",1,0,0,0
55495,"[21635, 1]",2,0,0,0
55496,"[21635, 2]",45,0,0,0
55497,"[21635, 3]",73,41,18,0
55498,"[21636, 0]",1,0,0,0
55499,"[21636, 1]",2,57,26,0
55500,"[21637, 0]",1,158,64,1
55501,"[21638, 0]",1,0,0,0
55502,"[21638, 1]",2,158,64,0
55503,"[21639, 0]",1,158,64,0
55504,"[21640, 0]",1,53,24,0
55505,"[21641, 0]",1,0,0,0
55506,"[21641, 1]",5,57,26,0
55507,"[21641, 2]",4,0,0,0
55508,"[21641, 3]",2,0,0,0
55509,"[21641, 4]",46,158,64,0
55510,"[21641, 5]",38,158,64,0
55511,"[21642, 0]",1,2,1,0
55512,"[21643, 0]",1,158,64,0
55513,"[21644, 0]",1,0,0,0
55514,"[21644, 1]",2,0,0,0
55515,"[21644, 2]",74,158,64,7
55516,"[21645, 0]",1,158,64,0
55517,"[21646, 0]",1,156,64,0
55518,"[21647, 0]",1,158,64,0
55519,"[21648, 0]",1,158,64,0
55520,"[21649, 0]",1,0,0,0
55521,"[21649, 1]",2,158,64,0
55522,"[21650, 0]",1,0,0,0
55523,"[21650, 1]",2,156,64,-1
55524,"[21651, 0]",1,41,18,0
55525,"[21652, 0]",1,0,0,0
55526,"[21652, 1]",2,158,64,0
55527,"[21653, 0]",1,0,0,0
55528,"[21653, 1]",5,41,18,0
55529,"[21653, 2]",2,0,0,0
55530,"[21653, 3]",46,156,64,0
55531,"[21654, 0]",1,0,0,0
55532,"[21654, 1]",2,2,1,0
55533,"[21655, 0]",1,41,18,0
55534,"[21656, 0]",1,0,0,0
55535,"[21656, 1]",2,158,64,0
55536,"[21657, 0]",1,156,64,0
55537,"[21658, 0]",1,0,0,2
55538,"[21658, 1]",2,158,64,0
55539,"[21659, 0]",1,0,0,0
55540,"[21659, 1]",2,158,64,0
55541,"[21660, 0]",1,0,0,0
55542,"[21660, 1]",2,57,26,0
55543,"[21661, 0]",1,0,0,0
55544,"[21661, 1]",2,0,0,0
55545,"[21661, 2]",33,41,18,0
55546,"[21662, 0]",1,41,18,0
55547,"[21663, 0]",1,41,18,0
55548,"[21664, 0]",1,0,0,0
55549,"[21664, 1]",2,158,64,0
55550,"[21665, 0]",1,158,64,0
55551,"[21666, 0]",1,2,1,0
55552,"[21667, 0]",1,158,64,0
55553,"[21668, 0]",1,41,18,0
55554,"[21669, 0]",1,0,0,0
55555,"[21669, 1]",2,0,0,0
55556,"[21669, 2]",16,158,64,0
55557,"[21670, 0]",1,0,0,0
55558,"[21670, 1]",2,0,0,0
55559,"[21670, 2]",16,0,0,0
55560,"[21670, 3]",42,158,64,0
55561,"[21671, 0]",1,0,0,0
55562,"[21671, 1]",2,41,18,0
55563,"[21672, 0]",1,0,0,0
55564,"[21672, 1]",2,41,18,0
55565,"[21673, 0]",1,0,0,0
55566,"[21673, 1]",2,156,64,0
55567,"[21674, 0]",1,2,1,0
55568,"[21675, 0]",1,158,64,0
55569,"[21676, 0]",1,158,64,0
55570,"[21677, 0]",1,0,0,0
55571,"[21677, 1]",6,57,26,0
55572,"[21677, 2]",5,158,64,0
55573,"[21677, 3]",3,0,0,0
55574,"[21677, 4]",2,0,0,0
55575,"[21677, 5]",43,0,0,0
55576,"[21677, 6]",41,0,0,0
55577,"[21677, 7]",38,0,0,0
55578,"[21677, 8]",88,2,1,0
55579,"[21677, 9]",71,0,0,0
55580,"[21677, 10]",56,0,0,-1
55581,"[21677, 11]",231,158,64,9
55582,"[21677, 12]",218,2,1,0
55583,"[21678, 0]",1,0,0,0
55584,"[21678, 1]",2,158,64,0
55585,"[21679, 0]",1,0,0,1
55586,"[21679, 1]",2,0,0,0
55587,"[21679, 2]",34,158,64,0
55588,"[21680, 0]",1,158,64,0
55589,"[21681, 0]",1,158,64,0
55590,"[21682, 0]",1,0,0,0
55591,"[21682, 1]",6,0,0,0
55592,"[21682, 2]",4,0,0,0
55593,"[21682, 3]",3,0,0,0
55594,"[21682, 4]",2,0,0,0
55595,"[21682, 5]",58,158,64,0
55596,"[21682, 6]",56,0,0,0
55597,"[21682, 7]",54,0,0,0
55598,"[21682, 8]",48,0,0,-1
55599,"[21682, 9]",44,0,0,0
55600,"[21682, 10]",40,41,18,0
55601,"[21682, 11]",161,158,64,0
55602,"[21682, 12]",131,158,64,3
55603,"[21682, 13]",129,0,0,-1
55604,"[21682, 14]",83,2,1,0
55605,"[21682, 15]",80,0,0,0
55606,"[21682, 16]",75,57,26,11
55607,"[21682, 17]",313,41,18,0
55608,"[21683, 0]",1,0,0,0
55609,"[21683, 1]",3,0,0,2
55610,"[21683, 2]",2,0,0,-1
55611,"[21683, 3]",83,0,0,3
55612,"[21683, 4]",82,158,64,-1
55613,"[21683, 5]",80,0,0,-1
55614,"[21683, 6]",73,2,1,0
55615,"[21683, 7]",123,2,1,1
55616,"[21684, 0]",1,158,64,0
55617,"[21685, 0]",1,158,64,0
55618,"[21686, 0]",1,0,0,0
55619,"[21686, 1]",2,64,29,0
55620,"[21687, 0]",1,158,64,0
55621,"[21688, 0]",1,158,64,0
55622,"[21689, 0]",1,0,0,0
55623,"[21689, 1]",2,41,18,0
55624,"[21690, 0]",1,57,26,0
55625,"[21691, 0]",1,0,0,0
55626,"[21691, 1]",2,158,64,0
55627,"[21692, 0]",1,0,0,0
55628,"[21692, 1]",3,0,0,0
55629,"[21692, 2]",2,158,64,0
55630,"[21692, 3]",27,158,64,0
55631,"[21693, 0]",1,0,0,0
55632,"[21693, 1]",2,0,0,0
55633,"[21693, 2]",31,158,64,0
55634,"[21694, 0]",1,0,0,0
55635,"[21694, 1]",2,158,64,-1
55636,"[21695, 0]",1,41,18,0
55637,"[21696, 0]",1,57,26,0
55638,"[21697, 0]",1,158,64,1
55639,"[21698, 0]",1,0,0,0
55640,"[21698, 1]",4,41,18,0
55641,"[21698, 2]",3,158,64,0
55642,"[21698, 3]",2,0,0,0
55643,"[21698, 4]",37,0,0,1
55644,"[21698, 5]",54,158,64,0
55645,"[21699, 0]",1,158,64,0
55646,"[21700, 0]",1,0,0,0
55647,"[21700, 1]",2,57,26,0
55648,"[21701, 0]",1,0,0,0
55649,"[21701, 1]",2,54,24,19
55650,"[21702, 0]",1,0,0,0
55651,"[21702, 1]",2,0,0,0
55652,"[21702, 2]",70,0,0,0
55653,"[21702, 3]",86,41,18,0
55654,"[21703, 0]",1,158,64,0
55655,"[21704, 0]",1,0,0,0
55656,"[21704, 1]",6,0,0,0
55657,"[21704, 2]",5,158,64,0
55658,"[21704, 3]",4,0,0,0
55659,"[21704, 4]",2,0,0,0
55660,"[21704, 5]",44,0,0,0
55661,"[21704, 6]",43,0,0,0
55662,"[21704, 7]",27,158,64,12
55663,"[21704, 8]",21,158,64,3
55664,"[21704, 9]",69,158,64,0
55665,"[21704, 10]",67,158,64,0
55666,"[21704, 11]",66,158,64,0
55667,"[21704, 12]",64,0,0,0
55668,"[21704, 13]",62,41,18,0
55669,"[21704, 14]",60,0,0,0
55670,"[21704, 15]",59,0,0,0
55671,"[21704, 16]",260,0,0,0
55672,"[21704, 17]",253,41,18,0
55673,"[21704, 18]",238,158,64,0
55674,"[21704, 19]",312,158,64,0
55675,"[21705, 0]",1,0,0,0
55676,"[21705, 1]",2,41,18,0
55677,"[21706, 0]",1,0,0,0
55678,"[21707, 0]",1,0,0,0
55679,"[21707, 1]",2,158,64,0
55680,"[21708, 0]",1,0,0,0
55681,"[21708, 1]",2,158,64,0
55682,"[21709, 0]",1,0,0,0
55683,"[21709, 1]",2,158,64,0
55684,"[21710, 0]",1,41,18,0
55685,"[21711, 0]",1,57,26,0
55686,"[21712, 0]",1,57,26,0
55687,"[21713, 0]",1,0,0,0
55688,"[21713, 1]",7,41,18,0
55689,"[21713, 2]",6,59,28,0
55690,"[21713, 3]",4,0,0,0
55691,"[21713, 4]",3,0,0,0
55692,"[21713, 5]",2,0,0,0
55693,"[21713, 6]",35,0,0,0
55694,"[21713, 7]",32,0,0,0
55695,"[21713, 8]",28,156,64,0
55696,"[21713, 9]",68,2,1,0
55697,"[21713, 10]",52,0,0,0
55698,"[21713, 11]",49,0,0,0
55699,"[21713, 12]",48,0,0,0
55700,"[21713, 13]",230,0,0,0
55701,"[21713, 14]",227,158,64,0
55702,"[21713, 15]",212,57,26,0
55703,"[21713, 16]",270,156,64,0
55704,"[21714, 0]",1,158,64,0
55705,"[21715, 0]",1,158,64,0
55706,"[21716, 0]",1,158,64,0
55707,"[21717, 0]",1,41,18,0
55708,"[21718, 0]",1,156,64,0
55709,"[21719, 0]",1,0,0,0
55710,"[21719, 1]",9,158,64,0
55711,"[21719, 2]",7,158,64,0
55712,"[21719, 3]",5,0,0,0
55713,"[21719, 4]",4,0,0,0
55714,"[21719, 5]",3,0,0,0
55715,"[21719, 6]",2,0,0,0
55716,"[21719, 7]",64,0,0,0
55717,"[21719, 8]",62,0,0,0
55718,"[21719, 9]",61,0,0,0
55719,"[21719, 10]",57,0,0,0
55720,"[21719, 11]",52,0,0,0
55721,"[21719, 12]",49,0,0,0
55722,"[21719, 13]",156,41,18,0
55723,"[21719, 14]",146,57,26,0
55724,"[21719, 15]",113,41,18,0
55725,"[21719, 16]",95,0,0,0
55726,"[21719, 17]",92,0,0,0
55727,"[21719, 18]",91,158,64,0
55728,"[21719, 19]",90,0,0,0
55729,"[21719, 20]",86,158,64,0
55730,"[21719, 21]",84,0,0,0
55731,"[21719, 22]",83,0,0,0
55732,"[21719, 23]",71,0,0,0
55733,"[21719, 24]",481,57,26,0
55734,"[21719, 25]",467,0,0,-1
55735,"[21719, 26]",464,0,0,0
55736,"[21719, 27]",422,158,64,0
55737,"[21719, 28]",421,158,64,0
55738,"[21719, 29]",420,0,0,0
55739,"[21719, 30]",405,0,0,0
55740,"[21719, 31]",400,158,64,1
55741,"[21719, 32]",836,41,18,1
55742,"[21719, 33]",681,57,26,0
55743,"[21719, 34]",680,0,0,0
55744,"[21719, 35]",557,158,64,0
55745,"[21719, 36]",543,158,64,-1
55746,"[21719, 37]",1046,158,64,0
55747,"[21719, 38]",1045,0,0,0
55748,"[21719, 39]",1043,0,0,0
55749,"[21719, 40]",1339,0,0,0
55750,"[21719, 41]",1332,158,64,0
55751,"[21719, 42]",1529,41,18,0
55752,"[21720, 0]",1,158,64,0
55753,"[21721, 0]",1,41,18,0
55754,"[21722, 0]",1,41,18,0
55755,"[21723, 0]",1,158,64,0
55756,"[21724, 0]",1,158,64,0
55757,"[21725, 0]",1,158,64,0
55758,"[21726, 0]",1,158,64,0
55759,"[21727, 0]",1,2,1,0
55760,"[21728, 0]",1,156,64,0
55761,"[21729, 0]",1,59,28,0
55762,"[21730, 0]",1,59,26,0
55763,"[21731, 0]",1,63,28,0
55764,"[21732, 0]",1,158,64,0
55765,"[21733, 0]",1,0,0,0
55766,"[21733, 1]",6,158,64,0
55767,"[21733, 2]",3,0,0,0
55768,"[21733, 3]",2,41,18,0
55769,"[21733, 4]",36,158,64,0
55770,"[21734, 0]",1,2,1,0
55771,"[21735, 0]",1,0,0,0
55772,"[21735, 1]",2,41,18,8
55773,"[21736, 0]",1,0,0,0
55774,"[21736, 1]",2,41,18,0
55775,"[21737, 0]",1,54,24,0
55776,"[21738, 0]",1,0,0,1
55777,"[21738, 1]",2,0,0,0
55778,"[21738, 2]",64,158,64,-1
55779,"[21739, 0]",1,0,0,0
55780,"[21739, 1]",2,57,26,-1
55781,"[21740, 0]",1,158,64,0
55782,"[21741, 0]",1,0,0,0
55783,"[21741, 1]",8,2,1,0
55784,"[21741, 2]",7,2,1,0
55785,"[21741, 3]",4,0,0,0
55786,"[21741, 4]",2,0,0,0
55787,"[21741, 5]",51,158,64,0
55788,"[21741, 6]",50,0,0,0
55789,"[21741, 7]",48,0,0,0
55790,"[21741, 8]",39,41,18,0
55791,"[21741, 9]",79,0,0,0
55792,"[21741, 10]",69,158,64,0
55793,"[21741, 11]",235,0,0,0
55794,"[21741, 12]",326,37,18,0
55795,"[21742, 0]",1,0,0,0
55796,"[21742, 1]",2,2,1,0
55797,"[21743, 0]",1,41,18,0
55798,"[21744, 0]",1,0,0,0
55799,"[21744, 1]",2,158,64,2
55800,"[21745, 0]",1,0,0,0
55801,"[21745, 1]",4,0,0,0
55802,"[21745, 2]",3,0,0,0
55803,"[21745, 3]",2,0,0,0
55804,"[21745, 4]",53,51,24,0
55805,"[21745, 5]",51,0,0,0
55806,"[21745, 6]",48,158,64,-1
55807,"[21745, 7]",46,156,64,1
55808,"[21745, 8]",44,0,0,-1
55809,"[21745, 9]",35,158,64,0
55810,"[21745, 10]",128,0,0,-1
55811,"[21745, 11]",127,0,0,-1
55812,"[21745, 12]",89,0,0,0
55813,"[21745, 13]",88,54,24,0
55814,"[21745, 14]",565,2,1,0
55815,"[21745, 15]",330,158,64,-1
55816,"[21745, 16]",327,158,64,-1
55817,"[21746, 0]",1,57,26,0
55818,"[21747, 0]",1,0,0,0
55819,"[21747, 1]",2,158,64,0
55820,"[21748, 0]",1,0,0,0
55821,"[21748, 1]",2,0,0,0
55822,"[21748, 2]",23,0,0,0
55823,"[21748, 3]",102,41,18,0
55824,"[21749, 0]",1,0,0,0
55825,"[21749, 1]",5,158,64,0
55826,"[21749, 2]",2,0,0,0
55827,"[21749, 3]",20,54,24,0
55828,"[21750, 0]",1,158,64,0
55829,"[21751, 0]",1,0,0,1
55830,"[21751, 1]",2,41,18,8
55831,"[21752, 0]",1,0,0,0
55832,"[21752, 1]",2,41,18,0
55833,"[21753, 0]",1,0,0,0
55834,"[21753, 1]",2,2,1,0
55835,"[21754, 0]",1,57,26,1
55836,"[21755, 0]",1,158,64,0
55837,"[21756, 0]",1,158,64,0
55838,"[21757, 0]",1,57,26,0
55839,"[21758, 0]",1,158,64,0
55840,"[21759, 0]",1,59,28,0
55841,"[21760, 0]",1,0,0,0
55842,"[21760, 1]",2,41,18,0
55843,"[21761, 0]",1,0,0,0
55844,"[21761, 1]",2,156,64,0
55845,"[21762, 0]",1,0,0,0
55846,"[21762, 1]",2,53,24,0
55847,"[21763, 0]",1,0,0,0
55848,"[21763, 1]",2,54,24,0
55849,"[21764, 0]",1,158,64,0
55850,"[21765, 0]",1,41,18,0
55851,"[21766, 0]",1,156,64,0
55852,"[21767, 0]",1,158,64,0
55853,"[21768, 0]",1,158,64,0
55854,"[21769, 0]",1,57,26,0
55855,"[21770, 0]",1,158,64,0
55856,"[21771, 0]",1,156,64,0
55857,"[21772, 0]",1,41,18,0
55858,"[21773, 0]",1,0,0,0
55859,"[21773, 1]",2,158,64,0
55860,"[21774, 0]",1,64,29,0
55861,"[21775, 0]",1,54,24,1
55862,"[21776, 0]",1,41,18,0
55863,"[21777, 0]",1,2,1,0
55864,"[21778, 0]",1,0,0,0
55865,"[21778, 1]",6,57,26,3
55866,"[21778, 2]",5,0,0,-1
55867,"[21778, 3]",3,0,0,3
55868,"[21778, 4]",36,158,64,6
55869,"[21779, 0]",1,0,0,1
55870,"[21779, 1]",2,57,26,0
55871,"[21780, 0]",1,0,0,0
55872,"[21780, 1]",2,0,0,0
55873,"[21780, 2]",18,63,28,0
55874,"[21781, 0]",1,158,64,0
55875,"[21782, 0]",1,41,18,0
55876,"[21783, 0]",1,57,26,0
55877,"[21784, 0]",1,0,0,0
55878,"[21784, 1]",2,0,0,0
55879,"[21784, 2]",25,54,24,0
55880,"[21785, 0]",1,0,0,0
55881,"[21785, 1]",2,158,64,8
55882,"[21786, 0]",1,0,0,0
55883,"[21786, 1]",2,0,0,0
55884,"[21786, 2]",12,158,64,0
55885,"[21787, 0]",1,0,0,0
55886,"[21787, 1]",2,158,64,0
55887,"[21788, 0]",1,0,0,0
55888,"[21788, 1]",4,158,64,-1
55889,"[21788, 2]",2,158,64,-1
55890,"[21789, 0]",1,0,0,0
55891,"[21789, 1]",2,0,0,0
55892,"[21789, 2]",8,0,0,8
55893,"[21789, 3]",7,0,0,-1
55894,"[21789, 4]",33,0,0,-1
55895,"[21789, 5]",30,158,64,0
55896,"[21789, 6]",111,0,0,-1
55897,"[21789, 7]",205,2,1,6
55898,"[21790, 0]",1,0,0,0
55899,"[21790, 1]",2,41,18,0
55900,"[21791, 0]",1,0,0,0
55901,"[21791, 1]",2,158,64,0
55902,"[21792, 0]",1,0,0,0
55903,"[21792, 1]",2,41,18,2
55904,"[21793, 0]",1,158,64,0
55905,"[21794, 0]",1,0,0,0
55906,"[21794, 1]",2,0,0,0
55907,"[21794, 2]",11,156,64,0
55908,"[21795, 0]",1,158,64,0
55909,"[21796, 0]",1,41,18,0
55910,"[21797, 0]",1,158,64,0
55911,"[21798, 0]",1,0,0,0
55912,"[21798, 1]",3,0,0,-1
55913,"[21798, 2]",15,156,64,-1
55914,"[21799, 0]",1,0,0,0
55915,"[21799, 1]",2,158,64,0
55916,"[21800, 0]",1,0,0,0
55917,"[21800, 1]",3,57,26,0
55918,"[21800, 2]",2,158,64,0
55919,"[21801, 0]",1,156,64,0
55920,"[21802, 0]",1,158,64,0
55921,"[21803, 0]",1,54,24,1
55922,"[21804, 0]",1,57,26,0
55923,"[21805, 0]",1,0,0,0
55924,"[21805, 1]",2,158,64,0
55925,"[21806, 0]",1,0,0,0
55926,"[21806, 1]",2,156,64,2
55927,"[21807, 0]",1,158,64,0
55928,"[21808, 0]",1,0,0,0
55929,"[21808, 1]",2,158,64,3
55930,"[21809, 0]",1,0,0,0
55931,"[21809, 1]",2,0,0,0
55932,"[21809, 2]",29,57,26,3
55933,"[21810, 0]",1,0,0,0
55934,"[21810, 1]",2,57,26,0
55935,"[21811, 0]",1,0,0,0
55936,"[21811, 1]",2,0,0,0
55937,"[21811, 2]",61,158,64,0
55938,"[21812, 0]",1,0,0,0
55939,"[21812, 1]",4,57,26,0
55940,"[21812, 2]",2,0,0,0
55941,"[21812, 3]",29,0,0,0
55942,"[21812, 4]",47,57,26,0
55943,"[21812, 5]",46,0,0,0
55944,"[21812, 6]",87,0,0,0
55945,"[21812, 7]",190,0,0,1
55946,"[21812, 8]",353,57,26,17
55947,"[21813, 0]",1,158,64,0
55948,"[21814, 0]",1,158,64,0
55949,"[21815, 0]",1,0,0,0
55950,"[21815, 1]",2,0,0,0
55951,"[21815, 2]",82,2,1,0
55952,"[21816, 0]",1,0,0,0
55953,"[21816, 1]",2,2,1,0
55954,"[21817, 0]",1,57,26,0
55955,"[21818, 0]",1,0,0,0
55956,"[21818, 1]",2,158,64,0
55957,"[21819, 0]",1,41,18,0
55958,"[21820, 0]",1,158,64,0
55959,"[21821, 0]",1,0,0,0
55960,"[21821, 1]",11,57,26,0
55961,"[21821, 2]",10,0,0,0
55962,"[21821, 3]",8,0,0,0
55963,"[21821, 4]",6,0,0,0
55964,"[21821, 5]",5,0,0,0
55965,"[21821, 6]",62,0,0,0
55966,"[21821, 7]",61,0,0,0
55967,"[21821, 8]",54,0,0,0
55968,"[21821, 9]",47,41,18,0
55969,"[21821, 10]",44,158,64,0
55970,"[21821, 11]",33,41,18,0
55971,"[21821, 12]",147,0,0,0
55972,"[21821, 13]",116,0,0,0
55973,"[21821, 14]",115,57,26,0
55974,"[21821, 15]",110,0,0,0
55975,"[21821, 16]",399,158,64,0
55976,"[21821, 17]",367,0,0,0
55977,"[21821, 18]",338,158,64,0
55978,"[21821, 19]",432,2,1,-1
55979,"[21822, 0]",1,0,0,0
55980,"[21823, 0]",1,57,26,0
55981,"[21824, 0]",1,156,64,0
55982,"[21825, 0]",1,158,64,0
55983,"[21826, 0]",1,41,18,0
55984,"[21827, 0]",1,41,18,0
55985,"[21828, 0]",1,57,26,0
55986,"[21829, 0]",1,0,0,0
55987,"[21829, 1]",2,57,26,0
55988,"[21830, 0]",1,0,0,0
55989,"[21830, 1]",2,51,24,0
55990,"[21831, 0]",1,0,0,0
55991,"[21831, 1]",3,0,0,0
55992,"[21831, 2]",2,0,0,0
55993,"[21831, 3]",29,158,64,0
55994,"[21831, 4]",28,158,64,0
55995,"[21831, 5]",25,41,18,0
55996,"[21832, 0]",1,0,0,0
55997,"[21832, 1]",7,0,0,0
55998,"[21832, 2]",6,0,0,0
55999,"[21832, 3]",3,0,0,0
56000,"[21832, 4]",2,0,0,0
56001,"[21832, 5]",58,0,0,0
56002,"[21832, 6]",51,158,64,0
56003,"[21832, 7]",33,2,1,0
56004,"[21832, 8]",30,2,1,4
56005,"[21832, 9]",100,158,64,0
56006,"[21832, 10]",99,0,0,0
56007,"[21832, 11]",97,0,0,0
56008,"[21832, 12]",336,0,0,0
56009,"[21832, 13]",323,156,64,0
56010,"[21832, 14]",403,41,18,0
56011,"[21833, 0]",1,41,18,0
56012,"[21834, 0]",1,0,0,0
56013,"[21834, 1]",2,41,18,98
56014,"[21835, 0]",1,0,0,0
56015,"[21835, 1]",11,158,64,0
56016,"[21835, 2]",10,158,64,0
56017,"[21835, 3]",8,158,64,0
56018,"[21835, 4]",5,158,64,0
56019,"[21835, 5]",4,0,0,0
56020,"[21835, 6]",3,0,0,0
56021,"[21835, 7]",68,0,0,0
56022,"[21835, 8]",65,0,0,0
56023,"[21835, 9]",161,0,0,0
56024,"[21835, 10]",402,158,64,0
56025,"[21836, 0]",1,41,18,0
56026,"[21837, 0]",1,41,18,0
56027,"[21838, 0]",1,0,0,0
56028,"[21838, 1]",2,41,18,0
56029,"[21839, 0]",1,64,29,0
56030,"[21840, 0]",1,0,0,0
56031,"[21840, 1]",15,41,18,0
56032,"[21840, 2]",14,158,64,0
56033,"[21840, 3]",13,158,64,0
56034,"[21840, 4]",12,0,0,0
56035,"[21840, 5]",11,0,0,0
56036,"[21840, 6]",6,0,0,0
56037,"[21840, 7]",5,0,0,0
56038,"[21840, 8]",4,0,0,0
56039,"[21840, 9]",2,0,0,0
56040,"[21840, 10]",95,158,64,0
56041,"[21840, 11]",92,0,0,0
56042,"[21840, 12]",87,0,0,0
56043,"[21840, 13]",86,0,0,0
56044,"[21840, 14]",84,0,0,0
56045,"[21840, 15]",80,0,0,0
56046,"[21840, 16]",79,0,0,0
56047,"[21840, 17]",77,0,0,0
56048,"[21840, 18]",74,158,64,0
56049,"[21840, 19]",72,0,0,0
56050,"[21840, 20]",55,0,0,0
56051,"[21840, 21]",51,0,0,0
56052,"[21840, 22]",318,158,64,0
56053,"[21840, 23]",301,0,0,0
56054,"[21840, 24]",251,0,0,0
56055,"[21840, 25]",215,53,24,0
56056,"[21840, 26]",210,0,0,0
56057,"[21840, 27]",206,158,64,0
56058,"[21840, 28]",183,54,24,0
56059,"[21840, 29]",182,0,0,0
56060,"[21840, 30]",177,0,0,0
56061,"[21840, 31]",174,0,0,0
56062,"[21840, 32]",141,0,0,0
56063,"[21840, 33]",139,0,0,0
56064,"[21840, 34]",138,0,0,0
56065,"[21840, 35]",137,0,0,0
56066,"[21840, 36]",136,0,0,0
56067,"[21840, 37]",849,2,1,0
56068,"[21840, 38]",846,158,64,0
56069,"[21840, 39]",844,0,0,0
56070,"[21840, 40]",841,41,18,0
56071,"[21840, 41]",839,158,64,0
56072,"[21840, 42]",837,0,0,0
56073,"[21840, 43]",833,158,64,0
56074,"[21840, 44]",831,0,0,0
56075,"[21840, 45]",827,0,0,0
56076,"[21840, 46]",826,0,0,0
56077,"[21840, 47]",822,0,0,0
56078,"[21840, 48]",800,41,18,0
56079,"[21840, 49]",784,57,26,0
56080,"[21840, 50]",760,41,18,0
56081,"[21840, 51]",692,156,64,0
56082,"[21840, 52]",579,37,18,0
56083,"[21840, 53]",525,156,64,-1
56084,"[21840, 54]",1095,57,26,0
56085,"[21840, 55]",1078,0,0,0
56086,"[21840, 56]",1072,158,64,0
56087,"[21840, 57]",1050,0,0,0
56088,"[21840, 58]",1012,158,64,0
56089,"[21840, 59]",967,158,64,0
56090,"[21840, 60]",1789,2,1,0
56091,"[21840, 61]",1734,0,0,0
56092,"[21840, 62]",2294,51,24,0
56093,"[21841, 0]",1,41,18,0
56094,"[21842, 0]",1,158,64,0
56095,"[21843, 0]",1,0,0,0
56096,"[21843, 1]",2,158,64,0
56097,"[21844, 0]",1,41,18,0
56098,"[21845, 0]",1,41,18,0
56099,"[21846, 0]",1,0,0,0
56100,"[21846, 1]",2,0,0,0
56101,"[21846, 2]",19,0,0,0
56102,"[21846, 3]",36,158,64,3
56103,"[21847, 0]",1,0,0,0
56104,"[21847, 1]",2,57,26,0
56105,"[21848, 0]",1,41,18,0
56106,"[21849, 0]",1,158,64,0
56107,"[21850, 0]",1,0,0,0
56108,"[21850, 1]",2,41,18,0
56109,"[21851, 0]",1,57,26,0
56110,"[21852, 0]",1,158,64,0
56111,"[21853, 0]",1,0,0,0
56112,"[21853, 1]",5,0,0,0
56113,"[21853, 2]",4,0,0,0
56114,"[21853, 3]",3,0,0,0
56115,"[21853, 4]",2,0,0,0
56116,"[21853, 5]",44,0,0,0
56117,"[21853, 6]",41,0,0,0
56118,"[21853, 7]",38,59,28,0
56119,"[21853, 8]",35,0,0,0
56120,"[21853, 9]",147,57,26,12
56121,"[21853, 10]",117,158,64,0
56122,"[21853, 11]",96,158,64,0
56123,"[21854, 0]",1,158,64,0
56124,"[21855, 0]",1,156,64,0
56125,"[21856, 0]",1,57,26,0
56126,"[21857, 0]",1,0,0,0
56127,"[21857, 1]",2,0,0,0
56128,"[21857, 2]",64,2,1,0
56129,"[21858, 0]",1,57,26,0
56130,"[21859, 0]",1,156,64,0
56131,"[21860, 0]",1,0,0,0
56132,"[21860, 1]",2,41,18,33
56133,"[21861, 0]",1,158,64,0
56134,"[21862, 0]",1,0,0,0
56135,"[21862, 1]",2,0,0,0
56136,"[21862, 2]",25,41,18,0
56137,"[21863, 0]",1,0,0,0
56138,"[21863, 1]",2,41,18,0
56139,"[21864, 0]",1,0,0,0
56140,"[21864, 1]",6,158,64,0
56141,"[21864, 2]",4,0,0,0
56142,"[21864, 3]",2,0,0,0
56143,"[21864, 4]",64,2,1,3
56144,"[21864, 5]",63,41,18,2
56145,"[21864, 6]",61,156,64,-1
56146,"[21864, 7]",59,0,0,-1
56147,"[21864, 8]",43,158,64,0
56148,"[21864, 9]",108,0,0,-1
56149,"[21864, 10]",282,158,64,-1
56150,"[21865, 0]",1,0,0,0
56151,"[21865, 1]",2,2,1,1
56152,"[21866, 0]",1,156,64,0
56153,"[21867, 0]",1,158,64,0
56154,"[21868, 0]",1,0,0,0
56155,"[21868, 1]",2,0,0,0
56156,"[21868, 2]",17,41,18,0
56157,"[21869, 0]",1,0,0,0
56158,"[21869, 1]",4,41,18,1
56159,"[21869, 2]",51,0,0,-1
56160,"[21869, 3]",64,158,64,-1
56161,"[21869, 4]",63,158,64,-1
56162,"[21869, 5]",62,0,0,-1
56163,"[21869, 6]",57,0,0,-1
56164,"[21869, 7]",53,0,0,-1
56165,"[21869, 8]",216,0,0,5
56166,"[21869, 14]",251,158,64,0
56167,"[21869, 15]",248,0,0,0
56168,"[21869, 16]",642,41,18,0
56169,"[21869, 17]",640,0,0,0
56170,"[21869, 18]",639,158,64,0
56171,"[21869, 20]",690,158,64,0
56172,"[21870, 0]",1,0,0,0
56173,"[21870, 1]",2,158,64,0
56174,"[21871, 0]",1,57,26,0
56175,"[21872, 0]",1,0,0,0
56176,"[21872, 1]",2,158,64,0
56177,"[21873, 0]",1,158,64,0
56178,"[21874, 0]",1,41,18,0
56179,"[21875, 0]",1,0,0,0
56180,"[21875, 1]",2,0,0,0
56181,"[21875, 2]",16,158,64,0
56182,"[21876, 0]",1,0,0,0
56183,"[21876, 1]",2,41,18,0
56184,"[21877, 0]",1,156,64,1
56185,"[21878, 0]",1,158,64,0
56186,"[21879, 0]",1,0,0,0
56187,"[21879, 1]",2,57,26,0
56188,"[21880, 0]",1,53,24,0
56189,"[21881, 0]",1,51,24,0
56190,"[21882, 0]",1,0,0,0
56191,"[21882, 1]",2,41,18,0
56192,"[21883, 0]",1,0,0,0
56193,"[21883, 1]",2,0,0,0
56194,"[21883, 2]",33,158,64,0
56195,"[21884, 0]",1,156,64,0
56196,"[21885, 0]",1,0,0,0
56197,"[21885, 1]",2,156,64,0
56198,"[21886, 0]",1,158,64,0
56199,"[21887, 0]",1,158,64,1
56200,"[21888, 0]",1,0,0,0
56201,"[21888, 1]",2,158,64,0
56202,"[21889, 0]",1,57,26,0
56203,"[21890, 0]",1,41,18,0
56204,"[21891, 0]",1,0,0,0
56205,"[21891, 1]",2,41,18,0
56206,"[21892, 0]",1,37,18,0
56207,"[21893, 0]",1,156,64,0
56208,"[21894, 0]",1,158,64,0
56209,"[21895, 0]",1,158,64,0
56210,"[21896, 0]",1,0,0,0
56211,"[21896, 1]",7,158,64,0
56212,"[21896, 2]",6,2,1,0
56213,"[21896, 3]",2,0,0,0
56214,"[21896, 4]",36,0,0,0
56215,"[21896, 5]",107,158,64,-1
56216,"[21897, 0]",1,158,64,0
56217,"[21898, 0]",1,0,0,0
56218,"[21898, 1]",2,0,0,0
56219,"[21898, 2]",45,158,64,0
56220,"[21898, 3]",43,0,0,0
56221,"[21898, 4]",42,0,0,0
56222,"[21898, 5]",75,158,64,0
56223,"[21898, 6]",70,158,64,0
56224,"[21899, 0]",1,158,64,17
56225,"[21900, 0]",1,158,64,0
56226,"[21901, 0]",1,2,1,0
56227,"[21902, 0]",1,0,0,0
56228,"[21902, 1]",2,158,64,0
56229,"[21903, 0]",1,0,0,0
56230,"[21903, 1]",2,41,18,0
56231,"[21904, 0]",1,0,0,0
56232,"[21904, 1]",2,158,64,0
56233,"[21905, 0]",1,0,0,0
56234,"[21905, 1]",4,158,64,0
56235,"[21905, 2]",3,158,64,0
56236,"[21906, 0]",1,158,64,1
56237,"[21907, 0]",1,41,18,0
56238,"[21908, 0]",1,0,0,0
56239,"[21908, 1]",2,64,29,2
56240,"[21909, 0]",1,158,64,0
56241,"[21910, 0]",1,0,0,0
56242,"[21910, 1]",2,41,18,0
56243,"[21911, 0]",1,41,18,0
56244,"[21912, 0]",1,57,26,0
56245,"[21913, 0]",1,0,0,0
56246,"[21914, 0]",1,158,64,0
56247,"[21915, 0]",1,0,0,0
56248,"[21915, 1]",2,2,1,4
56249,"[21916, 0]",1,0,0,0
56250,"[21916, 1]",2,156,64,0
56251,"[21917, 0]",1,2,1,0
56252,"[21918, 0]",1,158,64,0
56253,"[21919, 0]",1,0,0,0
56254,"[21919, 1]",2,41,18,0
56255,"[21920, 0]",1,0,0,0
56256,"[21920, 1]",2,0,0,0
56257,"[21920, 2]",7,41,18,0
56258,"[21921, 0]",1,0,0,0
56259,"[21921, 1]",2,0,0,0
56260,"[21921, 2]",7,41,18,0
56261,"[21922, 0]",1,0,0,0
56262,"[21922, 1]",5,59,28,0
56263,"[21922, 2]",3,0,0,0
56264,"[21922, 3]",2,0,0,0
56265,"[21922, 4]",20,156,64,0
56266,"[21922, 5]",16,41,18,0
56267,"[21923, 0]",1,158,64,0
56268,"[21924, 0]",1,0,0,0
56269,"[21924, 1]",2,57,26,0
56270,"[21925, 0]",1,158,64,0
56271,"[21926, 0]",1,0,0,0
56272,"[21926, 1]",2,41,18,0
56273,"[21927, 0]",1,0,0,0
56274,"[21927, 1]",2,0,0,1
56275,"[21927, 2]",25,0,0,0
56276,"[21927, 3]",24,2,1,0
56277,"[21927, 4]",57,0,0,1
56278,"[21927, 5]",114,57,26,11
56279,"[21928, 0]",1,0,0,0
56280,"[21928, 1]",2,57,26,0
56281,"[21929, 0]",1,158,64,0
56282,"[21930, 0]",1,0,0,0
56283,"[21930, 1]",13,158,64,-1
56284,"[21930, 2]",10,158,64,-1
56285,"[21930, 3]",6,0,0,-1
56286,"[21930, 4]",5,2,1,-1
56287,"[21930, 5]",4,0,0,-1
56288,"[21930, 6]",3,0,0,-1
56289,"[21930, 7]",2,156,64,-1
56290,"[21930, 8]",74,0,0,-1
56291,"[21930, 9]",67,0,0,1
56292,"[21930, 10]",347,0,0,0
56293,"[21930, 11]",276,2,1,2
56294,"[21930, 12]",492,2,1,0
56295,"[21931, 0]",1,0,0,0
56296,"[21931, 1]",2,41,18,0
56297,"[21932, 0]",1,58,26,0
56298,"[21933, 0]",1,158,64,0
56299,"[21934, 0]",1,41,18,0
56300,"[21935, 0]",1,0,0,0
56301,"[21935, 1]",2,2,1,0
56302,"[21936, 0]",1,0,0,0
56303,"[21936, 1]",7,158,64,-1
56304,"[21936, 2]",6,0,0,-1
56305,"[21936, 3]",2,158,64,-1
56306,"[21936, 4]",33,158,64,13
56307,"[21937, 0]",1,156,64,0
56308,"[21938, 0]",1,0,0,0
56309,"[21938, 1]",2,0,0,-1
56310,"[21938, 2]",48,156,64,1
56311,"[21939, 0]",1,158,64,0
56312,"[21940, 0]",1,158,64,0
56313,"[21941, 0]",1,57,26,0
56314,"[21942, 0]",1,158,64,0
56315,"[21943, 0]",1,0,0,0
56316,"[21943, 1]",5,0,0,0
56317,"[21943, 2]",4,0,0,0
56318,"[21943, 3]",3,158,64,0
56319,"[21943, 4]",27,158,64,0
56320,"[21943, 5]",24,41,18,0
56321,"[21944, 0]",1,158,64,0
56322,"[21945, 0]",1,64,29,0
56323,"[21946, 0]",1,0,0,0
56324,"[21946, 1]",2,0,0,-1
56325,"[21946, 2]",72,158,64,-1
56326,"[21947, 0]",1,158,64,0
56327,"[21948, 0]",1,0,0,0
56328,"[21948, 1]",2,0,0,-1
56329,"[21948, 2]",22,158,64,-1
56330,"[21949, 0]",1,0,0,0
56331,"[21949, 1]",2,158,64,0
56332,"[21950, 0]",1,0,0,1
56333,"[21950, 1]",2,156,64,0
56334,"[21951, 0]",1,0,0,0
56335,"[21951, 1]",2,41,18,0
56336,"[21952, 0]",1,0,0,0
56337,"[21952, 1]",2,158,64,0
56338,"[21953, 0]",1,158,64,0
56339,"[21954, 0]",1,0,0,0
56340,"[21954, 1]",2,0,0,0
56341,"[21954, 2]",75,57,26,0
56342,"[21955, 0]",1,57,26,0
56343,"[21956, 0]",1,0,0,0
56344,"[21956, 1]",2,41,18,0
56345,"[21957, 0]",1,158,64,0
56346,"[21958, 0]",1,158,64,0
56347,"[21959, 0]",1,158,64,0
56348,"[21960, 0]",1,2,1,0
56349,"[21961, 0]",1,0,0,0
56350,"[21961, 1]",2,156,64,0
56351,"[21962, 0]",1,0,0,0
56352,"[21962, 1]",2,158,64,0
56353,"[21963, 0]",1,0,0,0
56354,"[21963, 1]",2,0,0,0
56355,"[21963, 2]",46,158,64,0
56356,"[21963, 3]",44,0,0,0
56357,"[21963, 4]",93,57,26,0
56358,"[21963, 5]",91,0,0,0
56359,"[21963, 6]",88,0,0,0
56360,"[21963, 7]",147,158,64,0
56361,"[21963, 8]",145,0,0,0
56362,"[21963, 9]",117,2,1,0
56363,"[21963, 10]",240,0,0,0
56364,"[21963, 11]",339,158,64,0
56365,"[21964, 0]",1,0,0,0
56366,"[21964, 1]",4,0,0,0
56367,"[21964, 2]",2,0,0,0
56368,"[21964, 3]",36,0,0,0
56369,"[21964, 4]",20,158,64,0
56370,"[21964, 5]",100,41,18,2
56371,"[21965, 0]",1,57,26,0
56372,"[21966, 0]",1,2,1,0
56373,"[21967, 0]",1,41,18,0
56374,"[21968, 0]",1,0,0,0
56375,"[21968, 1]",2,158,64,0
56376,"[21969, 0]",1,0,0,0
56377,"[21969, 1]",2,0,0,0
56378,"[21969, 2]",27,158,64,-1
56379,"[21970, 0]",1,0,0,0
56380,"[21970, 1]",2,57,26,0
56381,"[21971, 0]",1,158,64,0
56382,"[21972, 0]",1,53,24,0
56383,"[21973, 0]",1,158,64,0
56384,"[21974, 0]",1,41,18,0
56385,"[21975, 0]",1,2,1,0
56386,"[21976, 0]",1,158,64,0
56387,"[21977, 0]",1,158,64,0
56388,"[21978, 0]",1,158,64,0
56389,"[21979, 0]",1,2,1,0
56390,"[21980, 0]",1,0,0,0
56391,"[21980, 1]",2,58,26,0
56392,"[21981, 0]",1,0,0,0
56393,"[21981, 1]",2,2,1,-1
56394,"[21982, 0]",1,0,0,0
56395,"[21982, 1]",2,158,64,0
56396,"[21983, 0]",1,59,28,0
56397,"[21984, 0]",1,158,64,0
56398,"[21985, 0]",1,158,64,0
56399,"[21986, 0]",1,158,64,0
56400,"[21987, 0]",1,0,0,0
56401,"[21987, 1]",2,63,28,0
56402,"[21988, 0]",1,2,1,0
56403,"[21989, 0]",1,0,0,0
56404,"[21989, 1]",6,156,64,0
56405,"[21989, 2]",3,0,0,0
56406,"[21989, 3]",2,0,0,0
56407,"[21989, 4]",29,158,64,0
56408,"[21989, 5]",28,158,64,0
56409,"[21989, 6]",24,156,64,0
56410,"[21989, 7]",55,158,64,0
56411,"[21990, 0]",1,0,0,0
56412,"[21990, 1]",2,0,0,0
56413,"[21990, 2]",12,158,64,-1
56414,"[21991, 0]",1,37,18,0
56415,"[21992, 0]",1,0,0,0
56416,"[21993, 0]",1,158,64,0
56417,"[21994, 0]",1,158,64,0
56418,"[21995, 0]",1,0,0,0
56419,"[21995, 1]",2,156,64,0
56420,"[21996, 0]",1,158,64,0
56421,"[21997, 0]",1,0,0,0
56422,"[21997, 1]",2,41,18,0
56423,"[21998, 0]",1,158,64,0
56424,"[21999, 0]",1,0,0,0
56425,"[21999, 1]",2,158,64,0
56426,"[22000, 0]",1,156,64,0
56427,"[22001, 0]",1,0,0,0
56428,"[22001, 1]",2,2,1,0
56429,"[22002, 0]",1,57,26,1
56430,"[22003, 0]",1,158,64,0
56431,"[22004, 0]",1,0,0,0
56432,"[22005, 0]",1,156,64,0
56433,"[22006, 0]",1,156,64,0
56434,"[22007, 0]",1,0,0,0
56435,"[22008, 0]",1,158,64,0
56436,"[22009, 0]",1,158,64,0
56437,"[22010, 0]",1,158,64,0
56438,"[22011, 0]",1,158,64,0
56439,"[22012, 0]",1,158,64,0
56440,"[22013, 0]",1,158,64,0
56441,"[22014, 0]",1,156,64,0
56442,"[22015, 0]",1,0,0,0
56443,"[22015, 1]",2,158,64,-1
56444,"[22016, 0]",1,158,64,0
56445,"[22017, 0]",1,0,0,0
56446,"[22017, 1]",2,57,26,0
56447,"[22018, 0]",1,2,1,0
56448,"[22019, 0]",1,0,0,0
56449,"[22019, 1]",5,158,64,-1
56450,"[22019, 2]",2,0,0,-1
56451,"[22019, 3]",64,158,64,-1
56452,"[22020, 0]",1,41,18,0
56453,"[22021, 0]",1,0,0,0
56454,"[22021, 1]",2,41,18,0
56455,"[22022, 0]",1,156,64,0
56456,"[22023, 0]",1,158,64,0
56457,"[22024, 0]",1,158,64,0
56458,"[22025, 0]",1,0,0,0
56459,"[22025, 1]",2,158,64,0
56460,"[22026, 0]",1,41,18,0
56461,"[22027, 0]",1,55,26,0
56462,"[22028, 0]",1,2,1,0
56463,"[22029, 0]",1,158,64,0
56464,"[22030, 0]",1,0,0,0
56465,"[22030, 1]",2,57,26,0
56466,"[22031, 0]",1,0,0,0
56467,"[22031, 1]",9,2,1,0
56468,"[22031, 2]",7,158,64,0
56469,"[22031, 3]",5,0,0,0
56470,"[22031, 4]",4,0,0,0
56471,"[22031, 5]",2,0,0,0
56472,"[22031, 6]",40,158,64,0
56473,"[22031, 7]",39,0,0,0
56474,"[22031, 8]",35,0,0,0
56475,"[22031, 9]",32,0,0,0
56476,"[22031, 10]",83,158,64,0
56477,"[22031, 11]",69,158,64,0
56478,"[22031, 12]",51,158,64,0
56479,"[22032, 0]",1,0,0,0
56480,"[22032, 1]",2,156,64,0
56481,"[22033, 0]",1,0,0,0
56482,"[22033, 1]",2,0,0,0
56483,"[22033, 2]",28,158,64,0
56484,"[22034, 0]",1,158,64,0
56485,"[22035, 0]",1,0,0,0
56486,"[22035, 1]",2,0,0,0
56487,"[22035, 2]",16,158,64,0
56488,"[22036, 0]",1,0,0,0
56489,"[22036, 1]",2,0,0,0
56490,"[22036, 2]",35,158,64,0
56491,"[22037, 0]",1,0,0,0
56492,"[22037, 1]",2,41,18,0
56493,"[22038, 0]",1,0,0,0
56494,"[22038, 1]",6,55,26,0
56495,"[22038, 2]",3,0,0,0
56496,"[22038, 3]",2,0,0,0
56497,"[22038, 4]",53,0,0,0
56498,"[22038, 5]",52,158,64,0
56499,"[22038, 6]",46,158,64,0
56500,"[22038, 7]",74,158,64,2
56501,"[22039, 0]",1,0,0,0
56502,"[22039, 1]",2,0,0,2
56503,"[22039, 2]",16,158,64,1
56504,"[22040, 0]",1,158,64,1
56505,"[22041, 0]",1,41,18,0
56506,"[22042, 0]",1,158,64,0
56507,"[22043, 0]",1,0,0,0
56508,"[22043, 1]",2,0,0,0
56509,"[22043, 2]",22,158,64,11
56510,"[22044, 0]",1,0,0,0
56511,"[22044, 1]",2,158,64,0
56512,"[22045, 0]",1,0,0,0
56513,"[22045, 1]",2,0,0,-1
56514,"[22046, 0]",1,41,18,0
56515,"[22047, 0]",1,0,0,0
56516,"[22047, 1]",2,0,0,0
56517,"[22047, 2]",68,158,64,0
56518,"[22048, 0]",1,156,64,0
56519,"[22049, 0]",1,158,64,0
56520,"[22050, 0]",1,156,64,0
56521,"[22051, 0]",1,57,26,0
56522,"[22052, 0]",1,57,26,0
56523,"[22053, 0]",1,158,64,0
56524,"[22054, 0]",1,57,26,0
56525,"[22055, 0]",1,41,18,0
56526,"[22056, 0]",1,0,0,0
56527,"[22056, 1]",2,158,64,0
56528,"[22057, 0]",1,158,64,0
56529,"[22058, 0]",1,0,0,0
56530,"[22058, 1]",2,158,64,0
56531,"[22059, 0]",1,61,28,0
56532,"[22060, 0]",1,0,0,0
56533,"[22060, 1]",2,57,26,0
56534,"[22061, 0]",1,57,26,0
56535,"[22062, 0]",1,158,64,0
56536,"[22063, 0]",1,0,0,0
56537,"[22063, 1]",2,0,0,0
56538,"[22063, 2]",15,158,64,0
56539,"[22064, 0]",1,158,64,0
56540,"[22065, 0]",1,0,0,0
56541,"[22065, 1]",2,57,26,0
56542,"[22066, 0]",1,2,1,0
56543,"[22067, 0]",1,158,64,0
56544,"[22068, 0]",1,158,64,0
56545,"[22069, 0]",1,158,64,0
56546,"[22070, 0]",1,0,0,0
56547,"[22070, 1]",2,0,0,0
56548,"[22070, 2]",11,158,64,0
56549,"[22071, 0]",1,158,64,0
56550,"[22072, 0]",1,158,64,1
56551,"[22073, 0]",1,0,0,0
56552,"[22073, 1]",6,158,64,0
56553,"[22073, 2]",5,0,0,0
56554,"[22073, 3]",2,0,0,0
56555,"[22073, 4]",49,158,64,-1
56556,"[22073, 5]",48,158,64,-1
56557,"[22073, 6]",21,158,64,4
56558,"[22074, 0]",1,158,64,0
56559,"[22075, 0]",1,158,64,0
56560,"[22076, 0]",1,158,64,0
56561,"[22077, 0]",1,41,18,0
56562,"[22078, 0]",1,0,0,0
56563,"[22078, 1]",6,156,64,0
56564,"[22078, 2]",5,0,0,0
56565,"[22078, 3]",3,0,0,0
56566,"[22078, 4]",2,0,0,0
56567,"[22078, 5]",50,0,0,-1
56568,"[22078, 6]",47,41,18,0
56569,"[22078, 7]",30,158,64,-1
56570,"[22078, 8]",66,158,64,-1
56571,"[22079, 0]",1,0,0,0
56572,"[22079, 1]",2,0,0,0
56573,"[22079, 2]",30,41,18,0
56574,"[22080, 0]",1,0,0,0
56575,"[22080, 1]",2,57,26,0
56576,"[22081, 0]",1,158,64,0
56577,"[22082, 0]",1,158,64,0
56578,"[22083, 0]",1,0,0,0
56579,"[22083, 1]",3,0,0,0
56580,"[22083, 2]",2,0,0,0
56581,"[22083, 3]",39,158,64,0
56582,"[22083, 4]",35,158,64,0
56583,"[22084, 0]",1,0,0,0
56584,"[22084, 1]",6,2,1,0
56585,"[22084, 2]",4,41,18,0
56586,"[22084, 3]",2,0,0,0
56587,"[22084, 4]",39,41,18,0
56588,"[22084, 5]",36,0,0,0
56589,"[22084, 6]",34,0,0,0
56590,"[22084, 7]",79,41,18,0
56591,"[22084, 8]",63,158,64,0
56592,"[22085, 0]",1,156,64,0
56593,"[22086, 0]",1,0,0,0
56594,"[22086, 1]",2,156,64,2
56595,"[22087, 0]",1,0,0,0
56596,"[22087, 1]",2,0,0,0
56597,"[22087, 2]",15,0,0,0
56598,"[22087, 3]",27,158,64,0
56599,"[22088, 0]",1,0,0,0
56600,"[22088, 1]",2,2,1,0
56601,"[22089, 0]",1,0,0,0
56602,"[22089, 1]",2,0,0,0
56603,"[22089, 2]",29,158,64,0
56604,"[22090, 0]",1,0,0,0
56605,"[22090, 1]",5,156,64,0
56606,"[22090, 2]",2,0,0,0
56607,"[22090, 3]",32,0,0,0
56608,"[22090, 4]",46,41,18,3
56609,"[22091, 0]",1,59,28,0
56610,"[22092, 0]",1,0,0,0
56611,"[22092, 1]",2,158,64,0
56612,"[22093, 0]",1,54,24,0
56613,"[22094, 0]",1,41,18,0
56614,"[22095, 0]",1,0,0,0
56615,"[22095, 1]",3,0,0,0
56616,"[22095, 2]",2,54,24,0
56617,"[22095, 3]",28,58,26,0
56618,"[22096, 0]",1,0,0,0
56619,"[22096, 1]",13,41,18,31
56620,"[22096, 2]",12,0,0,-1
56621,"[22096, 3]",11,0,0,-1
56622,"[22096, 4]",9,0,0,-1
56623,"[22096, 5]",6,0,0,-1
56624,"[22096, 6]",5,0,0,-1
56625,"[22096, 7]",3,0,0,-1
56626,"[22096, 8]",2,0,0,1
56627,"[22096, 9]",71,158,64,0
56628,"[22096, 10]",70,41,18,0
56629,"[22096, 11]",69,0,0,0
56630,"[22096, 12]",67,0,0,0
56631,"[22096, 13]",65,0,0,0
56632,"[22096, 14]",61,158,64,-1
56633,"[22096, 15]",60,0,0,-1
56634,"[22096, 16]",52,156,64,-1
56635,"[22096, 17]",45,0,0,-1
56636,"[22096, 18]",44,0,0,-1
56637,"[22096, 19]",41,158,64,-1
56638,"[22096, 20]",38,0,0,-1
56639,"[22096, 21]",35,158,64,-1
56640,"[22096, 22]",270,57,26,-1
56641,"[22096, 23]",244,158,64,4
56642,"[22096, 24]",241,158,64,-1
56643,"[22096, 25]",137,0,0,-1
56644,"[22096, 26]",112,0,0,0
56645,"[22096, 27]",106,158,64,0
56646,"[22096, 28]",102,158,64,0
56647,"[22096, 29]",680,57,26,0
56648,"[22096, 30]",593,158,64,-1
56649,"[22097, 0]",1,158,64,1
56650,"[22098, 0]",1,0,0,0
56651,"[22098, 1]",2,0,0,0
56652,"[22098, 2]",27,57,26,17
56653,"[22099, 0]",1,41,18,0
56654,"[22100, 0]",1,0,0,1
56655,"[22100, 1]",2,0,0,0
56656,"[22100, 2]",23,0,0,0
56657,"[22100, 3]",22,0,0,0
56658,"[22100, 4]",51,0,0,0
56659,"[22100, 5]",47,0,0,0
56660,"[22100, 6]",155,158,64,0
56661,"[22100, 7]",131,0,0,-1
56662,"[22100, 8]",182,158,64,3
56663,"[22101, 0]",1,0,0,0
56664,"[22101, 1]",2,0,0,0
56665,"[22101, 2]",16,57,26,1
56666,"[22102, 0]",1,0,0,0
56667,"[22102, 1]",2,158,64,-1
56668,"[22103, 0]",1,158,64,0
56669,"[22104, 0]",1,57,26,0
56670,"[22105, 0]",1,0,0,0
56671,"[22105, 1]",2,59,28,0
56672,"[22106, 0]",1,2,1,0
56673,"[22107, 0]",1,41,18,0
56674,"[22108, 0]",1,156,64,0
56675,"[22109, 0]",1,0,0,0
56676,"[22109, 1]",2,57,26,0
56677,"[22110, 0]",1,158,64,0
56678,"[22111, 0]",1,0,0,0
56679,"[22111, 1]",2,158,64,0
56680,"[22112, 0]",1,51,24,0
56681,"[22113, 0]",1,41,18,0
56682,"[22114, 0]",1,0,0,0
56683,"[22114, 1]",2,0,0,0
56684,"[22114, 2]",12,57,26,0
56685,"[22115, 0]",1,0,0,0
56686,"[22115, 1]",2,0,0,0
56687,"[22115, 2]",20,158,64,14
56688,"[22116, 0]",1,0,0,0
56689,"[22116, 1]",2,2,1,-1
56690,"[22117, 0]",1,156,64,0
56691,"[22118, 0]",1,0,0,0
56692,"[22118, 1]",2,0,0,0
56693,"[22118, 2]",41,158,64,1
56694,"[22119, 0]",1,0,0,0
56695,"[22119, 1]",2,0,0,0
56696,"[22119, 2]",34,156,64,0
56697,"[22120, 0]",1,158,64,0
56698,"[22121, 0]",1,0,0,0
56699,"[22121, 1]",2,57,26,-1
56700,"[22122, 0]",1,41,18,0
56701,"[22123, 0]",1,0,0,1
56702,"[22123, 1]",6,158,64,0
56703,"[22123, 2]",4,0,0,0
56704,"[22123, 3]",2,0,0,0
56705,"[22123, 4]",50,158,64,0
56706,"[22123, 5]",49,0,0,0
56707,"[22123, 6]",48,0,0,0
56708,"[22123, 7]",36,156,64,0
56709,"[22123, 8]",64,41,18,0
56710,"[22123, 9]",63,158,64,0
56711,"[22123, 10]",62,2,1,0
56712,"[22123, 11]",55,0,0,0
56713,"[22123, 12]",242,0,0,0
56714,"[22123, 13]",295,2,1,-1
56715,"[22124, 0]",1,59,28,0
56716,"[22125, 0]",1,158,64,0
56717,"[22126, 0]",1,0,0,0
56718,"[22126, 1]",8,41,18,0
56719,"[22126, 2]",7,57,26,0
56720,"[22126, 3]",5,0,0,0
56721,"[22126, 4]",4,0,0,0
56722,"[22126, 5]",3,0,0,0
56723,"[22126, 6]",2,0,0,0
56724,"[22126, 7]",61,57,26,0
56725,"[22126, 8]",58,0,0,0
56726,"[22126, 9]",57,0,0,0
56727,"[22126, 10]",53,0,0,0
56728,"[22126, 11]",49,41,18,0
56729,"[22126, 12]",46,41,18,0
56730,"[22126, 13]",117,0,0,0
56731,"[22126, 14]",98,2,1,0
56732,"[22126, 15]",96,0,0,0
56733,"[22126, 16]",95,0,0,0
56734,"[22126, 17]",89,41,18,0
56735,"[22126, 18]",322,0,0,0
56736,"[22126, 19]",319,158,64,0
56737,"[22126, 20]",276,41,18,0
56738,"[22126, 21]",463,59,28,0
56739,"[22126, 22]",462,0,0,0
56740,"[22126, 23]",461,0,0,0
56741,"[22126, 24]",739,0,0,0
56742,"[22126, 25]",735,41,18,0
56743,"[22126, 26]",822,0,0,0
56744,"[22126, 27]",1029,51,24,0
56745,"[22127, 0]",1,156,64,1
56746,"[22128, 0]",1,57,26,0
56747,"[22129, 0]",1,0,0,0
56748,"[22129, 1]",2,156,64,0
56749,"[22130, 0]",1,37,18,0
56750,"[22131, 0]",1,158,64,0
56751,"[22132, 0]",1,156,64,0
56752,"[22133, 0]",1,158,64,0
56753,"[22134, 0]",1,0,0,0
56754,"[22134, 1]",2,41,18,0
56755,"[22135, 0]",1,0,0,0
56756,"[22135, 1]",2,158,64,0
56757,"[22136, 0]",1,158,64,0
56758,"[22137, 0]",1,158,64,0
56759,"[22138, 0]",1,0,0,0
56760,"[22138, 1]",2,0,0,0
56761,"[22138, 2]",16,0,0,0
56762,"[22138, 3]",28,57,26,0
56763,"[22139, 0]",1,0,0,0
56764,"[22139, 1]",5,158,64,0
56765,"[22139, 2]",4,0,0,0
56766,"[22139, 3]",3,0,0,0
56767,"[22139, 4]",2,0,0,0
56768,"[22139, 5]",45,41,18,0
56769,"[22139, 6]",44,0,0,0
56770,"[22139, 7]",43,0,0,0
56771,"[22139, 8]",37,54,24,0
56772,"[22139, 9]",33,158,64,0
56773,"[22139, 10]",70,158,64,0
56774,"[22139, 11]",66,158,64,0
56775,"[22140, 0]",1,158,64,0
56776,"[22141, 0]",1,0,0,0
56777,"[22141, 1]",2,0,0,0
56778,"[22141, 2]",13,57,26,0
56779,"[22142, 0]",1,0,0,0
56780,"[22142, 1]",4,2,1,0
56781,"[22142, 2]",3,0,0,0
56782,"[22142, 3]",17,158,64,0
56783,"[22143, 0]",1,2,1,0
56784,"[22144, 0]",1,0,0,0
56785,"[22144, 1]",2,57,26,0
56786,"[22145, 0]",1,41,18,0
56787,"[22146, 0]",1,41,18,0
56788,"[22147, 0]",1,0,0,0
56789,"[22147, 1]",2,41,18,0
56790,"[22148, 0]",1,0,0,0
56791,"[22148, 1]",2,0,0,0
56792,"[22149, 0]",1,2,1,0
56793,"[22150, 0]",1,158,64,0
56794,"[22151, 0]",1,158,64,0
56795,"[22152, 0]",1,158,64,0
56796,"[22153, 0]",1,0,0,0
56797,"[22153, 1]",2,57,26,0
56798,"[22154, 0]",1,0,0,0
56799,"[22154, 1]",2,53,24,0
56800,"[22155, 0]",1,57,26,0
56801,"[22156, 0]",1,59,28,0
56802,"[22157, 0]",1,2,1,0
56803,"[22158, 0]",1,0,0,0
56804,"[22158, 1]",2,158,64,6
56805,"[22159, 0]",1,0,0,0
56806,"[22159, 1]",2,57,26,0
56807,"[22160, 0]",1,0,0,0
56808,"[22160, 1]",2,158,64,0
56809,"[22161, 0]",1,158,64,0
56810,"[22162, 0]",1,158,64,0
56811,"[22163, 0]",1,0,0,0
56812,"[22163, 1]",2,158,64,22
56813,"[22164, 0]",1,0,0,0
56814,"[22164, 1]",2,41,18,0
56815,"[22165, 0]",1,41,18,0
56816,"[22166, 0]",1,57,26,1
56817,"[22167, 0]",1,0,0,0
56818,"[22167, 1]",2,2,1,0
56819,"[22168, 0]",1,158,64,0
56820,"[22169, 0]",1,0,0,0
56821,"[22169, 1]",8,2,1,0
56822,"[22169, 2]",5,158,64,0
56823,"[22169, 3]",4,156,64,0
56824,"[22170, 0]",1,158,64,0
56825,"[22171, 0]",1,0,0,0
56826,"[22171, 1]",2,63,28,0
56827,"[22172, 0]",1,54,24,0
56828,"[22173, 0]",1,0,0,0
56829,"[22173, 1]",2,158,64,0
56830,"[22174, 0]",1,0,0,0
56831,"[22174, 1]",2,0,0,0
56832,"[22174, 2]",17,57,26,0
56833,"[22175, 0]",1,0,0,0
56834,"[22175, 1]",2,158,64,0
56835,"[22176, 0]",1,158,64,0
56836,"[22177, 0]",1,0,0,0
56837,"[22177, 1]",2,41,18,0
56838,"[22178, 0]",1,0,0,0
56839,"[22178, 1]",2,51,24,0
56840,"[22179, 0]",1,156,64,0
56841,"[22180, 0]",1,0,0,0
56842,"[22180, 1]",2,2,1,0
56843,"[22181, 0]",1,0,0,0
56844,"[22181, 1]",6,158,64,-1
56845,"[22181, 2]",3,158,64,-1
56846,"[22182, 0]",1,156,64,0
56847,"[22183, 0]",1,2,1,0
56848,"[22184, 0]",1,158,64,0
56849,"[22185, 0]",1,0,0,0
56850,"[22185, 1]",2,57,26,0
56851,"[22186, 0]",1,0,0,0
56852,"[22186, 1]",2,2,1,0
56853,"[22187, 0]",1,0,0,0
56854,"[22187, 1]",4,57,26,0
56855,"[22187, 2]",2,0,0,0
56856,"[22187, 3]",24,0,0,0
56857,"[22187, 4]",51,41,18,0
56858,"[22187, 5]",48,0,0,0
56859,"[22187, 6]",104,41,18,0
56860,"[22188, 0]",1,41,18,0
56861,"[22189, 0]",1,0,0,0
56862,"[22189, 1]",2,0,0,0
56863,"[22189, 2]",17,0,0,0
56864,"[22189, 3]",42,158,64,0
56865,"[22190, 0]",1,0,0,0
56866,"[22190, 1]",2,0,0,0
56867,"[22190, 2]",28,0,0,0
56868,"[22190, 3]",49,158,64,0
56869,"[22191, 0]",1,41,18,0
56870,"[22192, 0]",1,158,64,0
56871,"[22193, 0]",1,0,0,0
56872,"[22193, 1]",2,0,0,0
56873,"[22193, 2]",52,0,0,0
56874,"[22193, 3]",65,158,64,11
56875,"[22194, 0]",1,158,64,0
56876,"[22195, 0]",1,158,64,0
56877,"[22196, 0]",1,0,0,0
56878,"[22196, 1]",2,41,18,0
56879,"[22197, 0]",1,0,0,0
56880,"[22197, 1]",8,158,64,0
56881,"[22197, 2]",7,158,64,0
56882,"[22197, 3]",4,0,0,0
56883,"[22197, 4]",3,0,0,0
56884,"[22197, 5]",2,0,0,0
56885,"[22197, 6]",54,58,26,0
56886,"[22197, 7]",52,0,0,0
56887,"[22197, 8]",50,0,0,0
56888,"[22197, 9]",48,0,0,0
56889,"[22197, 10]",42,0,0,0
56890,"[22197, 11]",41,0,0,0
56891,"[22197, 12]",153,158,64,0
56892,"[22197, 13]",152,158,64,0
56893,"[22197, 14]",149,158,64,0
56894,"[22197, 15]",104,0,0,0
56895,"[22197, 16]",102,0,0,0
56896,"[22197, 17]",87,41,18,0
56897,"[22197, 18]",82,158,64,0
56898,"[22197, 19]",80,158,64,0
56899,"[22197, 20]",79,0,0,0
56900,"[22197, 21]",78,0,0,0
56901,"[22197, 22]",377,0,0,0
56902,"[22197, 23]",374,57,26,0
56903,"[22197, 24]",332,0,0,0
56904,"[22197, 25]",320,54,24,0
56905,"[22197, 26]",572,156,64,0
56906,"[22197, 27]",426,57,26,0
56907,"[22197, 28]",425,158,64,0
56908,"[22198, 0]",1,156,64,0
56909,"[22199, 0]",1,156,64,0
56910,"[22200, 0]",1,0,0,0
56911,"[22200, 1]",2,2,1,0
56912,"[22201, 0]",1,51,24,0
56913,"[22202, 0]",1,156,64,0
56914,"[22203, 0]",1,0,0,0
56915,"[22203, 1]",2,0,0,0
56916,"[22203, 2]",13,158,64,0
56917,"[22204, 0]",1,0,0,0
56918,"[22204, 1]",2,158,64,0
56919,"[22205, 0]",1,0,0,0
56920,"[22205, 1]",2,2,1,-1
56921,"[22206, 0]",1,158,64,0
56922,"[22207, 0]",1,158,64,0
56923,"[22208, 0]",1,57,26,1
56924,"[22209, 0]",1,57,26,0
56925,"[22210, 0]",1,41,18,0
56926,"[22211, 0]",1,0,0,0
56927,"[22211, 1]",2,57,26,1
56928,"[22212, 0]",1,0,0,0
56929,"[22212, 1]",2,53,24,0
56930,"[22213, 0]",1,158,64,0
56931,"[22214, 0]",1,0,0,0
56932,"[22214, 1]",2,0,0,0
56933,"[22214, 2]",15,158,64,0
56934,"[22215, 0]",1,0,0,0
56935,"[22215, 1]",2,57,26,0
56936,"[22216, 0]",1,57,26,0
56937,"[22217, 0]",1,0,0,0
56938,"[22217, 1]",3,0,0,0
56939,"[22217, 2]",2,0,0,0
56940,"[22217, 3]",48,158,64,0
56941,"[22217, 4]",45,0,0,0
56942,"[22217, 5]",43,0,0,0
56943,"[22217, 6]",42,0,0,0
56944,"[22217, 7]",41,0,0,0
56945,"[22217, 8]",35,0,0,0
56946,"[22217, 9]",119,158,64,-1
56947,"[22217, 10]",115,0,0,-1
56948,"[22217, 11]",91,57,26,0
56949,"[22217, 12]",87,0,0,0
56950,"[22217, 13]",86,0,0,0
56951,"[22217, 14]",85,0,0,0
56952,"[22217, 15]",79,0,0,0
56953,"[22217, 16]",78,0,0,0
56954,"[22217, 17]",75,0,0,0
56955,"[22217, 18]",72,158,64,0
56956,"[22217, 19]",266,57,26,0
56957,"[22217, 20]",249,156,64,0
56958,"[22217, 21]",245,158,64,0
56959,"[22217, 22]",199,158,64,5
56960,"[22217, 23]",197,0,0,7
56961,"[22217, 24]",196,0,0,-1
56962,"[22217, 25]",193,0,0,-1
56963,"[22217, 26]",192,0,0,-1
56964,"[22217, 27]",189,0,0,3
56965,"[22217, 28]",187,0,0,-1
56966,"[22217, 29]",184,0,0,0
56967,"[22217, 30]",140,158,64,-1
56968,"[22217, 31]",559,2,1,0
56969,"[22217, 32]",558,158,64,0
56970,"[22217, 33]",543,0,0,-1
56971,"[22217, 34]",529,158,64,4
56972,"[22217, 35]",515,158,64,-1
56973,"[22217, 36]",513,0,0,-1
56974,"[22217, 37]",508,0,0,-1
56975,"[22217, 38]",506,0,0,-1
56976,"[22217, 39]",502,0,0,3
56977,"[22217, 40]",498,158,64,0
56978,"[22217, 41]",949,158,64,-1
56979,"[22217, 42]",932,0,0,-1
56980,"[22217, 43]",919,0,0,-1
56981,"[22217, 44]",859,158,64,-1
56982,"[22217, 45]",855,0,0,-1
56983,"[22217, 46]",1459,0,0,-1
56984,"[22217, 47]",1350,156,64,10
56985,"[22217, 48]",1341,54,24,5
56986,"[22217, 49]",1681,0,0,-1
56987,"[22217, 50]",2373,158,64,7
56988,"[22218, 0]",1,0,0,0
56989,"[22218, 1]",2,41,18,0
56990,"[22219, 0]",1,0,0,0
56991,"[22219, 1]",2,0,0,0
56992,"[22219, 2]",71,41,18,0
56993,"[22220, 0]",1,57,26,0
56994,"[22221, 0]",1,0,0,0
56995,"[22221, 1]",3,0,0,0
56996,"[22221, 2]",2,0,0,0
56997,"[22221, 3]",40,158,64,0
56998,"[22221, 4]",37,0,0,0
56999,"[22221, 5]",36,0,0,0
57000,"[22221, 6]",34,158,64,0
57001,"[22221, 7]",31,0,0,0
57002,"[22221, 8]",30,158,64,0
57003,"[22221, 9]",28,0,0,0
57004,"[22221, 10]",105,0,0,-1
57005,"[22221, 11]",98,41,18,3
57006,"[22221, 12]",61,0,0,0
57007,"[22221, 13]",56,0,0,0
57008,"[22221, 14]",299,41,18,0
57009,"[22221, 15]",298,158,64,0
57010,"[22221, 16]",296,0,0,0
57011,"[22221, 17]",295,0,0,0
57012,"[22221, 18]",252,0,0,0
57013,"[22221, 19]",250,0,0,0
57014,"[22221, 20]",249,0,0,0
57015,"[22221, 21]",248,0,0,0
57016,"[22221, 22]",247,0,0,0
57017,"[22221, 23]",112,156,64,-1
57018,"[22221, 24]",448,158,64,0
57019,"[22221, 25]",446,0,0,0
57020,"[22221, 26]",444,0,0,0
57021,"[22221, 27]",435,156,64,0
57022,"[22221, 28]",431,0,0,0
57023,"[22221, 29]",415,41,18,0
57024,"[22221, 30]",389,0,0,0
57025,"[22221, 31]",388,0,0,0
57026,"[22221, 32]",387,0,0,0
57027,"[22221, 33]",382,158,64,0
57028,"[22221, 34]",716,0,0,0
57029,"[22221, 35]",711,158,64,0
57030,"[22221, 36]",707,41,18,0
57031,"[22221, 37]",684,156,64,0
57032,"[22221, 38]",614,0,0,0
57033,"[22221, 39]",600,0,0,0
57034,"[22221, 40]",1082,158,64,0
57035,"[22221, 41]",1058,158,64,0
57036,"[22221, 42]",874,41,18,0
57037,"[22222, 0]",1,158,64,0
57038,"[22223, 0]",1,0,0,0
57039,"[22223, 1]",2,0,0,0
57040,"[22223, 2]",15,158,64,0
57041,"[22224, 0]",1,0,0,0
57042,"[22224, 1]",2,41,18,0
57043,"[22225, 0]",1,0,0,0
57044,"[22225, 1]",3,0,0,3
57045,"[22225, 2]",65,156,64,0
57046,"[22225, 3]",62,0,0,0
57047,"[22225, 4]",60,0,0,0
57048,"[22225, 5]",154,0,0,-1
57049,"[22225, 6]",140,0,0,-1
57050,"[22225, 7]",193,2,1,8
57051,"[22225, 8]",176,0,0,-1
57052,"[22225, 9]",316,158,64,-1
57053,"[22226, 0]",1,158,64,0
57054,"[22227, 0]",1,156,64,1
57055,"[22228, 0]",1,0,0,0
57056,"[22228, 1]",2,54,24,0
57057,"[22229, 0]",1,0,0,0
57058,"[22229, 1]",2,41,18,0
57059,"[22230, 0]",1,0,0,0
57060,"[22230, 1]",2,41,18,0
57061,"[22231, 0]",1,0,0,0
57062,"[22231, 1]",2,0,0,0
57063,"[22231, 2]",16,55,24,0
57064,"[22231, 3]",14,57,26,0
57065,"[22231, 4]",13,0,0,0
57066,"[22231, 5]",12,41,18,0
57067,"[22231, 6]",31,0,0,0
57068,"[22231, 7]",120,57,26,6
57069,"[22232, 0]",1,0,0,0
57070,"[22232, 1]",2,158,64,0
57071,"[22233, 0]",1,0,0,0
57072,"[22233, 1]",2,0,0,0
57073,"[22233, 2]",30,158,64,-1
57074,"[22234, 0]",1,0,0,0
57075,"[22234, 1]",2,0,0,-1
57076,"[22234, 2]",14,64,29,3
57077,"[22235, 0]",1,158,64,0
57078,"[22236, 0]",1,158,64,0
57079,"[22237, 0]",1,158,64,0
57080,"[22238, 0]",1,156,64,0
57081,"[22239, 0]",1,158,64,0
57082,"[22240, 0]",1,0,0,0
57083,"[22240, 1]",6,0,0,0
57084,"[22240, 2]",5,0,0,0
57085,"[22240, 3]",2,0,0,0
57086,"[22240, 4]",50,0,0,0
57087,"[22240, 5]",29,158,64,0
57088,"[22240, 6]",26,158,64,1
57089,"[22240, 7]",60,158,64,0
57090,"[22241, 0]",1,0,0,0
57091,"[22241, 1]",2,0,0,0
57092,"[22241, 2]",15,158,64,0
57093,"[22242, 0]",1,2,1,0
57094,"[22243, 0]",1,0,0,0
57095,"[22243, 1]",2,0,0,0
57096,"[22243, 2]",66,57,26,0
57097,"[22244, 0]",1,158,64,0
57098,"[22245, 0]",1,0,0,0
57099,"[22245, 1]",3,0,0,0
57100,"[22245, 2]",2,0,0,0
57101,"[22245, 3]",55,54,24,3
57102,"[22245, 4]",49,41,18,0
57103,"[22246, 0]",1,0,0,0
57104,"[22246, 1]",4,41,18,0
57105,"[22246, 2]",2,0,0,0
57106,"[22246, 3]",36,0,0,0
57107,"[22246, 4]",57,0,0,0
57108,"[22246, 5]",111,158,64,0
57109,"[22247, 0]",1,57,26,0
57110,"[22248, 0]",1,0,0,0
57111,"[22248, 1]",2,158,64,0
57112,"[22249, 0]",1,158,64,0
57113,"[22250, 0]",1,158,64,0
57114,"[22251, 0]",1,0,0,0
57115,"[22251, 1]",13,156,64,0
57116,"[22251, 2]",11,0,0,0
57117,"[22251, 3]",9,0,0,0
57118,"[22251, 4]",7,0,0,0
57119,"[22251, 5]",6,0,0,0
57120,"[22251, 6]",90,0,0,0
57121,"[22251, 7]",86,57,26,0
57122,"[22251, 8]",84,0,0,0
57123,"[22251, 9]",82,0,0,0
57124,"[22251, 10]",77,158,64,0
57125,"[22251, 11]",76,0,0,0
57126,"[22251, 12]",73,0,0,0
57127,"[22251, 13]",72,0,0,0
57128,"[22251, 14]",67,0,0,0
57129,"[22251, 15]",66,0,0,0
57130,"[22251, 16]",63,0,0,0
57131,"[22251, 17]",60,41,18,0
57132,"[22251, 18]",56,0,0,0
57133,"[22251, 19]",55,0,0,0
57134,"[22251, 20]",40,156,64,0
57135,"[22251, 21]",26,41,18,0
57136,"[22251, 22]",295,0,0,0
57137,"[22251, 23]",292,0,0,0
57138,"[22251, 24]",256,54,24,0
57139,"[22251, 25]",246,158,64,0
57140,"[22251, 26]",245,158,64,0
57141,"[22251, 27]",242,0,0,0
57142,"[22251, 28]",238,0,0,0
57143,"[22251, 29]",209,0,0,0
57144,"[22251, 30]",208,0,0,0
57145,"[22251, 31]",202,41,18,0
57146,"[22251, 32]",190,158,64,0
57147,"[22251, 33]",156,0,0,0
57148,"[22251, 34]",155,0,0,0
57149,"[22251, 35]",151,0,0,0
57150,"[22251, 36]",127,2,1,0
57151,"[22251, 37]",124,0,0,0
57152,"[22251, 38]",108,156,64,0
57153,"[22251, 39]",1076,158,64,-1
57154,"[22251, 40]",1074,158,64,-1
57155,"[22251, 41]",1072,156,64,-1
57156,"[22251, 42]",1071,158,64,-1
57157,"[22251, 43]",1069,158,64,-1
57158,"[22251, 44]",1066,0,0,-1
57159,"[22251, 45]",1022,0,0,0
57160,"[22251, 46]",1020,0,0,0
57161,"[22251, 47]",1018,0,0,0
57162,"[22251, 48]",1001,156,64,0
57163,"[22251, 49]",995,0,0,0
57164,"[22251, 50]",994,0,0,0
57165,"[22251, 51]",992,0,0,0
57166,"[22251, 52]",821,158,64,0
57167,"[22251, 53]",818,54,24,0
57168,"[22251, 54]",791,57,26,0
57169,"[22251, 55]",764,2,1,0
57170,"[22251, 56]",761,0,0,0
57171,"[22251, 57]",658,54,24,0
57172,"[22251, 58]",638,0,0,0
57173,"[22251, 59]",1774,158,64,0
57174,"[22251, 60]",1518,37,18,0
57175,"[22251, 61]",1517,156,64,0
57176,"[22251, 62]",1321,0,0,0
57177,"[22251, 63]",1314,41,18,0
57178,"[22251, 64]",1311,158,64,2
57179,"[22251, 65]",1276,158,64,0
57180,"[22251, 66]",1260,59,28,0
57181,"[22251, 67]",1235,156,64,0
57182,"[22251, 68]",1203,158,64,-1
57183,"[22251, 69]",1202,0,0,-1
57184,"[22251, 70]",2264,158,64,-1
57185,"[22251, 71]",2263,156,64,-1
57186,"[22251, 72]",2262,0,0,-1
57187,"[22251, 73]",2006,0,0,0
57188,"[22251, 74]",3000,158,64,0
57189,"[22252, 0]",1,0,0,0
57190,"[22252, 1]",2,158,64,0
57191,"[22253, 0]",1,41,18,0
57192,"[22254, 0]",1,57,26,0
57193,"[22255, 0]",1,158,64,0
57194,"[22256, 0]",1,41,18,0
57195,"[22257, 0]",1,41,18,0
57196,"[22258, 0]",1,0,0,0
57197,"[22258, 1]",2,41,18,0
57198,"[22259, 0]",1,2,1,0
57199,"[22260, 0]",1,158,64,0
57200,"[22261, 0]",1,0,0,0
57201,"[22261, 1]",6,0,0,0
57202,"[22261, 2]",5,0,0,0
57203,"[22261, 3]",3,0,0,0
57204,"[22261, 4]",2,0,0,0
57205,"[22261, 5]",72,0,0,0
57206,"[22261, 6]",65,41,18,0
57207,"[22261, 7]",50,158,64,0
57208,"[22261, 8]",46,57,26,0
57209,"[22261, 9]",89,0,0,0
57210,"[22261, 10]",327,51,24,0
57211,"[22262, 0]",1,0,0,0
57212,"[22262, 1]",2,0,0,-1
57213,"[22262, 2]",40,156,64,1
57214,"[22263, 0]",1,0,0,0
57215,"[22263, 1]",2,0,0,0
57216,"[22263, 2]",16,57,26,0
57217,"[22264, 0]",1,0,0,0
57218,"[22264, 1]",2,158,64,4
57219,"[22265, 0]",1,54,24,0
57220,"[22266, 0]",1,61,28,0
57221,"[22267, 0]",1,0,0,0
57222,"[22267, 1]",2,41,18,0
57223,"[22268, 0]",1,156,64,0
57224,"[22269, 0]",1,0,0,1
57225,"[22269, 1]",4,0,0,0
57226,"[22269, 2]",3,0,0,0
57227,"[22269, 3]",2,0,0,0
57228,"[22269, 4]",54,2,1,0
57229,"[22269, 5]",50,0,0,0
57230,"[22269, 6]",47,41,18,0
57231,"[22269, 7]",141,158,64,0
57232,"[22270, 0]",1,41,18,0
57233,"[22271, 0]",1,41,18,0
57234,"[22272, 0]",1,158,64,0
57235,"[22273, 0]",1,0,0,0
57236,"[22273, 1]",2,158,64,0
57237,"[22274, 0]",1,158,64,0
57238,"[22275, 0]",1,54,24,0
57239,"[22276, 0]",1,158,64,0
57240,"[22277, 0]",1,37,18,0
57241,"[22278, 0]",1,158,64,0
57242,"[22279, 0]",1,0,0,0
57243,"[22279, 1]",2,64,29,0
57244,"[22280, 0]",1,0,0,0
57245,"[22280, 1]",7,0,0,0
57246,"[22280, 2]",6,0,0,0
57247,"[22280, 3]",5,0,0,0
57248,"[22280, 4]",2,0,0,0
57249,"[22280, 5]",65,0,0,0
57250,"[22280, 6]",46,158,64,0
57251,"[22280, 7]",43,158,64,0
57252,"[22280, 8]",40,158,64,0
57253,"[22280, 9]",90,158,64,0
57254,"[22281, 0]",1,0,0,0
57255,"[22281, 1]",2,156,64,0
57256,"[22282, 0]",1,0,0,0
57257,"[22282, 1]",2,41,18,0
57258,"[22283, 0]",1,0,0,0
57259,"[22283, 1]",2,0,0,9
57260,"[22283, 2]",17,2,1,10
57261,"[22284, 0]",1,158,64,0
57262,"[22285, 0]",1,0,0,0
57263,"[22285, 1]",5,158,64,0
57264,"[22285, 2]",4,0,0,0
57265,"[22285, 3]",2,0,0,0
57266,"[22285, 4]",47,158,64,0
57267,"[22285, 5]",34,158,64,0
57268,"[22286, 0]",1,0,0,0
57269,"[22286, 1]",2,0,0,0
57270,"[22286, 2]",37,0,0,0
57271,"[22286, 3]",36,0,0,0
57272,"[22286, 4]",70,57,26,0
57273,"[22286, 5]",65,57,26,0
57274,"[22287, 0]",1,0,0,0
57275,"[22287, 1]",2,0,0,0
57276,"[22287, 2]",81,41,18,0
57277,"[22288, 0]",1,0,0,0
57278,"[22288, 1]",2,158,64,0
57279,"[22289, 0]",1,41,18,0
57280,"[22290, 0]",1,0,0,0
57281,"[22290, 1]",2,0,0,0
57282,"[22290, 2]",31,158,64,-1
57283,"[22291, 0]",1,0,0,0
57284,"[22291, 1]",2,2,1,0
57285,"[22292, 0]",1,41,18,0
57286,"[22293, 0]",1,156,64,0
57287,"[22294, 0]",1,158,64,0
57288,"[22295, 0]",1,54,24,0
57289,"[22296, 0]",1,0,0,0
57290,"[22297, 0]",1,41,18,0
57291,"[22298, 0]",1,0,0,0
57292,"[22298, 1]",5,156,64,6
57293,"[22298, 2]",4,0,0,-1
57294,"[22298, 3]",29,158,64,13
57295,"[22299, 0]",1,0,0,0
57296,"[22299, 1]",7,2,1,0
57297,"[22299, 2]",4,0,0,0
57298,"[22299, 3]",3,0,0,0
57299,"[22299, 4]",2,0,0,0
57300,"[22299, 5]",42,158,64,0
57301,"[22299, 6]",40,0,0,0
57302,"[22299, 7]",39,0,0,0
57303,"[22299, 8]",35,41,18,0
57304,"[22299, 9]",34,0,0,0
57305,"[22299, 10]",29,158,64,0
57306,"[22299, 11]",116,57,26,5
57307,"[22299, 12]",78,0,0,0
57308,"[22299, 13]",69,158,64,0
57309,"[22299, 14]",262,57,26,0
57310,"[22300, 0]",1,158,64,0
57311,"[22301, 0]",1,158,64,0
57312,"[22302, 0]",1,0,0,0
57313,"[22302, 1]",2,41,18,0
57314,"[22303, 0]",1,0,0,0
57315,"[22303, 1]",2,158,64,-1
57316,"[22304, 0]",1,158,64,0
57317,"[22305, 0]",1,158,64,0
57318,"[22306, 0]",1,156,64,0
57319,"[22307, 0]",1,0,0,0
57320,"[22307, 1]",2,0,0,0
57321,"[22307, 2]",25,0,0,0
57322,"[22307, 3]",42,2,1,0
57323,"[22308, 0]",1,0,0,0
57324,"[22308, 1]",5,158,64,0
57325,"[22308, 2]",3,0,0,0
57326,"[22308, 3]",2,0,0,0
57327,"[22308, 4]",44,41,18,0
57328,"[22308, 5]",40,41,18,0
57329,"[22309, 0]",1,158,64,0
57330,"[22310, 0]",1,58,26,0
57331,"[22311, 0]",1,2,1,0
57332,"[22312, 0]",1,0,0,0
57333,"[22313, 0]",1,0,0,0
57334,"[22313, 1]",2,156,64,0
57335,"[22314, 0]",1,0,0,0
57336,"[22314, 1]",2,158,64,0
57337,"[22315, 0]",1,158,64,0
57338,"[22316, 0]",1,2,1,0
57339,"[22317, 0]",1,0,0,0
57340,"[22317, 1]",2,158,64,0
57341,"[22318, 0]",1,41,18,0
57342,"[22319, 0]",1,158,64,0
57343,"[22320, 0]",1,158,64,0
57344,"[22321, 0]",1,0,0,0
57345,"[22321, 1]",6,2,1,0
57346,"[22321, 2]",5,158,64,0
57347,"[22321, 3]",2,0,0,0
57348,"[22321, 4]",41,57,26,0
57349,"[22322, 0]",1,0,0,0
57350,"[22322, 1]",2,0,0,0
57351,"[22322, 2]",52,158,64,0
57352,"[22323, 0]",1,158,64,0
57353,"[22324, 0]",1,158,64,0
57354,"[22325, 0]",1,0,0,0
57355,"[22325, 1]",2,158,64,0
57356,"[22326, 0]",1,0,0,0
57357,"[22326, 1]",2,0,0,1
57358,"[22326, 2]",17,41,18,4
57359,"[22327, 0]",1,158,64,0
57360,"[22328, 0]",1,0,0,0
57361,"[22328, 1]",2,0,0,0
57362,"[22328, 2]",27,156,64,-1
57363,"[22329, 0]",1,53,24,0
57364,"[22330, 0]",1,158,64,0
57365,"[22331, 0]",1,0,0,0
57366,"[22331, 1]",3,0,0,0
57367,"[22331, 2]",2,0,0,0
57368,"[22331, 3]",31,0,0,0
57369,"[22331, 4]",30,0,0,0
57370,"[22331, 5]",29,0,0,0
57371,"[22331, 6]",26,41,18,0
57372,"[22331, 7]",58,158,64,0
57373,"[22331, 8]",54,158,64,0
57374,"[22331, 9]",51,41,18,0
57375,"[22332, 0]",1,158,64,0
57376,"[22333, 0]",1,54,24,0
57377,"[22334, 0]",1,0,0,0
57378,"[22334, 1]",2,53,24,0
57379,"[22335, 0]",1,0,0,0
57380,"[22335, 1]",3,158,64,0
57381,"[22336, 0]",1,0,0,0
57382,"[22336, 1]",2,41,18,0
57383,"[22337, 0]",1,0,0,0
57384,"[22337, 1]",2,0,0,0
57385,"[22337, 2]",25,41,18,0
57386,"[22338, 0]",1,158,64,0
57387,"[22339, 0]",1,0,0,0
57388,"[22339, 1]",5,158,64,0
57389,"[22339, 2]",4,0,0,0
57390,"[22339, 3]",2,0,0,0
57391,"[22339, 4]",59,0,0,0
57392,"[22339, 5]",41,41,18,0
57393,"[22339, 6]",144,158,64,0
57394,"[22340, 0]",1,156,64,0
57395,"[22341, 0]",1,0,0,0
57396,"[22341, 1]",2,0,0,0
57397,"[22341, 2]",18,41,18,0
57398,"[22342, 0]",1,0,0,0
57399,"[22342, 1]",2,0,0,0
57400,"[22342, 2]",28,41,18,0
57401,"[22343, 0]",1,0,0,0
57402,"[22343, 1]",3,158,64,-1
57403,"[22343, 2]",2,0,0,-1
57404,"[22343, 3]",49,158,64,-1
57405,"[22344, 0]",1,0,0,0
57406,"[22344, 1]",2,0,0,0
57407,"[22344, 2]",22,64,29,0
57408,"[22345, 0]",1,0,0,1
57409,"[22345, 1]",2,57,26,0
57410,"[22346, 0]",1,0,0,0
57411,"[22346, 1]",2,57,26,0
57412,"[22347, 0]",1,0,0,0
57413,"[22347, 1]",4,41,18,0
57414,"[22347, 2]",2,0,0,0
57415,"[22347, 3]",30,57,26,0
57416,"[22348, 0]",1,0,0,0
57417,"[22348, 1]",7,41,18,0
57418,"[22348, 2]",5,158,64,0
57419,"[22348, 3]",4,0,0,0
57420,"[22348, 4]",3,0,0,0
57421,"[22348, 5]",2,0,0,0
57422,"[22348, 6]",45,64,29,0
57423,"[22348, 7]",43,158,64,0
57424,"[22348, 8]",41,0,0,0
57425,"[22348, 9]",32,2,1,0
57426,"[22348, 10]",29,0,0,0
57427,"[22348, 11]",161,158,64,0
57428,"[22348, 12]",82,41,18,0
57429,"[22349, 0]",1,0,0,1
57430,"[22349, 1]",2,0,0,-1
57431,"[22349, 2]",17,158,64,-1
57432,"[22350, 0]",1,41,18,0
57433,"[22351, 0]",1,156,64,0
57434,"[22352, 0]",1,158,64,0
57435,"[22353, 0]",1,0,0,0
57436,"[22353, 1]",4,57,26,0
57437,"[22354, 0]",1,41,18,0
57438,"[22355, 0]",1,158,64,0
57439,"[22356, 0]",1,55,26,0
57440,"[22357, 0]",1,0,0,0
57441,"[22357, 1]",2,158,64,0
57442,"[22358, 0]",1,41,18,0
57443,"[22359, 0]",1,158,64,0
57444,"[22360, 0]",1,0,0,0
57445,"[22360, 1]",5,57,26,0
57446,"[22360, 2]",3,0,0,0
57447,"[22360, 3]",37,41,18,0
57448,"[22360, 4]",35,0,0,0
57449,"[22360, 5]",34,0,0,0
57450,"[22360, 6]",33,0,0,0
57451,"[22360, 7]",26,0,0,0
57452,"[22360, 8]",95,41,18,0
57453,"[22360, 9]",80,156,64,0
57454,"[22360, 10]",77,0,0,0
57455,"[22360, 11]",71,0,0,0
57456,"[22360, 12]",67,2,1,6
57457,"[22360, 13]",50,0,0,0
57458,"[22360, 14]",43,0,0,0
57459,"[22360, 15]",306,156,64,0
57460,"[22360, 16]",255,2,1,0
57461,"[22360, 17]",254,0,0,0
57462,"[22360, 18]",252,0,0,0
57463,"[22360, 19]",251,0,0,0
57464,"[22360, 20]",205,41,18,0
57465,"[22360, 21]",165,158,64,0
57466,"[22360, 22]",422,2,1,0
57467,"[22360, 23]",421,57,26,0
57468,"[22360, 24]",419,0,0,0
57469,"[22360, 25]",415,0,0,0
57470,"[22360, 26]",412,158,64,0
57471,"[22360, 27]",715,0,0,5
57472,"[22360, 28]",694,0,0,0
57473,"[22360, 29]",693,0,0,0
57474,"[22360, 30]",868,2,1,-1
57475,"[22360, 31]",867,158,64,3
57476,"[22360, 32]",866,0,0,1
57477,"[22360, 33]",863,156,64,0
57478,"[22360, 34]",845,158,64,0
57479,"[22360, 35]",1073,51,24,0
57480,"[22361, 0]",1,158,64,0
57481,"[22362, 0]",1,57,26,0
57482,"[22363, 0]",1,158,64,0
57483,"[22364, 0]",1,158,64,0
57484,"[22365, 0]",1,158,64,0
57485,"[22366, 0]",1,51,24,0
57486,"[22367, 0]",1,0,0,0
57487,"[22367, 1]",2,41,18,0
57488,"[22368, 0]",1,0,0,1
57489,"[22368, 1]",2,2,1,0
57490,"[22369, 0]",1,158,64,0
57491,"[22370, 0]",1,158,64,0
57492,"[22371, 0]",1,0,0,0
57493,"[22371, 1]",2,0,0,0
57494,"[22371, 2]",23,156,64,0
57495,"[22372, 0]",1,0,0,0
57496,"[22372, 1]",2,2,1,0
57497,"[22373, 0]",1,0,0,0
57498,"[22373, 1]",2,158,64,2
57499,"[22374, 0]",1,0,0,0
57500,"[22374, 1]",5,0,0,0
57501,"[22374, 2]",4,0,0,0
57502,"[22374, 3]",2,0,0,0
57503,"[22374, 4]",50,0,0,-1
57504,"[22374, 5]",35,158,64,0
57505,"[22374, 6]",31,0,0,0
57506,"[22374, 7]",131,57,26,0
57507,"[22374, 8]",78,158,64,-1
57508,"[22374, 9]",77,158,64,-1
57509,"[22375, 0]",1,0,0,0
57510,"[22375, 1]",2,0,0,0
57511,"[22375, 2]",23,0,0,-1
57512,"[22375, 3]",49,0,0,-1
57513,"[22375, 4]",81,57,26,4
57514,"[22376, 0]",1,0,0,0
57515,"[22376, 1]",2,158,64,0
57516,"[22377, 0]",1,0,0,0
57517,"[22377, 1]",2,57,26,0
57518,"[22378, 0]",1,0,0,0
57519,"[22378, 1]",4,53,24,0
57520,"[22378, 2]",3,0,0,0
57521,"[22378, 3]",12,0,0,0
57522,"[22378, 4]",32,41,18,4
57523,"[22379, 0]",1,0,0,0
57524,"[22379, 1]",2,158,64,5
57525,"[22380, 0]",1,0,0,0
57526,"[22380, 1]",2,158,64,4
57527,"[22381, 0]",1,158,64,0
57528,"[22382, 0]",1,158,64,0
57529,"[22383, 0]",1,0,0,0
57530,"[22383, 1]",2,41,18,0
57531,"[22384, 0]",1,61,28,0
57532,"[22385, 0]",1,0,0,0
57533,"[22385, 1]",6,156,64,0
57534,"[22385, 2]",5,158,64,0
57535,"[22385, 3]",3,0,0,0
57536,"[22385, 4]",2,0,0,0
57537,"[22385, 5]",47,0,0,0
57538,"[22385, 6]",43,158,64,0
57539,"[22385, 7]",42,158,64,0
57540,"[22385, 8]",114,158,64,2
57541,"[22386, 0]",1,156,64,1
57542,"[22387, 0]",1,64,29,0
57543,"[22388, 0]",1,158,64,0
57544,"[22389, 0]",1,2,1,0
57545,"[22390, 0]",1,0,0,0
57546,"[22390, 1]",2,0,0,0
57547,"[22390, 2]",70,158,64,0
57548,"[22391, 0]",1,0,0,0
57549,"[22391, 1]",2,0,0,0
57550,"[22391, 2]",16,0,0,-1
57551,"[22391, 3]",29,156,64,1
57552,"[22392, 0]",1,41,18,0
57553,"[22393, 0]",1,41,18,0
57554,"[22394, 0]",1,0,0,0
57555,"[22394, 1]",2,41,18,0
57556,"[22395, 0]",1,0,0,0
57557,"[22395, 1]",2,57,26,0
57558,"[22396, 0]",1,0,0,0
57559,"[22396, 1]",6,57,26,0
57560,"[22396, 2]",3,0,0,0
57561,"[22396, 3]",51,41,18,0
57562,"[22396, 4]",49,158,64,0
57563,"[22396, 5]",48,41,18,0
57564,"[22397, 0]",1,0,0,0
57565,"[22397, 1]",5,57,26,0
57566,"[22397, 2]",3,158,64,0
57567,"[22397, 3]",2,0,0,0
57568,"[22397, 4]",28,57,26,0
57569,"[22397, 5]",25,41,18,0
57570,"[22397, 6]",24,0,0,0
57571,"[22397, 7]",61,158,64,0
57572,"[22398, 0]",1,156,64,0
57573,"[22399, 0]",1,0,0,0
57574,"[22399, 1]",2,0,0,0
57575,"[22399, 2]",24,0,0,-1
57576,"[22399, 3]",36,156,64,-1
57577,"[22400, 0]",1,158,64,0
57578,"[22401, 0]",1,0,0,0
57579,"[22401, 1]",2,58,26,0
57580,"[22402, 0]",1,41,18,0
57581,"[22403, 0]",1,0,0,0
57582,"[22403, 1]",2,158,64,0
57583,"[22404, 0]",1,0,0,0
57584,"[22404, 1]",2,158,64,0
57585,"[22405, 0]",1,0,0,0
57586,"[22405, 1]",2,54,24,-1
57587,"[22406, 0]",1,0,0,0
57588,"[22406, 1]",2,41,18,0
57589,"[22407, 0]",1,0,0,0
57590,"[22407, 1]",2,41,18,0
57591,"[22408, 0]",1,41,18,0
57592,"[22409, 0]",1,158,64,0
57593,"[22410, 0]",1,158,64,1
57594,"[22411, 0]",1,0,0,0
57595,"[22411, 1]",2,57,26,-1
57596,"[22412, 0]",1,0,0,0
57597,"[22412, 1]",4,0,0,1
57598,"[22412, 2]",2,0,0,-1
57599,"[22412, 3]",46,0,0,-1
57600,"[22412, 4]",32,61,28,0
57601,"[22412, 5]",53,158,64,-1
57602,"[22413, 0]",1,158,64,0
57603,"[22414, 0]",1,0,0,0
57604,"[22414, 1]",2,156,64,13
57605,"[22415, 0]",1,0,0,0
57606,"[22415, 1]",2,158,64,0
57607,"[22416, 0]",1,0,0,0
57608,"[22416, 1]",2,158,64,0
57609,"[22417, 0]",1,0,0,0
57610,"[22417, 1]",2,0,0,0
57611,"[22417, 2]",14,156,64,0
57612,"[22418, 0]",1,41,18,0
57613,"[22419, 0]",1,41,18,0
57614,"[22420, 0]",1,158,64,0
57615,"[22421, 0]",1,0,0,0
57616,"[22421, 1]",2,54,24,0
57617,"[22422, 0]",1,156,64,0
57618,"[22423, 0]",1,41,18,0
57619,"[22424, 0]",1,0,0,0
57620,"[22424, 1]",3,0,0,0
57621,"[22424, 2]",2,158,64,0
57622,"[22424, 3]",30,0,0,0
57623,"[22424, 4]",62,156,64,2
57624,"[22425, 0]",1,158,64,0
57625,"[22426, 0]",1,0,0,0
57626,"[22426, 1]",2,2,1,0
57627,"[22427, 0]",1,41,18,0
57628,"[22428, 0]",1,41,18,0
57629,"[22429, 0]",1,0,0,0
57630,"[22429, 1]",6,0,0,0
57631,"[22429, 2]",4,0,0,0
57632,"[22429, 3]",2,0,0,0
57633,"[22429, 4]",49,158,64,0
57634,"[22429, 5]",47,0,0,0
57635,"[22429, 6]",46,0,0,0
57636,"[22429, 7]",42,0,0,0
57637,"[22429, 8]",39,158,64,1
57638,"[22429, 9]",120,158,64,0
57639,"[22429, 10]",92,0,0,0
57640,"[22429, 11]",83,158,64,0
57641,"[22429, 12]",225,158,64,0
57642,"[22429, 13]",223,0,0,0
57643,"[22429, 14]",222,0,0,0
57644,"[22429, 15]",514,0,0,0
57645,"[22429, 16]",511,158,64,0
57646,"[22429, 17]",571,158,64,2
57647,"[22430, 0]",1,0,0,0
57648,"[22430, 1]",2,0,0,0
57649,"[22430, 2]",19,158,64,0
57650,"[22431, 0]",1,41,18,0
57651,"[22432, 0]",1,37,18,0
57652,"[22433, 0]",1,0,0,0
57653,"[22433, 1]",2,156,64,-1
57654,"[22434, 0]",1,0,0,0
57655,"[22434, 1]",6,158,64,4
57656,"[22434, 2]",4,0,0,-1
57657,"[22434, 3]",2,0,0,-1
57658,"[22434, 4]",34,0,0,1
57659,"[22434, 5]",33,0,0,2
57660,"[22434, 6]",30,158,64,-1
57661,"[22434, 7]",78,158,64,0
57662,"[22434, 8]",75,57,26,0
57663,"[22435, 0]",1,41,18,0
57664,"[22436, 0]",1,0,0,0
57665,"[22436, 1]",5,158,64,0
57666,"[22436, 2]",3,57,26,0
57667,"[22436, 3]",2,0,0,0
57668,"[22436, 4]",30,0,0,-1
57669,"[22436, 5]",52,0,0,1
57670,"[22436, 6]",175,0,0,0
57671,"[22436, 7]",174,156,64,0
57672,"[22436, 8]",288,156,64,0
57673,"[22437, 0]",1,158,64,0
57674,"[22438, 0]",1,158,64,0
57675,"[22439, 0]",1,158,64,1
57676,"[22440, 0]",1,158,64,0
57677,"[22441, 0]",1,0,0,0
57678,"[22441, 1]",2,0,0,0
57679,"[22441, 2]",15,41,18,0
57680,"[22442, 0]",1,0,0,0
57681,"[22442, 1]",2,41,18,0
57682,"[22443, 0]",1,41,18,0
57683,"[22444, 0]",1,0,0,0
57684,"[22444, 1]",2,0,0,0
57685,"[22444, 2]",15,57,26,0
57686,"[22445, 0]",1,59,28,0
57687,"[22446, 0]",1,0,0,0
57688,"[22446, 1]",2,158,64,0
57689,"[22447, 0]",1,158,64,0
57690,"[22448, 0]",1,158,64,0
57691,"[22449, 0]",1,51,24,0
57692,"[22450, 0]",1,0,0,0
57693,"[22450, 1]",2,57,26,0
57694,"[22451, 0]",1,158,64,0
57695,"[22452, 0]",1,156,64,0
57696,"[22453, 0]",1,0,0,0
57697,"[22453, 1]",7,57,26,0
57698,"[22453, 2]",6,0,0,0
57699,"[22453, 3]",5,0,0,0
57700,"[22453, 4]",4,0,0,0
57701,"[22453, 5]",2,0,0,0
57702,"[22453, 6]",45,0,0,-1
57703,"[22453, 7]",32,0,0,0
57704,"[22453, 8]",27,158,64,0
57705,"[22453, 9]",24,156,64,-1
57706,"[22453, 10]",88,41,18,0
57707,"[22453, 11]",70,158,64,-1
57708,"[22454, 0]",1,0,0,0
57709,"[22454, 1]",2,2,1,0
57710,"[22455, 0]",1,0,0,0
57711,"[22455, 1]",2,158,64,-1
57712,"[22456, 0]",1,0,0,0
57713,"[22456, 1]",2,0,0,0
57714,"[22456, 2]",21,2,1,0
57715,"[22457, 0]",1,54,24,0
57716,"[22458, 0]",1,2,1,0
57717,"[22459, 0]",1,158,64,0
57718,"[22460, 0]",1,0,0,0
57719,"[22460, 1]",2,158,64,0
57720,"[22461, 0]",1,158,64,0
57721,"[22462, 0]",1,158,64,0
57722,"[22463, 0]",1,41,18,0
57723,"[22464, 0]",1,41,18,0
57724,"[22465, 0]",1,0,0,0
57725,"[22465, 1]",7,158,64,0
57726,"[22465, 2]",5,0,0,0
57727,"[22465, 3]",4,0,0,0
57728,"[22465, 4]",3,0,0,0
57729,"[22465, 5]",61,158,64,0
57730,"[22465, 6]",58,0,0,0
57731,"[22465, 7]",53,0,0,0
57732,"[22465, 8]",51,0,0,0
57733,"[22465, 9]",50,0,0,0
57734,"[22465, 10]",48,0,0,0
57735,"[22465, 11]",47,0,0,0
57736,"[22465, 12]",44,158,64,0
57737,"[22465, 13]",42,41,18,0
57738,"[22465, 14]",35,158,64,0
57739,"[22465, 15]",165,158,64,-1
57740,"[22465, 16]",156,0,0,0
57741,"[22465, 17]",151,0,0,-1
57742,"[22465, 18]",148,0,0,2
57743,"[22465, 19]",145,0,0,1
57744,"[22465, 20]",120,156,64,0
57745,"[22465, 21]",119,57,26,0
57746,"[22465, 22]",115,158,64,0
57747,"[22465, 23]",113,0,0,0
57748,"[22465, 24]",111,0,0,0
57749,"[22465, 25]",110,0,0,0
57750,"[22465, 26]",109,0,0,0
57751,"[22465, 27]",105,158,64,0
57752,"[22465, 28]",104,0,0,0
57753,"[22465, 29]",671,54,24,0
57754,"[22465, 30]",649,158,64,0
57755,"[22465, 31]",648,156,64,0
57756,"[22465, 32]",645,2,1,0
57757,"[22465, 33]",642,0,0,0
57758,"[22465, 34]",635,158,64,0
57759,"[22465, 35]",623,0,0,0
57760,"[22465, 36]",587,2,1,0
57761,"[22465, 37]",573,158,64,0
57762,"[22465, 38]",559,158,64,3
57763,"[22465, 39]",527,2,1,0
57764,"[22465, 40]",880,41,18,0
57765,"[22466, 0]",1,0,0,0
57766,"[22466, 1]",5,57,26,-1
57767,"[22467, 0]",1,0,0,0
57768,"[22467, 1]",2,158,64,0
57769,"[22468, 0]",1,0,0,0
57770,"[22468, 1]",2,41,18,3
57771,"[22469, 0]",1,0,0,0
57772,"[22469, 1]",6,158,64,0
57773,"[22469, 2]",2,0,0,0
57774,"[22469, 3]",74,0,0,0
57775,"[22469, 4]",73,57,26,0
57776,"[22469, 5]",96,57,26,14
57777,"[22470, 0]",1,57,26,0
57778,"[22471, 0]",1,41,18,0
57779,"[22472, 0]",1,0,0,0
57780,"[22472, 1]",2,158,64,0
57781,"[22473, 0]",1,0,0,0
57782,"[22473, 1]",3,0,0,0
57783,"[22473, 2]",2,0,0,0
57784,"[22473, 3]",27,158,64,28
57785,"[22473, 4]",24,158,64,-1
57786,"[22473, 5]",20,158,64,0
57787,"[22473, 6]",18,0,0,0
57788,"[22473, 7]",89,0,0,0
57789,"[22473, 8]",117,156,64,11
57790,"[22474, 0]",1,0,0,0
57791,"[22474, 1]",4,2,1,0
57792,"[22474, 2]",3,0,0,0
57793,"[22474, 3]",2,0,0,0
57794,"[22474, 4]",37,41,18,0
57795,"[22474, 5]",34,158,64,-1
57796,"[22475, 0]",1,0,0,0
57797,"[22475, 1]",2,0,0,0
57798,"[22475, 2]",32,41,18,17
57799,"[22476, 0]",1,0,0,0
57800,"[22476, 1]",2,41,18,0
57801,"[22477, 0]",1,55,26,0
57802,"[22478, 0]",1,57,26,0
57803,"[22479, 0]",1,0,0,0
57804,"[22479, 1]",2,57,26,0
57805,"[22480, 0]",1,0,0,0
57806,"[22480, 1]",2,41,18,3
57807,"[22481, 0]",1,156,64,0
57808,"[22482, 0]",1,158,64,0
57809,"[22483, 0]",1,0,0,0
57810,"[22483, 1]",4,63,28,0
57811,"[22483, 2]",2,0,0,0
57812,"[22483, 3]",41,158,64,0
57813,"[22483, 4]",38,0,0,0
57814,"[22483, 5]",37,0,0,0
57815,"[22483, 6]",79,0,0,0
57816,"[22483, 7]",74,158,64,0
57817,"[22483, 8]",178,0,0,0
57818,"[22483, 9]",419,41,18,0
57819,"[22484, 0]",1,0,0,0
57820,"[22484, 1]",2,57,26,0
57821,"[22485, 0]",1,0,0,0
57822,"[22485, 1]",7,51,24,0
57823,"[22485, 2]",6,158,64,0
57824,"[22485, 3]",5,0,0,0
57825,"[22485, 4]",3,0,0,0
57826,"[22485, 5]",39,158,64,0
57827,"[22485, 6]",37,0,0,0
57828,"[22485, 7]",36,0,0,0
57829,"[22485, 8]",33,158,64,0
57830,"[22485, 9]",31,0,0,0
57831,"[22485, 10]",30,0,0,0
57832,"[22485, 11]",116,2,1,0
57833,"[22485, 12]",84,0,0,0
57834,"[22485, 13]",83,0,0,0
57835,"[22485, 14]",82,0,0,0
57836,"[22485, 15]",75,51,24,0
57837,"[22485, 16]",356,158,64,0
57838,"[22485, 17]",355,158,64,0
57839,"[22485, 18]",351,0,0,0
57840,"[22485, 19]",342,41,18,0
57841,"[22485, 20]",339,156,64,0
57842,"[22485, 21]",515,41,18,0
57843,"[22485, 22]",514,41,18,0
57844,"[22486, 0]",1,0,0,0
57845,"[22486, 1]",2,0,0,0
57846,"[22486, 2]",23,41,18,0
57847,"[22487, 0]",1,41,18,0
57848,"[22488, 0]",1,158,64,0
57849,"[22489, 0]",1,0,0,0
57850,"[22489, 1]",2,0,0,0
57851,"[22489, 2]",18,158,64,0
57852,"[22490, 0]",1,156,64,0
57853,"[22491, 0]",1,41,18,0
57854,"[22492, 0]",1,0,0,0
57855,"[22492, 1]",2,41,18,0
57856,"[22493, 0]",1,0,0,0
57857,"[22493, 1]",7,158,64,0
57858,"[22493, 2]",4,0,0,0
57859,"[22493, 3]",3,0,0,0
57860,"[22493, 4]",2,0,0,0
57861,"[22493, 5]",51,0,0,0
57862,"[22493, 6]",42,0,0,0
57863,"[22493, 7]",38,158,64,0
57864,"[22493, 8]",142,158,64,0
57865,"[22493, 9]",75,58,26,0
57866,"[22494, 0]",1,0,0,0
57867,"[22494, 1]",2,41,18,0
57868,"[22495, 0]",1,0,0,0
57869,"[22495, 1]",2,158,64,0
57870,"[22496, 0]",1,158,64,0
57871,"[22497, 0]",1,2,1,0
57872,"[22498, 0]",1,158,64,0
57873,"[22499, 0]",1,57,26,0
57874,"[22500, 0]",1,0,0,1
57875,"[22500, 1]",4,0,0,0
57876,"[22500, 2]",2,0,0,0
57877,"[22500, 3]",17,158,64,25
57878,"[22501, 0]",1,158,64,0
57879,"[22502, 0]",1,158,64,0
57880,"[22503, 0]",1,0,0,0
57881,"[22503, 1]",2,158,64,1
57882,"[22504, 0]",1,158,64,0
57883,"[22505, 0]",1,158,64,0
57884,"[22506, 0]",1,156,64,0
57885,"[22507, 0]",1,0,0,0
57886,"[22507, 1]",2,41,18,0
57887,"[22508, 0]",1,0,0,0
57888,"[22508, 1]",2,41,18,0
57889,"[22509, 0]",1,158,64,0
57890,"[22510, 0]",1,0,0,0
57891,"[22510, 1]",2,0,0,0
57892,"[22510, 2]",16,37,18,0
57893,"[22511, 0]",1,0,0,0
57894,"[22511, 1]",2,0,0,0
57895,"[22511, 2]",56,0,0,0
57896,"[22511, 3]",84,0,0,0
57897,"[22511, 4]",112,57,26,0
57898,"[22512, 0]",1,0,0,0
57899,"[22512, 1]",8,0,0,0
57900,"[22512, 2]",5,0,0,0
57901,"[22512, 3]",4,0,0,0
57902,"[22512, 4]",3,0,0,0
57903,"[22512, 5]",2,0,0,0
57904,"[22512, 6]",59,158,64,0
57905,"[22512, 7]",57,0,0,0
57906,"[22512, 8]",55,0,0,0
57907,"[22512, 9]",51,158,64,0
57908,"[22512, 10]",50,0,0,0
57909,"[22512, 11]",47,0,0,0
57910,"[22512, 12]",41,0,0,0
57911,"[22512, 13]",30,158,64,1
57912,"[22512, 14]",186,158,64,0
57913,"[22512, 15]",147,0,0,0
57914,"[22512, 16]",131,0,0,2
57915,"[22512, 17]",96,156,64,0
57916,"[22512, 18]",90,41,18,0
57917,"[22512, 19]",360,63,28,-1
57918,"[22512, 20]",344,158,64,1
57919,"[22513, 0]",1,156,64,0
57920,"[22514, 0]",1,158,64,0
57921,"[22515, 0]",1,41,18,0
57922,"[22516, 0]",1,57,26,0
57923,"[22517, 0]",1,0,0,0
57924,"[22517, 1]",5,158,64,0
57925,"[22517, 2]",3,0,0,0
57926,"[22517, 3]",2,0,0,0
57927,"[22517, 4]",49,2,1,0
57928,"[22517, 5]",47,0,0,0
57929,"[22517, 6]",46,0,0,0
57930,"[22517, 7]",43,0,0,0
57931,"[22517, 8]",42,0,0,0
57932,"[22517, 9]",41,158,64,0
57933,"[22517, 10]",38,0,0,0
57934,"[22517, 11]",33,0,0,0
57935,"[22517, 12]",135,0,0,0
57936,"[22517, 13]",103,158,64,-1
57937,"[22517, 14]",100,158,64,-1
57938,"[22517, 15]",92,0,0,-1
57939,"[22517, 16]",89,158,64,0
57940,"[22517, 17]",65,158,64,3
57941,"[22517, 18]",62,59,28,0
57942,"[22517, 19]",323,0,0,1
57943,"[22517, 20]",263,2,1,0
57944,"[22517, 21]",261,0,0,0
57945,"[22517, 22]",746,57,26,0
57946,"[22517, 23]",745,0,0,0
57947,"[22517, 24]",617,158,64,0
57948,"[22517, 25]",779,158,64,0
57949,"[22518, 0]",1,0,0,0
57950,"[22518, 1]",2,156,64,0
57951,"[22519, 0]",1,2,1,0
57952,"[22520, 0]",1,41,18,0
57953,"[22521, 0]",1,0,0,0
57954,"[22521, 1]",2,2,1,0
57955,"[22522, 0]",1,0,0,0
57956,"[22522, 1]",4,41,18,0
57957,"[22522, 2]",2,0,0,0
57958,"[22522, 3]",44,2,1,0
57959,"[22522, 4]",42,158,64,0
57960,"[22523, 0]",1,57,26,0
57961,"[22524, 0]",1,41,18,0
57962,"[22525, 0]",1,158,64,0
57963,"[22526, 0]",1,0,0,0
57964,"[22526, 1]",2,156,64,3
57965,"[22527, 0]",1,158,64,0
57966,"[22528, 0]",1,57,26,0
57967,"[22529, 0]",1,0,0,0
57968,"[22529, 1]",2,158,64,-1
57969,"[22530, 0]",1,0,0,0
57970,"[22530, 1]",2,0,0,0
57971,"[22530, 2]",31,158,64,0
57972,"[22531, 0]",1,158,64,0
57973,"[22532, 0]",1,57,26,0
57974,"[22533, 0]",1,158,64,0
57975,"[22534, 0]",1,158,64,0
57976,"[22535, 0]",1,0,0,0
57977,"[22535, 1]",2,156,64,0
57978,"[22536, 0]",1,158,64,0
57979,"[22537, 0]",1,0,0,0
57980,"[22537, 1]",2,0,0,0
57981,"[22537, 2]",18,61,28,0
57982,"[22538, 0]",1,2,1,0
57983,"[22539, 0]",1,0,0,0
57984,"[22539, 1]",2,158,64,0
57985,"[22540, 0]",1,0,0,0
57986,"[22540, 1]",2,0,0,0
57987,"[22540, 2]",82,41,18,0
57988,"[22541, 0]",1,158,64,0
57989,"[22542, 0]",1,57,26,0
57990,"[22543, 0]",1,0,0,0
57991,"[22543, 1]",2,0,0,-1
57992,"[22543, 2]",54,158,64,5
57993,"[22544, 0]",1,0,0,0
57994,"[22544, 1]",2,156,64,0
57995,"[22545, 0]",1,158,64,0
57996,"[22546, 0]",1,0,0,0
57997,"[22546, 1]",2,53,24,0
57998,"[22547, 0]",1,41,18,0
57999,"[22548, 0]",1,156,64,0
58000,"[22549, 0]",1,158,64,0
58001,"[22550, 0]",1,0,0,0
58002,"[22550, 1]",2,0,0,0
58003,"[22550, 2]",45,158,64,0
58004,"[22551, 0]",1,158,64,0
58005,"[22552, 0]",1,158,64,0
58006,"[22553, 0]",1,41,18,0
58007,"[22554, 0]",1,158,64,0
58008,"[22555, 0]",1,0,0,0
58009,"[22555, 1]",2,0,0,0
58010,"[22555, 2]",11,158,64,0
58011,"[22556, 0]",1,0,0,0
58012,"[22556, 1]",2,0,0,0
58013,"[22556, 2]",78,2,1,1
58014,"[22557, 0]",1,158,64,0
58015,"[22558, 0]",1,0,0,0
58016,"[22558, 1]",2,156,64,0
58017,"[22559, 0]",1,2,1,1
58018,"[22560, 0]",1,0,0,0
58019,"[22560, 1]",2,54,24,7
58020,"[22561, 0]",1,0,0,0
58021,"[22561, 1]",2,158,64,0
58022,"[22562, 0]",1,59,28,0
58023,"[22563, 0]",1,2,1,0
58024,"[22564, 0]",1,158,64,0
58025,"[22565, 0]",1,156,64,0
58026,"[22566, 0]",1,53,24,0
58027,"[22567, 0]",1,158,64,0
58028,"[22568, 0]",1,0,0,0
58029,"[22568, 1]",3,57,26,0
58030,"[22568, 2]",2,0,0,0
58031,"[22568, 3]",38,41,18,0
58032,"[22569, 0]",1,0,0,0
58033,"[22569, 1]",7,158,64,0
58034,"[22569, 2]",6,158,64,0
58035,"[22569, 3]",2,0,0,0
58036,"[22569, 4]",59,57,26,0
58037,"[22569, 5]",58,2,1,0
58038,"[22569, 6]",57,156,64,0
58039,"[22570, 0]",1,41,18,0
58040,"[22571, 0]",1,0,0,0
58041,"[22571, 1]",2,53,24,0
58042,"[22572, 0]",1,158,64,0
58043,"[22573, 0]",1,0,0,0
58044,"[22573, 1]",2,158,64,0
58045,"[22574, 0]",1,158,64,0
58046,"[22575, 0]",1,158,64,0
58047,"[22576, 0]",1,0,0,0
58048,"[22576, 1]",2,158,64,0
58049,"[22577, 0]",1,0,0,0
58050,"[22577, 1]",2,0,0,0
58051,"[22577, 2]",17,158,64,0
58052,"[22577, 3]",16,158,64,0
58053,"[22578, 0]",1,0,0,0
58054,"[22578, 1]",2,158,64,0
58055,"[22579, 0]",1,0,0,0
58056,"[22579, 1]",2,41,18,0
58057,"[22580, 0]",1,0,0,0
58058,"[22580, 1]",2,41,18,0
58059,"[22581, 0]",1,0,0,0
58060,"[22581, 1]",2,156,64,0
58061,"[22582, 0]",1,53,24,0
58062,"[22583, 0]",1,57,26,0
58063,"[22584, 0]",1,0,0,1
58064,"[22584, 1]",2,158,64,0
58065,"[22585, 0]",1,57,26,0
58066,"[22586, 0]",1,0,0,0
58067,"[22586, 1]",4,158,64,6
58068,"[22587, 0]",1,0,0,1
58069,"[22588, 0]",1,0,0,1
58070,"[22588, 1]",4,0,0,0
58071,"[22588, 2]",2,0,0,0
58072,"[22588, 3]",41,0,0,0
58073,"[22588, 4]",23,158,64,-1
58074,"[22588, 5]",61,158,64,1
58075,"[22589, 0]",1,0,0,0
58076,"[22589, 1]",2,158,64,-1
58077,"[22590, 0]",1,41,18,0
58078,"[22591, 0]",1,2,1,0
58079,"[22592, 0]",1,0,0,0
58080,"[22592, 1]",4,41,18,0
58081,"[22592, 2]",2,0,0,0
58082,"[22592, 3]",23,0,0,0
58083,"[22592, 4]",88,0,0,0
58084,"[22592, 5]",167,156,64,0
58085,"[22593, 0]",1,41,18,0
58086,"[22594, 0]",1,0,0,0
58087,"[22594, 1]",3,0,0,0
58088,"[22594, 2]",2,41,18,0
58089,"[22594, 3]",23,2,1,0
58090,"[22595, 0]",1,158,64,0
58091,"[22596, 0]",1,0,0,0
58092,"[22596, 1]",2,158,64,0
58093,"[22597, 0]",1,41,18,0
58094,"[22598, 0]",1,0,0,0
58095,"[22598, 1]",6,158,64,0
58096,"[22598, 2]",5,0,0,0
58097,"[22598, 3]",3,0,0,0
58098,"[22598, 4]",37,158,64,1
58099,"[22598, 5]",28,158,64,0
58100,"[22599, 0]",1,0,0,0
58101,"[22599, 1]",3,158,64,0
58102,"[22599, 2]",2,41,18,0
58103,"[22600, 0]",1,158,64,0
58104,"[22601, 0]",1,0,0,0
58105,"[22601, 1]",5,53,24,0
58106,"[22601, 2]",3,0,0,0
58107,"[22601, 3]",2,0,0,0
58108,"[22601, 4]",25,41,18,0
58109,"[22601, 5]",23,0,0,0
58110,"[22601, 6]",22,0,0,0
58111,"[22601, 7]",18,57,26,-1
58112,"[22601, 8]",16,0,0,2
58113,"[22601, 9]",15,0,0,-1
58114,"[22601, 10]",136,158,64,7
58115,"[22601, 11]",133,158,64,3
58116,"[22601, 12]",86,0,0,0
58117,"[22601, 13]",85,41,18,0
58118,"[22601, 14]",78,0,0,0
58119,"[22601, 15]",279,41,18,0
58120,"[22601, 16]",230,158,64,0
58121,"[22602, 0]",1,0,0,0
58122,"[22602, 1]",2,158,64,0
58123,"[22603, 0]",1,0,0,0
58124,"[22603, 1]",2,77,32,0
58125,"[22604, 0]",1,41,18,0
58126,"[22605, 0]",1,41,18,0
58127,"[22606, 0]",1,0,0,0
58128,"[22606, 1]",2,41,18,0
58129,"[22607, 0]",1,158,64,0
58130,"[22608, 0]",1,57,26,0
58131,"[22609, 0]",1,0,0,0
58132,"[22609, 1]",2,2,1,0
58133,"[22610, 0]",1,41,18,0
58134,"[22611, 0]",1,0,0,0
58135,"[22611, 1]",2,0,0,0
58136,"[22611, 2]",14,41,18,0
58137,"[22612, 0]",1,158,64,0
58138,"[22613, 0]",1,0,0,0
58139,"[22613, 1]",2,158,64,0
58140,"[22614, 0]",1,0,0,0
58141,"[22614, 1]",6,158,64,0
58142,"[22614, 2]",4,0,0,0
58143,"[22614, 3]",3,0,0,0
58144,"[22614, 4]",29,0,0,0
58145,"[22614, 5]",28,0,0,0
58146,"[22614, 6]",27,0,0,0
58147,"[22614, 7]",23,55,26,0
58148,"[22614, 8]",63,158,64,0
58149,"[22614, 9]",62,0,0,0
58150,"[22614, 10]",61,0,0,0
58151,"[22614, 11]",59,66,29,0
58152,"[22614, 12]",57,158,64,0
58153,"[22614, 13]",55,0,0,0
58154,"[22614, 14]",52,156,64,0
58155,"[22614, 15]",207,156,64,0
58156,"[22614, 16]",177,156,64,0
58157,"[22614, 17]",166,2,1,0
58158,"[22615, 0]",1,0,0,0
58159,"[22615, 1]",5,41,18,0
58160,"[22615, 2]",2,0,0,0
58161,"[22615, 3]",57,41,18,0
58162,"[22615, 4]",54,0,0,0
58163,"[22615, 5]",53,0,0,0
58164,"[22615, 6]",52,0,0,0
58165,"[22615, 7]",86,0,0,0
58166,"[22615, 8]",80,41,18,0
58167,"[22615, 9]",74,156,64,0
58168,"[22615, 10]",158,158,64,0
58169,"[22616, 0]",1,57,26,0
58170,"[22617, 0]",1,0,0,0
58171,"[22617, 1]",5,57,26,0
58172,"[22617, 2]",2,0,0,0
58173,"[22617, 3]",23,0,0,-1
58174,"[22617, 4]",22,0,0,3
58175,"[22617, 5]",67,158,64,0
58176,"[22617, 6]",64,41,18,2
58177,"[22618, 0]",1,54,24,1
58178,"[22619, 0]",1,55,26,0
58179,"[22620, 0]",1,158,64,0
58180,"[22621, 0]",1,0,0,0
58181,"[22621, 1]",2,0,0,0
58182,"[22621, 2]",80,0,0,0
58183,"[22621, 3]",95,158,64,0
58184,"[22622, 0]",1,0,0,0
58185,"[22622, 1]",2,0,0,0
58186,"[22622, 2]",28,158,64,0
58187,"[22623, 0]",1,53,24,1
58188,"[22624, 0]",1,158,64,0
58189,"[22625, 0]",1,0,0,0
58190,"[22625, 1]",6,2,1,0
58191,"[22625, 2]",3,0,0,0
58192,"[22625, 3]",2,0,0,0
58193,"[22625, 4]",58,41,18,0
58194,"[22625, 5]",55,0,0,0
58195,"[22625, 6]",53,0,0,0
58196,"[22625, 7]",99,0,0,0
58197,"[22625, 8]",97,2,1,0
58198,"[22625, 9]",96,0,0,0
58199,"[22625, 10]",91,158,64,0
58200,"[22625, 11]",188,158,64,0
58201,"[22625, 12]",174,158,64,1
58202,"[22626, 0]",1,158,64,0
58203,"[22627, 0]",1,2,1,0
58204,"[22628, 0]",1,156,64,0
58205,"[22629, 0]",1,0,0,1
58206,"[22629, 1]",2,0,0,0
58207,"[22629, 2]",18,158,64,-1
58208,"[22630, 0]",1,0,0,0
58209,"[22630, 1]",7,158,64,0
58210,"[22630, 2]",5,0,0,0
58211,"[22630, 3]",4,158,64,0
58212,"[22630, 4]",2,0,0,0
58213,"[22630, 5]",39,57,26,0
58214,"[22630, 6]",33,158,64,0
58215,"[22631, 0]",1,41,18,0
58216,"[22632, 0]",1,0,0,0
58217,"[22632, 1]",2,0,0,-1
58218,"[22632, 2]",47,158,64,9
58219,"[22633, 0]",1,41,18,0
58220,"[22634, 0]",1,156,64,0
58221,"[22635, 0]",1,0,0,0
58222,"[22635, 1]",2,158,64,0
58223,"[22636, 0]",1,0,0,0
58224,"[22636, 1]",2,0,0,0
58225,"[22636, 2]",44,156,64,0
58226,"[22637, 0]",1,0,0,0
58227,"[22637, 1]",8,57,26,0
58228,"[22637, 2]",6,0,0,0
58229,"[22637, 3]",4,0,0,0
58230,"[22637, 4]",3,0,0,0
58231,"[22637, 5]",2,0,0,0
58232,"[22637, 6]",63,57,26,0
58233,"[22637, 7]",62,158,64,0
58234,"[22637, 8]",59,0,0,0
58235,"[22637, 9]",58,0,0,0
58236,"[22637, 10]",57,0,0,0
58237,"[22637, 11]",45,0,0,0
58238,"[22637, 12]",41,57,26,0
58239,"[22637, 13]",179,158,64,0
58240,"[22637, 14]",103,158,64,0
58241,"[22637, 15]",101,158,64,0
58242,"[22637, 16]",100,156,64,0
58243,"[22637, 17]",98,0,0,0
58244,"[22637, 18]",97,158,64,0
58245,"[22637, 19]",92,158,64,0
58246,"[22637, 20]",334,158,64,0
58247,"[22638, 0]",1,0,0,0
58248,"[22638, 1]",2,158,64,1
58249,"[22639, 0]",1,158,64,0
58250,"[22640, 0]",1,0,0,0
58251,"[22640, 1]",3,0,0,0
58252,"[22640, 2]",2,2,1,0
58253,"[22640, 3]",32,158,64,1
58254,"[22641, 0]",1,0,0,0
58255,"[22641, 1]",2,158,64,0
58256,"[22642, 0]",1,0,0,0
58257,"[22642, 1]",2,41,18,0
58258,"[22643, 0]",1,0,0,0
58259,"[22643, 1]",2,158,64,0
58260,"[22644, 0]",1,158,64,0
58261,"[22645, 0]",1,158,64,0
58262,"[22646, 0]",1,0,0,0
58263,"[22646, 1]",2,0,0,0
58264,"[22646, 2]",36,158,64,0
58265,"[22646, 3]",35,0,0,0
58266,"[22646, 4]",72,41,18,0
58267,"[22647, 0]",1,54,24,0
58268,"[22648, 0]",1,0,0,0
58269,"[22648, 1]",2,158,64,0
58270,"[22649, 0]",1,0,0,0
58271,"[22649, 1]",2,0,0,0
58272,"[22649, 2]",19,2,1,-1
58273,"[22650, 0]",1,0,0,0
58274,"[22650, 1]",3,0,0,0
58275,"[22650, 2]",2,0,0,0
58276,"[22650, 3]",44,0,0,-1
58277,"[22650, 4]",41,0,0,0
58278,"[22650, 5]",92,0,0,0
58279,"[22650, 6]",75,158,64,12
58280,"[22650, 7]",123,158,64,-1
58281,"[22651, 0]",1,0,0,0
58282,"[22651, 1]",2,51,24,0
58283,"[22652, 0]",1,158,64,1
58284,"[22653, 0]",1,158,64,0
58285,"[22654, 0]",1,54,24,0
58286,"[22655, 0]",1,41,18,0
58287,"[22656, 0]",1,0,0,0
58288,"[22656, 1]",2,158,64,0
58289,"[22657, 0]",1,57,26,0
58290,"[22658, 0]",1,158,64,0
58291,"[22659, 0]",1,2,1,0
58292,"[22660, 0]",1,0,0,0
58293,"[22660, 1]",5,158,64,0
58294,"[22660, 2]",3,41,18,0
58295,"[22660, 3]",2,0,0,0
58296,"[22660, 4]",45,0,0,0
58297,"[22660, 5]",68,41,18,0
58298,"[22661, 0]",1,158,64,0
58299,"[22662, 0]",1,158,64,0
58300,"[22663, 0]",1,0,0,0
58301,"[22663, 1]",2,158,64,-1
58302,"[22664, 0]",1,2,1,0
58303,"[22665, 0]",1,0,0,0
58304,"[22665, 1]",3,0,0,0
58305,"[22665, 2]",2,0,0,0
58306,"[22665, 3]",36,158,64,0
58307,"[22665, 4]",35,158,64,0
58308,"[22665, 5]",28,156,64,0
58309,"[22666, 0]",1,0,0,0
58310,"[22666, 1]",2,0,0,0
58311,"[22666, 2]",18,158,64,0
58312,"[22667, 0]",1,41,18,0
58313,"[22668, 0]",1,0,0,0
58314,"[22668, 1]",2,0,0,0
58315,"[22668, 2]",18,2,1,0
58316,"[22669, 0]",1,158,64,0
58317,"[22670, 0]",1,0,0,0
58318,"[22670, 1]",2,158,64,0
58319,"[22671, 0]",1,0,0,0
58320,"[22671, 1]",2,158,64,0
58321,"[22672, 0]",1,0,0,0
58322,"[22672, 1]",2,158,64,-1
58323,"[22673, 0]",1,158,64,0
58324,"[22674, 0]",1,0,0,0
58325,"[22674, 1]",2,41,18,4
58326,"[22675, 0]",1,0,0,0
58327,"[22675, 1]",3,41,18,0
58328,"[22675, 2]",2,158,64,0
58329,"[22676, 0]",1,156,64,0
58330,"[22677, 0]",1,41,18,0
58331,"[22678, 0]",1,0,0,0
58332,"[22678, 1]",2,0,0,0
58333,"[22678, 2]",35,156,64,0
58334,"[22678, 3]",34,158,64,0
58335,"[22678, 4]",33,0,0,0
58336,"[22678, 5]",66,2,1,0
58337,"[22679, 0]",1,158,64,0
58338,"[22680, 0]",1,0,0,0
58339,"[22680, 1]",2,0,0,0
58340,"[22680, 2]",15,158,64,0
58341,"[22681, 0]",1,0,0,0
58342,"[22681, 1]",2,156,64,0
58343,"[22682, 0]",1,0,0,0
58344,"[22682, 1]",2,0,0,-1
58345,"[22682, 2]",28,0,0,-1
58346,"[22682, 3]",38,0,0,-1
58347,"[22682, 4]",47,158,64,-1
58348,"[22683, 0]",1,158,64,0
58349,"[22684, 0]",1,0,0,0
58350,"[22684, 1]",3,158,64,0
58351,"[22684, 2]",2,0,0,0
58352,"[22684, 3]",32,55,26,0
58353,"[22685, 0]",1,57,26,0
58354,"[22686, 0]",1,57,26,0
58355,"[22687, 0]",1,0,0,0
58356,"[22687, 1]",2,41,18,0
58357,"[22688, 0]",1,0,0,0
58358,"[22688, 1]",2,57,26,0
58359,"[22689, 0]",1,158,64,0
58360,"[22690, 0]",1,158,64,0
58361,"[22691, 0]",1,158,64,0
58362,"[22692, 0]",1,0,0,0
58363,"[22692, 1]",2,2,1,0
58364,"[22693, 0]",1,0,0,0
58365,"[22693, 1]",2,41,18,0
58366,"[22694, 0]",1,0,0,0
58367,"[22694, 1]",2,158,64,0
58368,"[22695, 0]",1,53,24,0
58369,"[22696, 0]",1,158,64,0
58370,"[22697, 0]",1,54,24,0
58371,"[22698, 0]",1,0,0,0
58372,"[22698, 1]",6,158,64,0
58373,"[22698, 2]",4,0,0,0
58374,"[22698, 3]",3,0,0,0
58375,"[22698, 4]",2,0,0,0
58376,"[22698, 5]",48,158,64,0
58377,"[22698, 6]",47,0,0,0
58378,"[22698, 7]",44,0,0,0
58379,"[22698, 8]",41,158,64,0
58380,"[22698, 9]",39,0,0,0
58381,"[22698, 10]",38,0,0,0
58382,"[22698, 11]",34,158,64,0
58383,"[22698, 12]",110,57,26,0
58384,"[22698, 13]",107,2,1,0
58385,"[22698, 14]",83,158,64,-1
58386,"[22698, 15]",53,158,64,-1
58387,"[22699, 0]",1,158,64,0
58388,"[22700, 0]",1,0,0,0
58389,"[22700, 1]",2,0,0,0
58390,"[22700, 2]",60,0,0,3
58391,"[22700, 3]",68,158,64,0
58392,"[22701, 0]",1,0,0,0
58393,"[22701, 1]",2,0,0,0
58394,"[22701, 2]",22,57,26,0
58395,"[22702, 0]",1,0,0,0
58396,"[22702, 1]",2,57,26,0
58397,"[22703, 0]",1,0,0,0
58398,"[22703, 1]",2,158,64,1
58399,"[22704, 0]",1,0,0,0
58400,"[22704, 1]",2,158,64,2
58401,"[22705, 0]",1,0,0,0
58402,"[22705, 1]",2,41,18,0
58403,"[22706, 0]",1,158,64,0
58404,"[22707, 0]",1,0,0,0
58405,"[22707, 1]",2,158,64,0
58406,"[22708, 0]",1,0,0,0
58407,"[22708, 1]",2,57,26,0
58408,"[22709, 0]",1,158,64,0
58409,"[22710, 0]",1,158,64,0
58410,"[22711, 0]",1,0,0,0
58411,"[22711, 1]",2,57,26,0
58412,"[22712, 0]",1,41,18,0
58413,"[22713, 0]",1,0,0,0
58414,"[22713, 1]",2,41,18,0
58415,"[22714, 0]",1,57,26,0
58416,"[22715, 0]",1,57,26,0
58417,"[22716, 0]",1,0,0,0
58418,"[22716, 1]",2,2,1,0
58419,"[22717, 0]",1,37,18,0
58420,"[22718, 0]",1,158,64,1
58421,"[22719, 0]",1,0,0,0
58422,"[22719, 1]",2,41,18,0
58423,"[22720, 0]",1,158,64,0
58424,"[22721, 0]",1,158,64,0
58425,"[22722, 0]",1,158,64,0
58426,"[22723, 0]",1,0,0,0
58427,"[22723, 1]",2,156,64,0
58428,"[22724, 0]",1,158,64,0
58429,"[22725, 0]",1,0,0,0
58430,"[22725, 1]",3,158,64,0
58431,"[22725, 2]",2,158,64,0
58432,"[22726, 0]",1,0,0,0
58433,"[22726, 1]",2,158,64,-1
58434,"[22727, 0]",1,0,0,0
58435,"[22727, 1]",2,2,1,0
58436,"[22728, 0]",1,0,0,0
58437,"[22728, 1]",2,158,64,0
58438,"[22729, 0]",1,158,64,0
58439,"[22730, 0]",1,0,0,0
58440,"[22730, 1]",2,158,64,0
58441,"[22731, 0]",1,57,26,0
58442,"[22732, 0]",1,158,64,0
58443,"[22733, 0]",1,37,18,0
58444,"[22734, 0]",1,156,64,0
58445,"[22735, 0]",1,0,0,0
58446,"[22735, 1]",5,0,0,0
58447,"[22735, 2]",3,0,0,0
58448,"[22735, 3]",2,0,0,0
58449,"[22735, 4]",53,0,0,0
58450,"[22735, 5]",49,0,0,0
58451,"[22735, 6]",37,0,0,-1
58452,"[22735, 7]",120,156,64,-1
58453,"[22735, 8]",100,158,64,3
58454,"[22735, 9]",82,2,1,0
58455,"[22736, 0]",1,0,0,0
58456,"[22736, 1]",5,158,64,0
58457,"[22736, 2]",3,57,26,0
58458,"[22736, 3]",2,0,0,0
58459,"[22736, 4]",27,0,0,-1
58460,"[22736, 5]",24,0,0,-1
58461,"[22736, 6]",41,0,0,-1
58462,"[22736, 7]",38,158,64,-1
58463,"[22736, 8]",149,156,64,-1
58464,"[22737, 0]",1,0,0,0
58465,"[22737, 1]",2,0,0,0
58466,"[22737, 2]",13,0,0,0
58467,"[22737, 3]",92,158,64,0
58468,"[22738, 0]",1,0,0,0
58469,"[22738, 1]",2,57,26,0
58470,"[22739, 0]",1,158,64,0
58471,"[22740, 0]",1,57,26,0
58472,"[22741, 0]",1,158,64,0
58473,"[22742, 0]",1,0,0,0
58474,"[22742, 1]",5,158,64,0
58475,"[22742, 2]",4,158,64,0
58476,"[22742, 3]",2,0,0,0
58477,"[22742, 4]",38,0,0,0
58478,"[22742, 5]",53,158,64,0
58479,"[22743, 0]",1,41,18,0
58480,"[22744, 0]",1,0,0,0
58481,"[22744, 1]",2,0,0,-1
58482,"[22744, 2]",18,0,0,5
58483,"[22744, 3]",37,158,64,1
58484,"[22745, 0]",1,156,64,0
58485,"[22746, 0]",1,0,0,0
58486,"[22746, 1]",5,0,0,0
58487,"[22746, 2]",4,0,0,0
58488,"[22746, 3]",2,0,0,0
58489,"[22746, 4]",39,41,18,0
58490,"[22746, 5]",23,57,26,0
58491,"[22746, 6]",19,41,18,0
58492,"[22747, 0]",1,158,64,0
58493,"[22748, 0]",1,57,26,0
58494,"[22749, 0]",1,41,18,0
58495,"[22750, 0]",1,0,0,0
58496,"[22750, 1]",2,158,64,4
58497,"[22751, 0]",1,156,64,0
58498,"[22752, 0]",1,41,18,0
58499,"[22753, 0]",1,0,0,0
58500,"[22753, 1]",7,0,0,0
58501,"[22753, 2]",5,0,0,0
58502,"[22753, 3]",3,0,0,0
58503,"[22753, 4]",2,0,0,0
58504,"[22753, 5]",57,158,64,0
58505,"[22753, 6]",54,0,0,0
58506,"[22753, 7]",52,57,26,0
58507,"[22753, 8]",50,57,26,0
58508,"[22753, 9]",49,0,0,0
58509,"[22753, 10]",47,0,0,0
58510,"[22753, 11]",38,41,18,0
58511,"[22753, 12]",33,0,0,2
58512,"[22753, 13]",202,57,26,0
58513,"[22753, 14]",109,41,18,0
58514,"[22753, 15]",108,0,0,0
58515,"[22753, 16]",107,0,0,0
58516,"[22753, 17]",104,0,0,0
58517,"[22753, 18]",83,158,64,0
58518,"[22753, 19]",81,2,1,0
58519,"[22753, 20]",78,0,0,0
58520,"[22753, 21]",77,0,0,0
58521,"[22753, 22]",430,2,1,0
58522,"[22753, 23]",427,0,0,0
58523,"[22753, 24]",426,0,0,0
58524,"[22753, 25]",417,59,28,0
58525,"[22753, 26]",293,57,26,0
58526,"[22753, 27]",273,41,18,0
58527,"[22753, 28]",270,156,64,40
58528,"[22753, 29]",513,2,1,0
58529,"[22753, 30]",509,0,0,0
58530,"[22753, 31]",945,158,64,0
58531,"[22754, 0]",1,156,64,0
58532,"[22755, 0]",1,158,64,0
58533,"[22756, 0]",1,0,0,0
58534,"[22756, 1]",2,158,64,2
58535,"[22757, 0]",1,158,64,0
58536,"[22758, 0]",1,0,0,0
58537,"[22758, 1]",3,158,64,0
58538,"[22758, 2]",2,0,0,0
58539,"[22758, 3]",17,158,64,0
58540,"[22758, 4]",15,0,0,0
58541,"[22758, 5]",47,158,64,0
58542,"[22759, 0]",1,41,18,0
58543,"[22760, 0]",1,41,18,0
58544,"[22761, 0]",1,156,64,0
58545,"[22762, 0]",1,0,0,0
58546,"[22762, 1]",2,0,0,0
58547,"[22762, 2]",80,0,0,0
58548,"[22762, 3]",103,158,64,0
58549,"[22763, 0]",1,0,0,0
58550,"[22763, 1]",2,0,0,0
58551,"[22763, 2]",26,41,18,0
58552,"[22764, 0]",1,57,26,1
58553,"[22765, 0]",1,158,64,0
58554,"[22766, 0]",1,0,0,0
58555,"[22766, 1]",2,2,1,0
58556,"[22767, 0]",1,0,0,0
58557,"[22767, 1]",2,0,0,0
58558,"[22767, 2]",35,57,26,0
58559,"[22767, 3]",34,2,1,0
58560,"[22768, 0]",1,57,26,0
58561,"[22769, 0]",1,0,0,0
58562,"[22769, 1]",2,59,28,0
58563,"[22770, 0]",1,41,18,0
58564,"[22771, 0]",1,41,18,0
58565,"[22772, 0]",1,0,0,0
58566,"[22772, 1]",2,2,1,0
58567,"[22773, 0]",1,158,64,0
58568,"[22774, 0]",1,158,64,0
58569,"[22775, 0]",1,0,0,0
58570,"[22775, 1]",2,57,26,-1
58571,"[22776, 0]",1,0,0,0
58572,"[22776, 1]",7,57,26,0
58573,"[22776, 2]",5,2,1,0
58574,"[22776, 3]",4,0,0,0
58575,"[22776, 4]",3,0,0,0
58576,"[22776, 5]",29,41,18,0
58577,"[22776, 6]",26,158,64,0
58578,"[22777, 0]",1,0,0,0
58579,"[22777, 1]",2,0,0,0
58580,"[22777, 2]",19,2,1,0
58581,"[22778, 0]",1,0,0,0
58582,"[22778, 1]",2,158,64,1
58583,"[22779, 0]",1,0,0,0
58584,"[22779, 1]",2,156,64,1
58585,"[22780, 0]",1,41,18,0
58586,"[22781, 0]",1,158,64,1
58587,"[22782, 0]",1,0,0,0
58588,"[22782, 1]",2,0,0,0
58589,"[22782, 2]",24,0,0,-1
58590,"[22782, 3]",37,2,1,7
58591,"[22783, 0]",1,0,0,0
58592,"[22783, 1]",2,0,0,0
58593,"[22783, 2]",46,57,26,0
58594,"[22784, 0]",1,0,0,0
58595,"[22784, 1]",2,0,0,-1
58596,"[22784, 2]",14,41,18,21
58597,"[22785, 0]",1,41,18,0
58598,"[22786, 0]",1,0,0,0
58599,"[22786, 1]",3,0,0,0
58600,"[22786, 2]",2,0,0,0
58601,"[22786, 3]",31,0,0,0
58602,"[22786, 4]",28,41,18,0
58603,"[22786, 5]",26,0,0,0
58604,"[22786, 6]",95,41,18,0
58605,"[22786, 7]",94,0,0,0
58606,"[22786, 8]",65,0,0,0
58607,"[22786, 9]",176,41,18,0
58608,"[22786, 10]",126,57,26,0
58609,"[22787, 0]",1,41,18,0
58610,"[22788, 0]",1,158,64,0
58611,"[22789, 0]",1,158,64,0
58612,"[22790, 0]",1,0,0,0
58613,"[22790, 1]",2,59,28,1
58614,"[22791, 0]",1,41,18,0
58615,"[22792, 0]",1,0,0,0
58616,"[22792, 1]",2,0,0,-1
58617,"[22792, 2]",39,158,64,-1
58618,"[22793, 0]",1,0,0,0
58619,"[22793, 1]",2,41,18,0
58620,"[22794, 0]",1,0,0,0
58621,"[22794, 1]",2,158,64,0
58622,"[22795, 0]",1,41,18,0
58623,"[22796, 0]",1,41,18,1
58624,"[22797, 0]",1,0,0,0
58625,"[22797, 1]",2,156,64,0
58626,"[22798, 0]",1,41,18,0
58627,"[22799, 0]",1,0,0,0
58628,"[22799, 1]",3,0,0,0
58629,"[22799, 2]",2,158,64,0
58630,"[22799, 3]",29,158,64,0
58631,"[22800, 0]",1,2,1,0
58632,"[22801, 0]",1,0,0,0
58633,"[22801, 1]",10,158,64,-1
58634,"[22801, 2]",9,156,64,2
58635,"[22801, 3]",8,0,0,-1
58636,"[22801, 4]",6,0,0,-1
58637,"[22801, 5]",5,0,0,-1
58638,"[22801, 6]",4,0,0,-1
58639,"[22801, 7]",3,0,0,-1
58640,"[22801, 8]",76,156,64,-1
58641,"[22801, 9]",73,0,0,-1
58642,"[22801, 10]",66,158,64,-1
58643,"[22801, 11]",65,0,0,-1
58644,"[22801, 12]",61,158,64,-1
58645,"[22801, 13]",59,0,0,-1
58646,"[22801, 14]",56,0,0,-1
58647,"[22801, 15]",54,0,0,-1
58648,"[22801, 16]",50,57,26,8
58649,"[22801, 17]",213,158,64,4
58650,"[22801, 18]",198,53,24,-1
58651,"[22801, 19]",181,0,0,-1
58652,"[22801, 20]",180,158,64,5
58653,"[22801, 21]",161,156,64,-1
58654,"[22801, 22]",98,0,0,-1
58655,"[22801, 23]",530,158,64,-1
58656,"[22801, 24]",392,158,64,-1
58657,"[22802, 0]",1,158,64,0
58658,"[22803, 0]",1,2,1,0
58659,"[22804, 0]",1,41,18,0
58660,"[22805, 0]",1,64,29,0
58661,"[22806, 0]",1,0,0,0
58662,"[22806, 1]",2,158,64,0
58663,"[22807, 0]",1,0,0,0
58664,"[22807, 1]",2,0,0,0
58665,"[22807, 2]",24,57,26,0
58666,"[22808, 0]",1,0,0,0
58667,"[22808, 1]",2,41,18,10
58668,"[22809, 0]",1,0,0,0
58669,"[22809, 1]",2,0,0,0
58670,"[22809, 2]",31,0,0,0
58671,"[22809, 3]",47,158,64,-1
58672,"[22810, 0]",1,0,0,0
58673,"[22810, 1]",2,41,18,3
58674,"[22811, 0]",1,0,0,0
58675,"[22811, 1]",2,0,0,0
58676,"[22811, 2]",27,158,64,8
58677,"[22812, 0]",1,0,0,0
58678,"[22812, 1]",2,54,24,0
58679,"[22813, 0]",1,0,0,0
58680,"[22813, 1]",2,0,0,2
58681,"[22813, 2]",9,59,28,3
58682,"[22814, 0]",1,158,64,0
58683,"[22815, 0]",1,158,64,0
58684,"[22816, 0]",1,41,18,0
58685,"[22817, 0]",1,0,0,0
58686,"[22817, 1]",2,41,18,0
58687,"[22818, 0]",1,156,64,0
58688,"[22819, 0]",1,57,26,0
58689,"[22820, 0]",1,158,64,0
58690,"[22821, 0]",1,41,18,0
58691,"[22822, 0]",1,158,64,0
58692,"[22823, 0]",1,158,64,0
58693,"[22824, 0]",1,0,0,0
58694,"[22824, 1]",4,158,64,0
58695,"[22824, 2]",2,0,0,0
58696,"[22824, 3]",27,57,26,0
58697,"[22825, 0]",1,156,64,0
58698,"[22826, 0]",1,57,26,0
58699,"[22827, 0]",1,0,0,0
58700,"[22827, 1]",2,156,64,0
58701,"[22828, 0]",1,0,0,0
58702,"[22828, 1]",2,51,24,24
58703,"[22829, 0]",1,158,64,0
58704,"[22830, 0]",1,0,0,0
58705,"[22830, 1]",2,158,64,3
58706,"[22831, 0]",1,0,0,0
58707,"[22831, 1]",2,158,64,0
58708,"[22832, 0]",1,0,0,0
58709,"[22832, 1]",2,0,0,0
58710,"[22832, 2]",55,158,64,0
58711,"[22833, 0]",1,0,0,0
58712,"[22833, 1]",2,2,1,0
58713,"[22834, 0]",1,0,0,0
58714,"[22834, 1]",2,41,18,0
58715,"[22835, 0]",1,0,0,0
58716,"[22835, 1]",2,158,64,0
58717,"[22836, 0]",1,158,64,0
58718,"[22837, 0]",1,0,0,0
58719,"[22837, 1]",2,0,0,4
58720,"[22837, 2]",15,54,24,15
58721,"[22838, 0]",1,0,0,0
58722,"[22838, 1]",2,0,0,0
58723,"[22838, 2]",27,158,64,3
58724,"[22839, 0]",1,54,24,0
58725,"[22840, 0]",1,0,0,0
58726,"[22840, 1]",2,41,18,0
58727,"[22841, 0]",1,2,1,0
58728,"[22842, 0]",1,0,0,0
58729,"[22842, 1]",2,0,0,-1
58730,"[22842, 2]",47,57,26,34
58731,"[22843, 0]",1,0,0,0
58732,"[22843, 1]",2,158,64,4
58733,"[22844, 0]",1,41,18,0
58734,"[22845, 0]",1,57,26,0
58735,"[22846, 0]",1,57,26,0
58736,"[22847, 0]",1,57,26,0
58737,"[22848, 0]",1,158,64,0
58738,"[22849, 0]",1,158,64,0
58739,"[22850, 0]",1,2,1,0
58740,"[22851, 0]",1,156,64,0
58741,"[22852, 0]",1,0,0,0
58742,"[22852, 1]",2,158,64,0
58743,"[22853, 0]",1,57,26,0
58744,"[22854, 0]",1,158,64,0
58745,"[22855, 0]",1,0,0,0
58746,"[22855, 1]",2,158,64,0
58747,"[22856, 0]",1,2,1,0
58748,"[22857, 0]",1,158,64,0
58749,"[22858, 0]",1,158,64,0
58750,"[22859, 0]",1,0,0,0
58751,"[22859, 1]",2,0,0,1
58752,"[22859, 2]",14,2,1,0
58753,"[22860, 0]",1,0,0,0
58754,"[22860, 1]",2,156,64,0
58755,"[22861, 0]",1,0,0,0
58756,"[22861, 1]",2,158,64,0
58757,"[22862, 0]",1,158,64,0
58758,"[22863, 0]",1,41,18,0
58759,"[22864, 0]",1,0,0,0
58760,"[22864, 1]",2,57,26,0
58761,"[22865, 0]",1,2,1,0
58762,"[22866, 0]",1,0,0,0
58763,"[22866, 1]",5,41,18,0
58764,"[22866, 2]",4,158,64,0
58765,"[22866, 3]",2,0,0,0
58766,"[22866, 4]",36,0,0,0
58767,"[22866, 5]",59,156,64,0
58768,"[22867, 0]",1,158,64,0
58769,"[22868, 0]",1,0,0,0
58770,"[22868, 1]",2,0,0,0
58771,"[22868, 2]",26,156,64,0
58772,"[22869, 0]",1,0,0,0
58773,"[22869, 1]",6,59,28,0
58774,"[22869, 2]",3,0,0,0
58775,"[22869, 3]",42,2,1,0
58776,"[22870, 0]",1,158,64,0
58777,"[22871, 0]",1,2,1,1
58778,"[22872, 0]",1,156,64,0
58779,"[22873, 0]",1,0,0,0
58780,"[22873, 1]",5,41,18,0
58781,"[22873, 2]",4,0,0,0
58782,"[22873, 3]",2,0,0,0
58783,"[22873, 4]",47,158,64,0
58784,"[22873, 5]",35,158,64,0
58785,"[22874, 0]",1,0,0,0
58786,"[22874, 1]",2,0,0,0
58787,"[22874, 2]",13,2,1,1
58788,"[22875, 0]",1,0,0,0
58789,"[22875, 1]",2,158,64,1
58790,"[22876, 0]",1,158,64,0
58791,"[22877, 0]",1,53,24,0
58792,"[22878, 0]",1,0,0,0
58793,"[22878, 1]",3,0,0,0
58794,"[22878, 2]",2,0,0,0
58795,"[22878, 3]",39,158,64,0
58796,"[22878, 4]",38,156,64,0
58797,"[22878, 5]",37,0,0,0
58798,"[22878, 6]",36,0,0,0
58799,"[22878, 7]",32,156,64,0
58800,"[22878, 8]",74,158,64,0
58801,"[22878, 9]",72,0,0,0
58802,"[22878, 10]",68,158,64,0
58803,"[22878, 11]",142,57,26,0
58804,"[22878, 12]",141,41,18,0
58805,"[22878, 13]",140,156,64,0
58806,"[22879, 0]",1,0,0,0
58807,"[22879, 1]",2,41,18,0
58808,"[22880, 0]",1,0,0,0
58809,"[22880, 1]",2,158,64,0
58810,"[22881, 0]",1,57,26,0
58811,"[22882, 0]",1,0,0,0
58812,"[22882, 1]",2,158,64,0
58813,"[22883, 0]",1,0,0,0
58814,"[22883, 1]",5,158,64,0
58815,"[22883, 2]",2,0,0,0
58816,"[22883, 3]",48,0,0,0
58817,"[22883, 4]",85,158,64,0
58818,"[22883, 5]",83,156,64,0
58819,"[22883, 6]",82,41,18,0
58820,"[22884, 0]",1,57,26,0
58821,"[22885, 0]",1,0,0,0
58822,"[22885, 1]",2,2,1,0
58823,"[22886, 0]",1,41,18,0
58824,"[22887, 0]",1,0,0,0
58825,"[22887, 1]",6,2,1,0
58826,"[22887, 2]",5,0,0,0
58827,"[22887, 3]",2,0,0,0
58828,"[22887, 4]",45,0,0,0
58829,"[22887, 5]",17,156,64,17
58830,"[22887, 6]",116,158,64,0
58831,"[22888, 0]",1,158,64,0
58832,"[22889, 0]",1,41,18,0
58833,"[22890, 0]",1,41,18,0
58834,"[22891, 0]",1,0,0,0
58835,"[22891, 1]",6,57,26,0
58836,"[22891, 2]",5,0,0,0
58837,"[22891, 3]",3,0,0,0
58838,"[22891, 4]",2,0,0,0
58839,"[22891, 5]",37,0,0,0
58840,"[22891, 6]",29,2,1,0
58841,"[22891, 7]",24,0,0,0
58842,"[22891, 8]",189,158,64,0
58843,"[22891, 9]",100,41,18,0
58844,"[22892, 0]",1,54,24,0
58845,"[22893, 0]",1,61,28,0
58846,"[22894, 0]",1,0,0,0
58847,"[22894, 1]",2,0,0,0
58848,"[22894, 2]",38,156,64,4
58849,"[22895, 0]",1,158,64,0
58850,"[22896, 0]",1,57,26,0
58851,"[22897, 0]",1,0,0,0
58852,"[22897, 1]",2,41,18,0
58853,"[22898, 0]",1,2,1,0
58854,"[22899, 0]",1,158,64,0
58855,"[22900, 0]",1,158,64,0
58856,"[22901, 0]",1,0,0,0
58857,"[22901, 1]",2,41,18,0
58858,"[22902, 0]",1,57,26,0
58859,"[22903, 0]",1,158,64,0
58860,"[22904, 0]",1,41,18,0
58861,"[22905, 0]",1,0,0,0
58862,"[22905, 1]",2,158,64,0
58863,"[22906, 0]",1,2,1,0
58864,"[22907, 0]",1,0,0,0
58865,"[22907, 1]",2,156,64,0
58866,"[22908, 0]",1,0,0,0
58867,"[22908, 1]",6,2,1,0
58868,"[22908, 2]",5,158,64,0
58869,"[22908, 3]",2,0,0,0
58870,"[22908, 4]",48,41,18,0
58871,"[22908, 5]",87,0,0,0
58872,"[22908, 6]",147,2,1,0
58873,"[22909, 0]",1,0,0,0
58874,"[22909, 1]",2,41,18,0
58875,"[22910, 0]",1,0,0,0
58876,"[22910, 1]",2,41,18,0
58877,"[22911, 0]",1,158,64,0
58878,"[22912, 0]",1,158,64,0
58879,"[22913, 0]",1,0,0,0
58880,"[22913, 1]",2,158,64,0
58881,"[22914, 0]",1,41,18,1
58882,"[22915, 0]",1,0,0,0
58883,"[22915, 1]",2,158,64,0
58884,"[22916, 0]",1,158,64,0
58885,"[22917, 0]",1,0,0,0
58886,"[22917, 1]",2,0,0,0
58887,"[22917, 2]",81,0,0,0
58888,"[22917, 3]",97,0,0,0
58889,"[22917, 4]",120,59,28,0
58890,"[22918, 0]",1,158,64,0
58891,"[22919, 0]",1,0,0,0
58892,"[22919, 1]",2,0,0,0
58893,"[22919, 2]",9,57,26,0
58894,"[22920, 0]",1,0,0,0
58895,"[22920, 1]",2,156,64,0
58896,"[22921, 0]",1,0,0,0
58897,"[22921, 1]",2,41,18,0
58898,"[22922, 0]",1,2,1,0
58899,"[22923, 0]",1,158,64,0
58900,"[22924, 0]",1,156,64,0
58901,"[22925, 0]",1,54,24,0
58902,"[22926, 0]",1,41,18,0
58903,"[22927, 0]",1,54,24,0
58904,"[22928, 0]",1,2,1,0
58905,"[22929, 0]",1,57,26,0
58906,"[22930, 0]",1,41,18,0
58907,"[22931, 0]",1,156,64,0
58908,"[22932, 0]",1,51,24,0
58909,"[22933, 0]",1,2,1,0
58910,"[22934, 0]",1,57,26,0
58911,"[22935, 0]",1,156,64,0
58912,"[22936, 0]",1,158,64,0
58913,"[22937, 0]",1,57,26,0
58914,"[22938, 0]",1,0,0,0
58915,"[22938, 1]",2,41,18,0
58916,"[22939, 0]",1,158,64,0
58917,"[22940, 0]",1,2,1,0
58918,"[22941, 0]",1,156,64,0
58919,"[22942, 0]",1,158,64,0
58920,"[22943, 0]",1,0,0,0
58921,"[22943, 1]",2,156,64,0
58922,"[22944, 0]",1,0,0,0
58923,"[22944, 1]",6,156,64,0
58924,"[22944, 2]",3,0,0,0
58925,"[22944, 3]",2,0,0,0
58926,"[22944, 4]",60,41,18,0
58927,"[22944, 5]",58,0,0,0
58928,"[22944, 6]",57,0,0,0
58929,"[22944, 7]",47,158,64,0
58930,"[22944, 8]",84,158,64,0
58931,"[22944, 9]",81,158,64,0
58932,"[22945, 0]",1,41,18,0
58933,"[22946, 0]",1,57,26,0
58934,"[22947, 0]",1,158,64,0
58935,"[22948, 0]",1,158,64,0
58936,"[22949, 0]",1,158,64,0
58937,"[22950, 0]",1,41,18,0
58938,"[22951, 0]",1,0,0,0
58939,"[22951, 1]",2,0,0,0
58940,"[22951, 2]",32,2,1,0
58941,"[22952, 0]",1,158,64,0
58942,"[22953, 0]",1,0,0,0
58943,"[22953, 1]",2,158,64,0
58944,"[22954, 0]",1,0,0,0
58945,"[22954, 1]",2,2,1,0
58946,"[22955, 0]",1,57,26,0
58947,"[22956, 0]",1,0,0,0
58948,"[22956, 1]",2,0,0,0
58949,"[22956, 2]",36,158,64,0
58950,"[22957, 0]",1,0,0,0
58951,"[22957, 1]",2,158,64,0
58952,"[22958, 0]",1,0,0,0
58953,"[22958, 1]",3,0,0,-1
58954,"[22958, 2]",2,0,0,-1
58955,"[22958, 3]",47,158,64,1
58956,"[22958, 4]",44,0,0,-1
58957,"[22958, 5]",104,2,1,-1
58958,"[22959, 0]",1,156,64,0
58959,"[22960, 0]",1,0,0,0
58960,"[22960, 1]",2,0,0,0
58961,"[22960, 2]",31,41,18,20
58962,"[22961, 0]",1,158,64,0
58963,"[22962, 0]",1,0,0,0
58964,"[22962, 1]",2,156,64,0
58965,"[22963, 0]",1,0,0,0
58966,"[22963, 1]",2,61,28,0
58967,"[22964, 0]",1,0,0,0
58968,"[22964, 1]",2,158,64,-1
58969,"[22965, 0]",1,0,0,0
58970,"[22965, 1]",8,57,26,0
58971,"[22965, 2]",6,158,64,0
58972,"[22965, 3]",5,0,0,0
58973,"[22965, 4]",4,0,0,0
58974,"[22965, 5]",2,0,0,0
58975,"[22965, 6]",44,0,0,0
58976,"[22965, 7]",43,0,0,0
58977,"[22965, 8]",36,41,18,0
58978,"[22965, 9]",32,64,29,0
58979,"[22965, 10]",70,0,0,0
58980,"[22965, 11]",68,0,0,0
58981,"[22965, 12]",67,0,0,0
58982,"[22965, 13]",63,0,0,0
58983,"[22965, 14]",62,0,0,0
58984,"[22965, 15]",59,0,0,0
58985,"[22965, 16]",352,41,18,0
58986,"[22965, 17]",324,156,64,0
58987,"[22965, 18]",320,156,64,0
58988,"[22965, 19]",297,0,0,0
58989,"[22965, 20]",295,0,0,0
58990,"[22965, 21]",289,156,64,0
58991,"[22965, 22]",272,58,26,-1
58992,"[22965, 23]",449,158,64,0
58993,"[22966, 0]",1,0,0,0
58994,"[22966, 1]",2,57,26,0
58995,"[22967, 0]",1,0,0,0
58996,"[22967, 1]",2,54,24,0
58997,"[22968, 0]",1,0,0,0
58998,"[22968, 1]",2,57,26,0
58999,"[22969, 0]",1,57,26,0
59000,"[22970, 0]",1,0,0,0
59001,"[22970, 1]",2,57,26,0
59002,"[22971, 0]",1,156,64,0
59003,"[22972, 0]",1,156,64,0
59004,"[22973, 0]",1,158,64,0
59005,"[22974, 0]",1,0,0,0
59006,"[22974, 1]",2,0,0,0
59007,"[22974, 2]",76,57,26,0
59008,"[22975, 0]",1,0,0,0
59009,"[22975, 1]",2,158,64,0
59010,"[22976, 0]",1,0,0,0
59011,"[22976, 1]",2,0,0,0
59012,"[22976, 2]",45,41,18,4
59013,"[22977, 0]",1,0,0,0
59014,"[22977, 1]",6,41,18,0
59015,"[22977, 2]",5,158,64,0
59016,"[22977, 3]",4,0,0,0
59017,"[22977, 4]",3,0,0,0
59018,"[22977, 5]",2,0,0,0
59019,"[22977, 6]",33,41,18,0
59020,"[22977, 7]",30,158,64,0
59021,"[22977, 8]",27,158,64,1
59022,"[22978, 0]",1,0,0,0
59023,"[22978, 1]",2,41,18,0
59024,"[22979, 0]",1,41,18,0
59025,"[22980, 0]",1,41,18,0
59026,"[22981, 0]",1,0,0,0
59027,"[22981, 1]",2,156,64,0
59028,"[22982, 0]",1,0,0,0
59029,"[22982, 1]",2,41,18,0
59030,"[22983, 0]",1,0,0,0
59031,"[22983, 1]",3,61,28,0
59032,"[22983, 2]",2,0,0,0
59033,"[22983, 3]",11,158,64,-1
59034,"[22984, 0]",1,0,0,0
59035,"[22984, 1]",5,0,0,0
59036,"[22984, 2]",4,0,0,0
59037,"[22984, 3]",2,0,0,0
59038,"[22984, 4]",63,53,24,0
59039,"[22984, 5]",44,64,29,0
59040,"[22984, 6]",38,41,18,0
59041,"[22985, 0]",1,64,29,0
59042,"[22986, 0]",1,0,0,0
59043,"[22986, 1]",3,158,64,0
59044,"[22986, 2]",2,54,24,0
59045,"[22987, 0]",1,0,0,0
59046,"[22987, 1]",2,158,64,0
59047,"[22988, 0]",1,0,0,0
59048,"[22988, 1]",2,158,64,0
59049,"[22989, 0]",1,158,64,0
59050,"[22990, 0]",1,158,64,0
59051,"[22991, 0]",1,0,0,0
59052,"[22991, 1]",2,158,64,0
59053,"[22992, 0]",1,158,64,0
59054,"[22993, 0]",1,0,0,0
59055,"[22993, 1]",2,158,64,-1
59056,"[22994, 0]",1,156,64,0
59057,"[22995, 0]",1,158,64,0
59058,"[22996, 0]",1,41,18,0
59059,"[22997, 0]",1,0,0,0
59060,"[22997, 1]",2,0,0,0
59061,"[22997, 2]",20,158,64,0
59062,"[22998, 0]",1,0,0,0
59063,"[22998, 1]",2,156,64,0
59064,"[22999, 0]",1,0,0,0
59065,"[22999, 1]",2,158,64,0
59066,"[23000, 0]",1,158,64,0
59067,"[23001, 0]",1,0,0,0
59068,"[23001, 1]",2,0,0,0
59069,"[23001, 2]",14,57,26,0
59070,"[23002, 0]",1,0,0,0
59071,"[23002, 1]",2,158,64,3
59072,"[23003, 0]",1,158,64,0
59073,"[23004, 0]",1,41,18,1
59074,"[23005, 0]",1,0,0,0
59075,"[23005, 1]",2,0,0,0
59076,"[23005, 2]",23,51,24,0
59077,"[23006, 0]",1,0,0,0
59078,"[23006, 1]",2,57,26,8
59079,"[23007, 0]",1,158,64,0
59080,"[23008, 0]",1,0,0,0
59081,"[23008, 1]",2,53,24,17
59082,"[23009, 0]",1,0,0,0
59083,"[23009, 1]",2,0,0,0
59084,"[23009, 2]",20,158,64,17
59085,"[23010, 0]",1,158,64,0
59086,"[23011, 0]",1,0,0,0
59087,"[23011, 1]",2,0,0,0
59088,"[23011, 2]",40,156,64,0
59089,"[23012, 0]",1,2,1,0
59090,"[23013, 0]",1,158,64,0
59091,"[23014, 0]",1,41,18,0
59092,"[23015, 0]",1,0,0,0
59093,"[23015, 1]",2,0,0,0
59094,"[23015, 2]",30,156,64,0
59095,"[23016, 0]",1,0,0,0
59096,"[23016, 1]",2,0,0,0
59097,"[23016, 2]",16,158,64,0
59098,"[23017, 0]",1,0,0,0
59099,"[23017, 1]",2,41,18,0
59100,"[23018, 0]",1,57,26,0
59101,"[23019, 0]",1,57,26,0
59102,"[23020, 0]",1,156,64,0
59103,"[23021, 0]",1,0,0,0
59104,"[23021, 1]",2,57,26,0
59105,"[23022, 0]",1,0,0,0
59106,"[23022, 1]",2,158,64,0
59107,"[23023, 0]",1,0,0,0
59108,"[23023, 1]",4,158,64,0
59109,"[23023, 2]",3,0,0,0
59110,"[23023, 3]",30,0,0,0
59111,"[23023, 4]",40,158,64,0
59112,"[23024, 0]",1,158,64,0
59113,"[23025, 0]",1,158,64,0
59114,"[23026, 0]",1,2,1,0
59115,"[23027, 0]",1,0,0,0
59116,"[23027, 1]",3,0,0,0
59117,"[23027, 2]",2,41,18,0
59118,"[23027, 3]",36,158,64,7
59119,"[23028, 0]",1,59,28,0
59120,"[23029, 0]",1,0,0,0
59121,"[23029, 1]",2,158,64,0
59122,"[23030, 0]",1,41,18,0
59123,"[23031, 0]",1,0,0,0
59124,"[23031, 1]",2,158,64,0
59125,"[23032, 0]",1,0,0,0
59126,"[23032, 1]",2,158,64,0
59127,"[23033, 0]",1,0,0,0
59128,"[23033, 1]",2,158,64,0
59129,"[23034, 0]",1,0,0,0
59130,"[23034, 1]",6,158,64,0
59131,"[23034, 2]",5,0,0,0
59132,"[23034, 3]",3,0,0,0
59133,"[23034, 4]",24,156,64,0
59134,"[23034, 5]",21,0,0,0
59135,"[23034, 6]",18,158,64,1
59136,"[23034, 7]",61,0,0,0
59137,"[23034, 8]",194,158,64,0
59138,"[23035, 0]",1,0,0,0
59139,"[23035, 1]",2,0,0,0
59140,"[23035, 2]",11,2,1,0
59141,"[23036, 0]",1,158,64,0
59142,"[23037, 0]",1,41,18,0
59143,"[23038, 0]",1,2,1,0
59144,"[23039, 0]",1,156,64,0
59145,"[23040, 0]",1,57,26,0
59146,"[23041, 0]",1,0,0,1
59147,"[23041, 1]",2,57,26,35
59148,"[23042, 0]",1,0,0,0
59149,"[23042, 1]",4,59,28,0
59150,"[23043, 0]",1,0,0,0
59151,"[23043, 1]",7,57,26,0
59152,"[23043, 2]",4,0,0,0
59153,"[23043, 3]",3,0,0,0
59154,"[23043, 4]",49,41,18,0
59155,"[23043, 5]",45,158,64,0
59156,"[23044, 0]",1,158,64,0
59157,"[23045, 0]",1,0,0,0
59158,"[23045, 1]",2,41,18,0
59159,"[23046, 0]",1,0,0,0
59160,"[23046, 1]",2,0,0,0
59161,"[23046, 2]",23,156,64,0
59162,"[23047, 0]",1,158,64,0
59163,"[23048, 0]",1,0,0,0
59164,"[23048, 1]",5,57,26,0
59165,"[23048, 2]",2,0,0,0
59166,"[23048, 3]",28,158,64,0
59167,"[23048, 4]",27,0,0,0
59168,"[23048, 5]",37,156,64,0
59169,"[23049, 0]",1,0,0,0
59170,"[23049, 1]",2,158,64,-1
59171,"[23050, 0]",1,41,18,0
59172,"[23051, 0]",1,0,0,0
59173,"[23051, 1]",2,158,64,9
59174,"[23052, 0]",1,0,0,0
59175,"[23052, 1]",4,158,64,0
59176,"[23052, 2]",3,41,18,0
59177,"[23052, 3]",2,0,0,0
59178,"[23052, 4]",52,158,64,0
59179,"[23053, 0]",1,0,0,0
59180,"[23053, 1]",2,57,26,0
59181,"[23054, 0]",1,41,18,0
59182,"[23055, 0]",1,158,64,0
59183,"[23056, 0]",1,41,18,0
59184,"[23057, 0]",1,0,0,0
59185,"[23057, 1]",2,158,64,4
59186,"[23058, 0]",1,158,64,1
59187,"[23059, 0]",1,2,1,0
59188,"[23060, 0]",1,158,64,0
59189,"[23061, 0]",1,54,24,0
59190,"[23062, 0]",1,0,0,0
59191,"[23062, 1]",2,2,1,0
59192,"[23063, 0]",1,0,0,0
59193,"[23063, 1]",2,41,18,21
59194,"[23064, 0]",1,53,24,0
59195,"[23065, 0]",1,0,0,0
59196,"[23065, 1]",2,158,64,0
59197,"[23066, 0]",1,156,64,0
59198,"[23067, 0]",1,41,18,0
59199,"[23068, 0]",1,0,0,0
59200,"[23068, 1]",2,2,1,6
59201,"[23069, 0]",1,0,0,0
59202,"[23069, 1]",2,54,24,0
59203,"[23070, 0]",1,57,26,0
59204,"[23071, 0]",1,2,1,0
59205,"[23072, 0]",1,0,0,0
59206,"[23072, 1]",2,0,0,0
59207,"[23072, 2]",16,158,64,0
59208,"[23073, 0]",1,0,0,0
59209,"[23073, 1]",2,158,64,0
59210,"[23074, 0]",1,0,0,0
59211,"[23074, 1]",2,41,18,0
59212,"[23075, 0]",1,158,64,0
59213,"[23076, 0]",1,0,0,0
59214,"[23076, 1]",4,54,24,0
59215,"[23076, 2]",3,0,0,0
59216,"[23076, 3]",26,41,18,0
59217,"[23077, 0]",1,0,0,0
59218,"[23077, 1]",5,0,0,0
59219,"[23077, 2]",3,0,0,0
59220,"[23077, 3]",2,0,0,0
59221,"[23077, 4]",34,0,0,0
59222,"[23077, 5]",30,158,64,0
59223,"[23077, 6]",14,0,0,0
59224,"[23077, 7]",107,59,28,-1
59225,"[23077, 8]",69,158,64,0
59226,"[23078, 0]",1,0,0,0
59227,"[23078, 1]",5,158,64,0
59228,"[23078, 2]",4,0,0,0
59229,"[23078, 3]",3,0,0,0
59230,"[23078, 4]",2,0,0,0
59231,"[23078, 5]",26,0,0,0
59232,"[23078, 6]",20,158,64,0
59233,"[23078, 7]",17,57,26,6
59234,"[23078, 8]",36,0,0,0
59235,"[23078, 9]",290,57,26,0
59236,"[23079, 0]",1,0,0,0
59237,"[23079, 1]",2,0,0,-1
59238,"[23080, 0]",1,158,64,0
59239,"[23081, 0]",1,158,64,0
59240,"[23082, 0]",1,0,0,0
59241,"[23082, 1]",2,158,64,0
59242,"[23083, 0]",1,41,18,0
59243,"[23084, 0]",1,0,0,0
59244,"[23084, 1]",2,2,1,0
59245,"[23085, 0]",1,0,0,0
59246,"[23085, 1]",2,41,18,0
59247,"[23086, 0]",1,0,0,0
59248,"[23086, 1]",2,55,26,0
59249,"[23087, 0]",1,41,18,0
59250,"[23088, 0]",1,156,64,0
59251,"[23089, 0]",1,41,18,0
59252,"[23090, 0]",1,158,64,0
59253,"[23091, 0]",1,0,0,0
59254,"[23091, 1]",8,158,64,0
59255,"[23091, 2]",6,0,0,0
59256,"[23091, 3]",4,158,64,0
59257,"[23091, 4]",23,158,64,0
59258,"[23092, 0]",1,0,0,0
59259,"[23092, 1]",2,158,64,2
59260,"[23093, 0]",1,0,0,0
59261,"[23093, 1]",2,0,0,0
59262,"[23093, 2]",30,57,26,0
59263,"[23094, 0]",1,0,0,0
59264,"[23094, 1]",2,158,64,0
59265,"[23095, 0]",1,57,26,0
59266,"[23096, 0]",1,0,0,0
59267,"[23096, 1]",6,158,64,0
59268,"[23096, 2]",5,2,1,0
59269,"[23096, 3]",2,0,0,0
59270,"[23096, 4]",51,0,0,0
59271,"[23096, 5]",84,57,26,0
59272,"[23097, 0]",1,41,18,0
59273,"[23098, 0]",1,0,0,0
59274,"[23098, 1]",5,2,1,0
59275,"[23098, 2]",4,53,24,0
59276,"[23098, 3]",3,59,28,0
59277,"[23099, 0]",1,158,64,0
59278,"[23100, 0]",1,0,0,0
59279,"[23100, 1]",8,158,64,0
59280,"[23100, 2]",7,156,64,0
59281,"[23100, 3]",5,0,0,0
59282,"[23100, 4]",3,0,0,0
59283,"[23100, 5]",2,0,0,0
59284,"[23100, 6]",50,57,26,0
59285,"[23100, 7]",49,0,0,0
59286,"[23100, 8]",45,57,26,0
59287,"[23100, 9]",44,57,26,0
59288,"[23100, 10]",41,158,64,0
59289,"[23100, 11]",69,0,0,0
59290,"[23100, 12]",68,0,0,0
59291,"[23100, 13]",361,156,64,6
59292,"[23100, 14]",358,156,64,0
59293,"[23101, 0]",1,54,24,1
59294,"[23102, 0]",1,158,64,0
59295,"[23103, 0]",1,0,0,0
59296,"[23103, 1]",2,59,28,0
59297,"[23104, 0]",1,0,0,0
59298,"[23104, 1]",7,158,64,0
59299,"[23104, 2]",6,41,18,0
59300,"[23104, 3]",4,0,0,0
59301,"[23104, 4]",46,158,64,0
59302,"[23105, 0]",1,0,0,0
59303,"[23105, 1]",2,158,64,1
59304,"[23106, 0]",1,0,0,0
59305,"[23106, 1]",5,0,0,0
59306,"[23106, 2]",3,0,0,0
59307,"[23106, 3]",2,0,0,0
59308,"[23106, 4]",43,57,26,0
59309,"[23106, 5]",42,158,64,0
59310,"[23106, 6]",37,0,0,0
59311,"[23106, 7]",24,158,64,8
59312,"[23106, 8]",105,0,0,1
59313,"[23106, 9]",216,158,64,0
59314,"[23107, 0]",1,158,64,0
59315,"[23108, 0]",1,53,24,0
59316,"[23109, 0]",1,0,0,0
59317,"[23109, 1]",2,158,64,0
59318,"[23110, 0]",1,0,0,0
59319,"[23110, 1]",6,0,0,0
59320,"[23110, 2]",5,0,0,0
59321,"[23110, 3]",4,0,0,0
59322,"[23110, 4]",2,0,0,0
59323,"[23110, 5]",42,158,64,0
59324,"[23110, 6]",41,0,0,0
59325,"[23110, 7]",26,0,0,0
59326,"[23110, 8]",23,57,26,0
59327,"[23110, 9]",20,158,64,-1
59328,"[23110, 10]",104,158,64,-1
59329,"[23110, 11]",77,0,0,0
59330,"[23110, 12]",186,158,64,1
59331,"[23111, 0]",1,158,64,0
59332,"[23112, 0]",1,57,26,1
59333,"[23113, 0]",1,158,64,0
59334,"[23114, 0]",1,0,0,0
59335,"[23114, 1]",2,0,0,0
59336,"[23114, 2]",20,158,64,0
59337,"[23115, 0]",1,158,64,0
59338,"[23116, 0]",1,158,64,0
59339,"[23117, 0]",1,158,64,0
59340,"[23118, 0]",1,2,1,0
59341,"[23119, 0]",1,0,0,0
59342,"[23119, 1]",2,0,0,0
59343,"[23119, 2]",54,2,1,0
59344,"[23119, 3]",53,57,26,0
59345,"[23120, 0]",1,2,1,0
59346,"[23121, 0]",1,57,26,0
59347,"[23122, 0]",1,57,26,0
59348,"[23123, 0]",1,0,0,0
59349,"[23123, 1]",5,0,0,0
59350,"[23123, 2]",3,0,0,0
59351,"[23123, 3]",2,0,0,0
59352,"[23123, 4]",31,158,64,0
59353,"[23123, 5]",30,0,0,0
59354,"[23123, 6]",23,0,0,0
59355,"[23123, 7]",15,2,1,1
59356,"[23123, 8]",91,0,0,0
59357,"[23123, 9]",62,0,0,0
59358,"[23123, 10]",61,0,0,0
59359,"[23123, 11]",138,158,64,-1
59360,"[23123, 12]",135,57,26,0
59361,"[23123, 13]",129,158,64,0
59362,"[23124, 0]",1,0,0,0
59363,"[23124, 1]",2,41,18,0
59364,"[23125, 0]",1,158,64,0
59365,"[23126, 0]",1,0,0,0
59366,"[23126, 1]",7,0,0,0
59367,"[23126, 2]",6,0,0,0
59368,"[23126, 3]",3,0,0,0
59369,"[23126, 4]",2,0,0,0
59370,"[23126, 5]",63,57,26,0
59371,"[23126, 6]",57,2,1,0
59372,"[23126, 7]",40,57,26,0
59373,"[23126, 8]",35,54,24,4
59374,"[23127, 0]",1,53,24,0
59375,"[23128, 0]",1,158,64,0
59376,"[23129, 0]",1,158,64,0
59377,"[23130, 0]",1,41,18,0
59378,"[23131, 0]",1,0,0,0
59379,"[23131, 1]",2,156,64,0
59380,"[23132, 0]",1,0,0,0
59381,"[23132, 1]",2,156,64,0
59382,"[23133, 0]",1,41,18,0
59383,"[23134, 0]",1,0,0,0
59384,"[23134, 1]",2,158,64,0
59385,"[23135, 0]",1,54,24,0
59386,"[23136, 0]",1,2,1,0
59387,"[23137, 0]",1,0,0,0
59388,"[23137, 1]",2,41,18,0
59389,"[23138, 0]",1,57,26,0
59390,"[23139, 0]",1,158,64,0
59391,"[23140, 0]",1,0,0,0
59392,"[23140, 1]",2,158,64,0
59393,"[23141, 0]",1,0,0,1
59394,"[23141, 1]",4,0,0,0
59395,"[23141, 2]",2,0,0,0
59396,"[23141, 3]",37,0,0,-1
59397,"[23141, 4]",25,2,1,0
59398,"[23141, 5]",61,41,18,7
59399,"[23142, 0]",1,158,64,0
59400,"[23143, 0]",1,0,0,0
59401,"[23143, 1]",2,0,0,0
59402,"[23143, 2]",29,41,18,0
59403,"[23144, 0]",1,158,64,0
59404,"[23145, 0]",1,57,26,0
59405,"[23146, 0]",1,158,64,0
59406,"[23147, 0]",1,41,18,0
59407,"[23148, 0]",1,158,64,0
59408,"[23149, 0]",1,158,64,0
59409,"[23150, 0]",1,158,64,0
59410,"[23151, 0]",1,77,32,0
59411,"[23152, 0]",1,158,64,0
59412,"[23153, 0]",1,59,28,0
59413,"[23154, 0]",1,158,64,0
59414,"[23155, 0]",1,0,0,0
59415,"[23155, 1]",2,158,64,0
59416,"[23156, 0]",1,0,0,0
59417,"[23156, 1]",2,0,0,0
59418,"[23156, 2]",20,2,1,0
59419,"[23157, 0]",1,0,0,0
59420,"[23157, 1]",2,156,64,28
59421,"[23158, 0]",1,41,18,0
59422,"[23159, 0]",1,0,0,0
59423,"[23159, 1]",4,41,18,0
59424,"[23159, 2]",3,0,0,0
59425,"[23159, 3]",2,0,0,0
59426,"[23159, 4]",16,0,0,0
59427,"[23159, 5]",15,0,0,0
59428,"[23159, 6]",13,0,0,0
59429,"[23159, 7]",10,156,64,0
59430,"[23159, 8]",60,0,0,0
59431,"[23159, 9]",59,0,0,0
59432,"[23159, 10]",58,0,0,0
59433,"[23159, 11]",46,158,64,0
59434,"[23159, 12]",42,156,64,0
59435,"[23159, 13]",226,0,0,0
59436,"[23159, 14]",223,41,18,0
59437,"[23159, 15]",220,158,64,-1
59438,"[23159, 16]",409,158,64,0
59439,"[23160, 0]",1,0,0,0
59440,"[23160, 1]",2,41,18,2
59441,"[23161, 0]",1,0,0,0
59442,"[23161, 1]",2,0,0,0
59443,"[23161, 2]",17,41,18,0
59444,"[23162, 0]",1,0,0,0
59445,"[23162, 1]",2,0,0,0
59446,"[23162, 2]",16,2,1,0
59447,"[23163, 0]",1,41,18,0
59448,"[23164, 0]",1,158,64,0
59449,"[23165, 0]",1,0,0,0
59450,"[23165, 1]",2,0,0,0
59451,"[23165, 2]",51,158,64,0
59452,"[23165, 3]",50,0,0,0
59453,"[23165, 4]",49,0,0,0
59454,"[23165, 5]",93,41,18,0
59455,"[23165, 6]",88,158,64,0
59456,"[23166, 0]",1,0,0,0
59457,"[23166, 1]",5,0,0,0
59458,"[23166, 2]",4,0,0,0
59459,"[23166, 3]",2,0,0,0
59460,"[23166, 4]",63,0,0,0
59461,"[23166, 5]",62,2,1,0
59462,"[23166, 6]",39,158,64,0
59463,"[23166, 7]",36,0,0,0
59464,"[23166, 8]",119,0,0,1
59465,"[23166, 9]",77,0,0,3
59466,"[23166, 10]",195,2,1,-1
59467,"[23166, 11]",145,57,26,2
59468,"[23167, 0]",1,0,0,0
59469,"[23167, 1]",2,0,0,0
59470,"[23167, 2]",33,0,0,0
59471,"[23167, 3]",65,158,64,0
59472,"[23168, 0]",1,0,0,0
59473,"[23168, 1]",2,158,64,0
59474,"[23169, 0]",1,0,0,0
59475,"[23169, 1]",2,156,64,0
59476,"[23170, 0]",1,0,0,0
59477,"[23170, 1]",2,41,18,0
59478,"[23171, 0]",1,0,0,0
59479,"[23171, 1]",2,59,28,0
59480,"[23172, 0]",1,0,0,0
59481,"[23172, 1]",2,156,64,0
59482,"[23173, 0]",1,156,64,0
59483,"[23174, 0]",1,41,18,1
59484,"[23175, 0]",1,0,0,0
59485,"[23175, 1]",3,0,0,0
59486,"[23175, 2]",2,0,0,0
59487,"[23175, 3]",31,0,0,0
59488,"[23175, 4]",30,0,0,0
59489,"[23175, 5]",29,0,0,0
59490,"[23175, 6]",21,0,0,0
59491,"[23175, 7]",146,156,64,0
59492,"[23175, 8]",66,0,0,-1
59493,"[23175, 9]",64,41,18,0
59494,"[23175, 10]",63,0,0,0
59495,"[23175, 11]",62,0,0,0
59496,"[23175, 12]",57,158,64,0
59497,"[23175, 13]",228,158,64,-1
59498,"[23175, 14]",225,2,1,0
59499,"[23176, 0]",1,0,0,0
59500,"[23176, 1]",2,2,1,0
59501,"[23177, 0]",1,0,0,0
59502,"[23177, 1]",3,57,26,0
59503,"[23177, 2]",2,158,64,0
59504,"[23178, 0]",1,156,64,0
59505,"[23179, 0]",1,0,0,0
59506,"[23179, 1]",2,2,1,0
59507,"[23180, 0]",1,2,1,0
59508,"[23181, 0]",1,0,0,0
59509,"[23181, 1]",2,158,64,-1
59510,"[23182, 0]",1,57,26,0
59511,"[23183, 0]",1,156,64,0
59512,"[23184, 0]",1,0,0,0
59513,"[23184, 1]",4,158,64,0
59514,"[23184, 2]",3,0,0,0
59515,"[23184, 3]",2,0,0,0
59516,"[23184, 4]",22,0,0,5
59517,"[23184, 5]",15,158,64,0
59518,"[23184, 6]",56,59,28,-1
59519,"[23185, 0]",1,158,64,0
59520,"[23186, 0]",1,0,0,1
59521,"[23186, 1]",5,51,24,0
59522,"[23186, 2]",3,0,0,0
59523,"[23186, 3]",2,0,0,0
59524,"[23186, 4]",42,158,64,0
59525,"[23186, 5]",40,0,0,0
59526,"[23186, 6]",36,0,0,-1
59527,"[23186, 7]",82,0,0,-1
59528,"[23186, 8]",66,156,64,0
59529,"[23186, 9]",155,41,18,16
59530,"[23187, 0]",1,158,64,0
59531,"[23188, 0]",1,0,0,0
59532,"[23188, 1]",2,0,0,0
59533,"[23188, 2]",40,156,64,0
59534,"[23189, 0]",1,158,64,1
59535,"[23190, 0]",1,0,0,0
59536,"[23190, 1]",2,57,26,0
59537,"[23191, 0]",1,158,64,0
59538,"[23192, 0]",1,0,0,0
59539,"[23192, 1]",2,0,0,0
59540,"[23192, 2]",26,57,26,8
59541,"[23193, 0]",1,0,0,0
59542,"[23193, 1]",4,156,64,0
59543,"[23193, 2]",2,0,0,0
59544,"[23193, 3]",35,0,0,0
59545,"[23193, 4]",60,0,0,0
59546,"[23193, 5]",131,158,64,0
59547,"[23194, 0]",1,0,0,0
59548,"[23194, 1]",2,0,0,0
59549,"[23194, 2]",25,53,24,0
59550,"[23195, 0]",1,0,0,0
59551,"[23195, 1]",2,0,0,0
59552,"[23195, 2]",17,158,64,0
59553,"[23196, 0]",1,156,64,0
59554,"[23197, 0]",1,0,0,0
59555,"[23197, 1]",2,0,0,0
59556,"[23197, 2]",19,41,18,0
59557,"[23198, 0]",1,158,64,0
59558,"[23199, 0]",1,2,1,1
59559,"[23200, 0]",1,0,0,0
59560,"[23200, 1]",2,156,64,0
59561,"[23201, 0]",1,41,18,0
59562,"[23202, 0]",1,0,0,0
59563,"[23202, 1]",6,41,18,0
59564,"[23202, 2]",4,0,0,0
59565,"[23202, 3]",2,0,0,0
59566,"[23202, 4]",29,0,0,0
59567,"[23202, 5]",23,158,64,0
59568,"[23202, 6]",92,158,64,0
59569,"[23203, 0]",1,0,0,1
59570,"[23203, 1]",2,2,1,-1
59571,"[23204, 0]",1,0,0,0
59572,"[23204, 1]",2,158,64,0
59573,"[23205, 0]",1,0,0,0
59574,"[23205, 1]",2,158,64,0
59575,"[23206, 0]",1,0,0,0
59576,"[23206, 1]",2,158,64,0
59577,"[23207, 0]",1,158,64,0
59578,"[23208, 0]",1,0,0,0
59579,"[23208, 1]",2,156,64,0
59580,"[23209, 0]",1,41,18,0
59581,"[23210, 0]",1,158,64,0
59582,"[23211, 0]",1,158,64,0
59583,"[23212, 0]",1,0,0,0
59584,"[23212, 1]",2,41,18,0
59585,"[23213, 0]",1,0,0,0
59586,"[23213, 1]",2,156,64,-1
59587,"[23214, 0]",1,158,64,0
59588,"[23215, 0]",1,0,0,0
59589,"[23215, 1]",2,0,0,0
59590,"[23215, 2]",28,158,64,0
59591,"[23216, 0]",1,0,0,0
59592,"[23216, 1]",2,41,18,0
59593,"[23217, 0]",1,158,64,0
59594,"[23218, 0]",1,41,18,0
59595,"[23219, 0]",1,57,26,0
59596,"[23220, 0]",1,51,24,0
59597,"[23221, 0]",1,41,18,0
59598,"[23222, 0]",1,0,0,0
59599,"[23222, 1]",2,0,0,0
59600,"[23222, 2]",36,156,64,5
59601,"[23223, 0]",1,2,1,0
59602,"[23224, 0]",1,0,0,0
59603,"[23224, 1]",2,59,28,0
59604,"[23225, 0]",1,0,0,0
59605,"[23225, 1]",2,41,18,3
59606,"[23226, 0]",1,57,26,0
59607,"[23227, 0]",1,0,0,0
59608,"[23227, 1]",2,158,64,2
59609,"[23228, 0]",1,158,64,0
59610,"[23229, 0]",1,55,26,0
59611,"[23230, 0]",1,2,1,0
59612,"[23231, 0]",1,0,0,0
59613,"[23231, 1]",2,158,64,-1
59614,"[23232, 0]",1,158,64,0
59615,"[23233, 0]",1,158,64,0
59616,"[23234, 0]",1,0,0,0
59617,"[23234, 1]",2,41,18,0
59618,"[23235, 0]",1,55,26,0
59619,"[23236, 0]",1,2,1,0
59620,"[23237, 0]",1,64,29,0
59621,"[23238, 0]",1,158,64,0
59622,"[23239, 0]",1,2,1,0
59623,"[23240, 0]",1,0,0,0
59624,"[23240, 1]",2,0,0,0
59625,"[23240, 2]",20,54,24,4
59626,"[23241, 0]",1,158,64,0
59627,"[23242, 0]",1,57,26,0
59628,"[23243, 0]",1,0,0,0
59629,"[23243, 1]",2,57,26,0
59630,"[23244, 0]",1,41,18,0
59631,"[23245, 0]",1,0,0,0
59632,"[23245, 1]",2,57,26,0
59633,"[23246, 0]",1,53,24,0
59634,"[23247, 0]",1,57,26,0
59635,"[23248, 0]",1,158,64,0
59636,"[23249, 0]",1,156,64,0
59637,"[23250, 0]",1,0,0,0
59638,"[23250, 1]",2,41,18,0
59639,"[23251, 0]",1,0,0,0
59640,"[23251, 1]",2,41,18,0
59641,"[23252, 0]",1,41,18,0
59642,"[23253, 0]",1,0,0,0
59643,"[23253, 1]",2,158,64,0
59644,"[23254, 0]",1,158,64,0
59645,"[23255, 0]",1,158,64,1
59646,"[23256, 0]",1,158,64,1
59647,"[23257, 0]",1,54,24,0
59648,"[23258, 0]",1,57,26,0
59649,"[23259, 0]",1,0,0,0
59650,"[23259, 1]",2,57,26,0
59651,"[23260, 0]",1,0,0,0
59652,"[23260, 1]",7,2,1,0
59653,"[23260, 2]",5,0,0,0
59654,"[23260, 3]",4,0,0,0
59655,"[23260, 4]",2,0,0,0
59656,"[23260, 5]",48,41,18,0
59657,"[23260, 6]",47,0,0,0
59658,"[23260, 7]",44,0,0,0
59659,"[23260, 8]",32,41,18,0
59660,"[23260, 9]",29,158,64,0
59661,"[23260, 10]",99,158,64,0
59662,"[23260, 11]",71,2,1,0
59663,"[23261, 0]",1,41,18,0
59664,"[23262, 0]",1,0,0,0
59665,"[23262, 1]",2,0,0,0
59666,"[23262, 2]",36,41,18,0
59667,"[23263, 0]",1,55,26,0
59668,"[23264, 0]",1,0,0,0
59669,"[23264, 1]",5,0,0,0
59670,"[23264, 2]",3,0,0,0
59671,"[23264, 3]",2,0,0,0
59672,"[23264, 4]",64,0,0,0
59673,"[23264, 5]",60,0,0,0
59674,"[23264, 6]",40,41,18,0
59675,"[23264, 7]",130,156,64,2
59676,"[23264, 8]",107,37,18,0
59677,"[23264, 9]",104,0,0,0
59678,"[23264, 10]",219,0,0,0
59679,"[23264, 11]",256,0,0,0
59680,"[23264, 12]",444,158,64,0
59681,"[23265, 0]",1,0,0,0
59682,"[23265, 1]",3,0,0,0
59683,"[23265, 2]",21,0,0,0
59684,"[23265, 3]",20,0,0,0
59685,"[23265, 4]",18,0,0,0
59686,"[23265, 5]",64,57,26,0
59687,"[23265, 6]",61,0,0,0
59688,"[23265, 7]",47,0,0,0
59689,"[23265, 8]",41,41,18,0
59690,"[23265, 9]",126,158,64,0
59691,"[23265, 10]",109,158,64,0
59692,"[23265, 11]",108,41,18,0
59693,"[23265, 12]",106,0,0,0
59694,"[23265, 13]",228,158,64,0
59695,"[23266, 0]",1,41,18,0
59696,"[23267, 0]",1,0,0,0
59697,"[23267, 1]",2,57,26,0
59698,"[23268, 0]",1,158,64,0
59699,"[23269, 0]",1,0,0,0
59700,"[23269, 1]",2,156,64,6
59701,"[23270, 0]",1,0,0,0
59702,"[23270, 1]",4,0,0,0
59703,"[23270, 2]",2,0,0,0
59704,"[23270, 3]",58,0,0,0
59705,"[23270, 4]",55,0,0,0
59706,"[23270, 5]",53,0,0,0
59707,"[23270, 6]",52,0,0,0
59708,"[23270, 7]",51,0,0,0
59709,"[23270, 8]",43,57,26,0
59710,"[23270, 9]",89,0,0,0
59711,"[23270, 10]",88,156,64,0
59712,"[23270, 11]",85,0,0,4
59713,"[23270, 12]",83,156,64,-1
59714,"[23270, 13]",80,41,18,0
59715,"[23270, 14]",79,0,0,0
59716,"[23270, 15]",77,0,0,0
59717,"[23270, 16]",76,0,0,0
59718,"[23270, 17]",72,0,0,0
59719,"[23270, 18]",70,0,0,0
59720,"[23270, 19]",60,158,64,8
59721,"[23270, 20]",304,158,64,1
59722,"[23270, 21]",287,158,64,4
59723,"[23270, 22]",265,156,64,0
59724,"[23270, 23]",264,158,64,0
59725,"[23270, 24]",255,55,26,6
59726,"[23270, 25]",214,41,18,4
59727,"[23270, 26]",190,57,26,0
59728,"[23270, 27]",188,0,0,0
59729,"[23270, 28]",187,0,0,0
59730,"[23270, 29]",773,158,64,-1
59731,"[23270, 30]",768,0,0,1
59732,"[23270, 31]",852,158,64,0
59733,"[23271, 0]",1,2,1,0
59734,"[23272, 0]",1,0,0,0
59735,"[23272, 1]",2,158,64,0
59736,"[23273, 0]",1,0,0,0
59737,"[23273, 1]",4,158,64,0
59738,"[23273, 2]",3,0,0,0
59739,"[23273, 3]",29,158,64,0
59740,"[23274, 0]",1,0,0,0
59741,"[23274, 1]",2,41,18,2
59742,"[23275, 0]",1,0,0,0
59743,"[23275, 1]",2,0,0,0
59744,"[23275, 2]",21,41,18,0
59745,"[23276, 0]",1,0,0,0
59746,"[23276, 1]",2,158,64,0
59747,"[23277, 0]",1,61,28,0
59748,"[23278, 0]",1,0,0,0
59749,"[23278, 1]",2,158,64,0
59750,"[23279, 0]",1,158,64,0
59751,"[23280, 0]",1,0,0,0
59752,"[23280, 1]",3,0,0,0
59753,"[23280, 2]",2,0,0,0
59754,"[23280, 3]",36,57,26,1
59755,"[23280, 4]",35,0,0,1
59756,"[23280, 5]",32,0,0,1
59757,"[23280, 6]",31,0,0,-1
59758,"[23280, 7]",26,0,0,-1
59759,"[23280, 8]",128,0,0,-1
59760,"[23280, 9]",78,0,0,-1
59761,"[23280, 10]",73,0,0,0
59762,"[23280, 11]",58,59,28,0
59763,"[23280, 12]",253,158,64,0
59764,"[23280, 13]",224,0,0,-1
59765,"[23280, 14]",199,158,64,-1
59766,"[23281, 0]",1,158,64,0
59767,"[23282, 0]",1,0,0,0
59768,"[23282, 1]",6,0,0,0
59769,"[23282, 2]",5,0,0,0
59770,"[23282, 3]",3,0,0,0
59771,"[23282, 4]",2,0,0,0
59772,"[23282, 5]",31,57,26,0
59773,"[23282, 6]",23,158,64,0
59774,"[23282, 7]",18,57,26,-1
59775,"[23282, 8]",15,156,64,0
59776,"[23283, 0]",1,158,64,0
59777,"[23284, 0]",1,158,64,0
59778,"[23285, 0]",1,51,24,0
59779,"[23286, 0]",1,0,0,0
59780,"[23286, 1]",3,0,0,0
59781,"[23286, 2]",2,0,0,0
59782,"[23286, 3]",49,158,64,0
59783,"[23286, 4]",47,0,0,0
59784,"[23286, 5]",45,0,0,0
59785,"[23286, 6]",40,0,0,0
59786,"[23286, 7]",118,0,0,0
59787,"[23286, 8]",88,0,0,0
59788,"[23286, 9]",77,0,0,0
59789,"[23286, 10]",192,57,26,0
59790,"[23286, 11]",176,0,0,0
59791,"[23286, 12]",155,57,26,0
59792,"[23286, 13]",259,158,64,0
59793,"[23287, 0]",1,0,0,0
59794,"[23287, 1]",2,0,0,0
59795,"[23287, 2]",68,0,0,0
59796,"[23287, 3]",99,41,18,0
59797,"[23288, 0]",1,0,0,0
59798,"[23288, 1]",4,158,64,0
59799,"[23288, 2]",3,0,0,0
59800,"[23288, 3]",2,0,0,0
59801,"[23288, 4]",40,158,64,0
59802,"[23288, 5]",38,0,0,0
59803,"[23288, 6]",36,0,0,0
59804,"[23288, 7]",29,158,64,0
59805,"[23288, 8]",78,158,64,0
59806,"[23288, 9]",77,0,0,0
59807,"[23288, 10]",74,0,0,0
59808,"[23288, 11]",60,156,64,0
59809,"[23288, 12]",181,0,0,0
59810,"[23288, 13]",164,54,24,0
59811,"[23288, 14]",301,0,0,0
59812,"[23288, 15]",422,57,26,6
59813,"[23289, 0]",1,156,64,0
59814,"[23290, 0]",1,0,0,0
59815,"[23290, 1]",2,0,0,0
59816,"[23290, 2]",50,41,18,0
59817,"[23290, 3]",48,0,0,0
59818,"[23290, 4]",83,41,18,0
59819,"[23290, 5]",82,158,64,0
59820,"[23291, 0]",1,158,64,0
59821,"[23292, 0]",1,2,1,0
59822,"[23293, 0]",1,0,0,0
59823,"[23293, 1]",2,41,18,0
59824,"[23294, 0]",1,2,1,0
59825,"[23295, 0]",1,0,0,0
59826,"[23295, 1]",2,0,0,0
59827,"[23295, 2]",58,156,64,0
59828,"[23296, 0]",1,0,0,0
59829,"[23296, 1]",2,158,64,0
59830,"[23297, 0]",1,0,0,0
59831,"[23297, 1]",2,0,0,0
59832,"[23297, 2]",22,156,64,-1
59833,"[23298, 0]",1,0,0,0
59834,"[23298, 1]",2,158,64,0
59835,"[23299, 0]",1,0,0,0
59836,"[23299, 1]",2,158,64,0
59837,"[23300, 0]",1,0,0,0
59838,"[23300, 1]",2,158,64,0
59839,"[23301, 0]",1,156,64,0
59840,"[23302, 0]",1,0,0,0
59841,"[23302, 1]",2,158,64,0
59842,"[23303, 0]",1,2,1,0
59843,"[23304, 0]",1,59,28,0
59844,"[23305, 0]",1,54,24,0
59845,"[23306, 0]",1,0,0,0
59846,"[23306, 1]",2,158,64,0
59847,"[23307, 0]",1,0,0,0
59848,"[23307, 1]",2,0,0,0
59849,"[23307, 2]",29,158,64,5
59850,"[23308, 0]",1,158,64,1
59851,"[23309, 0]",1,158,64,0
59852,"[23310, 0]",1,0,0,0
59853,"[23310, 1]",2,156,64,0
59854,"[23311, 0]",1,158,64,0
59855,"[23312, 0]",1,158,64,0
59856,"[23313, 0]",1,0,0,0
59857,"[23313, 1]",2,53,24,0
59858,"[23314, 0]",1,41,18,0
59859,"[23315, 0]",1,158,64,0
59860,"[23316, 0]",1,158,64,0
59861,"[23317, 0]",1,41,18,0
59862,"[23318, 0]",1,0,0,0
59863,"[23318, 1]",2,41,18,0
59864,"[23319, 0]",1,158,64,0
59865,"[23320, 0]",1,0,0,0
59866,"[23320, 1]",6,158,64,0
59867,"[23320, 2]",5,2,1,0
59868,"[23320, 3]",3,0,0,0
59869,"[23320, 4]",2,0,0,0
59870,"[23320, 5]",30,158,64,0
59871,"[23320, 6]",29,158,64,0
59872,"[23320, 7]",20,57,26,0
59873,"[23321, 0]",1,0,0,0
59874,"[23321, 1]",2,158,64,0
59875,"[23322, 0]",1,158,64,0
59876,"[23323, 0]",1,0,0,0
59877,"[23323, 1]",2,57,26,0
59878,"[23324, 0]",1,0,0,0
59879,"[23324, 1]",2,0,0,0
59880,"[23324, 2]",21,158,64,0
59881,"[23325, 0]",1,0,0,0
59882,"[23325, 1]",2,0,0,0
59883,"[23325, 2]",13,57,26,-1
59884,"[23326, 0]",1,0,0,0
59885,"[23326, 1]",2,2,1,0
59886,"[23327, 0]",1,2,1,0
59887,"[23328, 0]",1,0,0,0
59888,"[23328, 1]",2,2,1,0
59889,"[23329, 0]",1,0,0,0
59890,"[23329, 1]",5,0,0,0
59891,"[23329, 2]",3,0,0,0
59892,"[23329, 3]",49,0,0,0
59893,"[23329, 4]",30,156,64,0
59894,"[23329, 5]",69,158,64,0
59895,"[23330, 0]",1,2,1,0
59896,"[23331, 0]",1,57,26,0
59897,"[23332, 0]",1,0,0,0
59898,"[23332, 1]",2,0,0,13
59899,"[23332, 2]",13,2,1,-1
59900,"[23333, 0]",1,0,0,0
59901,"[23333, 1]",2,156,64,0
59902,"[23334, 0]",1,158,64,0
59903,"[23335, 0]",1,2,1,0
59904,"[23336, 0]",1,0,0,0
59905,"[23336, 1]",2,158,64,0
59906,"[23337, 0]",1,158,64,0
59907,"[23338, 0]",1,2,1,0
59908,"[23339, 0]",1,158,64,0
59909,"[23340, 0]",1,0,0,0
59910,"[23340, 1]",2,156,64,0
59911,"[23341, 0]",1,0,0,0
59912,"[23341, 1]",2,41,18,0
59913,"[23342, 0]",1,0,0,0
59914,"[23342, 1]",8,0,0,0
59915,"[23342, 2]",7,0,0,0
59916,"[23342, 3]",6,0,0,0
59917,"[23342, 4]",5,0,0,0
59918,"[23342, 5]",4,0,0,0
59919,"[23342, 6]",3,0,0,0
59920,"[23342, 7]",63,57,26,0
59921,"[23342, 8]",60,156,64,0
59922,"[23342, 9]",57,2,1,0
59923,"[23342, 10]",54,156,64,0
59924,"[23342, 11]",51,41,18,0
59925,"[23342, 12]",48,2,1,0
59926,"[23343, 0]",1,0,0,0
59927,"[23343, 1]",2,158,64,1
59928,"[23344, 0]",1,156,64,0
59929,"[23345, 0]",1,0,0,0
59930,"[23345, 1]",2,158,64,0
59931,"[23346, 0]",1,158,64,0
59932,"[23347, 0]",1,0,0,0
59933,"[23347, 1]",8,156,64,0
59934,"[23347, 2]",5,0,0,0
59935,"[23347, 3]",4,0,0,0
59936,"[23347, 4]",3,0,0,0
59937,"[23347, 5]",2,0,0,0
59938,"[23347, 6]",51,158,64,-1
59939,"[23347, 7]",50,0,0,-1
59940,"[23347, 8]",46,41,18,0
59941,"[23347, 9]",40,41,18,0
59942,"[23347, 10]",37,158,64,2
59943,"[23348, 0]",1,41,18,0
59944,"[23349, 0]",1,0,0,0
59945,"[23349, 1]",2,158,64,0
59946,"[23350, 0]",1,54,24,0
59947,"[23351, 0]",1,158,64,0
59948,"[23352, 0]",1,0,0,0
59949,"[23352, 1]",2,41,18,0
59950,"[23353, 0]",1,0,0,0
59951,"[23353, 1]",8,41,18,0
59952,"[23353, 2]",6,0,0,0
59953,"[23353, 3]",2,0,0,0
59954,"[23353, 4]",38,57,26,0
59955,"[23353, 5]",37,41,18,0
59956,"[23353, 6]",36,0,0,0
59957,"[23353, 7]",35,0,0,0
59958,"[23353, 8]",22,41,18,0
59959,"[23353, 9]",66,0,0,0
59960,"[23353, 10]",63,53,24,0
59961,"[23353, 11]",180,41,18,0
59962,"[23353, 12]",179,156,64,0
59963,"[23354, 0]",1,158,64,0
59964,"[23355, 0]",1,57,26,0
59965,"[23356, 0]",1,0,0,0
59966,"[23356, 1]",2,158,64,8
59967,"[23357, 0]",1,0,0,0
59968,"[23357, 1]",2,158,64,0
59969,"[23358, 0]",1,156,64,0
59970,"[23359, 0]",1,0,0,0
59971,"[23359, 1]",6,158,64,0
59972,"[23359, 2]",4,2,1,0
59973,"[23359, 3]",2,0,0,0
59974,"[23359, 4]",32,0,0,0
59975,"[23359, 5]",82,158,64,0
59976,"[23360, 0]",1,158,64,0
59977,"[23361, 0]",1,0,0,0
59978,"[23361, 1]",2,0,0,0
59979,"[23361, 2]",42,0,0,0
59980,"[23361, 3]",58,156,64,-1
59981,"[23362, 0]",1,158,64,0
59982,"[23363, 0]",1,41,18,0
59983,"[23364, 0]",1,57,26,0
59984,"[23365, 0]",1,2,1,0
59985,"[23366, 0]",1,158,64,0
59986,"[23367, 0]",1,0,0,0
59987,"[23367, 1]",2,0,0,0
59988,"[23367, 2]",30,2,1,0
59989,"[23368, 0]",1,0,0,0
59990,"[23368, 1]",2,158,64,4
59991,"[23369, 0]",1,0,0,0
59992,"[23369, 1]",2,0,0,0
59993,"[23369, 2]",27,2,1,11
59994,"[23370, 0]",1,0,0,0
59995,"[23370, 1]",2,41,18,0
59996,"[23371, 0]",1,41,18,0
59997,"[23372, 0]",1,158,64,0
59998,"[23373, 0]",1,0,0,0
59999,"[23373, 1]",2,57,26,8
60000,"[23374, 0]",1,158,64,0
60001,"[23375, 0]",1,0,0,0
60002,"[23375, 1]",2,2,1,0
60003,"[23376, 0]",1,158,64,0
60004,"[23377, 0]",1,158,64,0
60005,"[23378, 0]",1,158,64,0
60006,"[23379, 0]",1,0,0,0
60007,"[23379, 1]",9,158,64,0
60008,"[23379, 2]",7,0,0,0
60009,"[23379, 3]",5,0,0,0
60010,"[23379, 4]",4,0,0,0
60011,"[23379, 5]",3,0,0,0
60012,"[23379, 6]",2,0,0,0
60013,"[23379, 7]",65,0,0,0
60014,"[23379, 8]",64,158,64,0
60015,"[23379, 9]",59,0,0,0
60016,"[23379, 10]",53,158,64,0
60017,"[23379, 11]",49,156,64,0
60018,"[23379, 12]",46,156,64,0
60019,"[23379, 13]",106,41,18,0
60020,"[23379, 14]",70,156,64,-1
60021,"[23380, 0]",1,0,0,0
60022,"[23380, 1]",2,0,0,0
60023,"[23380, 2]",17,156,64,0
60024,"[23381, 0]",1,158,64,0
60025,"[23382, 0]",1,158,64,0
60026,"[23383, 0]",1,0,0,0
60027,"[23383, 1]",2,51,24,4
60028,"[23384, 0]",1,158,64,0
60029,"[23385, 0]",1,2,1,0
60030,"[23386, 0]",1,158,64,0
60031,"[23387, 0]",1,158,64,0
60032,"[23388, 0]",1,57,26,0
60033,"[23389, 0]",1,0,0,0
60034,"[23389, 1]",2,55,26,0
60035,"[23390, 0]",1,158,64,0
60036,"[23391, 0]",1,41,18,0
60037,"[23392, 0]",1,2,1,0
60038,"[23393, 0]",1,41,18,1
60039,"[23394, 0]",1,0,0,0
60040,"[23394, 1]",2,158,64,0
60041,"[23395, 0]",1,57,26,0
60042,"[23396, 0]",1,51,24,0
60043,"[23397, 0]",1,156,64,0
60044,"[23398, 0]",1,0,0,0
60045,"[23398, 1]",2,0,0,0
60046,"[23398, 2]",30,41,18,2
60047,"[23399, 0]",1,158,64,0
60048,"[23400, 0]",1,41,18,0
60049,"[23401, 0]",1,0,0,0
60050,"[23401, 1]",2,158,64,0
60051,"[23402, 0]",1,0,0,0
60052,"[23402, 1]",2,0,0,0
60053,"[23402, 2]",79,2,1,0
60054,"[23403, 0]",1,0,0,0
60055,"[23403, 1]",2,41,18,0
60056,"[23404, 0]",1,0,0,0
60057,"[23404, 1]",7,0,0,0
60058,"[23404, 2]",6,0,0,0
60059,"[23404, 3]",4,0,0,0
60060,"[23404, 4]",3,0,0,0
60061,"[23404, 5]",2,0,0,0
60062,"[23404, 6]",44,158,64,0
60063,"[23404, 7]",42,0,0,0
60064,"[23404, 8]",38,0,0,0
60065,"[23404, 9]",33,0,0,0
60066,"[23404, 10]",21,57,26,0
60067,"[23404, 11]",18,63,28,0
60068,"[23404, 12]",119,53,24,0
60069,"[23404, 13]",100,51,24,0
60070,"[23404, 14]",75,0,0,0
60071,"[23404, 15]",290,41,18,18
60072,"[23405, 0]",1,156,64,0
60073,"[23406, 0]",1,158,64,0
60074,"[23407, 0]",1,0,0,0
60075,"[23407, 1]",5,41,18,0
60076,"[23407, 2]",3,0,0,0
60077,"[23407, 3]",2,0,0,0
60078,"[23407, 4]",50,0,0,0
60079,"[23407, 5]",49,57,26,0
60080,"[23407, 6]",41,158,64,0
60081,"[23407, 7]",77,158,64,0
60082,"[23408, 0]",1,158,64,0
60083,"[23409, 0]",1,2,1,0
60084,"[23410, 0]",1,158,64,0
60085,"[23411, 0]",1,158,64,1
60086,"[23412, 0]",1,0,0,0
60087,"[23412, 1]",2,2,1,0
60088,"[23413, 0]",1,0,0,0
60089,"[23413, 1]",2,57,26,0
60090,"[23414, 0]",1,0,0,0
60091,"[23414, 1]",2,158,64,0
60092,"[23415, 0]",1,54,24,0
60093,"[23416, 0]",1,41,18,0
60094,"[23417, 0]",1,158,64,0
60095,"[23418, 0]",1,158,64,0
60096,"[23419, 0]",1,158,64,1
60097,"[23420, 0]",1,0,0,0
60098,"[23420, 1]",2,158,64,0
60099,"[23421, 0]",1,0,0,0
60100,"[23421, 1]",5,0,0,2
60101,"[23421, 2]",2,0,0,-1
60102,"[23421, 3]",53,0,0,-1
60103,"[23421, 4]",52,0,0,-1
60104,"[23421, 5]",30,41,18,0
60105,"[23421, 6]",107,158,64,9
60106,"[23421, 7]",106,0,0,3
60107,"[23421, 8]",104,0,0,-1
60108,"[23421, 9]",100,0,0,3
60109,"[23421, 10]",246,156,64,0
60110,"[23421, 11]",190,158,64,0
60111,"[23422, 0]",1,0,0,0
60112,"[23422, 1]",2,0,0,0
60113,"[23422, 2]",27,158,64,-1
60114,"[23423, 0]",1,0,0,0
60115,"[23423, 1]",5,158,64,0
60116,"[23423, 2]",2,0,0,0
60117,"[23423, 3]",48,158,64,0
60118,"[23424, 0]",1,0,0,0
60119,"[23424, 1]",2,158,64,0
60120,"[23425, 0]",1,59,28,0
60121,"[23426, 0]",1,158,64,0
60122,"[23427, 0]",1,158,64,0
60123,"[23428, 0]",1,0,0,0
60124,"[23428, 1]",2,0,0,0
60125,"[23428, 2]",36,0,0,0
60126,"[23428, 3]",47,158,64,0
60127,"[23429, 0]",1,158,64,0
60128,"[23430, 0]",1,0,0,0
60129,"[23430, 1]",2,0,0,0
60130,"[23430, 2]",80,0,0,0
60131,"[23430, 3]",98,158,64,0
60132,"[23431, 0]",1,0,0,0
60133,"[23431, 1]",6,57,26,0
60134,"[23431, 2]",3,156,64,0
60135,"[23431, 3]",2,0,0,0
60136,"[23431, 4]",72,158,64,0
60137,"[23431, 5]",71,0,0,0
60138,"[23431, 6]",69,0,0,0
60139,"[23431, 7]",117,0,0,0
60140,"[23431, 8]",101,0,0,6
60141,"[23431, 9]",198,158,64,0
60142,"[23431, 10]",188,0,0,0
60143,"[23431, 11]",306,158,64,0
60144,"[23432, 0]",1,0,0,0
60145,"[23432, 1]",2,156,64,0
60146,"[23433, 0]",1,0,0,0
60147,"[23433, 1]",2,158,64,0
60148,"[23434, 0]",1,0,0,0
60149,"[23434, 1]",2,158,64,1
60150,"[23435, 0]",1,0,0,0
60151,"[23435, 1]",2,158,64,0
60152,"[23436, 0]",1,0,0,0
60153,"[23436, 1]",2,158,64,13
60154,"[23437, 0]",1,158,64,0
60155,"[23438, 0]",1,53,24,0
60156,"[23439, 0]",1,0,0,0
60157,"[23439, 1]",5,0,0,0
60158,"[23439, 2]",2,0,0,0
60159,"[23439, 3]",32,0,0,0
60160,"[23439, 4]",16,41,18,0
60161,"[23439, 5]",64,0,0,0
60162,"[23439, 6]",169,0,0,0
60163,"[23439, 7]",168,0,0,0
60164,"[23439, 8]",166,0,0,0
60165,"[23439, 9]",240,0,0,0
60166,"[23439, 10]",239,0,0,0
60167,"[23439, 11]",225,57,26,0
60168,"[23439, 12]",221,57,26,0
60169,"[23439, 13]",311,59,28,0
60170,"[23439, 14]",307,0,0,0
60171,"[23439, 15]",306,0,0,0
60172,"[23439, 16]",305,0,0,0
60173,"[23439, 17]",304,0,0,0
60174,"[23439, 18]",300,0,0,0
60175,"[23439, 19]",472,0,0,0
60176,"[23439, 20]",453,0,0,0
60177,"[23439, 21]",451,41,18,0
60178,"[23439, 22]",450,0,0,0
60179,"[23439, 23]",441,158,64,0
60180,"[23439, 24]",432,57,26,0
60181,"[23439, 25]",625,2,1,0
60182,"[23439, 26]",615,0,0,0
60183,"[23439, 27]",531,0,0,0
60184,"[23439, 28]",1009,156,64,0
60185,"[23439, 29]",978,158,64,0
60186,"[23440, 0]",1,158,64,0
60187,"[23441, 0]",1,0,0,0
60188,"[23441, 1]",2,57,26,0
60189,"[23442, 0]",1,158,64,0
60190,"[23443, 0]",1,0,0,0
60191,"[23443, 1]",2,57,26,0
60192,"[23444, 0]",1,158,64,0
60193,"[23445, 0]",1,0,0,0
60194,"[23445, 1]",2,0,0,0
60195,"[23445, 2]",10,54,24,0
60196,"[23446, 0]",1,54,24,0
60197,"[23447, 0]",1,0,0,0
60198,"[23447, 1]",2,41,18,0
60199,"[23448, 0]",1,0,0,0
60200,"[23448, 1]",8,158,64,0
60201,"[23448, 2]",7,41,18,0
60202,"[23448, 3]",6,0,0,0
60203,"[23448, 4]",5,0,0,0
60204,"[23448, 5]",4,158,64,0
60205,"[23448, 6]",22,158,64,0
60206,"[23448, 7]",18,57,26,0
60207,"[23449, 0]",1,64,29,0
60208,"[23450, 0]",1,0,0,0
60209,"[23450, 1]",2,0,0,0
60210,"[23450, 2]",14,57,26,0
60211,"[23451, 0]",1,2,1,0
60212,"[23452, 0]",1,0,0,0
60213,"[23452, 1]",2,0,0,0
60214,"[23452, 2]",12,156,64,-1
60215,"[23453, 0]",1,2,1,0
60216,"[23454, 0]",1,158,64,0
60217,"[23455, 0]",1,0,0,0
60218,"[23455, 1]",6,158,64,0
60219,"[23455, 2]",3,0,0,0
60220,"[23455, 3]",2,0,0,0
60221,"[23455, 4]",60,158,64,0
60222,"[23455, 5]",59,0,0,0
60223,"[23455, 6]",56,0,0,0
60224,"[23455, 7]",53,0,0,0
60225,"[23455, 8]",125,0,0,0
60226,"[23455, 9]",110,2,1,0
60227,"[23455, 10]",107,41,18,0
60228,"[23455, 11]",106,0,0,0
60229,"[23455, 12]",83,156,64,-1
60230,"[23455, 13]",236,0,0,0
60231,"[23455, 14]",207,41,18,0
60232,"[23455, 15]",390,0,0,0
60233,"[23455, 16]",389,59,28,0
60234,"[23455, 17]",494,158,64,4
60235,"[23456, 0]",1,158,64,0
60236,"[23457, 0]",1,0,0,0
60237,"[23457, 1]",2,0,0,-1
60238,"[23457, 2]",14,2,1,5
60239,"[23458, 0]",1,0,0,0
60240,"[23458, 1]",2,54,24,0
60241,"[23459, 0]",1,57,26,0
60242,"[23460, 0]",1,0,0,0
60243,"[23460, 1]",2,158,64,1
60244,"[23461, 0]",1,41,18,0
60245,"[23462, 0]",1,158,64,0
60246,"[23463, 0]",1,158,64,0
60247,"[23464, 0]",1,0,0,0
60248,"[23464, 1]",2,2,1,0
60249,"[23465, 0]",1,2,1,0
60250,"[23466, 0]",1,158,64,0
60251,"[23467, 0]",1,0,0,0
60252,"[23467, 1]",2,2,1,0
60253,"[23468, 0]",1,58,26,0
60254,"[23469, 0]",1,0,0,0
60255,"[23469, 1]",5,158,64,0
60256,"[23469, 2]",3,0,0,0
60257,"[23469, 3]",2,0,0,0
60258,"[23469, 4]",31,41,18,0
60259,"[23469, 5]",30,158,64,0
60260,"[23469, 6]",26,0,0,0
60261,"[23469, 7]",74,158,64,0
60262,"[23470, 0]",1,41,18,0
60263,"[23471, 0]",1,0,0,0
60264,"[23471, 1]",2,158,64,0
60265,"[23472, 0]",1,41,18,0
60266,"[23473, 0]",1,0,0,0
60267,"[23473, 1]",2,0,0,0
60268,"[23473, 2]",46,158,64,0
60269,"[23473, 3]",45,0,0,0
60270,"[23473, 4]",75,53,24,0
60271,"[23474, 0]",1,41,18,0
60272,"[23475, 0]",1,41,18,0
60273,"[23476, 0]",1,158,64,0
60274,"[23477, 0]",1,41,18,0
60275,"[23478, 0]",1,57,26,0
60276,"[23479, 0]",1,158,64,0
60277,"[23480, 0]",1,0,0,0
60278,"[23480, 1]",2,156,64,0
60279,"[23481, 0]",1,158,64,0
60280,"[23482, 0]",1,57,26,0
60281,"[23483, 0]",1,2,1,0
60282,"[23484, 0]",1,41,18,0
60283,"[23485, 0]",1,158,64,0
60284,"[23486, 0]",1,0,0,0
60285,"[23486, 1]",2,158,64,0
60286,"[23487, 0]",1,0,0,0
60287,"[23487, 1]",2,158,64,0
60288,"[23488, 0]",1,0,0,0
60289,"[23488, 1]",2,156,64,0
60290,"[23489, 0]",1,0,0,0
60291,"[23489, 1]",4,41,18,0
60292,"[23489, 2]",3,0,0,0
60293,"[23489, 3]",55,37,18,0
60294,"[23490, 0]",1,41,18,0
60295,"[23491, 0]",1,0,0,0
60296,"[23491, 1]",2,158,64,0
60297,"[23492, 0]",1,0,0,0
60298,"[23492, 1]",3,158,64,0
60299,"[23492, 2]",2,41,18,0
60300,"[23493, 0]",1,59,28,0
60301,"[23494, 0]",1,158,64,0
60302,"[23495, 0]",1,158,64,0
60303,"[23496, 0]",1,57,26,0
60304,"[23497, 0]",1,0,0,0
60305,"[23497, 1]",2,156,64,0
60306,"[23498, 0]",1,0,0,0
60307,"[23498, 1]",6,55,24,0
60308,"[23498, 2]",5,0,0,0
60309,"[23498, 3]",3,0,0,0
60310,"[23498, 4]",34,0,0,0
60311,"[23498, 5]",20,0,0,0
60312,"[23498, 6]",121,57,26,0
60313,"[23498, 7]",87,158,64,5
60314,"[23499, 0]",1,41,18,0
60315,"[23500, 0]",1,0,0,0
60316,"[23500, 1]",2,158,64,-1
60317,"[23501, 0]",1,158,64,0
60318,"[23502, 0]",1,0,0,0
60319,"[23502, 1]",2,0,0,0
60320,"[23502, 2]",43,2,1,0
60321,"[23503, 0]",1,158,64,0
60322,"[23504, 0]",1,158,64,0
60323,"[23505, 0]",1,158,64,0
60324,"[23506, 0]",1,41,18,0
60325,"[23507, 0]",1,57,26,0
60326,"[23508, 0]",1,158,64,0
60327,"[23509, 0]",1,41,18,0
60328,"[23510, 0]",1,2,1,0
60329,"[23511, 0]",1,0,0,0
60330,"[23511, 1]",2,0,0,0
60331,"[23511, 2]",17,0,0,0
60332,"[23511, 3]",36,156,64,0
60333,"[23512, 0]",1,57,26,0
60334,"[23513, 0]",1,55,26,0
60335,"[23514, 0]",1,158,64,0
60336,"[23515, 0]",1,41,18,0
60337,"[23516, 0]",1,0,0,0
60338,"[23516, 1]",5,0,0,0
60339,"[23516, 2]",4,158,64,0
60340,"[23516, 3]",3,0,0,0
60341,"[23516, 4]",53,57,26,0
60342,"[23516, 5]",52,158,64,0
60343,"[23516, 6]",51,0,0,0
60344,"[23516, 7]",50,0,0,0
60345,"[23516, 8]",49,0,0,0
60346,"[23516, 9]",45,0,0,0
60347,"[23516, 10]",42,2,1,0
60348,"[23516, 11]",41,158,64,0
60349,"[23516, 12]",39,0,0,0
60350,"[23516, 13]",24,0,0,0
60351,"[23516, 14]",280,158,64,0
60352,"[23516, 15]",130,0,0,0
60353,"[23516, 16]",110,0,0,-1
60354,"[23516, 17]",109,0,0,-1
60355,"[23516, 18]",108,0,0,3
60356,"[23516, 19]",93,156,64,0
60357,"[23516, 20]",90,0,0,0
60358,"[23516, 21]",86,41,18,0
60359,"[23516, 22]",474,158,64,0
60360,"[23516, 23]",394,0,0,0
60361,"[23516, 24]",391,0,0,-1
60362,"[23516, 25]",388,57,26,6
60363,"[23516, 26]",324,0,0,0
60364,"[23516, 27]",804,158,64,0
60365,"[23516, 28]",766,158,64,2
60366,"[23516, 29]",747,0,0,0
60367,"[23516, 30]",943,158,64,3
60368,"[23517, 0]",1,158,64,0
60369,"[23518, 0]",1,0,0,0
60370,"[23518, 1]",2,156,64,2
60371,"[23519, 0]",1,41,18,0
60372,"[23520, 0]",1,0,0,0
60373,"[23520, 1]",2,0,0,0
60374,"[23520, 2]",17,0,0,0
60375,"[23520, 3]",31,57,26,0
60376,"[23521, 0]",1,158,64,0
60377,"[23522, 0]",1,0,0,0
60378,"[23522, 1]",2,0,0,0
60379,"[23522, 2]",33,0,0,0
60380,"[23522, 3]",50,41,18,4
60381,"[23523, 0]",1,0,0,0
60382,"[23523, 1]",2,2,1,0
60383,"[23524, 0]",1,0,0,0
60384,"[23524, 1]",4,2,1,0
60385,"[23524, 2]",2,0,0,0
60386,"[23524, 3]",19,41,18,0
60387,"[23524, 4]",18,0,0,0
60388,"[23524, 5]",47,158,64,0
60389,"[23525, 0]",1,0,0,0
60390,"[23525, 1]",2,2,1,1
60391,"[23526, 0]",1,41,18,0
60392,"[23527, 0]",1,156,64,0
60393,"[23528, 0]",1,57,26,0
60394,"[23529, 0]",1,0,0,0
60395,"[23529, 1]",2,57,26,3
60396,"[23530, 0]",1,0,0,0
60397,"[23530, 1]",2,59,28,0
60398,"[23531, 0]",1,0,0,0
60399,"[23531, 1]",7,158,64,0
60400,"[23531, 2]",3,0,0,0
60401,"[23531, 3]",2,0,0,0
60402,"[23531, 4]",53,0,0,0
60403,"[23531, 5]",48,158,64,0
60404,"[23531, 6]",69,41,18,0
60405,"[23532, 0]",1,0,0,0
60406,"[23532, 1]",2,0,0,-1
60407,"[23532, 2]",60,57,26,-1
60408,"[23533, 0]",1,156,64,0
60409,"[23534, 0]",1,0,0,0
60410,"[23534, 1]",3,156,64,0
60411,"[23534, 2]",2,41,18,0
60412,"[23535, 0]",1,0,0,0
60413,"[23535, 1]",2,0,0,0
60414,"[23535, 2]",31,41,18,0
60415,"[23536, 0]",1,156,64,0
60416,"[23537, 0]",1,158,64,0
60417,"[23538, 0]",1,158,64,0
60418,"[23539, 0]",1,0,0,0
60419,"[23539, 1]",2,41,18,3
60420,"[23540, 0]",1,0,0,0
60421,"[23540, 1]",2,156,64,0
60422,"[23541, 0]",1,0,0,0
60423,"[23541, 1]",2,158,64,0
60424,"[23542, 0]",1,156,64,0
60425,"[23543, 0]",1,0,0,0
60426,"[23543, 1]",6,41,18,0
60427,"[23543, 2]",5,41,18,0
60428,"[23543, 3]",3,0,0,0
60429,"[23543, 4]",2,0,0,0
60430,"[23543, 5]",38,0,0,0
60431,"[23543, 6]",37,41,18,0
60432,"[23543, 7]",29,158,64,0
60433,"[23543, 8]",55,0,0,0
60434,"[23543, 9]",316,156,64,0
60435,"[23544, 0]",1,41,18,0
60436,"[23545, 0]",1,2,1,0
60437,"[23546, 0]",1,0,0,0
60438,"[23546, 1]",2,158,64,0
60439,"[23547, 0]",1,0,0,0
60440,"[23547, 1]",2,57,26,0
60441,"[23548, 0]",1,41,18,1
60442,"[23549, 0]",1,156,64,0
60443,"[23550, 0]",1,0,0,0
60444,"[23550, 1]",4,41,18,0
60445,"[23550, 2]",3,158,64,0
60446,"[23550, 3]",2,41,18,0
60447,"[23551, 0]",1,57,26,0
60448,"[23552, 0]",1,2,1,1
60449,"[23553, 0]",1,57,26,0
60450,"[23554, 0]",1,156,64,0
60451,"[23555, 0]",1,0,0,0
60452,"[23555, 1]",2,0,0,0
60453,"[23555, 2]",40,158,64,0
60454,"[23556, 0]",1,0,0,0
60455,"[23556, 1]",3,0,0,0
60456,"[23556, 2]",2,0,0,0
60457,"[23556, 3]",38,41,18,0
60458,"[23556, 4]",37,158,64,0
60459,"[23556, 5]",34,156,64,0
60460,"[23557, 0]",1,158,64,0
60461,"[23558, 0]",1,158,64,0
60462,"[23559, 0]",1,158,64,0
60463,"[23560, 0]",1,0,0,0
60464,"[23560, 1]",3,0,0,-1
60465,"[23560, 2]",2,0,0,-1
60466,"[23560, 3]",43,0,0,2
60467,"[23560, 4]",41,0,0,4
60468,"[23560, 5]",37,0,0,-1
60469,"[23560, 6]",36,2,1,4
60470,"[23560, 7]",34,0,0,-1
60471,"[23560, 8]",103,0,0,4
60472,"[23560, 9]",88,158,64,4
60473,"[23560, 10]",61,158,64,-1
60474,"[23560, 11]",45,158,64,26
60475,"[23560, 12]",171,57,26,0
60476,"[23561, 0]",1,0,0,0
60477,"[23561, 1]",2,158,64,0
60478,"[23562, 0]",1,158,64,0
60479,"[23563, 0]",1,0,0,0
60480,"[23563, 1]",2,41,18,0
60481,"[23564, 0]",1,0,0,0
60482,"[23564, 1]",2,2,1,0
60483,"[23565, 0]",1,41,18,0
60484,"[23566, 0]",1,0,0,0
60485,"[23566, 1]",2,0,0,0
60486,"[23566, 2]",14,57,26,0
60487,"[23567, 0]",1,0,0,0
60488,"[23567, 1]",2,158,64,0
60489,"[23568, 0]",1,0,0,0
60490,"[23568, 1]",2,2,1,11
60491,"[23569, 0]",1,0,0,0
60492,"[23569, 1]",2,57,26,-1
60493,"[23570, 0]",1,158,64,0
60494,"[23571, 0]",1,0,0,0
60495,"[23571, 1]",2,0,0,0
60496,"[23571, 2]",46,158,64,0
60497,"[23571, 3]",43,0,0,0
60498,"[23571, 4]",42,0,0,0
60499,"[23571, 5]",70,156,64,0
60500,"[23571, 6]",69,156,64,0
60501,"[23571, 7]",63,0,0,0
60502,"[23571, 8]",142,57,26,0
60503,"[23572, 0]",1,158,64,0
60504,"[23573, 0]",1,41,18,0
60505,"[23574, 0]",1,158,64,0
60506,"[23575, 0]",1,0,0,0
60507,"[23575, 1]",2,158,64,0
60508,"[23576, 0]",1,0,0,0
60509,"[23576, 1]",2,0,0,2
60510,"[23576, 2]",62,0,0,0
60511,"[23576, 3]",78,0,0,0
60512,"[23576, 4]",103,158,64,5
60513,"[23577, 0]",1,158,64,0
60514,"[23578, 0]",1,158,64,0
60515,"[23579, 0]",1,0,0,0
60516,"[23579, 1]",2,57,26,0
60517,"[23580, 0]",1,0,0,0
60518,"[23580, 1]",3,57,26,0
60519,"[23580, 2]",2,0,0,0
60520,"[23580, 3]",35,158,64,0
60521,"[23581, 0]",1,0,0,0
60522,"[23581, 1]",2,0,0,0
60523,"[23581, 2]",24,0,0,0
60524,"[23581, 3]",107,156,64,0
60525,"[23582, 0]",1,0,0,0
60526,"[23582, 1]",2,63,28,0
60527,"[23583, 0]",1,0,0,0
60528,"[23584, 0]",1,0,0,0
60529,"[23584, 1]",3,0,0,0
60530,"[23584, 2]",2,0,0,0
60531,"[23584, 3]",45,41,18,0
60532,"[23584, 4]",42,156,64,0
60533,"[23584, 5]",37,158,64,-1
60534,"[23585, 0]",1,158,64,0
60535,"[23586, 0]",1,41,18,0
60536,"[23587, 0]",1,57,26,0
60537,"[23588, 0]",1,158,64,0
60538,"[23589, 0]",1,41,18,0
60539,"[23590, 0]",1,0,0,0
60540,"[23590, 1]",2,2,1,0
60541,"[23591, 0]",1,0,0,0
60542,"[23591, 1]",2,158,64,0
60543,"[23592, 0]",1,158,64,0
60544,"[23593, 0]",1,158,64,0
60545,"[23594, 0]",1,0,0,0
60546,"[23594, 1]",2,0,0,0
60547,"[23594, 2]",91,158,64,0
60548,"[23595, 0]",1,41,18,0
60549,"[23596, 0]",1,158,64,0
60550,"[23597, 0]",1,0,0,0
60551,"[23597, 1]",2,158,64,0
60552,"[23598, 0]",1,158,64,0
60553,"[23599, 0]",1,0,0,0
60554,"[23599, 1]",2,41,18,0
60555,"[23600, 0]",1,57,26,0
60556,"[23601, 0]",1,0,0,0
60557,"[23601, 1]",2,156,64,0
60558,"[23602, 0]",1,156,64,0
60559,"[23603, 0]",1,41,18,0
60560,"[23604, 0]",1,0,0,0
60561,"[23604, 1]",2,158,64,0
60562,"[23605, 0]",1,0,0,0
60563,"[23605, 1]",2,2,1,0
60564,"[23606, 0]",1,0,0,0
60565,"[23606, 1]",2,158,64,0
60566,"[23607, 0]",1,158,64,0
60567,"[23608, 0]",1,0,0,0
60568,"[23608, 1]",2,158,64,0
60569,"[23609, 0]",1,0,0,0
60570,"[23609, 1]",2,0,0,-1
60571,"[23609, 2]",17,0,0,-1
60572,"[23609, 3]",16,0,0,-1
60573,"[23609, 4]",51,158,64,-1
60574,"[23609, 5]",48,0,0,-1
60575,"[23609, 6]",43,0,0,-1
60576,"[23609, 7]",141,0,0,-1
60577,"[23609, 8]",98,158,64,-1
60578,"[23609, 9]",97,158,64,-1
60579,"[23609, 10]",245,156,64,-1
60580,"[23610, 0]",1,158,64,0
60581,"[23611, 0]",1,0,0,0
60582,"[23611, 1]",2,158,64,0
60583,"[23612, 0]",1,158,64,0
60584,"[23613, 0]",1,158,64,0
60585,"[23614, 0]",1,0,0,0
60586,"[23614, 1]",2,158,64,0
60587,"[23615, 0]",1,158,64,0
60588,"[23616, 0]",1,0,0,0
60589,"[23616, 1]",4,41,18,0
60590,"[23616, 2]",3,0,0,0
60591,"[23616, 3]",2,0,0,0
60592,"[23616, 4]",31,0,0,0
60593,"[23616, 5]",26,2,1,0
60594,"[23616, 6]",47,158,64,0
60595,"[23617, 0]",1,41,18,0
60596,"[23618, 0]",1,158,64,0
60597,"[23619, 0]",1,41,18,0
60598,"[23620, 0]",1,158,64,1
60599,"[23621, 0]",1,0,0,0
60600,"[23621, 1]",2,0,0,0
60601,"[23621, 2]",49,2,1,4
60602,"[23622, 0]",1,0,0,0
60603,"[23622, 1]",2,57,26,0
60604,"[23623, 0]",1,57,26,0
60605,"[23624, 0]",1,41,18,0
60606,"[23625, 0]",1,0,0,0
60607,"[23625, 1]",6,158,64,0
60608,"[23625, 2]",5,0,0,0
60609,"[23625, 3]",3,0,0,0
60610,"[23625, 4]",2,0,0,0
60611,"[23625, 5]",40,41,18,0
60612,"[23625, 6]",38,0,0,0
60613,"[23625, 7]",36,0,0,0
60614,"[23625, 8]",34,2,1,0
60615,"[23625, 9]",28,41,18,0
60616,"[23625, 10]",83,41,18,0
60617,"[23625, 11]",79,41,18,0
60618,"[23626, 0]",1,0,0,0
60619,"[23626, 1]",2,158,64,0
60620,"[23627, 0]",1,2,1,0
60621,"[23628, 0]",1,0,0,0
60622,"[23628, 1]",2,2,1,-1
60623,"[23629, 0]",1,0,0,0
60624,"[23629, 1]",2,2,1,0
60625,"[23630, 0]",1,0,0,0
60626,"[23630, 1]",2,158,64,9
60627,"[23631, 0]",1,0,0,0
60628,"[23631, 1]",6,158,64,0
60629,"[23631, 2]",5,0,0,0
60630,"[23631, 3]",3,0,0,0
60631,"[23631, 4]",2,158,64,0
60632,"[23631, 5]",43,156,64,0
60633,"[23631, 6]",32,158,64,0
60634,"[23632, 0]",1,158,64,0
60635,"[23633, 0]",1,158,64,0
60636,"[23634, 0]",1,0,0,0
60637,"[23634, 1]",2,158,64,0
60638,"[23635, 0]",1,158,64,0
60639,"[23636, 0]",1,158,64,1
60640,"[23637, 0]",1,0,0,0
60641,"[23637, 1]",2,158,64,0
60642,"[23638, 0]",1,0,0,0
60643,"[23638, 1]",6,158,64,0
60644,"[23638, 2]",5,41,18,0
60645,"[23638, 3]",4,53,24,0
60646,"[23638, 4]",2,0,0,0
60647,"[23638, 5]",44,41,18,0
60648,"[23638, 6]",43,0,0,0
60649,"[23638, 7]",41,0,0,0
60650,"[23638, 8]",40,0,0,0
60651,"[23638, 9]",92,158,64,0
60652,"[23638, 10]",90,0,0,0
60653,"[23638, 11]",89,0,0,0
60654,"[23638, 12]",88,0,0,0
60655,"[23638, 13]",85,0,0,0
60656,"[23638, 14]",79,0,0,0
60657,"[23638, 15]",237,41,18,0
60658,"[23638, 16]",213,0,0,0
60659,"[23638, 17]",196,0,0,0
60660,"[23638, 18]",191,158,64,0
60661,"[23638, 19]",188,158,64,-1
60662,"[23638, 20]",351,0,0,-1
60663,"[23638, 21]",350,0,0,-1
60664,"[23638, 22]",335,41,18,0
60665,"[23638, 23]",605,0,0,1
60666,"[23638, 24]",601,158,64,1
60667,"[23638, 25]",744,57,26,0
60668,"[23639, 0]",1,0,0,0
60669,"[23639, 1]",2,156,64,0
60670,"[23640, 0]",1,0,0,0
60671,"[23640, 1]",13,158,64,0
60672,"[23640, 2]",12,57,26,0
60673,"[23640, 3]",11,158,64,0
60674,"[23640, 4]",7,0,0,0
60675,"[23640, 5]",6,0,0,0
60676,"[23640, 6]",3,0,0,0
60677,"[23640, 7]",2,0,0,0
60678,"[23640, 8]",68,0,0,0
60679,"[23640, 9]",63,0,0,0
60680,"[23640, 10]",62,0,0,0
60681,"[23640, 11]",59,0,0,0
60682,"[23640, 12]",55,0,0,0
60683,"[23640, 13]",167,2,1,0
60684,"[23640, 14]",149,156,64,0
60685,"[23640, 15]",136,0,0,0
60686,"[23640, 16]",133,0,0,0
60687,"[23640, 17]",108,158,64,1
60688,"[23640, 18]",105,0,0,-1
60689,"[23640, 19]",103,0,0,-1
60690,"[23640, 20]",424,158,64,-1
60691,"[23640, 21]",423,158,64,2
60692,"[23640, 22]",390,158,64,7
60693,"[23640, 23]",359,59,28,0
60694,"[23640, 24]",350,156,64,0
60695,"[23641, 0]",1,0,0,0
60696,"[23641, 1]",2,0,0,0
60697,"[23641, 2]",57,158,64,0
60698,"[23642, 0]",1,57,26,0
60699,"[23643, 0]",1,2,1,0
60700,"[23644, 0]",1,158,64,0
60701,"[23645, 0]",1,158,64,0
60702,"[23646, 0]",1,158,64,0
60703,"[23647, 0]",1,158,64,0
60704,"[23648, 0]",1,0,0,0
60705,"[23648, 1]",2,0,0,0
60706,"[23648, 2]",38,77,32,0
60707,"[23649, 0]",1,158,64,0
60708,"[23650, 0]",1,41,18,0
60709,"[23651, 0]",1,158,64,0
60710,"[23652, 0]",1,0,0,0
60711,"[23652, 1]",2,0,0,0
60712,"[23652, 2]",37,41,18,0
60713,"[23653, 0]",1,158,64,0
60714,"[23654, 0]",1,0,0,0
60715,"[23654, 1]",2,156,64,0
60716,"[23655, 0]",1,57,26,0
60717,"[23656, 0]",1,0,0,0
60718,"[23656, 1]",2,158,64,1
60719,"[23657, 0]",1,0,0,0
60720,"[23657, 1]",2,158,64,0
60721,"[23658, 0]",1,57,26,0
60722,"[23659, 0]",1,0,0,0
60723,"[23659, 1]",2,158,64,-1
60724,"[23660, 0]",1,59,28,0
60725,"[23661, 0]",1,41,18,0
60726,"[23662, 0]",1,0,0,0
60727,"[23662, 1]",2,0,0,0
60728,"[23662, 2]",21,41,18,0
60729,"[23662, 3]",20,41,18,0
60730,"[23663, 0]",1,0,0,0
60731,"[23663, 1]",3,158,64,0
60732,"[23663, 2]",2,0,0,0
60733,"[23663, 3]",27,158,64,1
60734,"[23664, 0]",1,0,0,0
60735,"[23664, 1]",2,158,64,0
60736,"[23665, 0]",1,158,64,0
60737,"[23666, 0]",1,41,18,0
60738,"[23667, 0]",1,158,64,0
60739,"[23668, 0]",1,0,0,0
60740,"[23668, 1]",7,41,18,0
60741,"[23668, 2]",6,0,0,0
60742,"[23668, 3]",5,0,0,0
60743,"[23668, 4]",4,0,0,0
60744,"[23668, 5]",31,158,64,0
60745,"[23668, 6]",28,0,0,0
60746,"[23668, 7]",24,57,26,0
60747,"[23668, 8]",86,41,18,0
60748,"[23669, 0]",1,158,64,0
60749,"[23670, 0]",1,156,64,0
60750,"[23671, 0]",1,0,0,0
60751,"[23671, 1]",2,158,64,5
60752,"[23672, 0]",1,0,0,0
60753,"[23672, 1]",2,57,26,0
60754,"[23673, 0]",1,0,0,0
60755,"[23674, 0]",1,158,64,0
60756,"[23675, 0]",1,158,64,0
60757,"[23676, 0]",1,2,1,0
60758,"[23677, 0]",1,0,0,0
60759,"[23677, 1]",2,0,0,0
60760,"[23677, 2]",26,158,64,0
60761,"[23678, 0]",1,0,0,0
60762,"[23678, 1]",2,2,1,0
60763,"[23679, 0]",1,57,26,0
60764,"[23680, 0]",1,0,0,0
60765,"[23680, 1]",2,0,0,0
60766,"[23680, 2]",76,57,26,0
60767,"[23681, 0]",1,158,64,0
60768,"[23682, 0]",1,0,0,0
60769,"[23682, 1]",2,158,64,0
60770,"[23683, 0]",1,57,26,0
60771,"[23684, 0]",1,158,64,0
60772,"[23685, 0]",1,158,64,0
60773,"[23686, 0]",1,158,64,0
60774,"[23687, 0]",1,51,24,0
60775,"[23688, 0]",1,41,18,0
60776,"[23689, 0]",1,0,0,0
60777,"[23689, 1]",2,158,64,0
60778,"[23690, 0]",1,41,18,1
60779,"[23691, 0]",1,0,0,0
60780,"[23691, 1]",3,158,64,0
60781,"[23691, 2]",2,0,0,0
60782,"[23691, 3]",37,41,18,0
60783,"[23692, 0]",1,41,18,0
60784,"[23693, 0]",1,55,26,0
60785,"[23694, 0]",1,0,0,0
60786,"[23694, 1]",4,51,24,-1
60787,"[23694, 2]",2,0,0,-1
60788,"[23694, 3]",27,0,0,1
60789,"[23694, 4]",48,59,28,0
60790,"[23695, 0]",1,0,0,0
60791,"[23695, 1]",2,53,24,0
60792,"[23696, 0]",1,57,26,0
60793,"[23697, 0]",1,158,64,0
60794,"[23698, 0]",1,0,0,0
60795,"[23698, 1]",5,158,64,-1
60796,"[23698, 2]",3,156,64,-1
60797,"[23698, 3]",2,0,0,-1
60798,"[23698, 4]",46,0,0,-1
60799,"[23698, 5]",88,158,64,-1
60800,"[23698, 6]",87,158,64,-1
60801,"[23699, 0]",1,57,26,0
60802,"[23700, 0]",1,158,64,0
60803,"[23701, 0]",1,0,0,0
60804,"[23701, 1]",7,158,64,0
60805,"[23701, 2]",5,0,0,0
60806,"[23701, 3]",4,0,0,0
60807,"[23701, 4]",3,0,0,0
60808,"[23701, 5]",2,0,0,0
60809,"[23701, 6]",60,0,0,0
60810,"[23701, 7]",59,0,0,0
60811,"[23701, 8]",57,2,1,0
60812,"[23701, 9]",56,158,64,0
60813,"[23701, 10]",52,0,0,0
60814,"[23701, 11]",50,156,64,0
60815,"[23701, 12]",47,0,0,0
60816,"[23701, 13]",46,0,0,0
60817,"[23701, 14]",43,57,26,0
60818,"[23701, 15]",200,158,64,0
60819,"[23701, 16]",197,156,64,0
60820,"[23701, 17]",167,41,18,0
60821,"[23701, 18]",111,0,0,0
60822,"[23701, 19]",110,0,0,0
60823,"[23701, 20]",107,0,0,0
60824,"[23701, 21]",106,0,0,0
60825,"[23701, 22]",105,0,0,0
60826,"[23701, 23]",102,0,0,0
60827,"[23701, 24]",100,0,0,0
60828,"[23701, 25]",99,0,0,0
60829,"[23701, 26]",510,156,64,-1
60830,"[23701, 27]",509,158,64,-1
60831,"[23701, 28]",500,0,0,0
60832,"[23701, 29]",497,41,18,0
60833,"[23701, 30]",476,0,0,0
60834,"[23701, 31]",475,0,0,0
60835,"[23701, 32]",474,0,0,0
60836,"[23701, 33]",467,2,1,-1
60837,"[23701, 34]",462,0,0,0
60838,"[23701, 35]",450,41,18,0
60839,"[23701, 36]",444,158,64,0
60840,"[23701, 37]",774,0,0,0
60841,"[23701, 38]",685,0,0,0
60842,"[23701, 39]",684,0,0,0
60843,"[23701, 40]",680,0,0,0
60844,"[23701, 41]",675,156,64,0
60845,"[23701, 42]",672,0,0,0
60846,"[23701, 43]",665,0,0,0
60847,"[23701, 44]",613,158,64,0
60848,"[23701, 45]",1283,57,26,0
60849,"[23701, 46]",1253,156,64,0
60850,"[23701, 47]",1252,0,0,0
60851,"[23701, 48]",1216,0,0,0
60852,"[23701, 49]",1198,0,0,0
60853,"[23701, 50]",1194,158,64,0
60854,"[23701, 51]",1155,158,64,0
60855,"[23701, 52]",1748,158,64,0
60856,"[23701, 53]",1733,59,28,0
60857,"[23701, 54]",1626,0,0,0
60858,"[23701, 55]",2118,2,1,0
60859,"[23702, 0]",1,0,0,0
60860,"[23702, 1]",5,158,64,0
60861,"[23702, 2]",4,158,64,0
60862,"[23702, 3]",2,0,0,0
60863,"[23702, 4]",45,2,1,0
60864,"[23703, 0]",1,158,64,0
60865,"[23704, 0]",1,57,26,0
60866,"[23705, 0]",1,0,0,0
60867,"[23705, 1]",7,158,64,0
60868,"[23705, 2]",6,158,64,0
60869,"[23705, 3]",3,0,0,0
60870,"[23705, 4]",44,158,64,3
60871,"[23706, 0]",1,158,64,0
60872,"[23707, 0]",1,0,0,0
60873,"[23707, 1]",2,0,0,0
60874,"[23707, 2]",23,0,0,0
60875,"[23707, 3]",93,0,0,0
60876,"[23707, 4]",139,156,64,0
60877,"[23708, 0]",1,158,64,0
60878,"[23709, 0]",1,2,1,1
60879,"[23710, 0]",1,0,0,0
60880,"[23710, 1]",2,41,18,0
60881,"[23711, 0]",1,2,1,0
60882,"[23712, 0]",1,0,0,0
60883,"[23712, 1]",2,156,64,14
60884,"[23713, 0]",1,0,0,0
60885,"[23713, 1]",2,158,64,0
60886,"[23714, 0]",1,0,0,0
60887,"[23714, 1]",2,156,64,2
60888,"[23715, 0]",1,0,0,0
60889,"[23715, 1]",2,41,18,0
60890,"[23716, 0]",1,0,0,0
60891,"[23716, 1]",2,0,0,0
60892,"[23716, 2]",77,41,18,0
60893,"[23717, 0]",1,0,0,0
60894,"[23717, 1]",2,158,64,0
60895,"[23718, 0]",1,0,0,0
60896,"[23718, 1]",2,0,0,0
60897,"[23718, 2]",33,57,26,0
60898,"[23719, 0]",1,158,64,0
60899,"[23720, 0]",1,0,0,0
60900,"[23720, 1]",5,0,0,0
60901,"[23720, 2]",4,59,28,0
60902,"[23720, 3]",2,0,0,0
60903,"[23720, 4]",22,158,64,0
60904,"[23721, 0]",1,158,64,0
60905,"[23722, 0]",1,59,28,0
60906,"[23723, 0]",1,0,0,0
60907,"[23723, 1]",2,158,64,0
60908,"[23724, 0]",1,57,26,1
60909,"[23725, 0]",1,41,18,0
60910,"[23726, 0]",1,0,0,0
60911,"[23726, 1]",3,61,28,0
60912,"[23726, 2]",2,0,0,0
60913,"[23726, 3]",40,156,64,0
60914,"[23727, 0]",1,0,0,0
60915,"[23727, 1]",2,158,64,0
60916,"[23728, 0]",1,41,18,0
60917,"[23729, 0]",1,0,0,0
60918,"[23729, 1]",3,0,0,-1
60919,"[23729, 2]",2,0,0,-1
60920,"[23729, 3]",33,0,0,-1
60921,"[23729, 4]",32,0,0,-1
60922,"[23729, 5]",25,0,0,-1
60923,"[23729, 6]",167,158,64,-1
60924,"[23730, 0]",1,158,64,0
60925,"[23731, 0]",1,158,64,1
60926,"[23732, 0]",1,0,0,0
60927,"[23732, 1]",2,156,64,0
60928,"[23733, 0]",1,0,0,0
60929,"[23733, 1]",2,0,0,0
60930,"[23733, 2]",43,0,0,4
60931,"[23733, 3]",54,156,64,-1
60932,"[23734, 0]",1,156,64,0
60933,"[23735, 0]",1,158,64,0
60934,"[23736, 0]",1,0,0,0
60935,"[23736, 1]",2,0,0,0
60936,"[23736, 2]",26,158,64,0
60937,"[23737, 0]",1,158,64,0
60938,"[23738, 0]",1,0,0,0
60939,"[23738, 1]",11,158,64,0
60940,"[23738, 2]",8,0,0,0
60941,"[23738, 3]",6,0,0,0
60942,"[23738, 4]",5,0,0,0
60943,"[23738, 5]",2,0,0,0
60944,"[23738, 6]",88,158,64,0
60945,"[23738, 7]",67,41,18,0
60946,"[23738, 8]",63,158,64,0
60947,"[23738, 9]",58,53,24,0
60948,"[23739, 0]",1,158,64,0
60949,"[23740, 0]",1,0,0,0
60950,"[23740, 1]",2,156,64,1
60951,"[23741, 0]",1,41,18,0
60952,"[23742, 0]",1,41,18,0
60953,"[23743, 0]",1,0,0,0
60954,"[23743, 1]",2,158,64,0
60955,"[23744, 0]",1,2,1,0
60956,"[23745, 0]",1,0,0,0
60957,"[23745, 1]",5,2,1,0
60958,"[23745, 2]",2,0,0,0
60959,"[23745, 3]",22,0,0,0
60960,"[23745, 4]",38,158,64,0
60961,"[23746, 0]",1,41,18,0
60962,"[23747, 0]",1,158,64,0
60963,"[23748, 0]",1,0,0,0
60964,"[23748, 1]",2,158,64,0
60965,"[23749, 0]",1,158,64,0
60966,"[23750, 0]",1,0,0,0
60967,"[23750, 1]",2,0,0,0
60968,"[23750, 2]",18,158,64,0
60969,"[23751, 0]",1,158,64,0
60970,"[23752, 0]",1,158,64,0
60971,"[23753, 0]",1,156,64,0
60972,"[23754, 0]",1,0,0,1
60973,"[23754, 1]",2,158,64,0
60974,"[23755, 0]",1,51,24,0
60975,"[23756, 0]",1,156,64,0
60976,"[23757, 0]",1,59,28,0
60977,"[23758, 0]",1,0,0,0
60978,"[23758, 1]",6,41,18,0
60979,"[23758, 2]",4,0,0,0
60980,"[23758, 3]",3,0,0,0
60981,"[23758, 4]",25,0,0,0
60982,"[23758, 5]",21,158,64,2
60983,"[23758, 6]",42,158,64,0
60984,"[23759, 0]",1,41,18,0
60985,"[23760, 0]",1,158,64,0
60986,"[23761, 0]",1,0,0,0
60987,"[23761, 1]",7,156,64,0
60988,"[23761, 2]",6,41,18,0
60989,"[23761, 3]",4,0,0,0
60990,"[23761, 4]",37,41,18,0
60991,"[23762, 0]",1,0,0,0
60992,"[23762, 1]",11,158,64,0
60993,"[23762, 2]",10,158,64,0
60994,"[23762, 3]",8,0,0,0
60995,"[23762, 4]",7,0,0,0
60996,"[23762, 5]",5,0,0,0
60997,"[23762, 6]",2,0,0,0
60998,"[23762, 7]",62,0,0,0
60999,"[23762, 8]",44,158,64,0
61000,"[23762, 9]",40,156,64,0
61001,"[23762, 10]",138,0,0,0
61002,"[23762, 11]",424,156,64,1
61003,"[23763, 0]",1,0,0,0
61004,"[23763, 1]",2,156,64,0
61005,"[23764, 0]",1,0,0,0
61006,"[23764, 1]",2,0,0,0
61007,"[23764, 2]",17,0,0,0
61008,"[23764, 3]",46,158,64,0
61009,"[23765, 0]",1,0,0,0
61010,"[23765, 1]",4,57,26,0
61011,"[23765, 2]",2,0,0,0
61012,"[23765, 3]",39,41,18,0
61013,"[23766, 0]",1,0,0,0
61014,"[23766, 1]",2,156,64,0
61015,"[23767, 0]",1,158,64,0
61016,"[23768, 0]",1,156,64,0
61017,"[23769, 0]",1,0,0,0
61018,"[23769, 1]",2,0,0,0
61019,"[23769, 2]",31,158,64,1
61020,"[23770, 0]",1,0,0,0
61021,"[23770, 1]",2,0,0,0
61022,"[23770, 2]",72,2,1,0
61023,"[23771, 0]",1,158,64,0
61024,"[23772, 0]",1,0,0,0
61025,"[23772, 1]",2,41,18,0
61026,"[23773, 0]",1,0,0,0
61027,"[23773, 1]",2,57,26,3
61028,"[23774, 0]",1,0,0,0
61029,"[23774, 1]",2,158,64,12
61030,"[23775, 0]",1,57,26,0
61031,"[23776, 0]",1,0,0,0
61032,"[23776, 1]",2,0,0,0
61033,"[23776, 2]",16,41,18,0
61034,"[23777, 0]",1,158,64,0
61035,"[23778, 0]",1,0,0,0
61036,"[23778, 1]",4,41,18,0
61037,"[23778, 2]",3,0,0,0
61038,"[23778, 3]",37,158,64,0
61039,"[23779, 0]",1,0,0,0
61040,"[23779, 1]",2,158,64,1
61041,"[23780, 0]",1,0,0,0
61042,"[23780, 1]",6,41,18,0
61043,"[23780, 2]",3,0,0,0
61044,"[23780, 3]",2,0,0,0
61045,"[23780, 4]",51,0,0,0
61046,"[23780, 5]",50,0,0,0
61047,"[23780, 6]",49,0,0,0
61048,"[23780, 7]",40,41,18,0
61049,"[23780, 8]",77,2,1,0
61050,"[23780, 9]",74,0,0,0
61051,"[23780, 10]",71,156,64,0
61052,"[23780, 11]",212,59,28,0
61053,"[23781, 0]",1,0,0,0
61054,"[23781, 1]",2,0,0,0
61055,"[23781, 2]",14,158,64,0
61056,"[23782, 0]",1,0,0,0
61057,"[23782, 1]",2,0,0,0
61058,"[23782, 2]",18,53,24,0
61059,"[23783, 0]",1,0,0,0
61060,"[23783, 1]",2,41,18,0
61061,"[23784, 0]",1,158,64,0
61062,"[23785, 0]",1,0,0,0
61063,"[23785, 1]",2,156,64,0
61064,"[23786, 0]",1,57,26,0
61065,"[23787, 0]",1,0,0,0
61066,"[23787, 1]",2,54,24,0
61067,"[23788, 0]",1,0,0,0
61068,"[23788, 1]",6,158,64,0
61069,"[23788, 2]",4,0,0,0
61070,"[23788, 3]",3,0,0,0
61071,"[23788, 4]",2,0,0,0
61072,"[23788, 5]",30,0,0,0
61073,"[23788, 6]",29,0,0,0
61074,"[23788, 7]",28,0,0,0
61075,"[23788, 8]",23,0,0,0
61076,"[23788, 9]",19,158,64,0
61077,"[23788, 10]",81,57,26,0
61078,"[23788, 11]",80,0,0,0
61079,"[23788, 12]",79,0,0,0
61080,"[23788, 13]",56,158,64,0
61081,"[23788, 14]",52,41,18,0
61082,"[23788, 15]",49,156,64,-1
61083,"[23788, 16]",237,0,0,0
61084,"[23788, 17]",233,158,64,0
61085,"[23788, 18]",366,41,18,0
61086,"[23789, 0]",1,0,0,0
61087,"[23789, 1]",2,158,64,0
61088,"[23790, 0]",1,0,0,0
61089,"[23790, 1]",2,0,0,0
61090,"[23790, 2]",22,158,64,49
61091,"[23791, 0]",1,0,0,0
61092,"[23791, 1]",2,57,26,0
61093,"[23792, 0]",1,55,26,0
61094,"[23793, 0]",1,0,0,0
61095,"[23793, 1]",2,158,64,0
61096,"[23794, 0]",1,0,0,0
61097,"[23794, 1]",2,0,0,0
61098,"[23794, 2]",42,0,0,-1
61099,"[23794, 3]",41,0,0,-1
61100,"[23794, 4]",77,0,0,-1
61101,"[23794, 5]",72,158,64,-1
61102,"[23794, 6]",68,158,64,-1
61103,"[23794, 7]",115,158,64,-1
61104,"[23795, 0]",1,0,0,0
61105,"[23795, 1]",2,37,18,4
61106,"[23796, 0]",1,156,64,0
61107,"[23797, 0]",1,41,18,0
61108,"[23798, 0]",1,54,24,0
61109,"[23799, 0]",1,156,64,0
61110,"[23800, 0]",1,0,0,0
61111,"[23800, 1]",2,0,0,0
61112,"[23800, 2]",17,158,64,0
61113,"[23801, 0]",1,0,0,0
61114,"[23801, 1]",4,158,64,0
61115,"[23801, 2]",2,0,0,0
61116,"[23801, 3]",61,158,64,-1
61117,"[23802, 0]",1,158,64,0
61118,"[23803, 0]",1,0,0,0
61119,"[23803, 1]",2,0,0,0
61120,"[23803, 2]",11,0,0,0
61121,"[23803, 3]",31,2,1,0
61122,"[23804, 0]",1,0,0,0
61123,"[23804, 1]",2,158,64,0
61124,"[23805, 0]",1,0,0,0
61125,"[23805, 1]",2,156,64,0
61126,"[23806, 0]",1,158,64,0
61127,"[23807, 0]",1,158,64,0
61128,"[23808, 0]",1,57,26,0
61129,"[23809, 0]",1,41,18,0
61130,"[23810, 0]",1,2,1,0
61131,"[23811, 0]",1,0,0,0
61132,"[23811, 1]",2,2,1,0
61133,"[23812, 0]",1,61,28,10
61134,"[23813, 0]",1,0,0,0
61135,"[23813, 1]",2,0,0,0
61136,"[23813, 2]",16,158,64,0
61137,"[23814, 0]",1,0,0,0
61138,"[23814, 1]",2,158,64,0
61139,"[23815, 0]",1,158,64,0
61140,"[23816, 0]",1,0,0,0
61141,"[23816, 1]",2,2,1,0
61142,"[23817, 0]",1,41,18,0
61143,"[23818, 0]",1,0,0,0
61144,"[23818, 1]",2,156,64,-1
61145,"[23819, 0]",1,54,24,0
61146,"[23820, 0]",1,0,0,0
61147,"[23820, 1]",2,158,64,0
61148,"[23821, 0]",1,0,0,0
61149,"[23821, 1]",2,0,0,0
61150,"[23821, 2]",80,57,26,13
61151,"[23822, 0]",1,158,64,0
61152,"[23823, 0]",1,0,0,0
61153,"[23823, 1]",2,2,1,0
61154,"[23824, 0]",1,0,0,0
61155,"[23824, 1]",6,0,0,0
61156,"[23824, 2]",4,0,0,0
61157,"[23824, 3]",2,0,0,0
61158,"[23824, 4]",53,64,29,0
61159,"[23824, 5]",52,156,64,0
61160,"[23824, 6]",38,41,18,0
61161,"[23824, 7]",23,0,0,0
61162,"[23824, 8]",133,156,64,0
61163,"[23825, 0]",1,158,64,0
61164,"[23826, 0]",1,0,0,0
61165,"[23826, 1]",2,158,64,0
61166,"[23827, 0]",1,0,0,0
61167,"[23827, 1]",2,158,64,2
61168,"[23828, 0]",1,158,64,0
61169,"[23829, 0]",1,0,0,0
61170,"[23829, 1]",2,158,64,0
61171,"[23830, 0]",1,57,26,0
61172,"[23831, 0]",1,0,0,0
61173,"[23831, 1]",2,158,64,0
61174,"[23832, 0]",1,41,18,0
61175,"[23833, 0]",1,0,0,0
61176,"[23833, 1]",2,0,0,0
61177,"[23833, 2]",31,158,64,0
61178,"[23834, 0]",1,158,64,0
61179,"[23835, 0]",1,158,64,0
61180,"[23836, 0]",1,0,0,1
61181,"[23836, 1]",2,0,0,0
61182,"[23836, 2]",21,158,64,0
61183,"[23837, 0]",1,0,0,0
61184,"[23837, 1]",2,41,18,0
61185,"[23838, 0]",1,158,64,0
61186,"[23839, 0]",1,0,0,0
61187,"[23839, 1]",5,0,0,0
61188,"[23839, 2]",3,0,0,0
61189,"[23839, 3]",2,0,0,0
61190,"[23839, 4]",28,156,64,0
61191,"[23839, 5]",23,158,64,0
61192,"[23839, 6]",17,158,64,4
61193,"[23840, 0]",1,0,0,0
61194,"[23840, 1]",6,158,64,-1
61195,"[23840, 2]",3,158,64,-1
61196,"[23840, 3]",2,0,0,-1
61197,"[23840, 4]",46,0,0,-1
61198,"[23840, 5]",45,0,0,6
61199,"[23840, 6]",44,0,0,-1
61200,"[23840, 7]",65,158,64,-1
61201,"[23840, 8]",57,0,0,0
61202,"[23840, 9]",53,2,1,-1
61203,"[23840, 10]",337,158,64,0
61204,"[23841, 0]",1,0,0,0
61205,"[23841, 1]",2,0,0,0
61206,"[23841, 2]",19,158,64,40
61207,"[23842, 0]",1,158,64,0
61208,"[23843, 0]",1,158,64,0
61209,"[23844, 0]",1,0,0,0
61210,"[23844, 1]",5,0,0,0
61211,"[23844, 2]",3,0,0,0
61212,"[23844, 3]",29,158,64,0
61213,"[23844, 4]",25,57,26,0
61214,"[23845, 0]",1,158,64,0
61215,"[23846, 0]",1,0,0,0
61216,"[23846, 1]",4,158,64,-1
61217,"[23846, 2]",2,0,0,-1
61218,"[23846, 3]",35,158,64,-1
61219,"[23847, 0]",1,0,0,0
61220,"[23847, 1]",3,158,64,0
61221,"[23847, 2]",2,0,0,0
61222,"[23847, 3]",20,0,0,0
61223,"[23847, 4]",98,57,26,6
61224,"[23848, 0]",1,0,0,0
61225,"[23848, 1]",2,158,64,0
61226,"[23849, 0]",1,158,64,0
61227,"[23850, 0]",1,41,18,0
61228,"[23851, 0]",1,41,18,0
61229,"[23852, 0]",1,0,0,0
61230,"[23852, 1]",2,0,0,0
61231,"[23852, 2]",27,158,64,0
61232,"[23853, 0]",1,2,1,0
61233,"[23854, 0]",1,0,0,0
61234,"[23854, 1]",2,0,0,-1
61235,"[23854, 2]",12,58,26,1
61236,"[23855, 0]",1,2,1,0
61237,"[23856, 0]",1,0,0,0
61238,"[23856, 1]",2,57,26,0
61239,"[23857, 0]",1,0,0,0
61240,"[23857, 1]",2,41,18,0
61241,"[23858, 0]",1,0,0,0
61242,"[23858, 1]",6,2,1,0
61243,"[23858, 2]",4,0,0,0
61244,"[23858, 3]",2,0,0,0
61245,"[23858, 4]",47,57,26,0
61246,"[23858, 5]",46,57,26,0
61247,"[23858, 6]",44,0,0,0
61248,"[23858, 7]",43,0,0,0
61249,"[23858, 8]",41,0,0,0
61250,"[23858, 9]",27,57,26,0
61251,"[23858, 10]",96,158,64,0
61252,"[23858, 11]",95,0,0,0
61253,"[23858, 12]",93,0,0,0
61254,"[23858, 13]",73,0,0,0
61255,"[23858, 14]",68,156,64,0
61256,"[23858, 15]",231,41,18,0
61257,"[23858, 16]",206,0,0,0
61258,"[23858, 17]",195,158,64,0
61259,"[23858, 18]",364,156,64,0
61260,"[23859, 0]",1,41,18,0
61261,"[23860, 0]",1,0,0,0
61262,"[23860, 1]",3,0,0,0
61263,"[23860, 2]",2,0,0,0
61264,"[23860, 3]",29,0,0,0
61265,"[23860, 4]",20,0,0,0
61266,"[23860, 5]",121,0,0,0
61267,"[23860, 6]",70,158,64,0
61268,"[23860, 7]",68,0,0,0
61269,"[23860, 8]",67,0,0,0
61270,"[23860, 9]",155,2,1,0
61271,"[23860, 10]",151,0,0,0
61272,"[23860, 11]",136,0,0,-1
61273,"[23860, 12]",247,156,64,2
61274,"[23860, 13]",209,57,26,0
61275,"[23861, 0]",1,0,0,0
61276,"[23861, 1]",2,0,0,0
61277,"[23861, 2]",35,156,64,16
61278,"[23862, 0]",1,158,64,1
61279,"[23863, 0]",1,156,64,0
61280,"[23864, 0]",1,37,18,0
61281,"[23865, 0]",1,0,0,0
61282,"[23865, 1]",2,158,64,0
61283,"[23866, 0]",1,158,64,0
61284,"[23867, 0]",1,41,18,0
61285,"[23868, 0]",1,158,64,0
61286,"[23869, 0]",1,0,0,0
61287,"[23869, 1]",7,59,28,0
61288,"[23869, 2]",6,0,0,0
61289,"[23869, 3]",4,0,0,0
61290,"[23869, 4]",3,0,0,0
61291,"[23869, 5]",2,158,64,0
61292,"[23869, 6]",30,0,0,-1
61293,"[23869, 7]",26,0,0,0
61294,"[23869, 8]",23,54,24,0
61295,"[23869, 9]",129,158,64,0
61296,"[23869, 10]",114,156,64,5
61297,"[23870, 0]",1,0,0,0
61298,"[23870, 1]",6,158,64,0
61299,"[23870, 2]",4,0,0,0
61300,"[23870, 3]",3,0,0,0
61301,"[23870, 4]",22,41,18,0
61302,"[23870, 5]",20,0,0,0
61303,"[23870, 6]",16,156,64,0
61304,"[23870, 7]",53,158,64,0
61305,"[23870, 8]",50,0,0,0
61306,"[23870, 9]",170,0,0,0
61307,"[23870, 10]",226,158,64,0
61308,"[23871, 0]",1,55,26,0
61309,"[23872, 0]",1,158,64,0
61310,"[23873, 0]",1,0,0,0
61311,"[23873, 1]",3,0,0,0
61312,"[23873, 2]",2,0,0,0
61313,"[23873, 3]",35,158,64,-1
61314,"[23873, 4]",32,158,64,0
61315,"[23874, 0]",1,0,0,0
61316,"[23874, 1]",2,0,0,0
61317,"[23874, 2]",12,158,64,0
61318,"[23875, 0]",1,158,64,0
61319,"[23876, 0]",1,0,0,0
61320,"[23876, 1]",2,54,24,0
61321,"[23877, 0]",1,0,0,0
61322,"[23877, 1]",2,0,0,0
61323,"[23877, 2]",13,158,64,1
61324,"[23878, 0]",1,158,64,0
61325,"[23879, 0]",1,0,0,0
61326,"[23879, 1]",12,0,0,5
61327,"[23879, 2]",11,0,0,1
61328,"[23879, 3]",10,0,0,-1
61329,"[23879, 4]",8,0,0,-1
61330,"[23879, 5]",7,0,0,-1
61331,"[23879, 6]",4,0,0,-1
61332,"[23879, 7]",3,0,0,3
61333,"[23879, 8]",45,0,0,-1
61334,"[23879, 9]",41,0,0,-1
61335,"[23879, 10]",35,158,64,4
61336,"[23879, 11]",31,158,64,-1
61337,"[23879, 12]",26,2,1,0
61338,"[23879, 13]",23,158,64,0
61339,"[23879, 14]",174,0,0,5
61340,"[23879, 15]",147,158,64,2
61341,"[23879, 16]",552,57,26,0
61342,"[23880, 0]",1,158,64,0
61343,"[23881, 0]",1,158,64,0
61344,"[23882, 0]",1,0,0,0
61345,"[23882, 1]",2,0,0,0
61346,"[23882, 2]",12,41,18,0
61347,"[23883, 0]",1,0,0,0
61348,"[23883, 1]",2,0,0,0
61349,"[23883, 2]",15,0,0,0
61350,"[23883, 3]",81,158,64,0
61351,"[23884, 0]",1,54,24,0
61352,"[23885, 0]",1,158,64,0
61353,"[23886, 0]",1,156,64,0
61354,"[23887, 0]",1,41,18,0
61355,"[23888, 0]",1,0,0,0
61356,"[23888, 1]",6,0,0,0
61357,"[23888, 2]",5,0,0,0
61358,"[23888, 3]",4,0,0,0
61359,"[23888, 4]",3,0,0,0
61360,"[23888, 5]",2,0,0,0
61361,"[23888, 6]",62,54,24,0
61362,"[23888, 7]",60,0,0,0
61363,"[23888, 8]",59,0,0,0
61364,"[23888, 9]",58,0,0,0
61365,"[23888, 10]",55,0,0,0
61366,"[23888, 11]",54,0,0,0
61367,"[23888, 12]",46,0,0,0
61368,"[23888, 13]",42,41,18,0
61369,"[23888, 14]",38,0,0,0
61370,"[23888, 15]",227,158,64,0
61371,"[23888, 16]",188,158,64,0
61372,"[23888, 17]",127,158,64,0
61373,"[23888, 18]",125,0,0,0
61374,"[23888, 19]",120,57,26,0
61375,"[23888, 20]",102,2,1,0
61376,"[23888, 21]",101,2,1,0
61377,"[23888, 22]",100,0,0,0
61378,"[23888, 23]",97,0,0,0
61379,"[23888, 24]",91,158,64,0
61380,"[23888, 25]",412,158,64,0
61381,"[23888, 26]",395,158,64,0
61382,"[23888, 27]",393,0,0,0
61383,"[23888, 28]",392,0,0,0
61384,"[23888, 29]",339,158,64,0
61385,"[23888, 30]",600,158,64,-1
61386,"[23888, 31]",599,158,64,9
61387,"[23888, 32]",598,158,64,-1
61388,"[23888, 33]",597,57,26,4
61389,"[23888, 34]",595,158,64,-1
61390,"[23888, 35]",588,0,0,0
61391,"[23888, 36]",885,158,64,0
61392,"[23889, 0]",1,2,1,0
61393,"[23890, 0]",1,37,18,0
61394,"[23891, 0]",1,158,64,0
61395,"[23892, 0]",1,0,0,0
61396,"[23892, 1]",2,158,64,0
61397,"[23893, 0]",1,158,64,0
61398,"[23894, 0]",1,0,0,0
61399,"[23894, 1]",2,41,18,0
61400,"[23895, 0]",1,0,0,0
61401,"[23895, 1]",2,156,64,0
61402,"[23896, 0]",1,158,64,0
61403,"[23897, 0]",1,0,0,0
61404,"[23897, 1]",2,158,64,4
61405,"[23898, 0]",1,41,18,0
61406,"[23899, 0]",1,57,26,0
61407,"[23900, 0]",1,0,0,0
61408,"[23900, 1]",2,0,0,0
61409,"[23900, 2]",23,158,64,0
61410,"[23901, 0]",1,0,0,0
61411,"[23901, 1]",2,57,26,0
61412,"[23902, 0]",1,41,18,0
61413,"[23903, 0]",1,41,18,0
61414,"[23904, 0]",1,158,64,0
61415,"[23905, 0]",1,0,0,0
61416,"[23905, 1]",5,156,64,0
61417,"[23905, 2]",4,0,0,0
61418,"[23905, 3]",2,0,0,0
61419,"[23905, 4]",40,156,64,-1
61420,"[23905, 5]",22,158,64,-1
61421,"[23906, 0]",1,0,0,0
61422,"[23906, 1]",4,57,26,0
61423,"[23906, 2]",3,41,18,0
61424,"[23906, 3]",2,41,18,0
61425,"[23907, 0]",1,0,0,1
61426,"[23907, 1]",2,158,64,-1
61427,"[23908, 0]",1,41,18,0
61428,"[23909, 0]",1,2,1,0
61429,"[23910, 0]",1,156,64,0
61430,"[23911, 0]",1,0,0,0
61431,"[23911, 1]",5,156,64,0
61432,"[23911, 2]",4,2,1,0
61433,"[23911, 3]",2,0,0,0
61434,"[23911, 4]",26,158,64,0
61435,"[23912, 0]",1,156,64,0
61436,"[23913, 0]",1,0,0,0
61437,"[23913, 1]",2,158,64,-1
61438,"[23914, 0]",1,158,64,0
61439,"[23915, 0]",1,158,64,0
61440,"[23916, 0]",1,0,0,0
61441,"[23916, 1]",2,0,0,0
61442,"[23916, 2]",13,57,26,0
61443,"[23917, 0]",1,0,0,1
61444,"[23917, 1]",2,158,64,0
61445,"[23918, 0]",1,158,64,0
61446,"[23919, 0]",1,41,18,0
61447,"[23920, 0]",1,0,0,0
61448,"[23920, 1]",2,57,26,4
61449,"[23921, 0]",1,41,18,0
61450,"[23922, 0]",1,0,0,0
61451,"[23922, 1]",2,41,18,0
61452,"[23923, 0]",1,158,64,0
61453,"[23924, 0]",1,57,26,0
61454,"[23925, 0]",1,158,64,0
61455,"[23926, 0]",1,41,18,1
61456,"[23927, 0]",1,158,64,0
61457,"[23928, 0]",1,0,0,0
61458,"[23928, 1]",2,41,18,0
61459,"[23929, 0]",1,0,0,0
61460,"[23929, 1]",3,59,28,3
61461,"[23929, 2]",2,158,64,1
61462,"[23930, 0]",1,158,64,0
61463,"[23931, 0]",1,41,18,0
61464,"[23932, 0]",1,158,64,0
61465,"[23933, 0]",1,0,0,0
61466,"[23933, 1]",2,0,0,0
61467,"[23933, 2]",18,41,18,0
61468,"[23934, 0]",1,0,0,0
61469,"[23934, 1]",2,57,26,0
61470,"[23935, 0]",1,0,0,0
61471,"[23935, 1]",2,0,0,0
61472,"[23935, 2]",16,58,26,4
61473,"[23936, 0]",1,158,64,0
61474,"[23937, 0]",1,158,64,0
61475,"[23938, 0]",1,0,0,0
61476,"[23938, 1]",2,2,1,0
61477,"[23939, 0]",1,0,0,0
61478,"[23939, 1]",2,0,0,0
61479,"[23939, 2]",20,0,0,0
61480,"[23939, 3]",41,66,29,0
61481,"[23940, 0]",1,0,0,0
61482,"[23940, 1]",2,156,64,0
61483,"[23941, 0]",1,57,26,0
61484,"[23942, 0]",1,0,0,1
61485,"[23942, 1]",10,2,1,0
61486,"[23942, 2]",9,0,0,0
61487,"[23942, 3]",8,0,0,0
61488,"[23942, 4]",7,0,0,0
61489,"[23942, 5]",6,0,0,0
61490,"[23942, 6]",4,0,0,0
61491,"[23942, 7]",3,0,0,0
61492,"[23942, 8]",49,158,64,0
61493,"[23942, 9]",46,0,0,0
61494,"[23942, 10]",45,0,0,0
61495,"[23942, 11]",38,0,0,0
61496,"[23942, 12]",34,158,64,0
61497,"[23942, 13]",31,158,64,0
61498,"[23942, 14]",24,158,64,0
61499,"[23942, 15]",20,41,18,0
61500,"[23942, 16]",120,158,64,0
61501,"[23942, 17]",74,0,0,0
61502,"[23942, 18]",71,158,64,0
61503,"[23942, 19]",437,41,18,0
61504,"[23943, 0]",1,0,0,0
61505,"[23943, 1]",3,156,64,0
61506,"[23943, 2]",2,0,0,0
61507,"[23943, 3]",38,0,0,0
61508,"[23943, 4]",69,158,64,0
61509,"[23944, 0]",1,156,64,0
61510,"[23945, 0]",1,41,18,0
61511,"[23946, 0]",1,156,64,0
61512,"[23947, 0]",1,0,0,0
61513,"[23947, 1]",2,41,18,0
61514,"[23948, 0]",1,156,64,0
61515,"[23949, 0]",1,2,1,0
61516,"[23950, 0]",1,156,64,0
61517,"[23951, 0]",1,57,26,0
61518,"[23952, 0]",1,0,0,0
61519,"[23952, 1]",2,0,0,0
61520,"[23952, 2]",8,0,0,0
61521,"[23952, 3]",16,158,64,12
61522,"[23953, 0]",1,158,64,0
61523,"[23954, 0]",1,0,0,0
61524,"[23954, 1]",2,158,64,1
61525,"[23955, 0]",1,41,18,0
61526,"[23956, 0]",1,0,0,0
61527,"[23956, 1]",2,156,64,0
61528,"[23957, 0]",1,57,26,0
61529,"[23958, 0]",1,0,0,0
61530,"[23958, 1]",2,0,0,0
61531,"[23958, 2]",69,156,64,0
61532,"[23959, 0]",1,0,0,0
61533,"[23959, 1]",6,158,64,0
61534,"[23959, 2]",4,0,0,0
61535,"[23959, 3]",3,0,0,0
61536,"[23959, 4]",35,0,0,0
61537,"[23959, 5]",32,41,18,0
61538,"[23959, 6]",64,158,64,0
61539,"[23960, 0]",1,0,0,0
61540,"[23960, 1]",2,54,24,0
61541,"[23961, 0]",1,158,64,0
61542,"[23962, 0]",1,158,64,0
61543,"[23963, 0]",1,158,64,0
61544,"[23964, 0]",1,0,0,0
61545,"[23964, 1]",2,158,64,0
61546,"[23965, 0]",1,41,18,0
61547,"[23966, 0]",1,158,64,0
61548,"[23967, 0]",1,0,0,0
61549,"[23967, 1]",2,158,64,0
61550,"[23968, 0]",1,0,0,0
61551,"[23968, 1]",2,156,64,0
61552,"[23969, 0]",1,41,18,0
61553,"[23970, 0]",1,77,32,0
61554,"[23971, 0]",1,41,18,0
61555,"[23972, 0]",1,158,64,0
61556,"[23973, 0]",1,41,18,0
61557,"[23974, 0]",1,0,0,0
61558,"[23974, 1]",2,51,24,0
61559,"[23975, 0]",1,57,26,0
61560,"[23976, 0]",1,158,64,1
61561,"[23977, 0]",1,0,0,0
61562,"[23977, 1]",2,158,64,-1
61563,"[23978, 0]",1,0,0,0
61564,"[23978, 1]",3,158,64,-1
61565,"[23979, 0]",1,57,26,0
61566,"[23980, 0]",1,0,0,0
61567,"[23980, 1]",2,158,64,0
61568,"[23981, 0]",1,37,18,0
61569,"[23982, 0]",1,0,0,0
61570,"[23982, 1]",4,41,18,0
61571,"[23982, 2]",2,0,0,0
61572,"[23982, 3]",28,61,28,0
61573,"[23982, 4]",27,0,0,0
61574,"[23982, 5]",56,158,64,0
61575,"[23983, 0]",1,41,18,1
61576,"[23984, 0]",1,0,0,0
61577,"[23984, 1]",4,156,64,0
61578,"[23984, 2]",3,0,0,0
61579,"[23984, 3]",2,0,0,0
61580,"[23984, 4]",22,0,0,0
61581,"[23984, 5]",19,2,1,0
61582,"[23984, 6]",35,158,64,0
61583,"[23985, 0]",1,2,1,0
61584,"[23986, 0]",1,0,0,0
61585,"[23986, 1]",2,0,0,1
61586,"[23986, 2]",14,0,0,0
61587,"[23986, 3]",30,53,24,4
61588,"[23987, 0]",1,158,64,0
61589,"[23988, 0]",1,0,0,0
61590,"[23988, 1]",2,158,64,0
61591,"[23989, 0]",1,158,64,0
61592,"[23990, 0]",1,0,0,0
61593,"[23991, 0]",1,156,64,0
61594,"[23992, 0]",1,158,64,0
61595,"[23993, 0]",1,0,0,0
61596,"[23993, 1]",2,0,0,0
61597,"[23993, 2]",42,54,24,0
61598,"[23994, 0]",1,0,0,0
61599,"[23994, 1]",2,0,0,0
61600,"[23994, 2]",15,158,64,0
61601,"[23995, 0]",1,51,24,0
61602,"[23996, 0]",1,0,0,0
61603,"[23996, 1]",2,57,26,0
61604,"[23997, 0]",1,156,64,0
61605,"[23998, 0]",1,41,18,0
61606,"[23999, 0]",1,0,0,0
61607,"[23999, 1]",4,0,0,0
61608,"[23999, 2]",2,0,0,0
61609,"[23999, 3]",32,0,0,0
61610,"[23999, 4]",21,158,64,0
61611,"[23999, 5]",49,0,0,0
61612,"[23999, 6]",182,55,26,0
61613,"[24000, 0]",1,156,64,0
61614,"[24001, 0]",1,0,0,1
61615,"[24001, 1]",5,0,0,0
61616,"[24001, 2]",4,0,0,0
61617,"[24001, 3]",2,0,0,0
61618,"[24001, 4]",42,0,0,0
61619,"[24001, 5]",39,2,1,0
61620,"[24001, 6]",36,0,0,-1
61621,"[24001, 7]",83,57,26,16
61622,"[24001, 8]",58,158,64,0
61623,"[24002, 0]",1,55,26,0
61624,"[24003, 0]",1,0,0,0
61625,"[24003, 1]",2,0,0,1
61626,"[24003, 2]",14,2,1,0
61627,"[24004, 0]",1,158,64,0
61628,"[24005, 0]",1,0,0,0
61629,"[24005, 1]",2,0,0,0
61630,"[24005, 2]",28,158,64,0
61631,"[24006, 0]",1,0,0,0
61632,"[24006, 1]",2,158,64,0
61633,"[24007, 0]",1,156,64,0
61634,"[24008, 0]",1,158,64,0
61635,"[24009, 0]",1,158,64,0
61636,"[24010, 0]",1,0,0,0
61637,"[24010, 1]",2,0,0,-1
61638,"[24010, 2]",62,158,64,-1
61639,"[24010, 3]",60,158,64,-1
61640,"[24011, 0]",1,41,18,0
61641,"[24012, 0]",1,0,0,0
61642,"[24012, 1]",2,0,0,0
61643,"[24012, 2]",58,156,64,-1
61644,"[24012, 3]",56,156,64,-1
61645,"[24012, 4]",55,158,64,-1
61646,"[24013, 0]",1,0,0,1
61647,"[24013, 1]",2,2,1,-1
61648,"[24014, 0]",1,0,0,0
61649,"[24014, 1]",2,158,64,0
61650,"[24015, 0]",1,0,0,0
61651,"[24015, 1]",3,158,64,-1
61652,"[24015, 2]",2,158,64,17
61653,"[24016, 0]",1,0,0,0
61654,"[24016, 1]",2,41,18,0
61655,"[24017, 0]",1,54,24,0
61656,"[24018, 0]",1,41,18,0
61657,"[24019, 0]",1,0,0,0
61658,"[24019, 1]",2,57,26,0
61659,"[24020, 0]",1,0,0,0
61660,"[24020, 1]",2,0,0,0
61661,"[24020, 2]",30,0,0,-1
61662,"[24020, 3]",42,158,64,4
61663,"[24021, 0]",1,158,64,0
61664,"[24022, 0]",1,0,0,0
61665,"[24022, 1]",2,156,64,0
61666,"[24023, 0]",1,0,0,0
61667,"[24023, 1]",2,2,1,0
61668,"[24024, 0]",1,0,0,0
61669,"[24024, 1]",2,158,64,0
61670,"[24025, 0]",1,41,18,0
61671,"[24026, 0]",1,0,0,0
61672,"[24026, 1]",2,0,0,0
61673,"[24026, 2]",22,156,64,0
61674,"[24027, 0]",1,158,64,0
61675,"[24028, 0]",1,0,0,0
61676,"[24028, 1]",2,41,18,0
61677,"[24029, 0]",1,158,64,0
61678,"[24030, 0]",1,0,0,0
61679,"[24030, 1]",2,158,64,0
61680,"[24031, 0]",1,0,0,0
61681,"[24031, 1]",2,0,0,0
61682,"[24031, 2]",19,158,64,0
61683,"[24032, 0]",1,41,18,0
61684,"[24033, 0]",1,0,0,0
61685,"[24033, 1]",2,158,64,0
61686,"[24034, 0]",1,0,0,0
61687,"[24034, 1]",2,158,64,0
61688,"[24035, 0]",1,0,0,0
61689,"[24035, 1]",2,41,18,1
61690,"[24036, 0]",1,158,64,0
61691,"[24037, 0]",1,0,0,0
61692,"[24037, 1]",2,158,64,0
61693,"[24038, 0]",1,57,26,0
61694,"[24039, 0]",1,57,26,0
61695,"[24040, 0]",1,158,64,0
61696,"[24041, 0]",1,59,28,0
61697,"[24042, 0]",1,158,64,0
61698,"[24043, 0]",1,0,0,0
61699,"[24043, 1]",2,37,18,0
61700,"[24044, 0]",1,57,26,0
61701,"[24045, 0]",1,0,0,0
61702,"[24045, 1]",2,158,64,0
61703,"[24046, 0]",1,0,0,0
61704,"[24046, 1]",2,57,26,4
61705,"[24047, 0]",1,0,0,0
61706,"[24047, 1]",2,41,18,0
61707,"[24048, 0]",1,0,0,0
61708,"[24048, 1]",2,41,18,0
61709,"[24049, 0]",1,0,0,0
61710,"[24049, 1]",2,0,0,0
61711,"[24049, 2]",21,0,0,0
61712,"[24049, 3]",41,58,26,0
61713,"[24050, 0]",1,41,18,0
61714,"[24051, 0]",1,2,1,1
61715,"[24052, 0]",1,0,0,0
61716,"[24052, 1]",2,158,64,-1
61717,"[24053, 0]",1,156,64,0
61718,"[24054, 0]",1,0,0,0
61719,"[24054, 1]",2,0,0,0
61720,"[24054, 2]",75,158,64,0
61721,"[24055, 0]",1,0,0,0
61722,"[24055, 1]",2,0,0,0
61723,"[24055, 2]",25,0,0,0
61724,"[24055, 3]",45,41,18,0
61725,"[24056, 0]",1,2,1,0
61726,"[24057, 0]",1,41,18,0
61727,"[24058, 0]",1,0,0,0
61728,"[24058, 1]",2,57,26,7
61729,"[24059, 0]",1,158,64,0
61730,"[24060, 0]",1,156,64,0
61731,"[24061, 0]",1,0,0,0
61732,"[24061, 1]",2,41,18,0
61733,"[24062, 0]",1,2,1,1
61734,"[24063, 0]",1,2,1,0
61735,"[24064, 0]",1,158,64,0
61736,"[24065, 0]",1,57,26,0
61737,"[24066, 0]",1,0,0,0
61738,"[24066, 1]",2,41,18,0
61739,"[24067, 0]",1,156,64,0
61740,"[24068, 0]",1,41,18,0
61741,"[24069, 0]",1,158,64,0
61742,"[24070, 0]",1,0,0,0
61743,"[24070, 1]",3,0,0,0
61744,"[24070, 2]",23,156,64,0
61745,"[24071, 0]",1,0,0,0
61746,"[24071, 1]",2,2,1,1
61747,"[24072, 0]",1,0,0,0
61748,"[24072, 1]",2,0,0,0
61749,"[24072, 2]",71,158,64,-1
61750,"[24073, 0]",1,57,26,0
61751,"[24074, 0]",1,0,0,0
61752,"[24074, 1]",2,2,1,0
61753,"[24075, 0]",1,156,64,1
61754,"[24076, 0]",1,158,64,0
61755,"[24077, 0]",1,53,24,0
61756,"[24078, 0]",1,0,0,0
61757,"[24078, 1]",5,158,64,0
61758,"[24078, 2]",3,158,64,0
61759,"[24078, 3]",2,0,0,0
61760,"[24078, 4]",30,0,0,0
61761,"[24078, 5]",67,2,1,0
61762,"[24079, 0]",1,158,64,0
61763,"[24080, 0]",1,2,1,0
61764,"[24081, 0]",1,0,0,0
61765,"[24081, 1]",2,158,64,0
61766,"[24082, 0]",1,41,18,0
61767,"[24083, 0]",1,2,1,0
61768,"[24084, 0]",1,158,64,0
61769,"[24085, 0]",1,59,28,0
61770,"[24086, 0]",1,41,18,0
61771,"[24087, 0]",1,41,18,0
61772,"[24088, 0]",1,158,64,0
61773,"[24089, 0]",1,41,18,0
61774,"[24090, 0]",1,0,0,0
61775,"[24090, 1]",6,0,0,0
61776,"[24090, 2]",5,0,0,0
61777,"[24090, 3]",3,0,0,0
61778,"[24090, 4]",2,0,0,0
61779,"[24090, 5]",63,57,26,-1
61780,"[24090, 6]",59,158,64,-1
61781,"[24090, 7]",54,0,0,0
61782,"[24090, 8]",40,158,64,-1
61783,"[24090, 9]",36,158,64,15
61784,"[24090, 10]",158,0,0,0
61785,"[24090, 11]",361,0,0,0
61786,"[24090, 12]",441,158,64,1
61787,"[24091, 0]",1,41,18,0
61788,"[24092, 0]",1,158,64,0
61789,"[24093, 0]",1,158,64,0
61790,"[24094, 0]",1,0,0,0
61791,"[24094, 1]",2,2,1,0
61792,"[24095, 0]",1,0,0,0
61793,"[24095, 1]",2,156,64,-1
61794,"[24096, 0]",1,0,0,0
61795,"[24096, 1]",2,41,18,0
61796,"[24097, 0]",1,0,0,0
61797,"[24097, 1]",3,0,0,0
61798,"[24097, 2]",2,0,0,0
61799,"[24097, 3]",39,0,0,0
61800,"[24097, 4]",35,0,0,0
61801,"[24097, 5]",34,0,0,0
61802,"[24097, 6]",31,0,0,0
61803,"[24097, 7]",26,0,0,-1
61804,"[24097, 8]",25,0,0,1
61805,"[24097, 9]",138,158,64,-1
61806,"[24097, 10]",131,156,64,1
61807,"[24097, 11]",130,0,0,-1
61808,"[24097, 12]",92,41,18,0
61809,"[24097, 13]",91,158,64,0
61810,"[24097, 14]",90,0,0,0
61811,"[24097, 15]",88,0,0,0
61812,"[24097, 16]",87,0,0,0
61813,"[24097, 17]",84,0,0,0
61814,"[24097, 18]",73,0,0,0
61815,"[24097, 19]",63,156,64,0
61816,"[24097, 20]",62,156,64,0
61817,"[24097, 21]",61,0,0,0
61818,"[24097, 22]",53,0,0,0
61819,"[24097, 23]",48,41,18,0
61820,"[24097, 24]",427,0,0,-1
61821,"[24097, 25]",382,0,0,0
61822,"[24097, 26]",342,57,26,0
61823,"[24097, 27]",341,0,0,0
61824,"[24097, 28]",339,0,0,0
61825,"[24097, 29]",268,0,0,-1
61826,"[24097, 30]",266,0,0,12
61827,"[24097, 31]",265,0,0,-1
61828,"[24097, 32]",264,0,0,1
61829,"[24097, 33]",263,0,0,-1
61830,"[24097, 34]",259,156,64,0
61831,"[24097, 35]",257,0,0,0
61832,"[24097, 36]",248,0,0,0
61833,"[24097, 37]",245,0,0,0
61834,"[24097, 38]",225,158,64,7
61835,"[24097, 39]",903,158,64,11
61836,"[24097, 40]",887,41,18,0
61837,"[24097, 41]",802,158,64,0
61838,"[24097, 42]",753,0,0,-1
61839,"[24097, 43]",752,0,0,2
61840,"[24097, 44]",748,0,0,0
61841,"[24097, 45]",745,0,0,1
61842,"[24097, 46]",741,158,64,0
61843,"[24097, 47]",721,57,26,4
61844,"[24097, 48]",697,158,64,0
61845,"[24097, 49]",696,158,64,0
61846,"[24097, 50]",683,158,64,0
61847,"[24097, 51]",545,57,26,-1
61848,"[24097, 52]",528,0,0,1
61849,"[24097, 53]",1535,158,64,8
61850,"[24097, 54]",1365,156,64,0
61851,"[24097, 55]",1356,158,64,0
61852,"[24097, 56]",1330,0,0,0
61853,"[24097, 57]",1327,0,0,0
61854,"[24097, 58]",1324,41,18,1
61855,"[24097, 59]",1322,0,0,-1
61856,"[24097, 60]",2042,158,64,2
61857,"[24097, 61]",2041,41,18,7
61858,"[24097, 62]",1999,0,0,0
61859,"[24097, 63]",1988,0,0,-1
61860,"[24097, 64]",2367,158,64,5
61861,"[24097, 65]",2350,156,64,0
61862,"[24098, 0]",1,41,18,0
61863,"[24099, 0]",1,2,1,1
61864,"[24100, 0]",1,158,64,0
61865,"[24101, 0]",1,2,1,0
61866,"[24102, 0]",1,0,0,0
61867,"[24102, 1]",2,41,18,0
61868,"[24103, 0]",1,62,28,0
61869,"[24104, 0]",1,156,64,0
61870,"[24105, 0]",1,2,1,1
61871,"[24106, 0]",1,0,0,0
61872,"[24106, 1]",2,158,64,0
61873,"[24107, 0]",1,0,0,0
61874,"[24107, 1]",2,158,64,0
61875,"[24108, 0]",1,156,64,1
61876,"[24109, 0]",1,158,64,0
61877,"[24110, 0]",1,41,18,0
61878,"[24111, 0]",1,0,0,0
61879,"[24111, 1]",2,0,0,0
61880,"[24111, 2]",54,158,64,0
61881,"[24112, 0]",1,0,0,0
61882,"[24112, 1]",2,158,64,0
61883,"[24113, 0]",1,0,0,0
61884,"[24113, 1]",2,0,0,0
61885,"[24113, 2]",37,158,64,0
61886,"[24114, 0]",1,41,18,0
61887,"[24115, 0]",1,0,0,0
61888,"[24115, 1]",2,156,64,0
61889,"[24116, 0]",1,55,26,0
61890,"[24117, 0]",1,41,18,0
61891,"[24118, 0]",1,0,0,0
61892,"[24118, 1]",2,0,0,0
61893,"[24118, 2]",20,57,26,1
61894,"[24119, 0]",1,2,1,0
61895,"[24120, 0]",1,158,64,0
61896,"[24121, 0]",1,158,64,0
61897,"[24122, 0]",1,0,0,0
61898,"[24122, 1]",2,2,1,0
61899,"[24123, 0]",1,0,0,0
61900,"[24123, 1]",2,41,18,0
61901,"[24124, 0]",1,0,0,1
61902,"[24124, 1]",2,2,1,-1
61903,"[24125, 0]",1,0,0,0
61904,"[24125, 1]",2,57,26,0
61905,"[24126, 0]",1,0,0,0
61906,"[24126, 1]",2,158,64,0
61907,"[24127, 0]",1,0,0,0
61908,"[24127, 1]",2,158,64,0
61909,"[24128, 0]",1,0,0,0
61910,"[24128, 1]",2,158,64,0
61911,"[24129, 0]",1,41,18,0
61912,"[24130, 0]",1,0,0,0
61913,"[24130, 1]",2,41,18,0
61914,"[24131, 0]",1,0,0,0
61915,"[24131, 1]",2,2,1,0
61916,"[24132, 0]",1,0,0,0
61917,"[24132, 1]",6,2,1,0
61918,"[24132, 2]",4,0,0,0
61919,"[24132, 3]",2,0,0,0
61920,"[24132, 4]",40,0,0,0
61921,"[24132, 5]",19,158,64,0
61922,"[24132, 6]",52,158,64,0
61923,"[24133, 0]",1,0,0,0
61924,"[24133, 1]",2,41,18,0
61925,"[24134, 0]",1,0,0,0
61926,"[24134, 1]",4,158,64,0
61927,"[24134, 2]",3,41,18,0
61928,"[24134, 3]",2,0,0,0
61929,"[24134, 4]",25,0,0,0
61930,"[24134, 5]",60,158,64,0
61931,"[24134, 6]",57,0,0,0
61932,"[24134, 7]",200,0,0,0
61933,"[24134, 8]",220,63,28,0
61934,"[24135, 0]",1,158,64,0
61935,"[24136, 0]",1,0,0,0
61936,"[24136, 1]",2,41,18,0
61937,"[24137, 0]",1,0,0,0
61938,"[24137, 1]",2,158,64,4
61939,"[24138, 0]",1,0,0,0
61940,"[24138, 1]",2,0,0,-1
61941,"[24139, 0]",1,156,64,0
61942,"[24140, 0]",1,0,0,0
61943,"[24140, 1]",2,156,64,0
61944,"[24141, 0]",1,0,0,0
61945,"[24141, 1]",2,57,26,0
61946,"[24142, 0]",1,0,0,0
61947,"[24142, 1]",2,158,64,0
61948,"[24143, 0]",1,158,64,0
61949,"[24144, 0]",1,158,64,0
61950,"[24145, 0]",1,0,0,0
61951,"[24145, 1]",2,0,0,0
61952,"[24146, 0]",1,0,0,0
61953,"[24146, 1]",2,41,18,0
61954,"[24147, 0]",1,0,0,0
61955,"[24147, 1]",2,0,0,-1
61956,"[24147, 2]",15,158,64,3
61957,"[24148, 0]",1,158,64,0
61958,"[24149, 0]",1,0,0,0
61959,"[24149, 1]",4,158,64,0
61960,"[24149, 2]",2,0,0,0
61961,"[24149, 3]",34,59,26,0
61962,"[24149, 4]",32,0,0,0
61963,"[24149, 5]",31,0,0,0
61964,"[24149, 6]",73,0,0,0
61965,"[24149, 7]",70,158,64,-1
61966,"[24149, 8]",143,156,64,0
61967,"[24150, 0]",1,0,0,0
61968,"[24150, 1]",2,2,1,6
61969,"[24151, 0]",1,0,0,0
61970,"[24151, 1]",2,158,64,0
61971,"[24152, 0]",1,0,0,0
61972,"[24152, 1]",2,158,64,1
61973,"[24153, 0]",1,0,0,0
61974,"[24153, 1]",2,2,1,0
61975,"[24154, 0]",1,2,1,0
61976,"[24155, 0]",1,0,0,0
61977,"[24155, 1]",5,41,18,0
61978,"[24155, 2]",3,0,0,0
61979,"[24155, 3]",26,54,24,0
61980,"[24155, 4]",25,158,64,0
61981,"[24155, 5]",24,158,64,0
61982,"[24156, 0]",1,41,18,0
61983,"[24157, 0]",1,57,26,1
61984,"[24158, 0]",1,158,64,0
61985,"[24159, 0]",1,0,0,0
61986,"[24159, 1]",2,0,0,0
61987,"[24159, 2]",42,41,18,0
61988,"[24159, 3]",41,0,0,0
61989,"[24159, 4]",51,158,64,0
61990,"[24160, 0]",1,156,64,0
61991,"[24161, 0]",1,0,0,0
61992,"[24161, 1]",2,41,18,0
61993,"[24162, 0]",1,158,64,0
61994,"[24163, 0]",1,57,26,0
61995,"[24164, 0]",1,0,0,0
61996,"[24164, 1]",2,57,26,0
61997,"[24165, 0]",1,41,18,0
61998,"[24166, 0]",1,0,0,0
61999,"[24166, 1]",4,0,0,0
62000,"[24166, 2]",3,0,0,0
62001,"[24166, 3]",39,59,28,0
62002,"[24166, 4]",36,158,64,0
62003,"[24167, 0]",1,158,64,0
62004,"[24168, 0]",1,0,0,0
62005,"[24168, 1]",2,41,18,0
62006,"[24169, 0]",1,0,0,0
62007,"[24169, 1]",2,0,0,0
62008,"[24169, 2]",19,158,64,21
62009,"[24170, 0]",1,0,0,0
62010,"[24170, 1]",2,158,64,0
62011,"[24171, 0]",1,0,0,1
62012,"[24171, 1]",4,0,0,0
62013,"[24171, 2]",2,0,0,0
62014,"[24171, 3]",38,57,26,5
62015,"[24171, 4]",36,0,0,-1
62016,"[24171, 5]",33,0,0,-1
62017,"[24171, 6]",27,2,1,0
62018,"[24171, 7]",93,0,0,-1
62019,"[24171, 8]",71,0,0,1
62020,"[24171, 9]",218,2,1,0
62021,"[24171, 10]",187,59,28,1
62022,"[24172, 0]",1,0,0,0
62023,"[24172, 1]",4,0,0,0
62024,"[24172, 2]",3,0,0,0
62025,"[24172, 3]",2,0,0,0
62026,"[24172, 4]",64,158,64,0
62027,"[24172, 5]",62,0,0,0
62028,"[24172, 6]",58,57,26,0
62029,"[24172, 7]",54,158,64,0
62030,"[24172, 8]",103,41,18,0
62031,"[24172, 9]",101,158,64,0
62032,"[24172, 10]",100,0,0,0
62033,"[24172, 11]",239,41,18,0
62034,"[24173, 0]",1,2,1,0
62035,"[24174, 0]",1,158,64,0
62036,"[24175, 0]",1,0,0,-1
62037,"[24175, 1]",2,0,0,-1
62038,"[24175, 2]",55,0,0,4
62039,"[24175, 3]",92,2,1,7
62040,"[24176, 0]",1,0,0,0
62041,"[24176, 1]",5,158,64,0
62042,"[24176, 2]",4,41,18,0
62043,"[24176, 3]",2,0,0,0
62044,"[24176, 4]",43,41,18,0
62045,"[24176, 5]",40,0,0,0
62046,"[24176, 6]",75,0,0,0
62047,"[24176, 7]",74,57,26,0
62048,"[24176, 8]",217,0,0,2
62049,"[24176, 9]",279,51,24,0
62050,"[24177, 0]",1,0,0,0
62051,"[24177, 1]",2,156,64,0
62052,"[24178, 0]",1,158,64,0
62053,"[24179, 0]",1,158,64,0
62054,"[24180, 0]",1,158,64,0
62055,"[24181, 0]",1,0,0,0
62056,"[24181, 1]",2,55,26,4
62057,"[24182, 0]",1,0,0,0
62058,"[24182, 1]",2,0,0,0
62059,"[24182, 2]",40,57,26,0
62060,"[24183, 0]",1,0,0,0
62061,"[24183, 1]",2,158,64,0
62062,"[24184, 0]",1,41,18,0
62063,"[24185, 0]",1,0,0,0
62064,"[24185, 1]",2,158,64,0
62065,"[24186, 0]",1,156,64,0
62066,"[24187, 0]",1,0,0,0
62067,"[24187, 1]",2,2,1,0
62068,"[24188, 0]",1,0,0,0
62069,"[24188, 1]",2,0,0,0
62070,"[24188, 2]",48,41,18,0
62071,"[24189, 0]",1,0,0,0
62072,"[24189, 1]",2,158,64,8
62073,"[24190, 0]",1,41,18,0
62074,"[24191, 0]",1,57,26,0
62075,"[24192, 0]",1,0,0,0
62076,"[24192, 1]",2,158,64,0
62077,"[24193, 0]",1,57,26,0
62078,"[24194, 0]",1,41,18,0
62079,"[24195, 0]",1,0,0,0
62080,"[24195, 1]",2,2,1,0
62081,"[24196, 0]",1,0,0,0
62082,"[24196, 1]",2,41,18,0
62083,"[24197, 0]",1,158,64,0
62084,"[24198, 0]",1,158,64,0
62085,"[24199, 0]",1,0,0,0
62086,"[24199, 1]",2,158,64,25
62087,"[24200, 0]",1,41,18,0
62088,"[24201, 0]",1,158,64,0
62089,"[24202, 0]",1,0,0,0
62090,"[24202, 1]",2,158,64,0
62091,"[24203, 0]",1,2,1,0
62092,"[24204, 0]",1,0,0,0
62093,"[24204, 1]",5,158,64,0
62094,"[24204, 2]",4,0,0,0
62095,"[24204, 3]",2,0,0,0
62096,"[24204, 4]",49,0,0,1
62097,"[24204, 5]",48,0,0,-1
62098,"[24204, 6]",46,0,0,-1
62099,"[24204, 7]",29,156,64,0
62100,"[24204, 8]",94,0,0,10
62101,"[24204, 9]",90,156,64,11
62102,"[24204, 10]",86,158,64,0
62103,"[24204, 11]",217,158,64,4
62104,"[24205, 0]",1,0,0,0
62105,"[24205, 1]",2,2,1,0
62106,"[24206, 0]",1,0,0,0
62107,"[24206, 1]",2,63,28,0
62108,"[24207, 0]",1,0,0,0
62109,"[24207, 1]",2,0,0,0
62110,"[24207, 2]",5,0,0,0
62111,"[24207, 3]",32,158,64,0
62112,"[24207, 4]",31,0,0,0
62113,"[24207, 5]",64,156,64,0
62114,"[24208, 0]",1,2,1,0
62115,"[24209, 0]",1,156,64,0
62116,"[24210, 0]",1,0,0,0
62117,"[24210, 1]",6,0,0,0
62118,"[24210, 2]",3,0,0,0
62119,"[24210, 3]",2,0,0,0
62120,"[24210, 4]",27,158,64,0
62121,"[24210, 5]",26,0,0,0
62122,"[24210, 6]",23,0,0,0
62123,"[24210, 7]",8,57,26,0
62124,"[24210, 8]",68,0,0,0
62125,"[24210, 9]",56,41,18,0
62126,"[24210, 10]",147,57,26,0
62127,"[24211, 0]",1,0,0,0
62128,"[24211, 1]",2,41,18,0
62129,"[24212, 0]",1,0,0,1
62130,"[24212, 1]",2,51,24,2
62131,"[24213, 0]",1,0,0,0
62132,"[24213, 1]",3,0,0,0
62133,"[24213, 2]",2,0,0,0
62134,"[24213, 3]",56,0,0,3
62135,"[24213, 4]",55,0,0,3
62136,"[24213, 5]",52,158,64,0
62137,"[24213, 6]",50,0,0,0
62138,"[24213, 7]",141,158,64,0
62139,"[24213, 8]",138,0,0,0
62140,"[24213, 9]",114,41,18,0
62141,"[24213, 10]",113,0,0,0
62142,"[24213, 11]",177,0,0,0
62143,"[24213, 12]",373,0,0,0
62144,"[24213, 13]",485,158,64,2
62145,"[24214, 0]",1,0,0,0
62146,"[24214, 1]",2,57,26,1
62147,"[24215, 0]",1,0,0,0
62148,"[24215, 1]",2,41,18,2
62149,"[24216, 0]",1,0,0,0
62150,"[24216, 1]",5,158,64,0
62151,"[24216, 2]",3,0,0,0
62152,"[24216, 3]",2,0,0,0
62153,"[24216, 4]",27,0,0,0
62154,"[24216, 5]",26,0,0,0
62155,"[24216, 6]",23,0,0,0
62156,"[24216, 7]",21,0,0,0
62157,"[24216, 8]",103,158,64,0
62158,"[24216, 9]",102,156,64,0
62159,"[24216, 10]",87,158,64,0
62160,"[24216, 11]",67,57,26,1
62161,"[24216, 12]",63,156,64,-1
62162,"[24216, 13]",62,0,0,-1
62163,"[24216, 14]",61,0,0,-1
62164,"[24216, 15]",57,2,1,-1
62165,"[24216, 16]",55,158,64,14
62166,"[24216, 17]",263,0,0,-1
62167,"[24216, 18]",259,0,0,-1
62168,"[24216, 19]",453,158,64,-1
62169,"[24216, 20]",413,156,64,-1
62170,"[24216, 21]",412,158,64,-1
62171,"[24217, 0]",1,158,64,0
62172,"[24218, 0]",1,158,64,0
62173,"[24219, 0]",1,0,0,0
62174,"[24219, 1]",5,0,0,0
62175,"[24219, 2]",3,0,0,0
62176,"[24219, 3]",2,0,0,0
62177,"[24219, 4]",40,2,1,0
62178,"[24219, 5]",39,158,64,0
62179,"[24219, 6]",38,0,0,0
62180,"[24219, 7]",29,0,0,0
62181,"[24219, 8]",23,0,0,0
62182,"[24219, 9]",154,156,64,0
62183,"[24219, 10]",131,158,64,0
62184,"[24219, 11]",66,158,64,0
62185,"[24220, 0]",1,0,0,0
62186,"[24220, 1]",2,0,0,0
62187,"[24220, 2]",18,57,26,0
62188,"[24221, 0]",1,57,26,0
62189,"[24222, 0]",1,0,0,0
62190,"[24222, 1]",2,158,64,-1
62191,"[24223, 0]",1,0,0,0
62192,"[24223, 1]",2,158,64,0
62193,"[24224, 0]",1,0,0,0
62194,"[24224, 1]",4,158,64,0
62195,"[24224, 2]",3,0,0,0
62196,"[24224, 3]",2,0,0,0
62197,"[24224, 4]",26,0,0,0
62198,"[24224, 5]",25,0,0,0
62199,"[24224, 6]",20,158,64,0
62200,"[24224, 7]",19,0,0,0
62201,"[24224, 8]",97,0,0,0
62202,"[24224, 9]",59,158,64,-1
62203,"[24224, 10]",58,0,0,4
62204,"[24224, 11]",56,0,0,-1
62205,"[24224, 12]",55,0,0,-1
62206,"[24224, 13]",53,41,18,0
62207,"[24224, 14]",49,0,0,0
62208,"[24224, 15]",388,0,0,0
62209,"[24224, 16]",387,0,0,0
62210,"[24224, 17]",344,158,64,-1
62211,"[24224, 18]",335,59,28,7
62212,"[24224, 19]",324,156,64,0
62213,"[24224, 20]",236,0,0,1
62214,"[24224, 21]",677,41,18,0
62215,"[24224, 22]",422,158,64,0
62216,"[24224, 23]",418,53,24,0
62217,"[24225, 0]",1,41,18,0
62218,"[24226, 0]",1,156,64,0
62219,"[24227, 0]",1,156,64,0
62220,"[24228, 0]",1,0,0,0
62221,"[24228, 1]",7,57,26,0
62222,"[24228, 2]",6,0,0,0
62223,"[24228, 3]",3,158,64,0
62224,"[24228, 4]",21,158,64,0
62225,"[24229, 0]",1,57,26,0
62226,"[24230, 0]",1,41,18,0
62227,"[24231, 0]",1,158,64,0
62228,"[24232, 0]",1,41,18,0
62229,"[24233, 0]",1,0,0,0
62230,"[24233, 1]",2,41,18,0
62231,"[24234, 0]",1,0,0,0
62232,"[24234, 1]",2,0,0,0
62233,"[24234, 2]",16,158,64,0
62234,"[24235, 0]",1,158,64,0
62235,"[24236, 0]",1,0,0,0
62236,"[24236, 1]",4,41,18,0
62237,"[24236, 2]",2,0,0,0
62238,"[24236, 3]",28,0,0,0
62239,"[24236, 4]",55,158,64,0
62240,"[24237, 0]",1,0,0,0
62241,"[24237, 1]",2,63,28,0
62242,"[24238, 0]",1,0,0,0
62243,"[24238, 1]",2,158,64,0
62244,"[24239, 0]",1,158,64,0
62245,"[24240, 0]",1,41,18,0
62246,"[24241, 0]",1,0,0,0
62247,"[24241, 1]",2,64,29,0
62248,"[24242, 0]",1,41,18,0
62249,"[24243, 0]",1,158,64,0
62250,"[24244, 0]",1,0,0,0
62251,"[24244, 1]",3,0,0,0
62252,"[24244, 2]",2,158,64,0
62253,"[24244, 3]",28,0,0,1
62254,"[24244, 4]",81,158,64,0
62255,"[24245, 0]",1,0,0,0
62256,"[24245, 1]",2,41,18,0
62257,"[24246, 0]",1,0,0,0
62258,"[24246, 1]",6,156,64,0
62259,"[24246, 2]",3,0,0,0
62260,"[24246, 3]",2,0,0,0
62261,"[24246, 4]",42,158,64,0
62262,"[24246, 5]",41,158,64,0
62263,"[24247, 0]",1,0,0,0
62264,"[24247, 1]",2,0,0,0
62265,"[24247, 2]",29,0,0,1
62266,"[24247, 3]",46,2,1,0
62267,"[24248, 0]",1,0,0,0
62268,"[24248, 1]",2,59,28,0
62269,"[24249, 0]",1,0,0,0
62270,"[24249, 1]",2,0,0,0
62271,"[24249, 2]",21,158,64,0
62272,"[24250, 0]",1,55,26,0
62273,"[24251, 0]",1,57,26,0
62274,"[24252, 0]",1,0,0,0
62275,"[24252, 1]",2,158,64,0
62276,"[24253, 0]",1,0,0,0
62277,"[24253, 1]",4,41,18,0
62278,"[24253, 2]",2,0,0,0
62279,"[24253, 3]",36,63,28,0
62280,"[24253, 4]",34,0,0,0
62281,"[24253, 5]",69,0,0,0
62282,"[24253, 6]",127,156,64,0
62283,"[24254, 0]",1,41,18,0
62284,"[24255, 0]",1,0,0,0
62285,"[24255, 1]",2,41,18,0
62286,"[24256, 0]",1,0,0,0
62287,"[24256, 1]",2,37,18,0
62288,"[24257, 0]",1,2,1,0
62289,"[24258, 0]",1,0,0,0
62290,"[24258, 1]",3,156,64,0
62291,"[24258, 2]",2,2,1,0
62292,"[24259, 0]",1,41,18,0
62293,"[24260, 0]",1,0,0,0
62294,"[24260, 1]",2,0,0,0
62295,"[24260, 2]",41,0,0,0
62296,"[24260, 3]",57,158,64,1
62297,"[24261, 0]",1,0,0,0
62298,"[24261, 1]",4,0,0,0
62299,"[24261, 2]",3,0,0,0
62300,"[24261, 3]",2,0,0,0
62301,"[24261, 4]",34,41,18,0
62302,"[24261, 5]",32,0,0,0
62303,"[24261, 6]",31,0,0,0
62304,"[24261, 7]",27,158,64,0
62305,"[24261, 8]",24,158,64,0
62306,"[24261, 9]",61,0,0,0
62307,"[24261, 10]",56,158,64,0
62308,"[24261, 11]",284,158,64,0
62309,"[24262, 0]",1,57,26,0
62310,"[24263, 0]",1,57,26,0
62311,"[24264, 0]",1,0,0,0
62312,"[24264, 1]",2,2,1,0
62313,"[24265, 0]",1,58,26,0
62314,"[24266, 0]",1,156,64,0
62315,"[24267, 0]",1,37,18,0
62316,"[24268, 0]",1,158,64,0
62317,"[24269, 0]",1,0,0,0
62318,"[24269, 1]",2,158,64,0
62319,"[24270, 0]",1,0,0,0
62320,"[24270, 1]",2,0,0,0
62321,"[24270, 2]",70,54,24,0
62322,"[24271, 0]",1,158,64,0
62323,"[24272, 0]",1,2,1,0
62324,"[24273, 0]",1,158,64,0
62325,"[24274, 0]",1,0,0,0
62326,"[24274, 1]",2,0,0,0
62327,"[24274, 2]",17,158,64,0
62328,"[24275, 0]",1,0,0,0
62329,"[24275, 1]",2,158,64,40
62330,"[24276, 0]",1,0,0,0
62331,"[24276, 1]",2,57,26,0
62332,"[24277, 0]",1,0,0,0
62333,"[24277, 1]",2,158,64,0
62334,"[24278, 0]",1,41,18,0
62335,"[24279, 0]",1,0,0,0
62336,"[24279, 1]",3,0,0,0
62337,"[24279, 2]",2,0,0,0
62338,"[24279, 3]",47,0,0,-1
62339,"[24279, 4]",46,158,64,-1
62340,"[24279, 5]",43,158,64,0
62341,"[24279, 6]",70,158,64,-1
62342,"[24280, 0]",1,158,64,0
62343,"[24281, 0]",1,0,0,0
62344,"[24281, 1]",2,156,64,0
62345,"[24282, 0]",1,0,0,0
62346,"[24282, 1]",2,158,64,0
62347,"[24283, 0]",1,41,18,0
62348,"[24284, 0]",1,158,64,0
62349,"[24285, 0]",1,0,0,0
62350,"[24285, 1]",2,0,0,0
62351,"[24285, 2]",5,0,0,0
62352,"[24285, 3]",32,0,0,0
62353,"[24285, 4]",93,156,64,0
62354,"[24286, 0]",1,0,0,0
62355,"[24286, 1]",2,158,64,2
62356,"[24287, 0]",1,0,0,0
62357,"[24287, 1]",2,0,0,0
62358,"[24287, 2]",18,59,28,0
62359,"[24288, 0]",1,0,0,0
62360,"[24288, 1]",2,54,24,0
62361,"[24289, 0]",1,0,0,0
62362,"[24289, 1]",2,0,0,0
62363,"[24289, 2]",16,41,18,33
62364,"[24290, 0]",1,0,0,0
62365,"[24290, 1]",2,158,64,0
62366,"[24291, 0]",1,158,64,0
62367,"[24292, 0]",1,41,18,0
62368,"[24293, 0]",1,0,0,0
62369,"[24293, 1]",2,0,0,0
62370,"[24293, 2]",14,0,0,0
62371,"[24293, 3]",36,54,24,0
62372,"[24294, 0]",1,0,0,0
62373,"[24294, 1]",2,158,64,0
62374,"[24295, 0]",1,0,0,0
62375,"[24295, 1]",2,0,0,0
62376,"[24295, 2]",21,158,64,0
62377,"[24295, 3]",20,0,0,0
62378,"[24295, 4]",32,41,18,0
62379,"[24296, 0]",1,57,26,0
62380,"[24297, 0]",1,57,26,0
62381,"[24298, 0]",1,2,1,1
62382,"[24299, 0]",1,0,0,0
62383,"[24299, 1]",2,0,0,0
62384,"[24299, 2]",15,41,18,0
62385,"[24300, 0]",1,0,0,0
62386,"[24300, 1]",2,37,18,6
62387,"[24301, 0]",1,41,18,0
62388,"[24302, 0]",1,158,64,0
62389,"[24303, 0]",1,63,28,0
62390,"[24304, 0]",1,0,0,0
62391,"[24304, 1]",2,158,64,0
62392,"[24305, 0]",1,0,0,0
62393,"[24305, 1]",2,158,64,0
62394,"[24306, 0]",1,0,0,0
62395,"[24306, 1]",3,158,64,0
62396,"[24306, 2]",2,0,0,0
62397,"[24306, 3]",35,0,0,0
62398,"[24306, 4]",34,0,0,0
62399,"[24306, 5]",67,0,0,0
62400,"[24306, 6]",65,0,0,0
62401,"[24306, 7]",61,0,0,0
62402,"[24306, 8]",140,158,64,0
62403,"[24306, 9]",115,0,0,0
62404,"[24306, 10]",110,59,28,-1
62405,"[24306, 11]",236,37,18,0
62406,"[24307, 0]",1,57,26,0
62407,"[24308, 0]",1,158,64,0
62408,"[24309, 0]",1,0,0,0
62409,"[24309, 1]",2,0,0,0
62410,"[24309, 2]",76,158,64,0
62411,"[24310, 0]",1,0,0,0
62412,"[24310, 1]",2,158,64,0
62413,"[24311, 0]",1,0,0,0
62414,"[24311, 1]",6,41,18,0
62415,"[24311, 2]",4,0,0,0
62416,"[24311, 3]",2,0,0,0
62417,"[24311, 4]",43,0,0,0
62418,"[24311, 5]",42,0,0,0
62419,"[24311, 6]",41,0,0,0
62420,"[24311, 7]",39,0,0,0
62421,"[24311, 8]",36,0,0,0
62422,"[24311, 9]",95,158,64,0
62423,"[24311, 10]",82,158,64,0
62424,"[24311, 11]",80,0,0,0
62425,"[24311, 12]",79,0,0,0
62426,"[24311, 13]",78,0,0,0
62427,"[24311, 14]",69,0,0,0
62428,"[24311, 15]",66,0,0,0
62429,"[24311, 16]",63,41,18,0
62430,"[24311, 17]",259,41,18,0
62431,"[24311, 18]",244,0,0,0
62432,"[24311, 19]",183,158,64,0
62433,"[24311, 20]",179,41,18,0
62434,"[24311, 21]",176,41,18,0
62435,"[24311, 22]",327,41,18,0
62436,"[24312, 0]",1,0,0,0
62437,"[24312, 1]",2,41,18,0
62438,"[24313, 0]",1,0,0,0
62439,"[24313, 1]",2,158,64,0
62440,"[24314, 0]",1,158,64,0
62441,"[24315, 0]",1,158,64,0
62442,"[24316, 0]",1,0,0,0
62443,"[24316, 1]",2,41,18,0
62444,"[24317, 0]",1,0,0,0
62445,"[24317, 1]",5,158,64,0
62446,"[24317, 2]",4,57,26,0
62447,"[24318, 0]",1,0,0,1
62448,"[24318, 1]",2,158,64,-1
62449,"[24319, 0]",1,0,0,0
62450,"[24319, 1]",2,0,0,5
62451,"[24319, 2]",20,158,64,0
62452,"[24320, 0]",1,158,64,0
62453,"[24321, 0]",1,0,0,0
62454,"[24321, 1]",2,156,64,0
62455,"[24322, 0]",1,0,0,0
62456,"[24322, 1]",2,0,0,0
62457,"[24322, 2]",75,41,18,0
62458,"[24323, 0]",1,0,0,0
62459,"[24323, 1]",2,0,0,-1
62460,"[24323, 2]",20,2,1,3
62461,"[24324, 0]",1,158,64,0
62462,"[24325, 0]",1,0,0,0
62463,"[24325, 1]",5,0,0,0
62464,"[24325, 2]",2,0,0,0
62465,"[24325, 3]",46,2,1,0
62466,"[24325, 4]",31,41,18,0
62467,"[24326, 0]",1,0,0,0
62468,"[24326, 1]",2,156,64,0
62469,"[24327, 0]",1,156,64,0
62470,"[24328, 0]",1,158,64,0
62471,"[24329, 0]",1,57,26,0
62472,"[24330, 0]",1,57,26,0
62473,"[24331, 0]",1,0,0,0
62474,"[24331, 1]",2,158,64,0
62475,"[24332, 0]",1,0,0,0
62476,"[24332, 1]",8,2,1,0
62477,"[24332, 2]",7,0,0,0
62478,"[24332, 3]",5,0,0,0
62479,"[24332, 4]",3,0,0,0
62480,"[24332, 5]",2,0,0,0
62481,"[24332, 6]",34,0,0,0
62482,"[24332, 7]",29,0,0,0
62483,"[24332, 8]",22,0,0,0
62484,"[24332, 9]",19,41,18,1
62485,"[24332, 10]",119,2,1,0
62486,"[24332, 11]",101,0,0,0
62487,"[24332, 12]",68,55,26,0
62488,"[24332, 13]",67,0,0,0
62489,"[24332, 14]",66,0,0,0
62490,"[24332, 15]",241,0,0,0
62491,"[24332, 16]",240,0,0,0
62492,"[24332, 17]",236,0,0,0
62493,"[24332, 18]",221,2,1,0
62494,"[24332, 19]",220,0,0,0
62495,"[24332, 20]",340,158,64,0
62496,"[24332, 21]",312,53,24,0
62497,"[24332, 22]",281,0,0,0
62498,"[24332, 23]",277,2,1,0
62499,"[24332, 24]",502,57,26,0
62500,"[24332, 25]",500,41,18,0
62501,"[24332, 26]",497,0,0,0
62502,"[24332, 27]",606,0,0,0
62503,"[24332, 28]",747,77,32,0
62504,"[24333, 0]",1,0,0,0
62505,"[24333, 1]",2,41,18,1
62506,"[24334, 0]",1,0,0,1
62507,"[24334, 1]",2,158,64,-1
62508,"[24335, 0]",1,158,64,0
62509,"[24336, 0]",1,0,0,0
62510,"[24336, 1]",3,77,32,0
62511,"[24337, 0]",1,0,0,0
62512,"[24337, 1]",6,156,64,0
62513,"[24337, 2]",4,53,24,0
62514,"[24337, 3]",3,156,64,0
62515,"[24338, 0]",1,0,0,0
62516,"[24338, 1]",2,0,0,0
62517,"[24338, 2]",63,158,64,0
62518,"[24339, 0]",1,0,0,0
62519,"[24339, 1]",2,158,64,16
62520,"[24340, 0]",1,0,0,0
62521,"[24340, 1]",2,158,64,7
62522,"[24341, 0]",1,156,64,0
62523,"[24342, 0]",1,0,0,0
62524,"[24342, 1]",3,41,18,0
62525,"[24342, 2]",2,158,64,0
62526,"[24343, 0]",1,0,0,0
62527,"[24343, 1]",9,158,64,0
62528,"[24343, 2]",7,158,64,0
62529,"[24343, 3]",6,0,0,0
62530,"[24343, 4]",5,0,0,0
62531,"[24343, 5]",4,0,0,0
62532,"[24343, 6]",2,0,0,0
62533,"[24343, 7]",49,158,64,-1
62534,"[24343, 8]",48,0,0,-1
62535,"[24343, 9]",47,0,0,-1
62536,"[24343, 10]",41,0,0,0
62537,"[24343, 11]",35,158,64,0
62538,"[24343, 12]",28,41,18,0
62539,"[24343, 13]",115,57,26,0
62540,"[24343, 14]",85,158,64,-1
62541,"[24343, 15]",79,158,64,-1
62542,"[24344, 0]",1,57,26,0
62543,"[24345, 0]",1,156,64,0
62544,"[24346, 0]",1,0,0,0
62545,"[24346, 1]",5,158,64,0
62546,"[24346, 2]",3,0,0,0
62547,"[24346, 3]",2,0,0,0
62548,"[24346, 4]",35,0,0,0
62549,"[24346, 5]",27,156,64,0
62550,"[24346, 6]",73,0,0,0
62551,"[24346, 7]",207,0,0,0
62552,"[24346, 8]",229,41,18,0
62553,"[24347, 0]",1,0,0,0
62554,"[24347, 1]",6,158,64,0
62555,"[24347, 2]",5,57,26,0
62556,"[24347, 3]",4,2,1,0
62557,"[24348, 0]",1,0,0,0
62558,"[24348, 1]",2,54,24,-1
62559,"[24349, 0]",1,158,64,0
62560,"[24350, 0]",1,0,0,0
62561,"[24350, 1]",6,0,0,0
62562,"[24350, 2]",5,158,64,0
62563,"[24350, 3]",4,0,0,0
62564,"[24350, 4]",3,0,0,0
62565,"[24350, 5]",2,0,0,0
62566,"[24350, 6]",30,0,0,2
62567,"[24350, 7]",27,55,26,1
62568,"[24350, 8]",24,41,18,1
62569,"[24350, 9]",19,0,0,2
62570,"[24350, 10]",163,158,64,3
62571,"[24350, 11]",104,158,64,7
62572,"[24351, 0]",1,158,64,0
62573,"[24352, 0]",1,0,0,0
62574,"[24352, 1]",2,2,1,0
62575,"[24353, 0]",1,53,24,0
62576,"[24354, 0]",1,158,64,0
62577,"[24355, 0]",1,41,18,0
62578,"[24356, 0]",1,158,64,0
62579,"[24357, 0]",1,0,0,0
62580,"[24357, 1]",2,156,64,2
62581,"[24358, 0]",1,0,0,0
62582,"[24358, 1]",2,158,64,0
62583,"[24359, 0]",1,155,64,0
62584,"[24360, 0]",1,158,64,0
62585,"[24361, 0]",1,158,64,0
62586,"[24362, 0]",1,0,0,0
62587,"[24362, 1]",3,0,0,0
62588,"[24362, 2]",2,156,64,0
62589,"[24362, 3]",8,158,64,0
62590,"[24363, 0]",1,41,18,0
62591,"[24364, 0]",1,0,0,0
62592,"[24364, 1]",2,0,0,0
62593,"[24364, 2]",17,158,64,0
62594,"[24365, 0]",1,41,18,0
62595,"[24366, 0]",1,158,64,1
62596,"[24367, 0]",1,0,0,0
62597,"[24367, 1]",6,156,64,0
62598,"[24367, 2]",4,0,0,0
62599,"[24367, 3]",3,0,0,0
62600,"[24367, 4]",2,0,0,0
62601,"[24367, 5]",32,0,0,0
62602,"[24367, 6]",28,158,64,0
62603,"[24367, 7]",24,158,64,0
62604,"[24367, 8]",46,0,0,0
62605,"[24367, 9]",45,156,64,0
62606,"[24367, 10]",225,57,26,0
62607,"[24368, 0]",1,0,0,0
62608,"[24368, 1]",2,0,0,0
62609,"[24368, 2]",17,156,64,0
62610,"[24368, 3]",16,158,64,0
62611,"[24369, 0]",1,158,64,0
62612,"[24370, 0]",1,0,0,0
62613,"[24370, 1]",2,0,0,0
62614,"[24370, 2]",25,2,1,3
62615,"[24371, 0]",1,158,64,0
62616,"[24372, 0]",1,158,64,0
62617,"[24373, 0]",1,0,0,0
62618,"[24373, 1]",2,0,0,0
62619,"[24373, 2]",48,0,0,0
62620,"[24373, 3]",86,0,0,0
62621,"[24373, 4]",121,158,64,0
62622,"[24374, 0]",1,0,0,0
62623,"[24374, 1]",5,41,18,0
62624,"[24374, 2]",3,0,0,0
62625,"[24374, 3]",25,0,0,0
62626,"[24374, 4]",45,158,64,0
62627,"[24375, 0]",1,59,28,0
62628,"[24376, 0]",1,0,0,0
62629,"[24376, 1]",2,158,64,0
62630,"[24377, 0]",1,158,64,0
62631,"[24378, 0]",1,156,64,0
62632,"[24379, 0]",1,0,0,0
62633,"[24379, 1]",2,2,1,-1
62634,"[24380, 0]",1,158,64,0
62635,"[24381, 0]",1,158,64,0
62636,"[24382, 0]",1,0,0,0
62637,"[24382, 1]",2,41,18,0
62638,"[24383, 0]",1,41,18,0
62639,"[24384, 0]",1,41,18,0
62640,"[24385, 0]",1,0,0,0
62641,"[24385, 1]",2,41,18,0
62642,"[24386, 0]",1,156,64,0
62643,"[24387, 0]",1,0,0,0
62644,"[24387, 1]",6,156,64,0
62645,"[24387, 2]",4,0,0,0
62646,"[24387, 3]",3,0,0,0
62647,"[24387, 4]",2,0,0,0
62648,"[24387, 5]",38,54,24,0
62649,"[24387, 6]",35,0,0,0
62650,"[24387, 7]",34,0,0,0
62651,"[24387, 8]",33,0,0,0
62652,"[24387, 9]",30,0,0,0
62653,"[24387, 10]",27,158,64,0
62654,"[24387, 11]",92,0,0,0
62655,"[24387, 12]",78,158,64,0
62656,"[24387, 13]",77,41,18,0
62657,"[24387, 14]",76,158,64,0
62658,"[24387, 15]",74,0,0,0
62659,"[24387, 16]",70,57,26,0
62660,"[24387, 17]",67,158,64,0
62661,"[24387, 18]",271,41,18,0
62662,"[24387, 19]",241,2,1,0
62663,"[24388, 0]",1,41,18,0
62664,"[24389, 0]",1,0,0,0
62665,"[24389, 1]",2,57,26,0
62666,"[24390, 0]",1,0,0,1
62667,"[24390, 1]",2,0,0,0
62668,"[24390, 2]",16,158,64,0
62669,"[24391, 0]",1,0,0,0
62670,"[24391, 1]",6,158,64,1
62671,"[24391, 2]",4,0,0,-1
62672,"[24391, 3]",60,158,64,-1
62673,"[24392, 0]",1,0,0,0
62674,"[24392, 1]",2,0,0,0
62675,"[24392, 2]",94,158,64,14
62676,"[24393, 0]",1,0,0,0
62677,"[24393, 1]",4,0,0,0
62678,"[24393, 2]",3,0,0,0
62679,"[24393, 3]",38,158,64,0
62680,"[24393, 4]",33,57,26,0
62681,"[24394, 0]",1,158,64,0
62682,"[24395, 0]",1,0,0,0
62683,"[24395, 1]",2,54,24,0
62684,"[24396, 0]",1,158,64,0
62685,"[24397, 0]",1,41,18,1
62686,"[24398, 0]",1,57,26,0
62687,"[24399, 0]",1,0,0,0
62688,"[24399, 1]",2,158,64,0
62689,"[24400, 0]",1,0,0,0
62690,"[24400, 1]",2,2,1,0
62691,"[24401, 0]",1,0,0,0
62692,"[24401, 1]",2,41,18,0
62693,"[24402, 0]",1,156,64,0
62694,"[24403, 0]",1,0,0,0
62695,"[24403, 1]",2,0,0,-1
62696,"[24403, 2]",28,158,64,-1
62697,"[24404, 0]",1,0,0,0
62698,"[24404, 1]",3,0,0,0
62699,"[24404, 2]",2,0,0,0
62700,"[24404, 3]",40,0,0,0
62701,"[24404, 4]",36,0,0,0
62702,"[24404, 5]",90,0,0,0
62703,"[24404, 6]",69,0,0,0
62704,"[24404, 7]",68,0,0,0
62705,"[24404, 8]",66,0,0,0
62706,"[24404, 9]",146,0,0,-1
62707,"[24404, 10]",135,156,64,0
62708,"[24404, 11]",132,2,1,0
62709,"[24404, 12]",112,57,26,0
62710,"[24404, 13]",166,158,64,-1
62711,"[24405, 0]",1,41,18,0
62712,"[24406, 0]",1,0,0,0
62713,"[24406, 1]",2,0,0,0
62714,"[24406, 2]",19,0,0,0
62715,"[24406, 3]",49,2,1,0
62716,"[24407, 0]",1,2,1,0
62717,"[24408, 0]",1,59,28,0
62718,"[24409, 0]",1,41,18,0
62719,"[24410, 0]",1,0,0,0
62720,"[24410, 1]",2,0,0,0
62721,"[24410, 2]",21,57,26,0
62722,"[24411, 0]",1,156,64,0
62723,"[24412, 0]",1,158,64,0
62724,"[24413, 0]",1,2,1,0
62725,"[24414, 0]",1,0,0,0
62726,"[24414, 1]",7,158,64,0
62727,"[24414, 2]",5,0,0,0
62728,"[24414, 3]",3,0,0,0
62729,"[24414, 4]",46,0,0,0
62730,"[24414, 5]",28,158,64,0
62731,"[24414, 6]",79,156,64,0
62732,"[24415, 0]",1,54,24,0
62733,"[24416, 0]",1,0,0,0
62734,"[24416, 1]",6,158,64,1
62735,"[24416, 2]",3,0,0,4
62736,"[24416, 3]",2,156,64,1
62737,"[24416, 4]",48,158,64,0
62738,"[24417, 0]",1,0,0,0
62739,"[24417, 1]",2,41,18,0
62740,"[24418, 0]",1,0,0,0
62741,"[24418, 1]",10,158,64,0
62742,"[24418, 2]",9,0,0,0
62743,"[24418, 3]",4,0,0,0
62744,"[24418, 4]",3,0,0,0
62745,"[24418, 5]",2,0,0,0
62746,"[24418, 6]",75,41,18,0
62747,"[24418, 7]",72,0,0,0
62748,"[24418, 8]",71,0,0,0
62749,"[24418, 9]",70,0,0,0
62750,"[24418, 10]",66,57,26,0
62751,"[24418, 11]",64,0,0,0
62752,"[24418, 12]",60,158,64,0
62753,"[24418, 13]",59,2,1,0
62754,"[24418, 14]",57,0,0,0
62755,"[24418, 15]",29,158,64,0
62756,"[24418, 16]",200,156,64,0
62757,"[24418, 17]",152,41,18,0
62758,"[24418, 18]",123,0,0,0
62759,"[24418, 19]",122,64,29,0
62760,"[24418, 20]",119,0,0,0
62761,"[24418, 21]",113,0,0,0
62762,"[24418, 22]",442,57,26,0
62763,"[24418, 23]",400,0,0,0
62764,"[24418, 24]",386,156,64,0
62765,"[24418, 25]",524,0,0,0
62766,"[24418, 26]",835,77,32,0
62767,"[24419, 0]",1,158,64,0
62768,"[24420, 0]",1,41,18,0
62769,"[24421, 0]",1,0,0,0
62770,"[24421, 1]",3,41,18,0
62771,"[24421, 2]",2,158,64,0
62772,"[24422, 0]",1,158,64,0
62773,"[24423, 0]",1,158,64,0
62774,"[24424, 0]",1,158,64,0
62775,"[24425, 0]",1,0,0,0
62776,"[24425, 1]",2,156,64,0
62777,"[24426, 0]",1,158,64,0
62778,"[24427, 0]",1,158,64,0
62779,"[24428, 0]",1,0,0,0
62780,"[24428, 1]",2,158,64,5
62781,"[24429, 0]",1,158,64,0
62782,"[24430, 0]",1,0,0,0
62783,"[24430, 1]",2,0,0,-1
62784,"[24430, 2]",33,0,0,-1
62785,"[24430, 3]",54,57,26,1
62786,"[24431, 0]",1,0,0,0
62787,"[24431, 1]",2,0,0,0
62788,"[24431, 2]",83,2,1,0
62789,"[24432, 0]",1,156,64,0
62790,"[24433, 0]",1,41,18,0
62791,"[24434, 0]",1,158,64,0
62792,"[24435, 0]",1,0,0,0
62793,"[24435, 1]",2,0,0,0
62794,"[24435, 2]",48,158,64,0
62795,"[24435, 3]",47,0,0,0
62796,"[24435, 4]",88,158,64,0
62797,"[24435, 5]",87,158,64,0
62798,"[24436, 0]",1,0,0,0
62799,"[24436, 1]",2,0,0,0
62800,"[24436, 2]",34,37,18,0
62801,"[24436, 3]",33,158,64,0
62802,"[24437, 0]",1,41,18,0
62803,"[24438, 0]",1,0,0,0
62804,"[24438, 1]",2,158,64,0
62805,"[24439, 0]",1,41,18,0
62806,"[24440, 0]",1,57,26,0
62807,"[24441, 0]",1,57,26,0
62808,"[24442, 0]",1,0,0,0
62809,"[24442, 1]",2,0,0,0
62810,"[24442, 2]",40,2,1,-1
62811,"[24443, 0]",1,158,64,0
62812,"[24444, 0]",1,0,0,0
62813,"[24444, 1]",2,61,28,0
62814,"[24445, 0]",1,0,0,0
62815,"[24445, 1]",2,158,64,-1
62816,"[24446, 0]",1,0,0,0
62817,"[24446, 1]",2,0,0,0
62818,"[24446, 2]",28,57,26,0
62819,"[24446, 3]",27,37,18,0
62820,"[24447, 0]",1,158,64,0
62821,"[24448, 0]",1,158,64,0
62822,"[24449, 0]",1,0,0,0
62823,"[24449, 1]",2,41,18,1
62824,"[24450, 0]",1,0,0,0
62825,"[24450, 1]",2,0,0,0
62826,"[24450, 2]",19,156,64,0
62827,"[24451, 0]",1,158,64,0
62828,"[24452, 0]",1,158,64,0
62829,"[24453, 0]",1,0,0,0
62830,"[24453, 1]",2,41,18,0
62831,"[24454, 0]",1,0,0,0
62832,"[24454, 1]",2,41,18,0
62833,"[24455, 0]",1,0,0,0
62834,"[24455, 1]",2,158,64,0
62835,"[24456, 0]",1,0,0,1
62836,"[24456, 1]",2,2,1,1
62837,"[24457, 0]",1,158,64,0
62838,"[24458, 0]",1,2,1,0
62839,"[24459, 0]",1,158,64,0
62840,"[24460, 0]",1,158,64,0
62841,"[24461, 0]",1,158,64,0
62842,"[24462, 0]",1,158,64,0
62843,"[24463, 0]",1,0,0,0
62844,"[24463, 1]",2,158,64,0
62845,"[24464, 0]",1,41,18,0
62846,"[24465, 0]",1,57,26,0
62847,"[24466, 0]",1,158,64,0
62848,"[24467, 0]",1,158,64,0
62849,"[24468, 0]",1,41,18,0
62850,"[24469, 0]",1,0,0,0
62851,"[24469, 1]",6,156,64,0
62852,"[24469, 2]",3,0,0,0
62853,"[24469, 3]",2,0,0,0
62854,"[24469, 4]",48,41,18,0
62855,"[24469, 5]",47,0,0,0
62856,"[24469, 6]",46,0,0,0
62857,"[24469, 7]",43,156,64,0
62858,"[24469, 8]",42,158,64,0
62859,"[24469, 9]",41,158,64,0
62860,"[24469, 10]",81,158,64,0
62861,"[24469, 11]",80,2,1,0
62862,"[24469, 12]",79,158,64,0
62863,"[24469, 13]",78,0,0,0
62864,"[24469, 14]",77,0,0,0
62865,"[24469, 15]",74,41,18,0
62866,"[24469, 16]",203,0,0,0
62867,"[24469, 17]",200,158,64,0
62868,"[24469, 18]",296,2,1,0
62869,"[24470, 0]",1,41,18,0
62870,"[24471, 0]",1,0,0,0
62871,"[24471, 1]",5,2,1,3
62872,"[24471, 2]",4,0,0,-1
62873,"[24471, 3]",2,0,0,1
62874,"[24471, 4]",39,2,1,0
62875,"[24471, 5]",24,0,0,-1
62876,"[24471, 6]",74,158,64,1
62877,"[24472, 0]",1,0,0,0
62878,"[24472, 1]",2,158,64,-1
62879,"[24473, 0]",1,158,64,0
62880,"[24474, 0]",1,156,64,0
62881,"[24475, 0]",1,158,64,0
62882,"[24476, 0]",1,158,64,0
62883,"[24477, 0]",1,158,64,0
62884,"[24478, 0]",1,2,1,0
62885,"[24479, 0]",1,53,24,0
62886,"[24480, 0]",1,0,0,0
62887,"[24480, 1]",2,41,18,0
62888,"[24481, 0]",1,2,1,0
62889,"[24482, 0]",1,41,18,0
62890,"[24483, 0]",1,0,0,0
62891,"[24483, 1]",5,0,0,0
62892,"[24483, 2]",3,0,0,0
62893,"[24483, 3]",2,0,0,0
62894,"[24483, 4]",57,41,18,0
62895,"[24483, 5]",56,51,24,0
62896,"[24483, 6]",55,0,0,0
62897,"[24483, 7]",54,0,0,0
62898,"[24483, 8]",50,158,64,0
62899,"[24483, 9]",49,0,0,0
62900,"[24483, 10]",27,57,26,0
62901,"[24483, 11]",106,57,26,0
62902,"[24483, 12]",88,158,64,0
62903,"[24483, 13]",85,156,64,0
62904,"[24484, 0]",1,37,18,0
62905,"[24485, 0]",1,57,26,0
62906,"[24486, 0]",1,0,0,0
62907,"[24486, 1]",2,2,1,0
62908,"[24487, 0]",1,0,0,0
62909,"[24487, 1]",3,158,64,0
62910,"[24487, 2]",2,2,1,0
62911,"[24488, 0]",1,158,64,0
62912,"[24489, 0]",1,0,0,0
62913,"[24489, 1]",2,156,64,1
62914,"[24490, 0]",1,158,64,0
62915,"[24491, 0]",1,41,18,0
62916,"[24492, 0]",1,0,0,0
62917,"[24492, 1]",2,158,64,0
62918,"[24493, 0]",1,41,18,0
62919,"[24494, 0]",1,0,0,0
62920,"[24494, 1]",2,41,18,0
62921,"[24495, 0]",1,158,64,0
62922,"[24496, 0]",1,0,0,0
62923,"[24496, 1]",2,41,18,0
62924,"[24497, 0]",1,0,0,0
62925,"[24497, 1]",2,41,18,0
62926,"[24498, 0]",1,0,0,1
62927,"[24498, 1]",2,158,64,-1
62928,"[24499, 0]",1,0,0,0
62929,"[24499, 1]",2,0,0,0
62930,"[24499, 2]",15,41,18,0
62931,"[24500, 0]",1,57,26,0
62932,"[24501, 0]",1,0,0,0
62933,"[24501, 1]",2,0,0,0
62934,"[24501, 2]",78,0,0,0
62935,"[24501, 3]",109,158,64,0
62936,"[24502, 0]",1,0,0,0
62937,"[24502, 1]",2,0,0,0
62938,"[24502, 2]",18,0,0,0
62939,"[24502, 3]",36,2,1,0
62940,"[24503, 0]",1,57,26,1
62941,"[24504, 0]",1,54,24,0
62942,"[24505, 0]",1,158,64,0
62943,"[24506, 0]",1,158,64,0
62944,"[24507, 0]",1,0,0,0
62945,"[24507, 1]",3,57,26,0
62946,"[24507, 2]",2,2,1,0
62947,"[24508, 0]",1,0,0,0
62948,"[24508, 1]",2,0,0,0
62949,"[24508, 2]",13,53,24,2
62950,"[24509, 0]",1,53,24,0
62951,"[24510, 0]",1,158,64,0
62952,"[24511, 0]",1,53,24,0
62953,"[24512, 0]",1,2,1,0
62954,"[24513, 0]",1,158,64,0
62955,"[24514, 0]",1,57,26,0
62956,"[24515, 0]",1,0,0,0
62957,"[24515, 1]",2,57,26,0
62958,"[24516, 0]",1,0,0,0
62959,"[24516, 1]",2,158,64,0
62960,"[24517, 0]",1,158,64,1
62961,"[24518, 0]",1,0,0,0
62962,"[24518, 1]",2,156,64,8
62963,"[24519, 0]",1,0,0,0
62964,"[24519, 1]",2,158,64,0
62965,"[24520, 0]",1,158,64,0
62966,"[24521, 0]",1,41,18,0
62967,"[24522, 0]",1,57,26,0
62968,"[24523, 0]",1,0,0,0
62969,"[24523, 1]",2,0,0,0
62970,"[24523, 2]",71,156,64,-1
62971,"[24524, 0]",1,0,0,0
62972,"[24524, 1]",2,51,24,0
62973,"[24525, 0]",1,41,18,0
62974,"[24526, 0]",1,158,64,0
62975,"[24527, 0]",1,0,0,0
62976,"[24527, 1]",3,0,0,0
62977,"[24527, 2]",2,2,1,0
62978,"[24527, 3]",20,57,26,0
62979,"[24528, 0]",1,57,26,0
62980,"[24529, 0]",1,59,28,0
62981,"[24530, 0]",1,158,64,0
62982,"[24531, 0]",1,0,0,0
62983,"[24531, 1]",3,158,64,0
62984,"[24531, 2]",2,41,18,0
62985,"[24532, 0]",1,2,1,0
62986,"[24533, 0]",1,0,0,0
62987,"[24533, 1]",2,41,18,0
62988,"[24534, 0]",1,0,0,0
62989,"[24534, 1]",2,158,64,-1
62990,"[24535, 0]",1,0,0,0
62991,"[24535, 1]",2,41,18,0
62992,"[24536, 0]",1,41,18,0
62993,"[24537, 0]",1,0,0,0
62994,"[24537, 1]",2,158,64,0
62995,"[24538, 0]",1,0,0,0
62996,"[24538, 1]",6,57,26,0
62997,"[24538, 2]",4,0,0,0
62998,"[24538, 3]",2,0,0,0
62999,"[24538, 4]",49,158,64,0
63000,"[24538, 5]",48,0,0,0
63001,"[24538, 6]",37,158,64,0
63002,"[24538, 7]",82,158,64,30
63003,"[24539, 0]",1,0,0,0
63004,"[24539, 1]",2,57,26,0
63005,"[24540, 0]",1,0,0,0
63006,"[24540, 1]",2,158,64,0
63007,"[24541, 0]",1,0,0,0
63008,"[24541, 1]",2,156,64,0
63009,"[24542, 0]",1,0,0,0
63010,"[24542, 1]",2,158,64,0
63011,"[24543, 0]",1,0,0,0
63012,"[24543, 1]",2,158,64,0
63013,"[24544, 0]",1,0,0,0
63014,"[24544, 1]",2,2,1,0
63015,"[24545, 0]",1,41,18,0
63016,"[24546, 0]",1,0,0,0
63017,"[24546, 1]",2,41,18,0
63018,"[24547, 0]",1,0,0,0
63019,"[24547, 1]",2,158,64,0
63020,"[24548, 0]",1,64,29,0
63021,"[24549, 0]",1,0,0,0
63022,"[24549, 1]",4,0,0,-1
63023,"[24549, 2]",16,0,0,-1
63024,"[24549, 3]",9,0,0,-1
63025,"[24549, 4]",8,0,0,-1
63026,"[24549, 5]",112,156,64,-1
63027,"[24549, 6]",105,158,64,-1
63028,"[24549, 7]",104,158,64,-1
63029,"[24549, 8]",53,0,0,-1
63030,"[24549, 9]",267,0,0,-1
63031,"[24550, 0]",1,158,64,0
63032,"[24551, 0]",1,158,64,0
63033,"[24552, 0]",1,158,64,0
63034,"[24553, 0]",1,156,64,0
63035,"[24554, 0]",1,0,0,0
63036,"[24554, 1]",8,61,28,0
63037,"[24554, 2]",4,0,0,0
63038,"[24554, 3]",3,0,0,0
63039,"[24554, 4]",2,0,0,0
63040,"[24554, 5]",60,158,64,0
63041,"[24554, 6]",53,158,64,0
63042,"[24554, 7]",48,0,0,0
63043,"[24554, 8]",138,41,18,0
63044,"[24555, 0]",1,2,1,0
63045,"[24556, 0]",1,0,0,0
63046,"[24556, 1]",2,0,0,0
63047,"[24556, 2]",11,158,64,0
63048,"[24557, 0]",1,41,18,0
63049,"[24558, 0]",1,0,0,0
63050,"[24558, 1]",5,58,26,0
63051,"[24558, 2]",4,51,24,0
63052,"[24558, 3]",2,0,0,0
63053,"[24558, 4]",27,41,18,0
63054,"[24559, 0]",1,158,64,1
63055,"[24560, 0]",1,41,18,0
63056,"[24561, 0]",1,158,64,0
63057,"[24562, 0]",1,0,0,0
63058,"[24562, 1]",7,158,64,0
63059,"[24562, 2]",4,0,0,0
63060,"[24562, 3]",2,0,0,0
63061,"[24562, 4]",42,0,0,0
63062,"[24562, 5]",41,0,0,0
63063,"[24562, 6]",37,2,1,0
63064,"[24562, 7]",103,0,0,0
63065,"[24562, 8]",102,0,0,0
63066,"[24562, 9]",101,0,0,0
63067,"[24562, 10]",100,158,64,0
63068,"[24562, 11]",95,41,18,0
63069,"[24562, 12]",328,0,0,0
63070,"[24562, 13]",323,41,18,0
63071,"[24562, 14]",320,59,28,0
63072,"[24562, 15]",454,158,64,0
63073,"[24563, 0]",1,0,0,0
63074,"[24563, 1]",2,158,64,0
63075,"[24564, 0]",1,0,0,0
63076,"[24564, 1]",2,57,26,0
63077,"[24565, 0]",1,158,64,0
63078,"[24566, 0]",1,0,0,0
63079,"[24566, 1]",2,0,0,0
63080,"[24566, 2]",18,0,0,0
63081,"[24566, 3]",49,0,0,0
63082,"[24566, 4]",61,158,64,0
63083,"[24567, 0]",1,0,0,0
63084,"[24567, 1]",2,0,0,0
63085,"[24567, 2]",20,158,64,0
63086,"[24568, 0]",1,0,0,0
63087,"[24568, 1]",2,0,0,0
63088,"[24568, 2]",33,2,1,0
63089,"[24569, 0]",1,0,0,0
63090,"[24569, 1]",2,57,26,0
63091,"[24570, 0]",1,158,64,0
63092,"[24571, 0]",1,0,0,0
63093,"[24571, 1]",2,57,26,0
63094,"[24572, 0]",1,156,64,0
63095,"[24573, 0]",1,0,0,0
63096,"[24573, 1]",4,0,0,5
63097,"[24573, 2]",3,0,0,1
63098,"[24573, 3]",2,0,0,-1
63099,"[24573, 4]",43,0,0,-1
63100,"[24573, 5]",39,158,64,0
63101,"[24573, 6]",35,0,0,0
63102,"[24573, 7]",154,158,64,0
63103,"[24573, 8]",109,158,64,1
63104,"[24574, 0]",1,0,0,0
63105,"[24574, 1]",2,63,28,0
63106,"[24575, 0]",1,156,64,0
63107,"[24576, 0]",1,59,28,0
63108,"[24577, 0]",1,41,18,0
63109,"[24578, 0]",1,0,0,0
63110,"[24578, 1]",2,54,24,0
63111,"[24579, 0]",1,0,0,1
63112,"[24579, 1]",2,41,18,3
63113,"[24580, 0]",1,57,26,0
63114,"[24581, 0]",1,158,64,0
63115,"[24582, 0]",1,41,18,0
63116,"[24583, 0]",1,59,28,0
63117,"[24584, 0]",1,158,64,0
63118,"[24585, 0]",1,158,64,0
63119,"[24586, 0]",1,158,64,0
63120,"[24587, 0]",1,0,0,0
63121,"[24587, 1]",2,57,26,0
63122,"[24588, 0]",1,0,0,1
63123,"[24588, 1]",3,0,0,0
63124,"[24588, 2]",2,0,0,0
63125,"[24588, 3]",12,158,64,1
63126,"[24588, 4]",8,0,0,0
63127,"[24588, 5]",49,57,26,0
63128,"[24589, 0]",1,57,26,0
63129,"[24590, 0]",1,158,64,0
63130,"[24591, 0]",1,0,0,0
63131,"[24591, 1]",2,57,26,0
63132,"[24592, 0]",1,0,0,0
63133,"[24592, 1]",6,37,18,0
63134,"[24592, 2]",4,0,0,0
63135,"[24592, 3]",3,0,0,0
63136,"[24592, 4]",19,158,64,0
63137,"[24592, 5]",15,0,0,0
63138,"[24592, 6]",109,57,26,-1
63139,"[24593, 0]",1,0,0,0
63140,"[24593, 1]",2,158,64,0
63141,"[24594, 0]",1,41,18,0
63142,"[24595, 0]",1,0,0,0
63143,"[24595, 1]",8,156,64,0
63144,"[24595, 2]",7,0,0,0
63145,"[24595, 3]",3,0,0,0
63146,"[24595, 4]",2,0,0,0
63147,"[24595, 5]",76,0,0,0
63148,"[24595, 6]",67,0,0,0
63149,"[24595, 7]",37,57,26,0
63150,"[24595, 8]",141,0,0,-1
63151,"[24595, 9]",401,156,64,2
63152,"[24596, 0]",1,41,18,1
63153,"[24597, 0]",1,0,0,0
63154,"[24597, 1]",2,0,0,0
63155,"[24597, 2]",44,158,64,0
63156,"[24598, 0]",1,54,24,0
63157,"[24599, 0]",1,0,0,0
63158,"[24599, 1]",2,57,26,0
63159,"[24600, 0]",1,158,64,0
63160,"[24601, 0]",1,158,64,0
63161,"[24602, 0]",1,0,0,0
63162,"[24602, 1]",2,158,64,0
63163,"[24603, 0]",1,57,26,0
63164,"[24604, 0]",1,158,64,0
63165,"[24605, 0]",1,0,0,0
63166,"[24605, 1]",9,158,64,0
63167,"[24605, 2]",7,0,0,0
63168,"[24605, 3]",5,0,0,0
63169,"[24605, 4]",3,0,0,0
63170,"[24605, 5]",2,0,0,0
63171,"[24605, 6]",76,57,26,-1
63172,"[24605, 7]",74,0,0,2
63173,"[24605, 8]",72,0,0,-1
63174,"[24605, 9]",47,41,18,0
63175,"[24605, 10]",44,0,0,0
63176,"[24605, 11]",186,51,24,0
63177,"[24605, 12]",92,158,64,5
63178,"[24606, 0]",1,158,64,1
63179,"[24607, 0]",1,0,0,0
63180,"[24607, 1]",2,2,1,0
63181,"[24608, 0]",1,0,0,0
63182,"[24608, 1]",2,2,1,0
63183,"[24609, 0]",1,158,64,0
63184,"[24610, 0]",1,0,0,0
63185,"[24610, 1]",2,57,26,0
63186,"[24611, 0]",1,0,0,0
63187,"[24611, 1]",2,0,0,-1
63188,"[24611, 2]",43,158,64,-1
63189,"[24612, 0]",1,0,0,0
63190,"[24612, 1]",2,41,18,0
63191,"[24613, 0]",1,0,0,0
63192,"[24613, 1]",2,0,0,0
63193,"[24613, 2]",44,158,64,0
63194,"[24614, 0]",1,0,0,0
63195,"[24614, 1]",2,156,64,0
63196,"[24615, 0]",1,64,29,0
63197,"[24616, 0]",1,158,64,0
63198,"[24617, 0]",1,41,18,0
63199,"[24618, 0]",1,158,64,1
63200,"[24619, 0]",1,158,64,0
63201,"[24620, 0]",1,0,0,0
63202,"[24620, 1]",2,41,18,0
63203,"[24621, 0]",1,0,0,0
63204,"[24621, 1]",5,0,0,0
63205,"[24621, 2]",4,0,0,0
63206,"[24621, 3]",3,0,0,0
63207,"[24621, 4]",2,0,0,0
63208,"[24621, 5]",34,0,0,0
63209,"[24621, 6]",25,158,64,0
63210,"[24621, 7]",21,158,64,0
63211,"[24621, 8]",18,41,18,0
63212,"[24621, 9]",108,41,18,0
63213,"[24622, 0]",1,57,26,0
63214,"[24623, 0]",1,156,64,0
63215,"[24624, 0]",1,0,0,0
63216,"[24624, 1]",2,158,64,0
63217,"[24625, 0]",1,0,0,0
63218,"[24625, 1]",3,0,0,0
63219,"[24625, 2]",2,0,0,0
63220,"[24625, 3]",57,0,0,0
63221,"[24625, 4]",50,57,26,0
63222,"[24625, 5]",134,55,26,0
63223,"[24626, 0]",1,0,0,0
63224,"[24626, 1]",2,0,0,0
63225,"[24626, 2]",17,158,64,1
63226,"[24627, 0]",1,0,0,0
63227,"[24627, 1]",2,57,26,0
63228,"[24628, 0]",1,0,0,0
63229,"[24628, 1]",2,2,1,0
63230,"[24629, 0]",1,41,18,0
63231,"[24630, 0]",1,0,0,0
63232,"[24630, 1]",2,0,0,0
63233,"[24631, 0]",1,0,0,0
63234,"[24631, 1]",2,156,64,0
63235,"[24632, 0]",1,158,64,0
63236,"[24633, 0]",1,41,18,0
63237,"[24634, 0]",1,0,0,0
63238,"[24634, 1]",2,158,64,0
63239,"[24635, 0]",1,0,0,0
63240,"[24635, 1]",2,158,64,0
63241,"[24636, 0]",1,0,0,0
63242,"[24636, 1]",2,0,0,0
63243,"[24636, 2]",17,158,64,-1
63244,"[24637, 0]",1,41,18,0
63245,"[24638, 0]",1,0,0,1
63246,"[24638, 1]",2,158,64,0
63247,"[24639, 0]",1,0,0,0
63248,"[24639, 1]",2,0,0,0
63249,"[24639, 2]",18,57,26,2
63250,"[24640, 0]",1,41,18,0
63251,"[24641, 0]",1,0,0,0
63252,"[24641, 1]",2,41,18,0
63253,"[24642, 0]",1,0,0,0
63254,"[24642, 1]",2,0,0,0
63255,"[24642, 2]",22,2,1,0
63256,"[24643, 0]",1,41,18,0
63257,"[24644, 0]",1,0,0,0
63258,"[24644, 1]",2,158,64,0
63259,"[24645, 0]",1,0,0,0
63260,"[24645, 1]",2,57,26,0
63261,"[24646, 0]",1,0,0,0
63262,"[24646, 1]",2,158,64,0
63263,"[24647, 0]",1,41,18,0
63264,"[24648, 0]",1,41,18,0
63265,"[24649, 0]",1,0,0,0
63266,"[24649, 1]",2,158,64,0
63267,"[24650, 0]",1,59,28,0
63268,"[24651, 0]",1,41,18,0
63269,"[24652, 0]",1,0,0,0
63270,"[24652, 1]",2,158,64,0
63271,"[24653, 0]",1,0,0,0
63272,"[24653, 1]",6,57,26,5
63273,"[24653, 2]",5,158,64,4
63274,"[24653, 3]",2,0,0,-1
63275,"[24653, 4]",49,158,64,-1
63276,"[24653, 5]",46,2,1,-1
63277,"[24654, 0]",1,0,0,0
63278,"[24654, 1]",2,57,26,0
63279,"[24655, 0]",1,0,0,0
63280,"[24655, 1]",4,158,64,-1
63281,"[24656, 0]",1,0,0,0
63282,"[24656, 1]",2,156,64,0
63283,"[24657, 0]",1,158,64,0
63284,"[24658, 0]",1,0,0,0
63285,"[24658, 1]",2,158,64,0
63286,"[24659, 0]",1,0,0,0
63287,"[24659, 1]",2,158,64,0
63288,"[24660, 0]",1,0,0,0
63289,"[24660, 1]",2,41,18,0
63290,"[24661, 0]",1,158,64,0
63291,"[24662, 0]",1,41,18,0
63292,"[24663, 0]",1,53,24,0
63293,"[24664, 0]",1,0,0,0
63294,"[24664, 1]",2,0,0,0
63295,"[24664, 2]",53,158,64,0
63296,"[24665, 0]",1,0,0,0
63297,"[24665, 1]",2,158,64,0
63298,"[24666, 0]",1,158,64,0
63299,"[24667, 0]",1,41,18,0
63300,"[24668, 0]",1,0,0,0
63301,"[24668, 1]",2,0,0,0
63302,"[24668, 2]",19,57,26,0
63303,"[24669, 0]",1,158,64,0
63304,"[24670, 0]",1,0,0,0
63305,"[24670, 1]",2,57,26,0
63306,"[24671, 0]",1,0,0,1
63307,"[24671, 1]",2,0,0,0
63308,"[24671, 2]",19,158,64,2
63309,"[24672, 0]",1,0,0,0
63310,"[24672, 1]",2,156,64,13
63311,"[24673, 0]",1,41,18,0
63312,"[24674, 0]",1,0,0,0
63313,"[24674, 1]",2,41,18,0
63314,"[24675, 0]",1,158,64,1
63315,"[24676, 0]",1,54,24,0
63316,"[24677, 0]",1,158,64,0
63317,"[24678, 0]",1,158,64,0
63318,"[24679, 0]",1,57,26,0
63319,"[24680, 0]",1,156,64,0
63320,"[24681, 0]",1,0,0,0
63321,"[24681, 1]",2,158,64,0
63322,"[24682, 0]",1,0,0,0
63323,"[24682, 1]",2,158,64,0
63324,"[24683, 0]",1,158,64,0
63325,"[24684, 0]",1,0,0,0
63326,"[24684, 1]",2,158,64,0
63327,"[24685, 0]",1,158,64,0
63328,"[24686, 0]",1,0,0,0
63329,"[24686, 1]",2,0,0,0
63330,"[24686, 2]",25,156,64,4
63331,"[24687, 0]",1,158,64,0
63332,"[24688, 0]",1,0,0,0
63333,"[24688, 1]",2,0,0,0
63334,"[24688, 2]",30,54,24,0
63335,"[24689, 0]",1,57,26,0
63336,"[24690, 0]",1,58,26,0
63337,"[24691, 0]",1,0,0,0
63338,"[24691, 1]",2,0,0,0
63339,"[24691, 2]",34,156,64,1
63340,"[24692, 0]",1,2,1,0
63341,"[24693, 0]",1,0,0,0
63342,"[24693, 1]",2,158,64,0
63343,"[24694, 0]",1,0,0,1
63344,"[24694, 1]",2,2,1,0
63345,"[24695, 0]",1,158,64,0
63346,"[24696, 0]",1,0,0,0
63347,"[24696, 1]",2,41,18,0
63348,"[24697, 0]",1,0,0,0
63349,"[24697, 1]",6,156,64,0
63350,"[24697, 2]",3,0,0,0
63351,"[24697, 3]",2,0,0,0
63352,"[24697, 4]",62,0,0,-1
63353,"[24697, 5]",57,0,0,-1
63354,"[24697, 6]",125,2,1,-1
63355,"[24697, 7]",78,41,18,5
63356,"[24697, 8]",77,0,0,5
63357,"[24697, 9]",296,57,26,3
63358,"[24698, 0]",1,158,64,0
63359,"[24699, 0]",1,158,64,0
63360,"[24700, 0]",1,0,0,0
63361,"[24700, 1]",2,158,64,0
63362,"[24701, 0]",1,0,0,0
63363,"[24701, 1]",2,41,18,0
63364,"[24702, 0]",1,158,64,0
63365,"[24703, 0]",1,0,0,0
63366,"[24703, 1]",2,158,64,0
63367,"[24704, 0]",1,158,64,0
63368,"[24705, 0]",1,0,0,0
63369,"[24705, 1]",2,2,1,0
63370,"[24706, 0]",1,158,64,0
63371,"[24707, 0]",1,0,0,0
63372,"[24707, 1]",2,57,26,-1
63373,"[24708, 0]",1,0,0,0
63374,"[24708, 1]",2,0,0,0
63375,"[24708, 2]",27,158,64,0
63376,"[24709, 0]",1,57,26,0
63377,"[24710, 0]",1,41,18,0
63378,"[24711, 0]",1,0,0,0
63379,"[24711, 1]",2,2,1,0
63380,"[24712, 0]",1,158,64,0
63381,"[24713, 0]",1,158,64,0
63382,"[24714, 0]",1,2,1,0
63383,"[24715, 0]",1,41,18,0
63384,"[24716, 0]",1,2,1,0
63385,"[24717, 0]",1,2,1,0
63386,"[24718, 0]",1,2,1,0
63387,"[24719, 0]",1,158,64,0
63388,"[24720, 0]",1,158,64,0
63389,"[24721, 0]",1,41,18,0
63390,"[24722, 0]",1,0,0,0
63391,"[24722, 1]",2,158,64,0
63392,"[24723, 0]",1,41,18,0
63393,"[24724, 0]",1,57,26,0
63394,"[24725, 0]",1,0,0,0
63395,"[24725, 1]",9,57,26,0
63396,"[24725, 2]",7,0,0,0
63397,"[24725, 3]",5,0,0,0
63398,"[24725, 4]",4,0,0,0
63399,"[24725, 5]",2,0,0,0
63400,"[24725, 6]",52,0,0,0
63401,"[24725, 7]",51,0,0,0
63402,"[24725, 8]",50,0,0,0
63403,"[24725, 9]",49,0,0,0
63404,"[24725, 10]",45,0,0,0
63405,"[24725, 11]",44,0,0,0
63406,"[24725, 12]",43,0,0,0
63407,"[24725, 13]",37,0,0,0
63408,"[24725, 14]",34,0,0,0
63409,"[24725, 15]",33,0,0,0
63410,"[24725, 16]",27,0,0,0
63411,"[24725, 17]",24,158,64,0
63412,"[24725, 18]",199,158,64,0
63413,"[24725, 19]",164,158,64,0
63414,"[24725, 20]",162,0,0,0
63415,"[24725, 21]",161,0,0,0
63416,"[24725, 22]",151,2,1,0
63417,"[24725, 23]",139,0,0,0
63418,"[24725, 24]",116,158,64,0
63419,"[24725, 25]",115,0,0,0
63420,"[24725, 26]",107,0,0,0
63421,"[24725, 27]",106,0,0,0
63422,"[24725, 28]",104,0,0,0
63423,"[24725, 29]",101,0,0,0
63424,"[24725, 30]",99,41,18,0
63425,"[24725, 31]",97,0,0,0
63426,"[24725, 32]",90,158,64,0
63427,"[24725, 33]",86,0,0,0
63428,"[24725, 34]",82,158,64,0
63429,"[24725, 35]",79,41,18,0
63430,"[24725, 36]",625,158,64,0
63431,"[24725, 37]",572,158,64,0
63432,"[24725, 38]",547,158,64,2
63433,"[24725, 39]",540,41,18,0
63434,"[24725, 40]",525,0,0,0
63435,"[24725, 41]",521,41,18,0
63436,"[24725, 42]",501,0,0,0
63437,"[24725, 43]",499,0,0,0
63438,"[24725, 44]",498,0,0,0
63439,"[24725, 45]",480,57,26,6
63440,"[24725, 46]",444,2,1,0
63441,"[24725, 47]",348,41,18,0
63442,"[24725, 48]",344,41,18,0
63443,"[24725, 49]",976,0,0,0
63444,"[24725, 50]",972,158,64,0
63445,"[24725, 51]",961,0,0,0
63446,"[24725, 52]",907,2,1,0
63447,"[24725, 53]",1287,158,64,0
63448,"[24725, 54]",1241,158,64,0
63449,"[24726, 0]",1,158,64,0
63450,"[24727, 0]",1,158,64,1
63451,"[24728, 0]",1,158,64,0
63452,"[24729, 0]",1,156,64,0
63453,"[24730, 0]",1,0,0,-1
63454,"[24730, 1]",5,158,64,-1
63455,"[24730, 2]",3,2,1,-1
63456,"[24731, 0]",1,158,64,1
63457,"[24732, 0]",1,0,0,0
63458,"[24732, 1]",8,158,64,0
63459,"[24732, 2]",7,0,0,0
63460,"[24732, 3]",6,0,0,0
63461,"[24732, 4]",4,0,0,0
63462,"[24732, 5]",2,0,0,0
63463,"[24732, 6]",50,0,0,0
63464,"[24732, 7]",46,0,0,0
63465,"[24732, 8]",33,41,18,0
63466,"[24732, 9]",30,2,1,0
63467,"[24732, 10]",85,41,18,0
63468,"[24732, 11]",75,158,64,-1
63469,"[24732, 12]",74,0,0,2
63470,"[24732, 13]",219,0,0,0
63471,"[24732, 14]",261,0,0,0
63472,"[24732, 15]",527,0,0,0
63473,"[24732, 16]",541,57,26,31
63474,"[24733, 0]",1,0,0,0
63475,"[24733, 1]",2,158,64,0
63476,"[24734, 0]",1,54,24,0
63477,"[24735, 0]",1,158,64,0
63478,"[24736, 0]",1,0,0,0
63479,"[24736, 1]",2,156,64,0
63480,"[24737, 0]",1,0,0,0
63481,"[24737, 1]",2,0,0,0
63482,"[24737, 2]",15,41,18,1
63483,"[24738, 0]",1,0,0,0
63484,"[24738, 1]",2,0,0,-1
63485,"[24738, 2]",16,158,64,-1
63486,"[24739, 0]",1,41,18,0
63487,"[24740, 0]",1,0,0,0
63488,"[24740, 1]",2,0,0,0
63489,"[24740, 2]",14,156,64,0
63490,"[24741, 0]",1,0,0,0
63491,"[24741, 1]",4,57,26,0
63492,"[24741, 2]",3,0,0,0
63493,"[24741, 3]",2,0,0,0
63494,"[24741, 4]",22,158,64,0
63495,"[24741, 5]",18,75,32,0
63496,"[24742, 0]",1,41,18,0
63497,"[24743, 0]",1,158,64,0
63498,"[24744, 0]",1,0,0,0
63499,"[24744, 1]",2,158,64,0
63500,"[24745, 0]",1,0,0,0
63501,"[24745, 1]",2,158,64,0
63502,"[24746, 0]",1,158,64,0
63503,"[24747, 0]",1,41,18,0
63504,"[24748, 0]",1,0,0,0
63505,"[24748, 1]",2,41,18,0
63506,"[24749, 0]",1,158,64,0
63507,"[24750, 0]",1,158,64,0
63508,"[24751, 0]",1,158,64,0
63509,"[24752, 0]",1,57,26,0
63510,"[24753, 0]",1,0,0,0
63511,"[24753, 1]",2,0,0,0
63512,"[24753, 2]",57,0,0,0
63513,"[24753, 3]",55,0,0,0
63514,"[24753, 4]",86,41,18,0
63515,"[24753, 5]",85,59,28,0
63516,"[24753, 6]",71,158,64,1
63517,"[24754, 0]",1,0,0,0
63518,"[24754, 1]",4,0,0,0
63519,"[24754, 2]",2,0,0,0
63520,"[24754, 3]",32,0,0,0
63521,"[24754, 4]",17,158,64,0
63522,"[24754, 5]",48,158,64,0
63523,"[24755, 0]",1,0,0,0
63524,"[24755, 1]",2,158,64,0
63525,"[24756, 0]",1,158,64,0
63526,"[24757, 0]",1,158,64,0
63527,"[24758, 0]",1,158,64,0
63528,"[24759, 0]",1,0,0,0
63529,"[24759, 1]",6,57,26,0
63530,"[24759, 2]",3,0,0,0
63531,"[24759, 3]",2,0,0,0
63532,"[24759, 4]",42,0,0,0
63533,"[24759, 5]",41,0,0,0
63534,"[24759, 6]",37,0,0,0
63535,"[24759, 7]",80,158,64,0
63536,"[24759, 8]",62,57,26,0
63537,"[24759, 9]",59,41,18,0
63538,"[24760, 0]",1,158,64,0
63539,"[24761, 0]",1,2,1,0
63540,"[24762, 0]",1,156,64,0
63541,"[24763, 0]",1,0,0,0
63542,"[24763, 1]",2,0,0,0
63543,"[24763, 2]",17,158,64,0
63544,"[24764, 0]",1,0,0,0
63545,"[24764, 1]",2,158,64,0
63546,"[24765, 0]",1,41,18,0
63547,"[24766, 0]",1,158,64,0
63548,"[24767, 0]",1,0,0,0
63549,"[24767, 1]",2,158,64,0
63550,"[24768, 0]",1,0,0,0
63551,"[24768, 1]",2,158,64,0
63552,"[24769, 0]",1,158,64,0
63553,"[24770, 0]",1,0,0,0
63554,"[24770, 1]",2,158,64,0
63555,"[24771, 0]",1,41,18,0
63556,"[24772, 0]",1,0,0,0
63557,"[24772, 1]",2,0,0,0
63558,"[24772, 2]",34,57,26,-1
63559,"[24773, 0]",1,0,0,1
63560,"[24773, 1]",2,57,26,0
63561,"[24774, 0]",1,0,0,0
63562,"[24774, 1]",2,158,64,0
63563,"[24775, 0]",1,41,18,0
63564,"[24776, 0]",1,41,18,0
63565,"[24777, 0]",1,158,64,0
63566,"[24778, 0]",1,41,18,0
63567,"[24779, 0]",1,0,0,0
63568,"[24779, 1]",2,0,0,0
63569,"[24779, 2]",14,158,64,0
63570,"[24780, 0]",1,0,0,0
63571,"[24780, 1]",3,158,64,0
63572,"[24780, 2]",2,0,0,0
63573,"[24780, 3]",23,0,0,0
63574,"[24780, 4]",48,158,64,0
63575,"[24781, 0]",1,158,64,0
63576,"[24782, 0]",1,158,64,0
63577,"[24783, 0]",1,0,0,0
63578,"[24783, 1]",2,158,64,0
63579,"[24784, 0]",1,0,0,0
63580,"[24784, 1]",2,0,0,-1
63581,"[24784, 2]",62,158,64,-1
63582,"[24784, 3]",59,156,64,-1
63583,"[24784, 4]",58,0,0,-1
63584,"[24784, 5]",118,0,0,-1
63585,"[24784, 6]",187,0,0,-1
63586,"[24784, 7]",425,158,64,-1
63587,"[24785, 0]",1,54,24,0
63588,"[24786, 0]",1,0,0,0
63589,"[24786, 1]",2,53,24,0
63590,"[24787, 0]",1,158,64,0
63591,"[24788, 0]",1,0,0,0
63592,"[24788, 1]",2,57,26,0
63593,"[24789, 0]",1,0,0,0
63594,"[24789, 1]",3,158,64,0
63595,"[24789, 2]",2,158,64,0
63596,"[24790, 0]",1,158,64,0
63597,"[24791, 0]",1,57,26,0
63598,"[24792, 0]",1,0,0,1
63599,"[24792, 1]",2,156,64,3
63600,"[24793, 0]",1,158,64,0
63601,"[24794, 0]",1,0,0,0
63602,"[24794, 1]",7,64,29,0
63603,"[24794, 2]",6,0,0,0
63604,"[24794, 3]",5,0,0,0
63605,"[24794, 4]",4,0,0,0
63606,"[24794, 5]",2,0,0,0
63607,"[24794, 6]",43,0,0,0
63608,"[24794, 7]",31,158,64,0
63609,"[24794, 8]",25,41,18,0
63610,"[24794, 9]",20,2,1,0
63611,"[24794, 10]",111,158,64,0
63612,"[24795, 0]",1,158,64,0
63613,"[24796, 0]",1,0,0,0
63614,"[24796, 1]",6,158,64,0
63615,"[24796, 2]",3,0,0,0
63616,"[24796, 3]",2,156,64,0
63617,"[24796, 4]",56,0,0,0
63618,"[24796, 5]",116,0,0,0
63619,"[24796, 6]",207,158,64,0
63620,"[24797, 0]",1,0,0,0
63621,"[24797, 1]",2,41,18,0
63622,"[24798, 0]",1,0,0,0
63623,"[24798, 1]",2,2,1,0
63624,"[24799, 0]",1,41,18,0
63625,"[24800, 0]",1,0,0,0
63626,"[24800, 1]",2,158,64,0
63627,"[24801, 0]",1,158,64,0
63628,"[24802, 0]",1,57,26,0
63629,"[24803, 0]",1,158,64,0
63630,"[24804, 0]",1,0,0,0
63631,"[24804, 1]",2,0,0,0
63632,"[24804, 2]",37,158,64,0
63633,"[24805, 0]",1,0,0,0
63634,"[24805, 1]",2,158,64,0
63635,"[24806, 0]",1,0,0,0
63636,"[24806, 1]",6,0,0,0
63637,"[24806, 2]",5,0,0,0
63638,"[24806, 3]",2,0,0,0
63639,"[24806, 4]",43,0,0,0
63640,"[24806, 5]",24,158,64,0
63641,"[24806, 6]",21,57,26,0
63642,"[24806, 7]",56,55,26,1
63643,"[24807, 0]",1,0,0,0
63644,"[24807, 1]",3,41,18,0
63645,"[24807, 2]",2,158,64,0
63646,"[24808, 0]",1,156,64,0
63647,"[24809, 0]",1,158,64,0
63648,"[24810, 0]",1,0,0,0
63649,"[24810, 1]",2,41,18,0
63650,"[24811, 0]",1,2,1,0
63651,"[24812, 0]",1,59,28,0
63652,"[24813, 0]",1,158,64,0
63653,"[24814, 0]",1,57,26,0
63654,"[24815, 0]",1,2,1,0
63655,"[24816, 0]",1,41,18,0
63656,"[24817, 0]",1,156,64,0
63657,"[24818, 0]",1,0,0,0
63658,"[24818, 1]",2,41,18,0
63659,"[24819, 0]",1,0,0,0
63660,"[24819, 1]",4,158,64,0
63661,"[24819, 2]",3,0,0,0
63662,"[24819, 3]",2,0,0,0
63663,"[24819, 4]",46,0,0,0
63664,"[24819, 5]",43,0,0,0
63665,"[24819, 6]",42,0,0,0
63666,"[24819, 7]",37,0,0,0
63667,"[24819, 8]",36,0,0,0
63668,"[24819, 9]",35,158,64,0
63669,"[24819, 10]",111,158,64,0
63670,"[24819, 11]",107,158,64,0
63671,"[24819, 12]",89,158,64,-1
63672,"[24819, 13]",85,0,0,-1
63673,"[24819, 14]",84,158,64,-1
63674,"[24819, 15]",82,57,26,0
63675,"[24819, 16]",81,158,64,0
63676,"[24819, 17]",80,156,64,0
63677,"[24819, 18]",56,158,64,0
63678,"[24819, 19]",325,156,64,2
63679,"[24820, 0]",1,158,64,0
63680,"[24821, 0]",1,156,64,0
63681,"[24822, 0]",1,156,64,0
63682,"[24823, 0]",1,54,24,0
63683,"[24824, 0]",1,0,0,0
63684,"[24824, 1]",3,158,64,0
63685,"[24824, 2]",2,0,0,0
63686,"[24824, 3]",21,0,0,0
63687,"[24824, 4]",71,158,64,1
63688,"[24825, 0]",1,156,64,0
63689,"[24826, 0]",1,0,0,0
63690,"[24826, 1]",3,158,64,0
63691,"[24826, 2]",2,158,64,0
63692,"[24827, 0]",1,54,24,0
63693,"[24828, 0]",1,0,0,0
63694,"[24828, 1]",2,158,64,0
63695,"[24829, 0]",1,57,26,0
63696,"[24830, 0]",1,0,0,0
63697,"[24830, 1]",2,41,18,0
63698,"[24831, 0]",1,0,0,0
63699,"[24831, 1]",2,158,64,0
63700,"[24832, 0]",1,0,0,1
63701,"[24832, 1]",2,158,64,0
63702,"[24833, 0]",1,0,0,0
63703,"[24833, 1]",5,0,0,0
63704,"[24833, 2]",3,0,0,0
63705,"[24833, 3]",2,0,0,0
63706,"[24833, 4]",55,0,0,0
63707,"[24833, 5]",54,158,64,0
63708,"[24833, 6]",48,0,0,8
63709,"[24833, 7]",34,51,24,0
63710,"[24833, 8]",104,53,24,0
63711,"[24833, 9]",60,158,64,-1
63712,"[24834, 0]",1,0,0,0
63713,"[24834, 1]",5,0,0,0
63714,"[24834, 2]",4,0,0,0
63715,"[24834, 3]",2,0,0,0
63716,"[24834, 4]",46,158,64,0
63717,"[24834, 5]",31,156,64,0
63718,"[24834, 6]",28,0,0,0
63719,"[24834, 7]",151,158,64,2
63720,"[24835, 0]",1,41,18,0
63721,"[24836, 0]",1,0,0,0
63722,"[24836, 1]",5,41,18,0
63723,"[24836, 2]",3,37,18,0
63724,"[24837, 0]",1,158,64,0
63725,"[24838, 0]",1,0,0,0
63726,"[24838, 1]",2,158,64,0
63727,"[24839, 0]",1,0,0,0
63728,"[24839, 1]",8,158,64,0
63729,"[24839, 2]",6,158,64,0
63730,"[24839, 3]",2,0,0,0
63731,"[24839, 4]",60,2,1,0
63732,"[24839, 5]",59,156,64,0
63733,"[24840, 0]",1,0,0,0
63734,"[24840, 1]",4,0,0,0
63735,"[24840, 2]",3,54,24,0
63736,"[24840, 3]",21,156,64,0
63737,"[24841, 0]",1,0,0,0
63738,"[24841, 1]",2,0,0,0
63739,"[24841, 2]",73,158,64,0
63740,"[24842, 0]",1,0,0,0
63741,"[24842, 1]",2,57,26,-1
63742,"[24843, 0]",1,2,1,0
63743,"[24844, 0]",1,158,64,0
63744,"[24845, 0]",1,57,26,0
63745,"[24846, 0]",1,51,24,0
63746,"[24847, 0]",1,0,0,0
63747,"[24847, 1]",2,158,64,0
63748,"[24848, 0]",1,57,26,0
63749,"[24849, 0]",1,158,64,0
63750,"[24850, 0]",1,158,64,0
63751,"[24851, 0]",1,158,64,0
63752,"[24852, 0]",1,0,0,0
63753,"[24852, 1]",3,0,0,0
63754,"[24852, 2]",2,156,64,0
63755,"[24852, 3]",30,2,1,9
63756,"[24853, 0]",1,0,0,0
63757,"[24853, 1]",2,57,26,0
63758,"[24854, 0]",1,0,0,0
63759,"[24854, 1]",2,0,0,0
63760,"[24854, 2]",25,158,64,0
63761,"[24855, 0]",1,158,64,0
63762,"[24856, 0]",1,0,0,0
63763,"[24856, 1]",7,2,1,0
63764,"[24856, 2]",5,158,64,0
63765,"[24856, 3]",4,0,0,0
63766,"[24856, 4]",3,0,0,0
63767,"[24856, 5]",34,158,64,-1
63768,"[24856, 6]",33,0,0,-1
63769,"[24856, 7]",29,0,0,0
63770,"[24856, 8]",27,0,0,0
63771,"[24856, 9]",26,0,0,0
63772,"[24856, 10]",127,0,0,0
63773,"[24856, 11]",119,158,64,0
63774,"[24856, 12]",101,2,1,0
63775,"[24856, 13]",86,158,64,-1
63776,"[24856, 14]",257,0,0,0
63777,"[24856, 15]",650,158,64,0
63778,"[24857, 0]",1,2,1,0
63779,"[24858, 0]",1,0,0,0
63780,"[24858, 1]",4,0,0,0
63781,"[24858, 2]",3,0,0,0
63782,"[24858, 3]",2,0,0,0
63783,"[24858, 4]",59,0,0,0
63784,"[24858, 5]",51,0,0,0
63785,"[24858, 6]",47,0,0,0
63786,"[24858, 7]",195,41,18,0
63787,"[24858, 8]",163,158,64,0
63788,"[24858, 9]",92,158,64,0
63789,"[24858, 10]",91,158,64,0
63790,"[24858, 11]",88,0,0,0
63791,"[24858, 12]",86,0,0,0
63792,"[24858, 13]",85,0,0,0
63793,"[24858, 14]",84,0,0,0
63794,"[24858, 15]",313,0,0,-1
63795,"[24858, 16]",312,0,0,-1
63796,"[24858, 17]",308,0,0,-1
63797,"[24858, 18]",304,158,64,0
63798,"[24858, 19]",303,0,0,0
63799,"[24858, 20]",302,0,0,0
63800,"[24858, 21]",298,158,64,0
63801,"[24858, 22]",297,0,0,0
63802,"[24858, 23]",292,0,0,0
63803,"[24858, 24]",437,57,26,0
63804,"[24858, 25]",421,59,28,0
63805,"[24858, 26]",389,41,18,0
63806,"[24858, 27]",386,158,64,0
63807,"[24858, 28]",385,0,0,0
63808,"[24858, 29]",384,0,0,0
63809,"[24858, 30]",381,0,0,0
63810,"[24858, 31]",362,2,1,-1
63811,"[24858, 32]",360,0,0,-1
63812,"[24858, 33]",347,158,64,-1
63813,"[24858, 34]",344,158,64,-1
63814,"[24858, 35]",726,0,0,-1
63815,"[24858, 36]",685,57,26,0
63816,"[24858, 37]",677,53,24,1
63817,"[24858, 38]",672,158,64,1
63818,"[24858, 39]",864,0,0,-1
63819,"[24858, 40]",1372,158,64,-1
63820,"[24859, 0]",1,0,0,0
63821,"[24859, 1]",2,0,0,-1
63822,"[24859, 2]",17,156,64,-1
63823,"[24860, 0]",1,158,64,0
63824,"[24861, 0]",1,0,0,0
63825,"[24861, 1]",4,0,0,0
63826,"[24861, 2]",3,0,0,0
63827,"[24861, 3]",2,0,0,0
63828,"[24861, 4]",42,0,0,0
63829,"[24861, 5]",41,0,0,0
63830,"[24861, 6]",40,0,0,0
63831,"[24861, 7]",34,0,0,1
63832,"[24861, 8]",31,0,0,0
63833,"[24861, 9]",140,158,64,7
63834,"[24861, 10]",125,57,26,0
63835,"[24861, 11]",89,0,0,0
63836,"[24861, 12]",88,0,0,0
63837,"[24861, 13]",87,0,0,0
63838,"[24861, 14]",85,0,0,0
63839,"[24861, 15]",84,0,0,0
63840,"[24861, 16]",80,0,0,0
63841,"[24861, 17]",73,41,18,0
63842,"[24861, 18]",264,158,64,0
63843,"[24861, 19]",234,158,64,0
63844,"[24861, 20]",233,0,0,0
63845,"[24861, 21]",226,158,64,0
63846,"[24861, 22]",206,158,64,0
63847,"[24861, 23]",199,53,24,0
63848,"[24861, 24]",195,2,1,0
63849,"[24861, 25]",411,156,64,0
63850,"[24862, 0]",1,0,0,0
63851,"[24862, 1]",3,0,0,0
63852,"[24862, 2]",2,0,0,0
63853,"[24862, 3]",47,41,18,0
63854,"[24862, 4]",45,0,0,0
63855,"[24862, 5]",44,0,0,0
63856,"[24862, 6]",38,59,28,0
63857,"[24862, 7]",91,158,64,0
63858,"[24862, 8]",89,41,18,0
63859,"[24862, 9]",88,0,0,0
63860,"[24862, 10]",78,0,0,0
63861,"[24862, 11]",227,2,1,0
63862,"[24862, 12]",149,41,18,0
63863,"[24863, 0]",1,0,0,0
63864,"[24863, 1]",7,158,64,0
63865,"[24863, 2]",3,0,0,0
63866,"[24863, 3]",2,0,0,0
63867,"[24863, 4]",60,158,64,0
63868,"[24863, 5]",58,0,0,0
63869,"[24863, 6]",54,0,0,0
63870,"[24863, 7]",105,158,64,0
63871,"[24863, 8]",90,0,0,0
63872,"[24863, 9]",239,41,18,0
63873,"[24864, 0]",1,0,0,0
63874,"[24864, 1]",2,158,64,0
63875,"[24865, 0]",1,0,0,0
63876,"[24865, 1]",5,0,0,0
63877,"[24865, 2]",4,0,0,0
63878,"[24865, 3]",2,0,0,0
63879,"[24865, 4]",45,0,0,0
63880,"[24865, 5]",44,57,26,0
63881,"[24865, 6]",29,158,64,0
63882,"[24865, 7]",26,158,64,0
63883,"[24865, 8]",70,41,18,0
63884,"[24866, 0]",1,57,26,0
63885,"[24867, 0]",1,0,0,0
63886,"[24867, 1]",2,57,26,0
63887,"[24868, 0]",1,158,64,0
63888,"[24869, 0]",1,158,64,0
63889,"[24870, 0]",1,158,64,0
63890,"[24871, 0]",1,0,0,0
63891,"[24871, 1]",2,0,0,0
63892,"[24871, 2]",21,156,64,10
63893,"[24872, 0]",1,57,26,0
63894,"[24873, 0]",1,64,29,0
63895,"[24874, 0]",1,0,0,0
63896,"[24874, 1]",2,41,18,0
63897,"[24875, 0]",1,0,0,0
63898,"[24875, 1]",2,158,64,7
63899,"[24876, 0]",1,0,0,0
63900,"[24876, 1]",2,158,64,0
63901,"[24877, 0]",1,158,64,0
63902,"[24878, 0]",1,0,0,0
63903,"[24879, 0]",1,158,64,0
63904,"[24880, 0]",1,156,64,0
63905,"[24881, 0]",1,0,0,0
63906,"[24881, 1]",2,51,24,0
63907,"[24882, 0]",1,0,0,0
63908,"[24882, 1]",2,0,0,0
63909,"[24882, 2]",24,0,0,-1
63910,"[24882, 3]",53,158,64,-1
63911,"[24883, 0]",1,158,64,0
63912,"[24884, 0]",1,158,64,0
63913,"[24885, 0]",1,58,26,0
63914,"[24886, 0]",1,0,0,0
63915,"[24886, 1]",5,41,18,0
63916,"[24886, 2]",4,0,0,0
63917,"[24886, 3]",3,0,0,0
63918,"[24886, 4]",2,0,0,0
63919,"[24886, 5]",42,158,64,0
63920,"[24886, 6]",36,0,0,0
63921,"[24886, 7]",30,57,26,0
63922,"[24886, 8]",86,41,18,0
63923,"[24887, 0]",1,0,0,0
63924,"[24887, 1]",2,0,0,0
63925,"[24887, 2]",15,158,64,-1
63926,"[24888, 0]",1,0,0,0
63927,"[24888, 1]",2,2,1,0
63928,"[24889, 0]",1,0,0,0
63929,"[24889, 1]",2,57,26,0
63930,"[24890, 0]",1,158,64,0
63931,"[24891, 0]",1,158,64,0
63932,"[24892, 0]",1,0,0,0
63933,"[24892, 1]",2,41,18,8
63934,"[24893, 0]",1,0,0,0
63935,"[24893, 1]",2,57,26,0
63936,"[24894, 0]",1,156,64,0
63937,"[24895, 0]",1,0,0,0
63938,"[24895, 1]",2,158,64,0
63939,"[24896, 0]",1,158,64,0
63940,"[24897, 0]",1,0,0,0
63941,"[24897, 1]",2,158,64,0
63942,"[24898, 0]",1,41,18,0
63943,"[24899, 0]",1,158,64,0
63944,"[24900, 0]",1,0,0,0
63945,"[24900, 1]",4,156,64,0
63946,"[24900, 2]",3,0,0,0
63947,"[24900, 3]",2,0,0,0
63948,"[24900, 4]",43,41,18,0
63949,"[24900, 5]",42,2,1,0
63950,"[24900, 6]",40,0,0,0
63951,"[24900, 7]",39,0,0,0
63952,"[24900, 8]",36,0,0,0
63953,"[24900, 9]",101,0,0,0
63954,"[24900, 10]",86,0,0,0
63955,"[24900, 11]",84,0,0,0
63956,"[24900, 12]",77,0,0,0
63957,"[24900, 13]",270,158,64,5
63958,"[24900, 14]",234,0,0,0
63959,"[24900, 15]",217,57,26,0
63960,"[24900, 16]",178,0,0,0
63961,"[24900, 17]",427,158,64,0
63962,"[24900, 18]",358,156,64,0
63963,"[24901, 0]",1,158,64,0
63964,"[24902, 0]",1,0,0,0
63965,"[24902, 1]",2,158,64,9
63966,"[24903, 0]",1,158,64,0
63967,"[24904, 0]",1,0,0,0
63968,"[24904, 1]",2,41,18,0
63969,"[24905, 0]",1,0,0,0
63970,"[24905, 1]",2,0,0,0
63971,"[24905, 2]",29,156,64,-1
63972,"[24906, 0]",1,0,0,0
63973,"[24906, 1]",2,41,18,0
63974,"[24907, 0]",1,57,26,0
63975,"[24908, 0]",1,0,0,0
63976,"[24908, 1]",2,2,1,0
63977,"[24909, 0]",1,0,0,0
63978,"[24909, 1]",8,0,0,-1
63979,"[24909, 2]",5,0,0,-1
63980,"[24909, 3]",4,0,0,-1
63981,"[24909, 4]",3,0,0,1
63982,"[24909, 5]",2,0,0,1
63983,"[24909, 6]",63,41,18,0
63984,"[24909, 7]",62,0,0,0
63985,"[24909, 8]",59,63,28,0
63986,"[24909, 9]",57,0,0,0
63987,"[24909, 10]",53,2,1,25
63988,"[24909, 11]",52,57,26,3
63989,"[24909, 12]",50,0,0,-1
63990,"[24909, 13]",44,0,0,3
63991,"[24909, 14]",38,0,0,1
63992,"[24909, 15]",204,53,24,0
63993,"[24909, 16]",171,41,18,9
63994,"[24909, 17]",138,0,0,-1
63995,"[24909, 18]",136,57,26,-1
63996,"[24909, 19]",134,0,0,-1
63997,"[24909, 20]",117,158,64,0
63998,"[24909, 21]",116,0,0,0
63999,"[24909, 22]",90,41,18,0
64000,"[24909, 23]",89,0,0,0
64001,"[24909, 24]",85,0,0,0
64002,"[24909, 25]",83,0,0,0
64003,"[24909, 26]",435,0,0,0
64004,"[24909, 27]",434,41,18,0
64005,"[24909, 28]",428,0,0,-1
64006,"[24909, 29]",400,158,64,0
64007,"[24909, 30]",362,0,0,0
64008,"[24909, 31]",294,0,0,-1
64009,"[24909, 32]",266,57,26,24
64010,"[24909, 33]",780,158,64,-1
64011,"[24909, 34]",664,0,0,0
64012,"[24909, 35]",574,156,64,4
64013,"[24909, 36]",514,2,1,0
64014,"[24909, 37]",1040,158,64,0
64015,"[24909, 38]",1039,0,0,0
64016,"[24909, 39]",1415,57,26,0
64017,"[24909, 40]",1414,41,18,0
64018,"[24910, 0]",1,57,26,0
64019,"[24911, 0]",1,41,18,0
64020,"[24912, 0]",1,41,18,0
64021,"[24913, 0]",1,0,0,0
64022,"[24913, 1]",8,62,28,0
64023,"[24913, 2]",7,0,0,0
64024,"[24913, 3]",6,0,0,0
64025,"[24913, 4]",5,0,0,0
64026,"[24913, 5]",4,0,0,0
64027,"[24913, 6]",3,0,0,0
64028,"[24913, 7]",50,0,0,0
64029,"[24913, 8]",48,0,0,0
64030,"[24913, 9]",45,0,0,0
64031,"[24913, 10]",38,41,18,0
64032,"[24913, 11]",34,41,18,0
64033,"[24913, 12]",31,158,64,0
64034,"[24913, 13]",98,41,18,0
64035,"[24913, 14]",80,158,64,0
64036,"[24913, 15]",79,158,64,0
64037,"[24913, 16]",70,0,0,-1
64038,"[24913, 17]",390,158,64,5
64039,"[24914, 0]",1,0,0,0
64040,"[24914, 1]",2,156,64,0
64041,"[24915, 0]",1,0,0,0
64042,"[24915, 1]",4,0,0,0
64043,"[24915, 2]",2,0,0,0
64044,"[24915, 3]",59,158,64,0
64045,"[24915, 4]",29,2,1,0
64046,"[24916, 0]",1,41,18,1
64047,"[24917, 0]",1,41,18,0
64048,"[24918, 0]",1,0,0,0
64049,"[24918, 1]",2,156,64,0
64050,"[24919, 0]",1,0,0,0
64051,"[24919, 1]",2,2,1,0
64052,"[24920, 0]",1,158,64,0
64053,"[24921, 0]",1,0,0,0
64054,"[24922, 0]",1,41,18,0
64055,"[24923, 0]",1,0,0,0
64056,"[24923, 1]",2,158,64,0
64057,"[24924, 0]",1,0,0,0
64058,"[24924, 1]",3,158,64,-1
64059,"[24924, 2]",2,0,0,-1
64060,"[24924, 3]",32,2,1,-1
64061,"[24925, 0]",1,0,0,0
64062,"[24925, 1]",5,0,0,0
64063,"[24925, 2]",3,0,0,0
64064,"[24925, 3]",2,0,0,0
64065,"[24925, 4]",44,158,64,0
64066,"[24925, 5]",43,158,64,0
64067,"[24925, 6]",42,0,0,0
64068,"[24925, 7]",36,0,0,0
64069,"[24925, 8]",26,41,18,0
64070,"[24925, 9]",56,41,18,0
64071,"[24926, 0]",1,0,0,0
64072,"[24926, 1]",2,0,0,0
64073,"[24926, 2]",23,156,64,0
64074,"[24927, 0]",1,41,18,0
64075,"[24928, 0]",1,0,0,1
64076,"[24928, 1]",4,0,0,0
64077,"[24928, 2]",2,0,0,0
64078,"[24928, 3]",37,59,28,0
64079,"[24928, 4]",36,0,0,0
64080,"[24928, 5]",26,57,26,3
64081,"[24928, 6]",80,57,26,14
64082,"[24928, 7]",78,158,64,12
64083,"[24929, 0]",1,0,0,0
64084,"[24929, 1]",2,158,64,4
64085,"[24930, 0]",1,57,26,0
64086,"[24931, 0]",1,0,0,0
64087,"[24931, 1]",2,158,64,0
64088,"[24932, 0]",1,0,0,0
64089,"[24932, 1]",5,0,0,0
64090,"[24932, 2]",4,2,1,0
64091,"[24932, 3]",3,57,26,0
64092,"[24932, 4]",17,61,28,4
64093,"[24933, 0]",1,41,18,0
64094,"[24934, 0]",1,158,64,0
64095,"[24935, 0]",1,0,0,0
64096,"[24935, 1]",2,41,18,0
64097,"[24936, 0]",1,158,64,0
64098,"[24937, 0]",1,156,64,0
64099,"[24938, 0]",1,158,64,0
64100,"[24939, 0]",1,0,0,0
64101,"[24939, 1]",2,158,64,0
64102,"[24940, 0]",1,0,0,0
64103,"[24940, 1]",2,158,64,0
64104,"[24941, 0]",1,158,64,0
64105,"[24942, 0]",1,0,0,0
64106,"[24942, 1]",2,41,18,0
64107,"[24943, 0]",1,2,1,0
64108,"[24944, 0]",1,57,26,0
64109,"[24945, 0]",1,0,0,0
64110,"[24945, 1]",6,0,0,0
64111,"[24945, 2]",4,0,0,0
64112,"[24945, 3]",2,0,0,0
64113,"[24945, 4]",59,158,64,0
64114,"[24945, 5]",57,158,64,0
64115,"[24945, 6]",56,0,0,0
64116,"[24945, 7]",52,0,0,0
64117,"[24945, 8]",51,158,64,0
64118,"[24945, 9]",35,57,26,0
64119,"[24945, 10]",125,54,24,0
64120,"[24945, 11]",90,158,64,0
64121,"[24946, 0]",1,2,1,0
64122,"[24947, 0]",1,41,18,0
64123,"[24948, 0]",1,41,18,0
64124,"[24949, 0]",1,0,0,0
64125,"[24949, 1]",3,158,64,-1
64126,"[24949, 2]",2,0,0,-1
64127,"[24949, 3]",41,158,64,-1
64128,"[24950, 0]",1,0,0,0
64129,"[24950, 1]",6,41,18,0
64130,"[24950, 2]",4,0,0,0
64131,"[24950, 3]",3,0,0,0
64132,"[24950, 4]",2,0,0,0
64133,"[24950, 5]",50,0,0,0
64134,"[24950, 6]",47,0,0,0
64135,"[24950, 7]",44,158,64,0
64136,"[24950, 8]",87,158,64,4
64137,"[24950, 9]",72,0,0,0
64138,"[24950, 10]",338,0,0,-1
64139,"[24950, 11]",351,158,64,-1
64140,"[24951, 0]",1,158,64,0
64141,"[24952, 0]",1,0,0,0
64142,"[24952, 1]",2,158,64,0
64143,"[24953, 0]",1,158,64,0
64144,"[24954, 0]",1,0,0,0
64145,"[24954, 1]",2,0,0,0
64146,"[24954, 2]",14,41,18,0
64147,"[24955, 0]",1,0,0,1
64148,"[24955, 1]",2,0,0,0
64149,"[24955, 2]",26,41,18,2
64150,"[24956, 0]",1,158,64,0
64151,"[24957, 0]",1,0,0,0
64152,"[24957, 1]",2,54,24,0
64153,"[24958, 0]",1,2,1,0
64154,"[24959, 0]",1,158,64,0
64155,"[24960, 0]",1,158,64,0
64156,"[24961, 0]",1,158,64,0
64157,"[24962, 0]",1,158,64,0
64158,"[24963, 0]",1,41,18,0
64159,"[24964, 0]",1,158,64,0
64160,"[24965, 0]",1,2,1,0
64161,"[24966, 0]",1,156,64,0
64162,"[24967, 0]",1,158,64,0
64163,"[24968, 0]",1,41,18,0
64164,"[24969, 0]",1,158,64,0
64165,"[24970, 0]",1,158,64,1
64166,"[24971, 0]",1,0,0,0
64167,"[24971, 1]",5,156,64,0
64168,"[24972, 0]",1,0,0,0
64169,"[24972, 1]",2,158,64,-1
64170,"[24973, 0]",1,0,0,0
64171,"[24973, 1]",2,158,64,0
64172,"[24974, 0]",1,0,0,0
64173,"[24974, 1]",2,61,28,0
64174,"[24975, 0]",1,158,64,0
64175,"[24976, 0]",1,158,64,0
64176,"[24977, 0]",1,0,0,0
64177,"[24977, 1]",2,57,26,0
64178,"[24978, 0]",1,0,0,0
64179,"[24978, 1]",2,0,0,0
64180,"[24978, 2]",22,158,64,0
64181,"[24979, 0]",1,0,0,0
64182,"[24979, 1]",2,156,64,0
64183,"[24980, 0]",1,2,1,0
64184,"[24981, 0]",1,0,0,0
64185,"[24981, 1]",2,158,64,0
64186,"[24982, 0]",1,0,0,0
64187,"[24982, 1]",2,158,64,1
64188,"[24983, 0]",1,41,18,0
64189,"[24984, 0]",1,0,0,0
64190,"[24984, 1]",2,158,64,0
64191,"[24985, 0]",1,41,18,0
64192,"[24986, 0]",1,0,0,0
64193,"[24986, 1]",2,0,0,0
64194,"[24986, 2]",43,41,18,0
64195,"[24987, 0]",1,59,28,0
64196,"[24988, 0]",1,57,26,0
64197,"[24989, 0]",1,0,0,0
64198,"[24989, 1]",7,2,1,0
64199,"[24989, 2]",6,0,0,0
64200,"[24989, 3]",4,0,0,0
64201,"[24989, 4]",3,0,0,0
64202,"[24989, 5]",2,0,0,0
64203,"[24989, 6]",46,41,18,0
64204,"[24989, 7]",44,0,0,0
64205,"[24989, 8]",43,0,0,0
64206,"[24989, 9]",42,0,0,0
64207,"[24989, 10]",40,0,0,0
64208,"[24989, 11]",39,0,0,0
64209,"[24989, 12]",35,156,64,0
64210,"[24989, 13]",33,0,0,0
64211,"[24989, 14]",27,0,0,0
64212,"[24989, 15]",23,158,64,0
64213,"[24989, 16]",177,0,0,0
64214,"[24989, 17]",143,158,64,0
64215,"[24989, 18]",106,53,24,0
64216,"[24989, 19]",101,0,0,0
64217,"[24989, 20]",96,0,0,0
64218,"[24989, 21]",95,0,0,0
64219,"[24989, 22]",89,0,0,0
64220,"[24989, 23]",71,158,64,0
64221,"[24989, 24]",68,0,0,0
64222,"[24989, 25]",65,41,18,0
64223,"[24989, 26]",523,156,64,83
64224,"[24989, 27]",471,41,18,0
64225,"[24989, 28]",448,0,0,0
64226,"[24989, 29]",447,0,0,0
64227,"[24989, 30]",441,41,18,0
64228,"[24989, 31]",402,158,64,0
64229,"[24989, 32]",401,57,26,0
64230,"[24989, 33]",400,0,0,0
64231,"[24989, 34]",398,0,0,0
64232,"[24989, 35]",397,0,0,0
64233,"[24989, 36]",265,2,1,0
64234,"[24989, 37]",791,0,0,0
64235,"[24989, 38]",789,0,0,0
64236,"[24989, 39]",788,0,0,0
64237,"[24989, 40]",787,0,0,0
64238,"[24989, 41]",785,0,0,0
64239,"[24989, 42]",782,158,64,-1
64240,"[24989, 43]",779,0,0,-1
64241,"[24989, 44]",777,0,0,-1
64242,"[24989, 45]",776,0,0,-1
64243,"[24989, 46]",771,158,64,0
64244,"[24989, 47]",720,158,64,0
64245,"[24989, 48]",717,0,0,0
64246,"[24989, 49]",1242,37,18,0
64247,"[24989, 50]",1091,156,64,-1
64248,"[24989, 51]",1089,156,64,-1
64249,"[24989, 52]",1082,158,64,1
64250,"[24989, 53]",1066,156,64,-1
64251,"[24989, 54]",1033,58,26,0
64252,"[24989, 55]",1032,0,0,0
64253,"[24989, 56]",1030,158,64,0
64254,"[24989, 57]",1029,0,0,0
64255,"[24989, 58]",1020,57,26,0
64256,"[24989, 59]",1017,41,18,0
64257,"[24989, 60]",1014,158,64,10
64258,"[24989, 61]",1735,158,64,0
64259,"[24989, 62]",1722,0,0,0
64260,"[24989, 63]",1720,0,0,0
64261,"[24989, 64]",2429,41,18,0
64262,"[24989, 65]",2428,41,18,0
64263,"[24989, 66]",2426,0,0,0
64264,"[24989, 67]",2423,0,0,0
64265,"[24989, 68]",2995,41,18,0
64266,"[24989, 69]",2976,0,0,-1
64267,"[24989, 70]",2973,158,64,1
64268,"[24989, 71]",2972,0,0,2
64269,"[24989, 72]",3395,0,0,0
64270,"[24989, 73]",3374,158,64,4
64271,"[24989, 74]",3620,158,64,-1
64272,"[24990, 0]",1,0,0,0
64273,"[24990, 1]",2,0,0,0
64274,"[24990, 2]",24,156,64,0
64275,"[24991, 0]",1,0,0,0
64276,"[24991, 1]",2,0,0,0
64277,"[24991, 2]",20,0,0,-1
64278,"[24991, 3]",33,158,64,4
64279,"[24992, 0]",1,0,0,1
64280,"[24992, 1]",2,41,18,0
64281,"[24993, 0]",1,0,0,0
64282,"[24993, 1]",2,156,64,0
64283,"[24994, 0]",1,0,0,0
64284,"[24994, 1]",2,158,64,0
64285,"[24995, 0]",1,158,64,0
64286,"[24996, 0]",1,0,0,0
64287,"[24996, 1]",4,0,0,0
64288,"[24996, 2]",3,0,0,0
64289,"[24996, 3]",2,0,0,0
64290,"[24996, 4]",39,0,0,0
64291,"[24996, 5]",38,0,0,0
64292,"[24996, 6]",36,0,0,0
64293,"[24996, 7]",27,41,18,0
64294,"[24996, 8]",24,37,18,0
64295,"[24996, 9]",81,41,18,0
64296,"[24996, 10]",80,51,24,0
64297,"[24996, 11]",79,158,64,0
64298,"[24996, 12]",66,156,64,0
64299,"[24996, 13]",61,2,1,0
64300,"[24997, 0]",1,0,0,0
64301,"[24997, 1]",2,158,64,-1
64302,"[24998, 0]",1,158,64,0
64303,"[24999, 0]",1,0,0,0
64304,"[24999, 1]",2,0,0,0
64305,"[24999, 2]",34,158,64,0
