# [HF, 3, 95, 10.0, 360, 0.0, 0.0, 1.7, 300.0, 42.0, 5620309.26] # mode design r d npanels phi theta L H z V
,nidx,tid,nC_A,nC_Z,cross_cryo
0,"[19, 0]",935,2,1,2
1,"[19, 1]",933,0,0,2
2,"[19, 2]",2410,2,1,0
3,"[81, 0]",12,158,64,-1
4,"[88, 0]",513,2,1,0
5,"[138, 0]",9786,0,0,0
6,"[138, 1]",16075,158,64,0
7,"[220, 0]",13133,2,1,-1
8,"[271, 0]",45,158,64,4
9,"[271, 1]",40,0,0,0
10,"[271, 2]",35,0,0,0
11,"[271, 3]",34,0,0,0
12,"[271, 4]",31,0,0,0
13,"[271, 5]",30,0,0,0
14,"[271, 6]",229,0,0,0
15,"[271, 7]",225,2,1,0
16,"[271, 8]",211,158,64,0
17,"[271, 9]",207,158,64,0
18,"[271, 10]",179,0,0,-1
19,"[271, 11]",178,0,0,-1
20,"[271, 12]",1653,156,64,-1
21,"[271, 13]",1617,158,64,-1
22,"[271, 14]",1611,0,0,-1
23,"[271, 15]",1397,0,0,0
24,"[271, 16]",2558,158,64,0
25,"[271, 17]",2422,156,64,-1
26,"[271, 18]",2421,0,0,-1
27,"[271, 19]",3390,0,0,-1
28,"[271, 20]",3672,156,64,-1
29,"[327, 6]",15615,156,64,-1
30,"[327, 7]",15612,0,0,-1
31,"[327, 8]",19307,0,0,-1
32,"[327, 18]",21494,0,0,-1
33,"[327, 19]",23613,158,64,-1
34,"[327, 21]",23438,158,64,-1
35,"[327, 22]",23435,2,1,-1
36,"[354, 0]",4905,158,64,-1
37,"[395, 0]",1151,158,64,-1
38,"[430, 0]",47,158,64,-1
39,"[430, 1]",44,158,64,-1
40,"[430, 2]",183,158,64,-1
41,"[430, 3]",180,0,0,-1
42,"[430, 4]",178,0,0,-1
43,"[430, 6]",2535,158,64,-1
44,"[489, 0]",1014,158,64,-1
45,"[497, 0]",9006,156,64,0
46,"[497, 1]",9005,156,64,0
47,"[523, 0]",910,158,64,-1
48,"[528, 0]",51884,156,64,-1
49,"[636, 0]",26,158,64,-1
50,"[745, 73]",732,0,0,-1
51,"[745, 78]",703,158,64,-1
52,"[745, 79]",4327,0,0,-1
53,"[745, 80]",4326,0,0,-1
54,"[745, 81]",4325,0,0,-1
55,"[745, 82]",4317,0,0,-1
56,"[745, 83]",4316,0,0,-1
57,"[745, 84]",4287,156,64,-1
58,"[745, 88]",4231,158,64,-1
59,"[745, 89]",4230,158,64,-1
60,"[745, 92]",4184,0,0,-1
61,"[745, 93]",4183,0,0,-1
62,"[745, 94]",4182,0,0,-1
63,"[745, 95]",4148,2,1,-1
64,"[745, 96]",4147,0,0,-1
65,"[745, 198]",11356,158,64,-1
66,"[745, 199]",11353,2,1,-1
67,"[745, 200]",11352,0,0,-1
68,"[745, 201]",11346,0,0,-1
69,"[745, 215]",10944,0,0,-1
70,"[745, 238]",9597,158,64,-1
71,"[745, 239]",9595,158,64,-1
72,"[745, 240]",9592,0,0,-1
73,"[745, 256]",6613,0,0,-1
74,"[745, 267]",5765,158,64,-1
75,"[745, 268]",5764,156,64,-1
76,"[745, 283]",5580,158,64,-1
77,"[745, 284]",5577,2,1,-1
78,"[745, 285]",5564,158,64,-1
79,"[745, 286]",5563,2,1,-1
80,"[745, 287]",5551,0,0,-1
81,"[745, 288]",5549,0,0,-1
82,"[745, 289]",5130,158,64,-1
83,"[745, 290]",5117,2,1,-1
84,"[745, 291]",5038,158,64,-1
85,"[745, 292]",5037,0,0,-1
86,"[745, 293]",5032,158,64,-1
87,"[745, 294]",5027,0,0,-1
88,"[745, 296]",4545,0,0,-1
89,"[745, 297]",4541,158,64,-1
90,"[745, 298]",4534,156,64,-1
91,"[745, 299]",4531,158,64,-1
92,"[745, 300]",4525,158,64,-1
93,"[745, 301]",25168,2,1,-1
94,"[745, 302]",23479,2,1,-1
95,"[745, 303]",23414,0,0,-1
96,"[745, 304]",23413,2,1,-1
97,"[745, 305]",23144,156,64,-1
98,"[745, 306]",23138,158,64,-1
99,"[745, 307]",23048,0,0,-1
100,"[745, 308]",23043,158,64,-1
101,"[745, 309]",23038,0,0,-1
102,"[745, 310]",23028,158,64,-1
103,"[745, 321]",22526,0,0,-1
104,"[745, 337]",21534,158,64,-1
105,"[745, 338]",21533,0,0,-1
106,"[745, 349]",18194,0,0,-1
107,"[745, 350]",18193,0,0,-1
108,"[745, 370]",15837,158,64,-1
109,"[745, 373]",14872,2,1,-1
110,"[745, 374]",14871,0,0,-1
111,"[745, 379]",14618,2,1,-1
112,"[745, 380]",14616,158,64,-1
113,"[745, 381]",14570,158,64,-1
114,"[745, 397]",49426,158,64,-1
115,"[745, 421]",44497,0,0,-1
116,"[745, 422]",44492,0,0,-1
117,"[745, 432]",33929,0,0,-1
118,"[745, 438]",28034,158,64,-1
119,"[745, 439]",28032,158,64,-1
120,"[745, 440]",27958,0,0,-1
121,"[745, 442]",27929,0,0,-1
122,"[745, 445]",27331,158,64,-1
123,"[745, 446]",27328,158,64,-1
124,"[745, 447]",27325,0,0,-1
125,"[745, 448]",27324,0,0,-1
126,"[745, 449]",27313,0,0,-1
127,"[745, 450]",27311,158,64,-1
128,"[745, 451]",27310,0,0,-1
129,"[745, 452]",27284,156,64,-1
130,"[745, 453]",27283,158,64,-1
131,"[745, 454]",27277,0,0,-1
132,"[745, 455]",26656,0,0,-1
133,"[745, 456]",26424,158,64,-1
134,"[745, 457]",68129,0,0,-1
135,"[745, 458]",67455,158,64,-1
136,"[745, 459]",67321,158,64,-1
137,"[745, 460]",67218,156,64,-1
138,"[745, 461]",67217,158,64,-1
139,"[745, 462]",67211,158,64,-1
140,"[745, 464]",65781,158,64,-1
141,"[745, 465]",65652,158,64,-1
142,"[745, 469]",64100,0,0,-1
143,"[745, 470]",64099,0,0,-1
144,"[745, 473]",59161,2,1,-1
145,"[745, 511]",83298,158,64,-1
146,"[745, 512]",83289,158,64,-1
147,"[745, 513]",83288,158,64,-1
148,"[745, 516]",72526,158,64,-1
149,"[774, 2]",480,158,64,-1
150,"[774, 3]",479,156,64,-1
151,"[774, 4]",477,158,64,-1
152,"[774, 9]",448,2,1,-1
153,"[774, 10]",445,0,0,-1
154,"[774, 26]",690,0,0,-1
155,"[774, 32]",607,158,64,-1
156,"[774, 33]",589,158,64,-1
157,"[774, 34]",587,0,0,-1
158,"[774, 35]",5512,0,0,-1
159,"[774, 36]",5511,0,0,-1
160,"[774, 37]",5507,158,64,-1
161,"[774, 38]",5501,156,64,-1
162,"[774, 39]",5499,0,0,-1
163,"[774, 40]",5495,0,0,-1
164,"[774, 41]",5490,0,0,-1
165,"[774, 44]",5079,158,64,-1
166,"[774, 45]",5025,158,64,-1
167,"[774, 46]",5024,158,64,-1
168,"[774, 47]",5020,0,0,-1
169,"[774, 48]",5019,0,0,-1
170,"[774, 49]",5017,158,64,-1
171,"[774, 50]",5007,0,0,3
172,"[774, 56]",10446,0,0,4
173,"[774, 57]",10445,59,28,3
174,"[774, 58]",10434,158,64,-1
175,"[774, 59]",10423,158,64,-1
176,"[774, 60]",10419,158,64,-1
177,"[774, 61]",10418,0,0,-1
178,"[774, 62]",10417,0,0,-1
179,"[774, 63]",10410,2,1,-1
180,"[774, 64]",10408,156,64,-1
181,"[774, 65]",10387,0,0,-1
182,"[774, 66]",10386,0,0,-1
183,"[774, 67]",10382,0,0,-1
184,"[774, 68]",10381,158,64,-1
185,"[774, 69]",8569,158,64,-1
186,"[774, 70]",8568,158,64,-1
187,"[774, 71]",8564,158,64,-1
188,"[774, 72]",8560,0,0,-1
189,"[774, 73]",8559,0,0,-1
190,"[774, 74]",8556,0,0,-1
191,"[774, 75]",8526,0,0,-1
192,"[774, 76]",8466,0,0,-1
193,"[774, 77]",8465,0,0,-1
194,"[774, 78]",8443,158,64,-1
195,"[774, 79]",8442,0,0,-1
196,"[774, 80]",8437,158,64,-1
197,"[774, 81]",21007,2,1,-1
198,"[774, 82]",20880,2,1,-1
199,"[774, 83]",20874,156,64,-1
200,"[774, 84]",20569,158,64,-1
201,"[774, 85]",20567,158,64,-1
202,"[774, 86]",20566,156,64,-1
203,"[774, 87]",20548,158,64,-1
204,"[774, 88]",20547,158,64,-1
205,"[774, 89]",20546,156,64,-1
206,"[774, 90]",20545,158,64,-1
207,"[774, 91]",20541,158,64,-1
208,"[774, 92]",20478,156,64,-1
209,"[774, 93]",20476,158,64,-1
210,"[774, 94]",20473,158,64,14
211,"[774, 95]",20472,0,0,-1
212,"[774, 96]",20469,57,26,-1
213,"[774, 97]",20468,156,64,-1
214,"[774, 98]",20466,0,0,-1
215,"[774, 99]",20465,158,64,-1
216,"[774, 100]",20459,158,64,-1
217,"[774, 101]",20458,0,0,-1
218,"[774, 102]",19211,2,1,-1
219,"[774, 103]",19102,0,0,-1
220,"[774, 104]",19024,0,0,-1
221,"[774, 105]",19021,158,64,-1
222,"[774, 106]",18991,158,64,-1
223,"[774, 107]",18889,158,64,2
224,"[774, 108]",43442,0,0,-1
225,"[774, 109]",43253,0,0,-1
226,"[774, 110]",35328,158,64,-1
227,"[774, 111]",51448,0,0,-1
228,"[774, 112]",50939,158,64,-1
229,"[774, 113]",84669,158,64,-1
230,"[845, 0]",4325,41,18,0
231,"[876, 11]",368,0,0,-1
232,"[876, 12]",367,158,64,-1
233,"[876, 18]",2032,158,64,-1
234,"[876, 24]",1933,158,64,-1
235,"[876, 31]",5181,156,64,-1
236,"[889, 0]",13824,2,1,0
237,"[889, 1]",12211,2,1,0
238,"[889, 2]",12210,158,64,0
239,"[889, 3]",31312,0,0,0
240,"[889, 4]",29215,0,0,0
241,"[889, 5]",37949,64,29,47
242,"[889, 6]",37674,41,18,0
243,"[966, 1]",3447,158,64,-1
244,"[966, 2]",3445,158,64,-1
245,"[1063, 0]",673,0,0,0
246,"[1063, 1]",670,0,0,0
247,"[1063, 2]",1484,41,18,0
248,"[1063, 3]",1475,158,64,0
249,"[1123, 0]",14199,158,64,-1
250,"[1135, 2]",11296,156,64,-1
251,"[1249, 0]",709,0,0,-1
252,"[1249, 1]",2240,158,64,-1
253,"[1267, 0]",24,158,64,0
254,"[1267, 1]",22,0,0,0
255,"[1267, 2]",21,0,0,0
256,"[1267, 3]",190,156,64,-1
257,"[1267, 4]",189,158,64,-1
258,"[1267, 5]",186,0,0,3
259,"[1267, 6]",185,0,0,4
260,"[1267, 7]",184,0,0,-1
261,"[1267, 8]",182,0,0,-1
262,"[1267, 9]",178,0,0,1
263,"[1267, 10]",176,0,0,-1
264,"[1267, 11]",175,0,0,-1
265,"[1267, 12]",1240,0,0,6
266,"[1267, 13]",1237,0,0,3
267,"[1267, 14]",1236,0,0,-1
268,"[1267, 15]",1232,158,64,-1
269,"[1267, 16]",1231,0,0,2
270,"[1267, 17]",1226,57,26,6
271,"[1267, 18]",1223,158,64,-1
272,"[1267, 19]",1220,0,0,-1
273,"[1267, 20]",1218,0,0,3
274,"[1267, 21]",1211,158,64,2
275,"[1267, 22]",1206,0,0,0
276,"[1267, 23]",1205,158,64,0
277,"[1267, 24]",1201,158,64,0
278,"[1267, 25]",1200,158,64,0
279,"[1267, 26]",2474,57,26,-1
280,"[1267, 27]",2361,0,0,0
281,"[1267, 28]",2360,0,0,0
282,"[1267, 29]",2356,57,26,-1
283,"[1267, 30]",2300,158,64,0
284,"[1267, 31]",2263,2,1,-1
285,"[1267, 32]",2257,158,64,0
286,"[1267, 33]",2256,158,64,0
287,"[1267, 34]",2235,158,64,2
288,"[1267, 35]",3194,57,26,0
289,"[1267, 36]",3191,0,0,0
290,"[1267, 37]",4865,2,1,0
291,"[1314, 0]",2776,158,64,-1
292,"[1314, 1]",2534,0,0,-1
293,"[1314, 2]",3616,0,0,-1
294,"[1314, 3]",4492,158,64,-1
295,"[1321, 0]",483,57,26,8
296,"[1345, 0]",1053,2,1,-1
297,"[1466, 1]",21803,158,64,-1
298,"[1486, 0]",24,158,64,0
299,"[1486, 1]",23,0,0,0
300,"[1486, 2]",21,0,0,0
301,"[1486, 3]",20,0,0,0
302,"[1486, 4]",61,2,1,0
303,"[1486, 5]",60,0,0,0
304,"[1486, 6]",56,0,0,-1
305,"[1486, 7]",52,158,64,0
306,"[1486, 8]",279,158,64,-1
307,"[1486, 9]",249,156,64,-1
308,"[1493, 0]",8461,158,64,-1
309,"[1570, 0]",583,2,1,-1
310,"[1580, 0]",2553,158,64,19
311,"[1646, 0]",1422,2,1,0
312,"[1646, 1]",1421,158,64,0
313,"[1797, 38]",10553,158,64,-1
314,"[1823, 0]",457,41,18,0
315,"[1823, 1]",456,0,0,0
316,"[1823, 2]",1344,2,1,0
317,"[1829, 0]",976,158,64,-1
318,"[1874, 8]",29815,2,1,-1
319,"[1874, 9]",25475,0,0,-1
320,"[1874, 10]",25474,0,0,-1
321,"[1874, 11]",25473,0,0,-1
322,"[1874, 13]",36094,158,64,-1
323,"[1943, 0]",26,158,64,-1
324,"[1943, 1]",22,0,0,-1
325,"[1943, 2]",207,0,0,-1
326,"[1943, 3]",1374,158,64,-1
327,"[1943, 4]",1371,0,0,-1
328,"[1943, 5]",1370,0,0,-1
329,"[1943, 8]",2694,0,0,-1
330,"[1943, 9]",3524,158,64,-1
331,"[1943, 10]",3523,158,64,5
332,"[1950, 0]",18,158,64,9
333,"[2012, 0]",5287,0,0,-1
334,"[2012, 1]",8482,156,64,3
335,"[2030, 0]",5553,158,64,-1
336,"[2040, 0]",31,158,64,-1
337,"[2040, 1]",30,158,64,-1
338,"[2040, 2]",149,0,0,-1
339,"[2040, 3]",1422,0,0,-1
340,"[2103, 841]",39169,158,64,-1
341,"[2103, 842]",39167,158,64,-1
342,"[2103, 843]",39166,0,0,-1
343,"[2103, 1027]",35457,0,0,-1
344,"[2103, 1531]",97954,158,64,-1
345,"[2103, 1536]",97251,2,1,-1
346,"[2103, 1997]",64269,2,1,-1
347,"[2103, 1998]",64268,0,0,-1
348,"[2103, 2206]",55570,158,64,-1
349,"[2103, 2404]",167555,41,20,-1
350,"[2103, 2405]",167554,0,0,-1
351,"[2103, 2553]",153936,0,0,-1
352,"[2103, 2554]",153935,158,64,-1
353,"[2103, 2555]",153933,0,0,-1
354,"[2103, 2941]",324969,2,1,-1
355,"[2103, 2942]",324967,158,64,-1
356,"[2103, 3094]",274216,158,64,-1
357,"[2103, 3165]",236584,158,64,-1
358,"[2103, 3736]",480344,158,64,-1
359,"[2103, 3738]",712580,0,0,-1
360,"[2103, 3837]",745901,2,1,-1
361,"[2103, 3838]",745900,0,0,-1
362,"[2103, 3839]",893213,0,0,-1
363,"[2103, 3864]",910935,158,64,-1
364,"[2205, 0]",4306,41,18,0
365,"[2243, 9]",61396,2,1,-1
366,"[2320, 0]",2126,158,64,0
367,"[2320, 1]",2125,0,0,0
368,"[2320, 2]",2816,2,1,0
369,"[2412, 0]",135,158,64,-1
370,"[2472, 0]",6728,158,64,-1
371,"[2487, 0]",3074,2,1,-1
372,"[2550, 0]",2582,158,64,-1
373,"[2565, 51]",3666,156,64,-1
374,"[2597, 0]",2998,156,64,-1
375,"[2731, 0]",5200,158,64,-1
376,"[2847, 21]",215813,156,64,-1
377,"[2868, 0]",1004,158,64,-1
378,"[2903, 0]",503,2,1,0
379,"[2903, 1]",502,0,0,0
380,"[2903, 2]",501,0,0,0
381,"[2903, 3]",1229,0,0,0
382,"[2903, 4]",1223,64,29,0
383,"[2903, 5]",1829,158,64,0
384,"[2935, 4]",193,0,0,-1
385,"[2935, 16]",363,158,64,-1
386,"[2935, 17]",317,158,64,-1
387,"[2935, 18]",315,0,0,-1
388,"[2935, 19]",1627,158,64,-1
389,"[2935, 20]",1624,0,0,-1
390,"[2935, 21]",1619,0,0,-1
391,"[2935, 22]",1618,0,0,-1
392,"[2935, 31]",1755,158,64,-1
393,"[2935, 32]",1751,0,0,-1
394,"[2935, 33]",1747,0,0,-1
395,"[2935, 34]",1744,158,64,-1
396,"[2935, 35]",3580,158,64,-1
397,"[2935, 36]",3578,158,64,-1
398,"[2935, 37]",3576,158,64,-1
399,"[2935, 38]",3533,158,64,-1
400,"[2935, 39]",3532,0,0,-1
401,"[2935, 40]",3531,0,0,-1
402,"[2935, 44]",4193,158,64,-1
403,"[2935, 45]",4192,158,64,-1
404,"[2935, 46]",4191,2,1,-1
405,"[2935, 47]",4185,0,0,-1
406,"[2935, 48]",4135,158,64,-1
407,"[2935, 49]",4134,0,0,-1
408,"[2935, 50]",5373,158,64,-1
409,"[2935, 51]",4959,2,1,-1
410,"[2935, 52]",4814,158,64,-1
411,"[2935, 53]",4771,0,0,-1
412,"[2935, 54]",5810,0,0,-1
413,"[2935, 55]",6075,158,64,-1
414,"[2935, 56]",6072,158,64,-1
415,"[2938, 0]",1397,0,0,2
416,"[2938, 1]",5639,158,64,0
417,"[2938, 2]",12657,158,64,-1
418,"[2938, 3]",9666,158,64,6
419,"[2939, 0]",9186,158,64,-1
420,"[3015, 1]",49146,41,20,-1
421,"[3033, 0]",396,158,64,-1
422,"[3035, 2]",20196,2,1,-1
423,"[3035, 7]",66442,158,64,-1
424,"[3035, 8]",66441,158,64,-1
425,"[3095, 0]",27,2,1,0
426,"[3095, 1]",26,0,0,0
427,"[3095, 2]",25,0,0,0
428,"[3095, 3]",23,0,0,0
429,"[3095, 4]",159,158,64,0
430,"[3095, 5]",152,0,0,0
431,"[3095, 6]",149,0,0,0
432,"[3095, 7]",147,0,0,0
433,"[3095, 8]",146,0,0,0
434,"[3095, 9]",144,0,0,0
435,"[3095, 10]",142,0,0,0
436,"[3095, 11]",141,0,0,0
437,"[3095, 12]",139,0,0,0
438,"[3095, 13]",138,0,0,0
439,"[3095, 14]",133,158,64,0
440,"[3095, 15]",132,0,0,0
441,"[3095, 16]",130,0,0,0
442,"[3095, 17]",128,0,0,0
443,"[3095, 18]",127,0,0,0
444,"[3095, 19]",126,0,0,0
445,"[3095, 20]",123,0,0,0
446,"[3095, 22]",110,158,64,0
447,"[3095, 25]",1091,41,18,0
448,"[3095, 26]",1089,0,0,0
449,"[3095, 27]",1086,0,0,0
450,"[3095, 28]",1085,0,0,0
451,"[3095, 29]",1084,0,0,0
452,"[3095, 30]",1078,0,0,0
453,"[3095, 31]",1072,0,0,0
454,"[3095, 32]",1063,59,28,0
455,"[3095, 33]",1056,2,1,0
456,"[3095, 34]",1053,2,1,0
457,"[3095, 35]",1032,158,64,0
458,"[3095, 36]",1026,0,0,0
459,"[3095, 37]",1025,158,64,0
460,"[3095, 38]",1024,0,0,0
461,"[3095, 39]",1013,41,18,0
462,"[3095, 40]",1011,0,0,0
463,"[3095, 41]",1010,0,0,0
464,"[3095, 42]",1007,158,64,0
465,"[3095, 43]",1005,0,0,0
466,"[3095, 44]",1001,41,18,0
467,"[3095, 45]",1000,57,26,0
468,"[3095, 46]",997,0,0,0
469,"[3095, 47]",993,57,26,0
470,"[3095, 48]",989,0,0,0
471,"[3095, 49]",985,158,64,0
472,"[3095, 50]",963,158,64,0
473,"[3095, 51]",960,158,64,0
474,"[3095, 52]",959,0,0,0
475,"[3095, 53]",958,0,0,0
476,"[3095, 54]",950,0,0,0
477,"[3095, 55]",948,0,0,0
478,"[3095, 56]",947,0,0,0
479,"[3095, 57]",946,0,0,0
480,"[3095, 58]",945,0,0,0
481,"[3095, 59]",2093,0,0,0
482,"[3095, 60]",2092,51,24,0
483,"[3095, 61]",2087,41,18,0
484,"[3095, 62]",2080,41,18,0
485,"[3095, 63]",2074,59,28,0
486,"[3095, 64]",2068,158,64,0
487,"[3095, 65]",2051,158,64,0
488,"[3095, 66]",2048,41,18,0
489,"[3095, 67]",1991,57,26,0
490,"[3095, 68]",1942,2,1,0
491,"[3095, 69]",1907,156,64,0
492,"[3095, 70]",1906,41,18,0
493,"[3095, 71]",1883,158,64,0
494,"[3095, 72]",1881,0,0,0
495,"[3095, 73]",1873,158,64,0
496,"[3095, 74]",1788,57,26,0
497,"[3095, 75]",1777,0,0,1
498,"[3095, 76]",1548,158,64,0
499,"[3095, 77]",1524,53,24,0
500,"[3095, 78]",1523,0,0,0
501,"[3095, 79]",1522,0,0,0
502,"[3095, 80]",1503,0,0,0
503,"[3095, 81]",1502,0,0,0
504,"[3095, 82]",1497,0,0,0
505,"[3095, 83]",1493,0,0,0
506,"[3095, 84]",1492,158,64,0
507,"[3095, 85]",1488,158,64,0
508,"[3095, 86]",3975,158,64,0
509,"[3095, 87]",3956,0,0,0
510,"[3095, 88]",3915,2,1,0
511,"[3095, 89]",3912,58,26,0
512,"[3095, 90]",3870,57,26,0
513,"[3095, 91]",3867,0,0,0
514,"[3095, 92]",3737,158,64,0
515,"[3095, 93]",3551,158,64,0
516,"[3095, 94]",2936,0,0,0
517,"[3095, 95]",5786,57,26,7
518,"[3095, 96]",4562,158,64,0
519,"[3095, 97]",4418,57,26,0
520,"[3125, 17]",1658,0,0,-1
521,"[3175, 0]",16,0,0,-1
522,"[3175, 1]",14,0,0,-1
523,"[3175, 2]",13,0,0,-1
524,"[3217, 90]",5348,0,0,-1
525,"[3217, 91]",5347,158,64,-1
526,"[3217, 103]",15511,158,64,-1
527,"[3217, 339]",98424,2,1,-1
528,"[3217, 340]",98423,0,0,-1
529,"[3217, 348]",116014,0,0,-1
530,"[3217, 355]",128620,158,64,-1
531,"[3217, 356]",128612,0,0,-1
532,"[3217, 357]",140004,158,64,-1
533,"[3225, 2]",94797,156,64,-1
534,"[3225, 4]",173389,158,64,-1
535,"[3225, 5]",173388,158,64,-1
536,"[3225, 6]",173387,0,0,-1
537,"[3225, 7]",173385,0,0,-1
538,"[3225, 8]",172936,2,1,-1
539,"[3225, 9]",219535,158,64,-1
540,"[3225, 10]",219533,0,0,-1
541,"[3225, 11]",219529,156,64,-1
542,"[3225, 12]",241409,2,1,-1
543,"[3225, 13]",230042,158,64,-1
544,"[3267, 0]",24,156,64,-1
545,"[3267, 1]",23,2,1,-1
546,"[3267, 2]",22,0,0,-1
547,"[3299, 61]",1574,0,0,-1
548,"[3299, 76]",4152,156,64,-1
549,"[3299, 77]",4149,156,64,-1
550,"[3432, 0]",31195,0,0,-1
551,"[3432, 1]",28166,158,64,-1
552,"[3443, 0]",20,0,0,4
553,"[3443, 1]",19,0,0,6
554,"[3443, 2]",150,158,64,-1
555,"[3443, 3]",149,156,64,-1
556,"[3443, 4]",145,2,1,-1
557,"[3443, 5]",144,156,64,-1
558,"[3443, 6]",143,0,0,-1
559,"[3443, 7]",142,0,0,-1
560,"[3443, 8]",132,0,0,0
561,"[3443, 9]",126,0,0,-1
562,"[3443, 10]",971,0,0,2
563,"[3443, 11]",913,0,0,0
564,"[3443, 12]",912,0,0,0
565,"[3443, 13]",874,156,64,-1
566,"[3443, 14]",866,158,64,-1
567,"[3443, 15]",865,158,64,-1
568,"[3443, 16]",859,158,64,-1
569,"[3443, 17]",1976,41,18,0
570,"[3443, 18]",1975,0,0,0
571,"[3443, 19]",1973,0,0,0
572,"[3443, 20]",1970,2,1,0
573,"[3443, 21]",1968,158,64,0
574,"[3443, 22]",1916,2,1,0
575,"[3443, 23]",3843,41,18,0
576,"[3443, 24]",3841,0,0,0
577,"[3443, 25]",3800,158,64,0
578,"[3443, 26]",3799,158,64,0
579,"[3443, 27]",3798,0,0,0
580,"[3443, 28]",3797,0,0,0
581,"[3443, 29]",3796,158,64,0
582,"[3443, 30]",3789,2,1,0
583,"[3443, 31]",6444,57,26,0
584,"[3443, 32]",6441,41,18,0
585,"[3443, 33]",6383,158,64,0
586,"[3448, 0]",16,0,0,-1
587,"[3448, 1]",212,156,64,-1
588,"[3448, 2]",210,0,0,-1
589,"[3448, 4]",1690,156,64,-1
590,"[3448, 5]",1689,0,0,-1
591,"[3448, 6]",1688,0,0,-1
592,"[3448, 7]",3211,158,64,-1
593,"[3448, 8]",3208,158,64,-1
594,"[3500, 0]",170188,158,64,-1
595,"[3537, 0]",3486,0,0,-1
596,"[3537, 1]",3485,0,0,-1
597,"[3537, 2]",7614,158,64,-1
598,"[3537, 3]",7611,2,1,-1
599,"[3537, 4]",7608,156,64,-1
600,"[3543, 0]",32339,158,64,-1
601,"[3569, 0]",4848,158,64,-1
602,"[3687, 0]",25353,156,64,-1
603,"[3687, 1]",25350,158,64,-1
604,"[3687, 2]",21087,158,64,-1
605,"[3687, 3]",91861,158,64,-1
606,"[3737, 1]",12869,158,64,0
607,"[3737, 2]",12867,0,0,0
608,"[3737, 3]",11010,0,0,0
609,"[3737, 4]",10269,0,0,0
610,"[3737, 5]",8207,0,0,0
611,"[3737, 6]",16157,2,1,0
612,"[3737, 7]",15362,41,18,0
613,"[3737, 8]",15089,2,1,0
614,"[3737, 9]",14091,64,29,0
615,"[3737, 10]",31554,2,1,0
616,"[3737, 11]",31553,0,0,0
617,"[3737, 12]",25589,57,26,0
618,"[3737, 13]",25588,2,1,0
619,"[3737, 14]",22015,41,18,0
620,"[3737, 15]",36416,0,0,0
621,"[3737, 16]",36198,61,28,0
622,"[3737, 17]",47374,55,26,0
623,"[3745, 0]",3390,0,0,-1
624,"[3745, 3]",7313,0,0,-1
625,"[3745, 4]",5867,57,26,0
626,"[3745, 5]",12089,2,1,-1
627,"[3745, 6]",12081,0,0,-1
628,"[3778, 0]",20683,2,1,-1
629,"[3778, 1]",20682,0,0,-1
630,"[3778, 2]",28998,158,64,-1
631,"[3869, 0]",1619,2,1,-1
632,"[3914, 0]",13919,158,64,0
633,"[3915, 0]",625,158,64,0
634,"[3915, 1]",624,158,64,0
635,"[3915, 2]",622,0,0,0
636,"[3915, 3]",621,0,0,0
637,"[3915, 4]",620,0,0,0
638,"[3915, 5]",1495,57,26,0
639,"[3915, 6]",1491,0,0,0
640,"[3915, 7]",1486,41,18,0
641,"[3915, 8]",1984,0,0,0
642,"[3915, 9]",3533,0,0,-1
643,"[3915, 11]",3714,158,64,2
644,"[3921, 0]",757,158,64,-1
645,"[3924, 1]",51485,158,64,-1
646,"[3977, 15]",316,156,64,-1
647,"[3977, 16]",315,158,64,-1
648,"[3977, 17]",312,0,0,-1
649,"[3977, 19]",292,158,64,-1
650,"[3977, 20]",289,0,0,-1
651,"[3977, 21]",287,0,0,-1
652,"[3977, 32]",916,158,64,-1
653,"[3977, 36]",893,2,1,-1
654,"[3977, 37]",885,45,20,-1
655,"[3977, 38]",883,158,64,-1
656,"[3977, 39]",882,0,0,-1
657,"[3977, 40]",843,158,64,-1
658,"[3977, 65]",3624,58,26,-1
659,"[4063, 0]",7544,158,64,-1
660,"[4215, 7]",18119,158,64,-1
661,"[4215, 8]",18118,0,0,-1
662,"[4215, 11]",23990,0,0,-1
663,"[4215, 12]",25462,2,1,-1
664,"[4356, 0]",3488,0,0,-1
665,"[4356, 1]",3487,0,0,-1
666,"[4356, 2]",3891,0,0,-1
667,"[4356, 3]",3890,158,64,1
668,"[4356, 4]",3889,0,0,-1
669,"[4356, 5]",3886,156,64,-1
670,"[4356, 6]",3883,0,0,-1
671,"[4356, 7]",5830,158,64,-1
672,"[4356, 8]",5806,0,0,-1
673,"[4356, 9]",5805,0,0,-1
674,"[4356, 10]",5791,0,0,-1
675,"[4356, 11]",6363,0,0,1
676,"[4356, 12]",6295,158,64,-1
677,"[4356, 13]",6292,0,0,-1
678,"[4356, 14]",7176,158,64,8
679,"[4356, 15]",7122,57,26,-1
680,"[4360, 0]",750,0,0,-1
681,"[4360, 1]",749,0,0,-1
682,"[4360, 2]",1480,158,64,-1
683,"[4360, 3]",1477,158,64,-1
684,"[4372, 0]",881,158,64,-1
685,"[4378, 0]",1223,64,29,6
686,"[4385, 0]",3995,2,1,-1
687,"[4467, 0]",743,2,1,4
688,"[4497, 0]",356,158,64,6
689,"[4497, 1]",355,156,64,5
690,"[4497, 2]",353,0,0,3
691,"[4497, 3]",352,0,0,-1
692,"[4497, 4]",351,0,0,4
693,"[4497, 5]",348,0,0,-1
694,"[4497, 6]",1177,158,64,-1
695,"[4497, 7]",1175,0,0,-1
696,"[4497, 8]",1170,0,0,0
697,"[4497, 9]",1166,0,0,-1
698,"[4497, 10]",1162,158,64,0
699,"[4497, 11]",4553,41,18,4
700,"[4497, 12]",4537,0,0,0
701,"[4497, 13]",4496,0,0,6
702,"[4497, 14]",5140,0,0,0
703,"[4497, 15]",5099,158,64,2
704,"[4497, 16]",14152,158,64,8
705,"[4551, 0]",27,158,64,-1
706,"[4661, 0]",21,0,0,-1
707,"[4661, 1]",129,158,64,-1
708,"[4661, 2]",128,158,64,-1
709,"[4671, 0]",31,0,0,-1
710,"[4671, 1]",30,2,1,-1
711,"[4671, 2]",151,2,1,-1
712,"[4671, 3]",150,0,0,-1
713,"[4671, 4]",1211,158,64,-1
714,"[4755, 0]",8733,0,0,1
715,"[4755, 1]",14101,0,0,0
716,"[4755, 2]",14100,156,64,0
717,"[4755, 3]",14097,0,0,0
718,"[4755, 4]",21316,158,64,-1
719,"[4755, 5]",21284,158,64,5
720,"[4951, 0]",36,2,1,0
721,"[4951, 1]",34,158,64,0
722,"[4951, 2]",32,54,24,0
723,"[4951, 3]",31,0,0,0
724,"[4951, 4]",295,158,64,0
725,"[4951, 5]",288,0,0,0
726,"[4951, 6]",284,0,0,0
727,"[4951, 7]",272,0,0,0
728,"[4951, 8]",965,158,64,0
729,"[4951, 9]",897,0,0,0
730,"[4951, 10]",880,158,64,0
731,"[4951, 11]",852,158,64,0
732,"[4951, 12]",851,2,1,0
733,"[4951, 13]",849,0,0,0
734,"[4951, 14]",848,0,0,0
735,"[4951, 15]",846,0,0,0
736,"[4951, 16]",2971,0,0,0
737,"[4951, 17]",2970,0,0,0
738,"[4951, 18]",2968,0,0,0
739,"[4951, 19]",2960,156,64,0
740,"[4951, 20]",2956,2,1,0
741,"[4951, 21]",2918,57,26,0
742,"[4951, 22]",2917,158,64,0
743,"[4951, 23]",2915,41,18,0
744,"[4951, 24]",3894,158,64,0
745,"[4951, 25]",3893,0,0,0
746,"[4951, 26]",3881,0,0,0
747,"[4951, 27]",3878,0,0,0
748,"[4951, 28]",6610,156,64,-1
749,"[4951, 29]",6599,158,64,3
750,"[4951, 30]",6584,158,64,0
751,"[5018, 0]",395,158,64,-1
752,"[5019, 10]",12027,2,1,-1
753,"[5063, 0]",4990,158,64,-1
754,"[5089, 0]",3918,158,64,3
755,"[5089, 1]",3917,57,26,-1
756,"[5089, 2]",3194,158,64,-1
757,"[5124, 0]",12,158,64,-1
758,"[5154, 0]",1281,54,24,0
759,"[5154, 1]",1280,0,0,0
760,"[5154, 4]",4845,158,64,0
761,"[5164, 1]",972,0,0,0
762,"[5164, 2]",971,2,1,0
763,"[5164, 3]",2607,41,18,0
764,"[5193, 0]",9,0,0,-1
765,"[5193, 1]",288,158,64,-1
766,"[5277, 0]",5892,0,0,0
767,"[5277, 1]",8259,57,26,0
768,"[5289, 0]",1325,2,1,0
769,"[5289, 1]",1324,158,64,0
770,"[5342, 0]",3143,57,26,-1
771,"[5406, 0]",3726,2,1,0
772,"[5413, 0]",20,41,18,0
773,"[5413, 1]",18,0,0,-1
774,"[5413, 2]",129,2,1,13
775,"[5413, 3]",127,158,64,3
776,"[5413, 4]",126,0,0,2
777,"[5413, 5]",749,54,24,0
778,"[5420, 0]",1938,0,0,0
779,"[5420, 1]",3408,41,18,0
780,"[5420, 2]",4427,57,26,-1
781,"[5433, 0]",1082,158,64,0
782,"[5447, 0]",188,158,64,-1
783,"[5447, 1]",186,158,64,-1
784,"[5447, 2]",182,0,0,-1
785,"[5447, 3]",178,156,64,-1
786,"[5447, 4]",171,158,64,-1
787,"[5447, 5]",169,158,64,-1
788,"[5447, 6]",168,0,0,-1
789,"[5447, 7]",1062,0,0,4
790,"[5447, 8]",977,158,64,-1
791,"[5447, 9]",941,0,0,-1
792,"[5447, 10]",937,156,64,-1
793,"[5447, 11]",2995,158,64,-1
794,"[5447, 12]",2994,0,0,-1
795,"[5447, 13]",2992,0,0,-1
796,"[5447, 14]",2612,0,0,0
797,"[5447, 15]",2611,0,0,0
798,"[5447, 16]",4278,158,64,0
799,"[5447, 17]",4271,158,64,0
800,"[5447, 18]",3797,0,0,-1
801,"[5447, 19]",3795,0,0,2
802,"[5447, 20]",3794,0,0,1
803,"[5447, 21]",3779,2,1,23
804,"[5447, 22]",8285,0,0,0
805,"[5447, 23]",8277,0,0,0
806,"[5447, 24]",8271,2,1,6
807,"[5447, 25]",8574,158,64,1
808,"[5447, 26]",8517,2,1,0
809,"[5484, 0]",24019,158,64,-1
810,"[5641, 0]",18,158,64,-1
811,"[5641, 1]",16,0,0,-1
812,"[5641, 2]",14,0,0,-1
813,"[5641, 3]",37,0,0,-1
814,"[5641, 4]",34,0,0,-1
815,"[5641, 5]",133,41,18,1
816,"[5641, 6]",119,0,0,-1
817,"[5641, 7]",118,158,64,1
818,"[5641, 8]",259,0,0,-1
819,"[5641, 9]",302,158,64,-1
820,"[5704, 8]",1360,0,0,-1
821,"[5704, 10]",1711,0,0,-1
822,"[5704, 11]",2298,158,64,-1
823,"[5756, 0]",5766,2,1,0
824,"[5756, 1]",5762,0,0,0
825,"[5756, 2]",7776,2,1,0
826,"[5765, 0]",38551,57,26,0
827,"[5765, 1]",38548,0,0,0
828,"[5765, 2]",37114,158,64,0
829,"[5765, 3]",37113,158,64,0
830,"[5765, 4]",37026,158,64,0
831,"[5765, 5]",32100,2,1,0
832,"[5765, 6]",32097,0,0,0
833,"[5765, 7]",26623,41,18,2
834,"[5765, 8]",26622,51,24,1
835,"[5765, 9]",59129,2,1,-1
836,"[5765, 10]",57960,57,26,7
837,"[5765, 11]",80017,57,26,0
838,"[5765, 12]",80015,158,64,0
839,"[5765, 13]",69087,0,0,0
840,"[5765, 14]",69085,158,64,0
841,"[5765, 15]",92471,158,64,3
842,"[5765, 16]",98985,0,0,0
843,"[5765, 17]",109319,158,64,0
844,"[5802, 0]",16427,158,64,-1
845,"[5803, 0]",6729,158,64,-1
846,"[5833, 9]",3219,158,64,-1
847,"[5833, 10]",3218,158,64,-1
848,"[5833, 11]",3215,158,64,-1
849,"[5875, 0]",26,158,64,-1
850,"[5875, 1]",25,0,0,-1
851,"[5875, 2]",146,158,64,-1
852,"[5875, 3]",144,0,0,-1
853,"[5875, 4]",1201,158,64,-1
854,"[5881, 0]",1121,2,1,-1
855,"[5881, 1]",1118,0,0,-1
856,"[5881, 2]",3440,2,1,-1
857,"[5973, 0]",5741,0,0,-1
858,"[5973, 1]",8127,158,64,-1
859,"[5980, 0]",1975,2,1,0
860,"[5980, 1]",1974,0,0,0
861,"[5980, 2]",3715,41,18,0
862,"[6021, 0]",1698,2,1,-1
863,"[6071, 0]",9865,158,64,-1
864,"[6095, 0]",1709,158,64,-1
865,"[6105, 0]",31,158,64,-1
866,"[6105, 1]",26,158,64,-1
867,"[6105, 2]",19502,0,0,-1
868,"[6105, 3]",13223,156,64,-1
869,"[6105, 4]",20965,0,0,-1
870,"[6105, 5]",52022,158,64,-1
871,"[6105, 6]",44989,2,1,-1
872,"[6105, 7]",44213,158,64,-1
873,"[6130, 0]",1870,2,1,4
874,"[6157, 0]",1061,158,64,-1
875,"[6218, 0]",6045,2,1,11
876,"[6232, 0]",10118,0,0,-1
877,"[6232, 1]",10117,0,0,-1
878,"[6232, 2]",7712,158,64,-1
879,"[6232, 3]",12308,0,0,-1
880,"[6232, 4]",12304,0,0,-1
881,"[6232, 5]",33774,0,0,-1
882,"[6232, 6]",33734,0,0,-1
883,"[6232, 7]",19990,158,64,-1
884,"[6232, 8]",37099,0,0,-1
885,"[6232, 9]",37035,158,64,-1
886,"[6232, 10]",51536,0,0,-1
887,"[6232, 11]",54846,0,0,-1
888,"[6232, 12]",59182,156,64,-1
889,"[6232, 13]",59179,158,64,-1
890,"[6253, 7]",5913,156,64,-1
891,"[6361, 0]",1087,158,64,-1
892,"[6402, 0]",2081,158,64,-1
893,"[6402, 1]",2080,0,0,-1
894,"[6402, 2]",2553,158,64,5
895,"[6464, 0]",2348,158,64,0
896,"[6464, 1]",2346,0,0,0
897,"[6464, 2]",2869,0,0,0
898,"[6464, 3]",3052,158,64,0
899,"[6476, 0]",35,158,64,1
900,"[6476, 1]",34,158,64,-1
901,"[6476, 2]",28,0,0,-1
902,"[6476, 3]",27,0,0,2
903,"[6476, 4]",21,0,0,-1
904,"[6476, 5]",19,0,0,-1
905,"[6476, 6]",398,54,24,1
906,"[6476, 7]",396,158,64,-1
907,"[6476, 8]",395,0,0,-1
908,"[6476, 9]",393,0,0,2
909,"[6476, 10]",388,0,0,2
910,"[6476, 11]",385,0,0,1
911,"[6476, 12]",380,0,0,-1
912,"[6476, 13]",378,2,1,-1
913,"[6476, 14]",375,0,0,-1
914,"[6476, 15]",372,0,0,-1
915,"[6476, 16]",367,158,64,-1
916,"[6476, 17]",363,2,1,2
917,"[6476, 18]",361,0,0,-1
918,"[6476, 19]",359,0,0,2
919,"[6476, 20]",356,0,0,-1
920,"[6476, 21]",354,0,0,-1
921,"[6476, 22]",353,0,0,-1
922,"[6476, 23]",352,0,0,-1
923,"[6476, 24]",351,0,0,-1
924,"[6476, 25]",350,0,0,1
925,"[6476, 26]",344,0,0,0
926,"[6476, 27]",340,158,64,-1
927,"[6476, 28]",329,0,0,0
928,"[6476, 29]",326,158,64,4
929,"[6476, 30]",324,0,0,-1
930,"[6476, 31]",323,0,0,1
931,"[6476, 32]",1774,57,26,0
932,"[6476, 33]",1770,51,24,3
933,"[6476, 34]",1740,0,0,0
934,"[6476, 35]",1737,0,0,0
935,"[6476, 36]",1736,0,0,0
936,"[6476, 37]",1692,158,64,1
937,"[6476, 38]",1690,0,0,1
938,"[6476, 39]",1658,0,0,0
939,"[6476, 40]",1657,0,0,0
940,"[6476, 41]",1656,0,0,0
941,"[6476, 42]",1630,0,0,0
942,"[6476, 43]",1625,158,64,-1
943,"[6476, 44]",1623,0,0,-1
944,"[6476, 45]",1619,2,1,-1
945,"[6476, 46]",1618,0,0,-1
946,"[6476, 47]",1615,0,0,-1
947,"[6476, 48]",1614,0,0,-1
948,"[6476, 49]",1608,0,0,-1
949,"[6476, 50]",1607,158,64,-1
950,"[6476, 51]",1605,0,0,2
951,"[6476, 52]",1601,0,0,-1
952,"[6476, 53]",1584,0,0,0
953,"[6476, 54]",1581,158,64,-1
954,"[6476, 55]",1528,2,1,-1
955,"[6476, 56]",1527,158,64,-1
956,"[6476, 57]",1524,0,0,-1
957,"[6476, 58]",1521,57,26,-1
958,"[6476, 59]",1490,2,1,8
959,"[6476, 60]",1489,2,1,1
960,"[6476, 61]",1488,0,0,-1
961,"[6476, 62]",1485,0,0,-1
962,"[6476, 63]",1481,0,0,-1
963,"[6476, 64]",1480,0,0,1
964,"[6476, 65]",1479,0,0,1
965,"[6476, 66]",1476,0,0,-1
966,"[6476, 67]",1471,0,0,0
967,"[6476, 68]",1468,0,0,0
968,"[6476, 69]",1467,0,0,0
969,"[6476, 70]",1466,0,0,0
970,"[6476, 71]",1451,41,18,0
971,"[6476, 72]",1438,158,64,0
972,"[6476, 73]",1437,0,0,0
973,"[6476, 74]",1434,0,0,-1
974,"[6476, 75]",1432,0,0,-1
975,"[6476, 76]",1422,158,64,0
976,"[6476, 77]",1417,158,64,8
977,"[6476, 78]",4882,0,0,0
978,"[6476, 79]",4877,41,18,53
979,"[6476, 80]",4851,0,0,-1
980,"[6476, 81]",4837,0,0,0
981,"[6476, 82]",4836,158,64,0
982,"[6476, 83]",4743,158,64,0
983,"[6476, 84]",4740,0,0,0
984,"[6476, 85]",4738,0,0,0
985,"[6476, 86]",4733,0,0,0
986,"[6476, 87]",4724,53,24,0
987,"[6476, 88]",4719,158,64,0
988,"[6476, 89]",4697,0,0,-1
989,"[6476, 90]",4694,41,18,8
990,"[6476, 91]",4693,0,0,-1
991,"[6476, 92]",4690,0,0,-1
992,"[6476, 93]",4688,0,0,-1
993,"[6476, 94]",4683,0,0,0
994,"[6476, 95]",4681,0,0,0
995,"[6476, 96]",4676,0,0,0
996,"[6476, 97]",4671,156,64,8
997,"[6476, 98]",4669,0,0,-1
998,"[6476, 99]",4664,0,0,-1
999,"[6476, 100]",4660,158,64,-1
1000,"[6476, 101]",4612,0,0,-1
1001,"[6476, 102]",4611,0,0,-1
1002,"[6476, 103]",4438,2,1,-1
1003,"[6476, 104]",4384,158,64,-1
1004,"[6476, 105]",4359,158,64,0
1005,"[6476, 106]",4358,158,64,0
1006,"[6476, 107]",4347,158,64,-1
1007,"[6476, 108]",4282,0,0,-1
1008,"[6476, 109]",4277,0,0,-1
1009,"[6476, 110]",4274,0,0,1
1010,"[6476, 111]",4245,158,64,-1
1011,"[6476, 112]",4228,0,0,-1
1012,"[6476, 113]",4226,0,0,-1
1013,"[6476, 114]",4225,0,0,-1
1014,"[6476, 115]",4224,0,0,2
1015,"[6476, 116]",4215,41,18,0
1016,"[6476, 117]",4214,158,64,0
1017,"[6476, 118]",4211,0,0,0
1018,"[6476, 119]",4210,0,0,0
1019,"[6476, 120]",4165,0,0,0
1020,"[6476, 121]",4163,0,0,0
1021,"[6476, 122]",4158,158,64,0
1022,"[6476, 123]",4155,57,26,0
1023,"[6476, 124]",4050,158,64,0
1024,"[6476, 125]",4047,57,26,0
1025,"[6476, 126]",3985,158,64,0
1026,"[6476, 127]",3984,158,64,0
1027,"[6476, 128]",3977,0,0,0
1028,"[6476, 129]",3951,158,64,0
1029,"[6476, 130]",10153,57,26,4
1030,"[6476, 131]",9702,0,0,0
1031,"[6476, 132]",9698,158,64,0
1032,"[6476, 133]",9596,158,64,0
1033,"[6476, 134]",9594,0,0,0
1034,"[6476, 135]",9592,0,0,0
1035,"[6476, 136]",9586,0,0,0
1036,"[6476, 137]",9531,158,64,0
1037,"[6476, 138]",9527,158,64,1
1038,"[6476, 139]",9523,158,64,3
1039,"[6476, 140]",9507,158,64,-1
1040,"[6476, 141]",9439,158,64,0
1041,"[6476, 142]",9418,156,64,-1
1042,"[6476, 143]",9387,2,1,-1
1043,"[6476, 144]",8547,158,64,-1
1044,"[6476, 145]",8546,0,0,11
1045,"[6476, 146]",8543,0,0,-1
1046,"[6476, 147]",8535,156,64,-1
1047,"[6476, 148]",8388,158,64,-1
1048,"[6476, 149]",8351,2,1,-1
1049,"[6476, 150]",8277,0,0,0
1050,"[6476, 151]",8276,158,64,0
1051,"[6476, 152]",8250,0,0,-1
1052,"[6476, 153]",8245,158,64,0
1053,"[6476, 154]",8190,158,64,-1
1054,"[6476, 155]",8184,0,0,-1
1055,"[6476, 156]",8179,0,0,-1
1056,"[6476, 157]",8171,158,64,-1
1057,"[6476, 158]",8031,41,18,0
1058,"[6476, 159]",8011,0,0,0
1059,"[6476, 160]",8007,0,0,0
1060,"[6476, 161]",7803,158,64,0
1061,"[6476, 162]",7759,158,64,-1
1062,"[6476, 163]",7724,158,64,0
1063,"[6476, 164]",7722,158,64,0
1064,"[6476, 165]",7721,0,0,0
1065,"[6476, 166]",7719,0,0,0
1066,"[6476, 167]",16649,0,0,0
1067,"[6476, 168]",16648,0,0,0
1068,"[6476, 169]",16647,0,0,0
1069,"[6476, 170]",16646,0,0,0
1070,"[6476, 171]",16645,0,0,0
1071,"[6476, 172]",16642,41,18,0
1072,"[6476, 173]",16057,158,64,0
1073,"[6476, 174]",16039,158,64,0
1074,"[6476, 175]",15724,158,64,-1
1075,"[6476, 176]",15690,0,0,-1
1076,"[6476, 177]",15602,158,64,-1
1077,"[6476, 178]",15541,158,64,8
1078,"[6476, 179]",15264,158,64,-1
1079,"[6476, 180]",15263,0,0,-1
1080,"[6476, 181]",15260,158,64,0
1081,"[6476, 182]",14237,0,0,0
1082,"[6476, 183]",14222,57,26,0
1083,"[6476, 184]",14221,158,64,0
1084,"[6476, 185]",14220,158,64,0
1085,"[6476, 186]",14208,158,64,0
1086,"[6476, 187]",13682,0,0,0
1087,"[6476, 188]",22871,158,64,0
1088,"[6476, 189]",22870,158,64,0
1089,"[6476, 190]",22868,0,0,0
1090,"[6476, 191]",22442,158,64,0
1091,"[6476, 192]",19691,2,1,-1
1092,"[6476, 193]",19326,156,64,3
1093,"[6476, 194]",18449,57,26,0
1094,"[6476, 195]",18447,0,0,0
1095,"[6476, 196]",18443,0,0,0
1096,"[6476, 197]",18442,158,64,0
1097,"[6476, 198]",18437,0,0,0
1098,"[6476, 199]",18430,0,0,0
1099,"[6476, 200]",18427,0,0,0
1100,"[6476, 201]",28836,57,26,23
1101,"[6476, 202]",28824,2,1,0
1102,"[6476, 203]",28786,158,64,0
1103,"[6476, 204]",28746,0,0,0
1104,"[6476, 205]",28715,0,0,0
1105,"[6476, 206]",28714,2,1,0
1106,"[6476, 207]",25316,41,18,0
1107,"[6476, 208]",25315,158,64,0
1108,"[6476, 209]",29917,2,1,0
1109,"[6476, 210]",29900,57,26,3
1110,"[6479, 0]",4469,156,64,-1
1111,"[6578, 0]",1595,0,0,-1
1112,"[6578, 1]",1594,158,64,-1
1113,"[6578, 2]",1695,0,0,-1
1114,"[6604, 0]",3988,158,64,-1
1115,"[6604, 1]",13314,158,64,-1
1116,"[6604, 2]",13287,158,64,-1
1117,"[6604, 3]",13285,158,64,-1
1118,"[6627, 0]",1293,158,64,-1
1119,"[6627, 1]",4111,158,64,-1
1120,"[6758, 0]",6140,57,26,28
1121,"[6771, 0]",797,156,64,-1
1122,"[6807, 5]",5463,41,18,2
1123,"[6907, 0]",11855,158,64,-1
1124,"[6963, 0]",2245,158,64,-1
1125,"[7007, 0]",1088,158,64,-1
1126,"[7007, 1]",1085,158,64,-1
1127,"[7016, 0]",16038,0,0,0
1128,"[7016, 1]",20982,2,1,0
1129,"[7098, 0]",4589,0,0,-1
1130,"[7098, 1]",4819,158,64,4
1131,"[7152, 0]",35,0,0,0
1132,"[7152, 1]",34,0,0,0
1133,"[7152, 2]",33,41,18,0
1134,"[7152, 3]",32,41,18,0
1135,"[7152, 4]",30,0,0,0
1136,"[7152, 5]",29,0,0,0
1137,"[7152, 6]",233,0,0,0
1138,"[7152, 7]",232,0,0,0
1139,"[7152, 8]",227,0,0,0
1140,"[7152, 9]",225,158,64,0
1141,"[7152, 10]",224,2,1,0
1142,"[7152, 11]",223,0,0,0
1143,"[7152, 12]",222,0,0,0
1144,"[7152, 13]",218,0,0,0
1145,"[7152, 14]",212,0,0,0
1146,"[7152, 15]",208,0,0,0
1147,"[7152, 16]",191,0,0,0
1148,"[7152, 17]",186,41,18,0
1149,"[7152, 18]",168,41,18,0
1150,"[7152, 19]",164,0,0,0
1151,"[7152, 20]",1891,41,18,10
1152,"[7152, 21]",1757,0,0,0
1153,"[7152, 22]",1671,156,64,-1
1154,"[7152, 23]",1669,0,0,-1
1155,"[7152, 24]",1667,0,0,-1
1156,"[7152, 25]",1665,0,0,-1
1157,"[7152, 26]",1660,158,64,0
1158,"[7152, 27]",1659,158,64,0
1159,"[7152, 28]",1654,41,18,0
1160,"[7152, 29]",1653,0,0,0
1161,"[7152, 30]",1652,158,64,0
1162,"[7152, 31]",1651,0,0,0
1163,"[7152, 32]",1646,158,64,0
1164,"[7152, 33]",1641,0,0,0
1165,"[7152, 34]",1640,0,0,0
1166,"[7152, 35]",1638,0,0,0
1167,"[7152, 36]",1634,41,18,0
1168,"[7152, 37]",1632,0,0,0
1169,"[7152, 38]",1630,0,0,0
1170,"[7152, 39]",1628,0,0,0
1171,"[7152, 40]",1627,0,0,0
1172,"[7152, 41]",1625,0,0,0
1173,"[7152, 42]",1624,0,0,0
1174,"[7152, 43]",1620,41,18,0
1175,"[7152, 44]",1619,0,0,0
1176,"[7152, 45]",1616,158,64,0
1177,"[7152, 46]",1614,0,0,0
1178,"[7152, 47]",1605,0,0,0
1179,"[7152, 48]",1603,2,1,0
1180,"[7152, 49]",1602,0,0,0
1181,"[7152, 50]",1594,158,64,0
1182,"[7152, 51]",1590,0,0,0
1183,"[7152, 52]",1585,0,0,0
1184,"[7152, 53]",3566,0,0,0
1185,"[7152, 54]",3535,41,18,0
1186,"[7152, 55]",3478,158,64,0
1187,"[7152, 56]",3465,158,64,0
1188,"[7152, 57]",3402,0,0,0
1189,"[7152, 58]",3372,41,18,0
1190,"[7152, 59]",3371,158,64,0
1191,"[7152, 60]",3369,0,0,0
1192,"[7152, 61]",3333,158,64,0
1193,"[7152, 62]",3331,0,0,0
1194,"[7152, 63]",3330,0,0,0
1195,"[7152, 64]",3325,0,0,-1
1196,"[7152, 65]",3322,156,64,0
1197,"[7152, 66]",3320,0,0,0
1198,"[7152, 67]",3319,0,0,0
1199,"[7152, 68]",3315,158,64,0
1200,"[7152, 69]",3314,41,18,0
1201,"[7152, 70]",3307,57,26,0
1202,"[7152, 71]",3292,158,64,0
1203,"[7152, 72]",3265,158,64,0
1204,"[7152, 73]",3264,156,64,0
1205,"[7152, 74]",3262,0,0,0
1206,"[7152, 75]",3253,2,1,0
1207,"[7152, 76]",3249,0,0,0
1208,"[7152, 77]",3197,53,24,0
1209,"[7152, 78]",3190,41,18,0
1210,"[7152, 79]",3148,0,0,-1
1211,"[7152, 80]",3147,0,0,-1
1212,"[7152, 81]",3146,0,0,-1
1213,"[7152, 82]",3141,2,1,-1
1214,"[7152, 83]",3139,0,0,-1
1215,"[7152, 84]",3131,0,0,-1
1216,"[7152, 85]",2963,158,64,0
1217,"[7152, 86]",5862,158,64,-1
1218,"[7152, 87]",5821,0,0,-1
1219,"[7152, 88]",5793,156,64,-1
1220,"[7152, 89]",5792,0,0,-1
1221,"[7152, 90]",5788,158,64,-1
1222,"[7152, 91]",5780,158,64,-1
1223,"[7152, 92]",5474,57,26,0
1224,"[7152, 93]",5402,0,0,0
1225,"[7152, 94]",5248,0,0,0
1226,"[7152, 95]",5241,158,64,0
1227,"[7152, 96]",5202,0,0,-1
1228,"[7152, 97]",5200,0,0,-1
1229,"[7152, 98]",5163,0,0,0
1230,"[7152, 99]",5162,0,0,0
1231,"[7152, 100]",5161,0,0,0
1232,"[7152, 101]",5160,0,0,0
1233,"[7152, 102]",5154,0,0,0
1234,"[7152, 103]",5107,0,0,0
1235,"[7152, 104]",5063,2,1,0
1236,"[7152, 105]",4911,57,26,14
1237,"[7152, 106]",9098,2,1,0
1238,"[7152, 107]",9018,158,64,0
1239,"[7152, 108]",9015,41,18,0
1240,"[7152, 109]",9014,0,0,0
1241,"[7152, 110]",8972,0,0,0
1242,"[7152, 111]",8971,0,0,0
1243,"[7152, 112]",8969,0,0,0
1244,"[7152, 113]",8968,158,64,0
1245,"[7152, 114]",8965,158,64,0
1246,"[7152, 115]",8962,156,64,0
1247,"[7152, 116]",8935,158,64,4
1248,"[7152, 117]",8922,158,64,-1
1249,"[7152, 118]",8741,158,64,0
1250,"[7152, 119]",8458,0,0,0
1251,"[7152, 120]",8457,0,0,0
1252,"[7152, 121]",7919,2,1,-1
1253,"[7152, 122]",7917,0,0,-1
1254,"[7152, 123]",7916,0,0,-1
1255,"[7152, 124]",7816,158,64,-1
1256,"[7152, 129]",10119,158,64,0
1257,"[7152, 130]",10118,0,0,0
1258,"[7152, 131]",10115,51,24,7
1259,"[7152, 132]",9920,51,24,0
1260,"[7152, 133]",9912,57,26,0
1261,"[7152, 134]",9905,158,64,0
1262,"[7152, 135]",9886,57,26,0
1263,"[7152, 136]",13553,158,64,15
1264,"[7231, 0]",3874,158,64,-1
1265,"[7231, 1]",3872,0,0,-1
1266,"[7243, 44]",8000,0,0,-1
1267,"[7243, 45]",8611,158,64,-1
1268,"[7249, 0]",9261,158,64,6
1269,"[7312, 0]",1040,158,64,-1
1270,"[7312, 1]",1037,158,64,-1
1271,"[7449, 0]",4391,158,64,-1
1272,"[7486, 0]",2772,156,64,-1
1273,"[7509, 8]",704,158,64,-1
1274,"[7509, 15]",998,158,64,-1
1275,"[7509, 16]",996,0,0,-1
1276,"[7509, 22]",2938,158,64,-1
1277,"[7564, 0]",39,0,0,-1
1278,"[7564, 1]",38,0,0,-1
1279,"[7564, 3]",214,0,0,-1
1280,"[7564, 4]",208,0,0,-1
1281,"[7564, 5]",201,158,64,-1
1282,"[7564, 6]",194,0,0,-1
1283,"[7564, 7]",1596,158,64,-1
1284,"[7564, 9]",1465,158,64,-1
1285,"[7564, 10]",1462,156,64,-1
1286,"[7564, 11]",1461,0,0,-1
1287,"[7627, 1]",7835,41,20,-1
1288,"[7627, 2]",7833,158,64,-1
1289,"[7675, 0]",915,158,64,-1
1290,"[7675, 1]",913,0,0,-1
1291,"[7675, 2]",912,0,0,-1
1292,"[7675, 3]",2178,0,0,-1
1293,"[7675, 4]",2174,156,64,-1
1294,"[7675, 5]",2173,0,0,-1
1295,"[7675, 6]",3088,158,64,-1
1296,"[7675, 7]",3067,158,64,-1
1297,"[7675, 8]",3066,0,0,-1
1298,"[7675, 9]",3845,158,64,-1
1299,"[7722, 362]",52998,158,64,-1
1300,"[7722, 363]",52997,0,0,-1
1301,"[7722, 364]",52996,0,0,-1
1302,"[7722, 388]",48098,158,64,-1
1303,"[7722, 416]",89859,0,0,-1
1304,"[7722, 447]",84402,0,0,-1
1305,"[7722, 448]",84399,158,64,-1
1306,"[7722, 449]",84397,0,0,-1
1307,"[7722, 456]",102064,158,64,-1
1308,"[7722, 457]",102042,0,0,-1
1309,"[7722, 458]",102041,0,0,4
1310,"[7722, 467]",97724,0,0,-1
1311,"[7722, 473]",96305,0,0,-1
1312,"[7722, 474]",129661,158,64,-1
1313,"[7722, 485]",123593,158,64,0
1314,"[7722, 486]",123591,0,0,0
1315,"[7722, 487]",123590,0,0,0
1316,"[7722, 488]",123589,0,0,0
1317,"[7722, 489]",123584,0,0,-1
1318,"[7722, 490]",123583,0,0,-1
1319,"[7722, 492]",135348,158,64,1
1320,"[7722, 493]",135347,0,0,-1
1321,"[7722, 494]",135342,158,64,-1
1322,"[7722, 495]",135313,0,0,0
1323,"[7722, 496]",135312,0,0,0
1324,"[7722, 497]",135310,0,0,0
1325,"[7722, 498]",135306,0,0,0
1326,"[7722, 499]",135305,2,1,0
1327,"[7722, 500]",135302,0,0,0
1328,"[7722, 509]",143370,41,18,0
1329,"[7722, 510]",143358,0,0,0
1330,"[7722, 511]",143326,0,0,0
1331,"[7722, 512]",143314,41,18,0
1332,"[7722, 513]",143311,0,0,0
1333,"[7722, 514]",143244,2,1,11
1334,"[7722, 515]",149235,2,1,0
1335,"[7722, 516]",149200,158,64,0
1336,"[7722, 517]",149130,158,64,0
1337,"[7826, 0]",256,158,64,-1
1338,"[7826, 1]",254,158,64,-1
1339,"[7842, 0]",558,2,1,0
1340,"[7844, 0]",5063,158,64,-1
1341,"[7847, 0]",1101,156,64,-1
1342,"[7877, 0]",11,0,0,-1
1343,"[7877, 1]",168,0,0,-1
1344,"[7877, 2]",165,2,1,-1
1345,"[7877, 3]",163,158,64,-1
1346,"[7877, 4]",427,0,0,-1
1347,"[7877, 5]",426,0,0,1
1348,"[7877, 6]",419,0,0,4
1349,"[7877, 7]",412,158,64,-1
1350,"[7877, 8]",409,0,0,-1
1351,"[7877, 9]",1894,158,64,-1
1352,"[7877, 10]",1893,0,0,5
1353,"[7877, 11]",1892,0,0,-1
1354,"[7877, 12]",1851,158,64,-1
1355,"[7877, 13]",1847,0,0,0
1356,"[7877, 14]",1821,0,0,0
1357,"[7877, 15]",1820,158,64,0
1358,"[7877, 16]",1812,0,0,1
1359,"[7877, 17]",2348,158,64,0
1360,"[7877, 18]",2346,0,0,0
1361,"[7877, 19]",2344,0,0,0
1362,"[7877, 20]",2343,0,0,0
1363,"[7877, 21]",2329,0,0,0
1364,"[7877, 22]",2326,158,64,0
1365,"[7877, 23]",2325,41,18,0
1366,"[7877, 24]",2322,0,0,0
1367,"[7877, 25]",2320,0,0,0
1368,"[7877, 26]",2289,158,64,-1
1369,"[7877, 27]",2259,0,0,0
1370,"[7877, 28]",2258,158,64,0
1371,"[7877, 29]",2257,0,0,0
1372,"[7877, 30]",2179,0,0,3
1373,"[7877, 31]",2175,57,26,0
1374,"[7877, 32]",2120,158,64,-1
1375,"[7877, 33]",4422,158,64,-1
1376,"[7877, 34]",4298,0,0,0
1377,"[7877, 35]",4293,41,18,10
1378,"[7877, 36]",4112,57,26,0
1379,"[7877, 37]",4110,0,0,0
1380,"[7877, 38]",4109,0,0,0
1381,"[7877, 39]",4106,0,0,0
1382,"[7877, 40]",4103,2,1,0
1383,"[7877, 41]",4102,0,0,0
1384,"[7877, 42]",4101,0,0,0
1385,"[7877, 43]",4073,0,0,0
1386,"[7877, 44]",4072,0,0,0
1387,"[7877, 45]",4070,0,0,0
1388,"[7877, 46]",4068,0,0,0
1389,"[7877, 47]",4062,0,0,1
1390,"[7877, 48]",4060,0,0,-1
1391,"[7877, 49]",4057,0,0,1
1392,"[7877, 50]",4028,0,0,0
1393,"[7877, 51]",4023,0,0,0
1394,"[7877, 52]",4007,158,64,0
1395,"[7877, 53]",5823,158,64,0
1396,"[7877, 54]",5795,158,64,0
1397,"[7877, 55]",5794,0,0,0
1398,"[7877, 56]",5793,0,0,0
1399,"[7877, 57]",5791,0,0,0
1400,"[7877, 58]",5756,0,0,0
1401,"[7877, 59]",5755,0,0,0
1402,"[7877, 60]",5734,0,0,13
1403,"[7877, 61]",5722,158,64,-1
1404,"[7877, 62]",5669,0,0,0
1405,"[7877, 63]",5668,0,0,0
1406,"[7877, 64]",5661,0,0,0
1407,"[7877, 65]",5654,0,0,0
1408,"[7877, 66]",5650,0,0,0
1409,"[7877, 67]",5564,54,24,2
1410,"[7877, 68]",5560,158,64,0
1411,"[7877, 69]",5547,2,1,0
1412,"[7877, 70]",5544,158,64,4
1413,"[7877, 71]",5541,55,26,0
1414,"[7877, 72]",5122,57,26,0
1415,"[7877, 73]",6641,57,26,0
1416,"[7877, 74]",6617,57,26,0
1417,"[7877, 75]",6576,158,64,0
1418,"[7877, 76]",6549,158,64,0
1419,"[7877, 77]",6548,0,0,0
1420,"[7877, 78]",6544,0,0,0
1421,"[7877, 79]",6495,158,64,0
1422,"[7877, 80]",6458,158,64,0
1423,"[7877, 81]",6455,0,0,0
1424,"[7877, 82]",6402,158,64,0
1425,"[7877, 83]",6401,158,64,0
1426,"[7877, 84]",6385,2,1,0
1427,"[7877, 85]",6382,156,64,-1
1428,"[7877, 86]",8459,53,24,4
1429,"[7877, 87]",8371,0,0,0
1430,"[7877, 88]",8370,41,18,0
1431,"[7877, 89]",8349,41,18,0
1432,"[7877, 90]",9053,54,24,0
1433,"[7887, 0]",2830,158,64,-1
1434,"[7906, 1]",1968,0,0,-1
1435,"[7906, 2]",3290,0,0,-1
1436,"[7906, 3]",3365,2,1,-1
1437,"[7906, 4]",3364,0,0,-1
1438,"[7906, 5]",3649,158,64,-1
1439,"[7932, 0]",18,0,0,-1
1440,"[7932, 1]",232,0,0,-1
1441,"[7932, 2]",230,0,0,-1
1442,"[7932, 3]",227,0,0,-1
1443,"[7932, 4]",218,0,0,-1
1444,"[7932, 5]",216,0,0,-1
1445,"[7932, 6]",207,158,64,-1
1446,"[7932, 7]",204,0,0,-1
1447,"[7932, 8]",197,0,0,-1
1448,"[7932, 9]",194,0,0,-1
1449,"[7932, 10]",193,0,0,-1
1450,"[7932, 11]",1307,0,0,-1
1451,"[7932, 12]",1306,0,0,-1
1452,"[7932, 13]",1303,156,64,-1
1453,"[7932, 14]",1302,158,64,-1
1454,"[7932, 15]",1297,158,64,-1
1455,"[7932, 16]",1277,0,0,-1
1456,"[7932, 17]",1271,0,0,-1
1457,"[7932, 18]",1270,0,0,-1
1458,"[7932, 19]",1266,156,64,-1
1459,"[7932, 20]",1265,0,0,-1
1460,"[7932, 21]",1264,158,64,-1
1461,"[7932, 22]",1249,0,0,-1
1462,"[7932, 23]",1227,2,1,-1
1463,"[7932, 24]",1225,156,64,-1
1464,"[7932, 25]",1221,158,64,-1
1465,"[7932, 26]",1162,0,0,-1
1466,"[7932, 27]",1160,156,64,-1
1467,"[7932, 28]",1158,0,0,-1
1468,"[7932, 29]",1143,156,64,-1
1469,"[7932, 30]",1105,158,64,-1
1470,"[7932, 31]",1104,0,0,-1
1471,"[7932, 32]",1103,158,64,-1
1472,"[7932, 33]",1097,156,64,-1
1473,"[7932, 34]",1085,158,64,-1
1474,"[7932, 35]",1083,0,0,-1
1475,"[7932, 39]",3410,55,26,-1
1476,"[7932, 40]",3408,0,0,-1
1477,"[7932, 41]",3407,158,64,-1
1478,"[7932, 42]",3341,158,64,-1
1479,"[7932, 43]",3339,0,0,-1
1480,"[7932, 44]",3338,2,1,-1
1481,"[7932, 45]",3337,156,64,-1
1482,"[7932, 46]",3300,158,64,-1
1483,"[7932, 47]",3299,0,0,-1
1484,"[7932, 48]",3297,0,0,-1
1485,"[7932, 49]",3282,158,64,-1
1486,"[7932, 50]",3144,0,0,-1
1487,"[7932, 51]",3121,158,64,-1
1488,"[7932, 52]",2929,156,64,-1
1489,"[7932, 53]",2881,156,64,-1
1490,"[7932, 54]",2870,0,0,-1
1491,"[7932, 55]",2866,158,64,-1
1492,"[7932, 56]",2864,0,0,-1
1493,"[7932, 57]",2859,158,64,-1
1494,"[7932, 58]",2857,0,0,-1
1495,"[7932, 59]",2714,158,64,-1
1496,"[7932, 60]",2713,0,0,-1
1497,"[7932, 61]",2709,158,64,-1
1498,"[7932, 62]",2611,158,64,-1
1499,"[7932, 63]",2609,0,0,-1
1500,"[7932, 64]",8706,2,1,-1
1501,"[7932, 65]",8705,0,0,-1
1502,"[7932, 66]",8704,0,0,-1
1503,"[7932, 67]",8494,0,0,-1
1504,"[7932, 68]",7619,2,1,-1
1505,"[7932, 69]",7614,158,64,-1
1506,"[7932, 70]",7613,158,64,-1
1507,"[7932, 71]",7606,0,0,-1
1508,"[7932, 72]",7601,158,64,-1
1509,"[7932, 73]",7599,0,0,-1
1510,"[7932, 74]",7598,0,0,-1
1511,"[7932, 75]",7553,0,0,-1
1512,"[7932, 76]",7511,0,0,-1
1513,"[7932, 77]",7510,0,0,-1
1514,"[7932, 78]",6244,156,64,-1
1515,"[7932, 79]",6230,0,0,-1
1516,"[7932, 80]",6229,0,0,-1
1517,"[7932, 81]",6104,158,64,-1
1518,"[7932, 82]",5849,158,64,-1
1519,"[7932, 83]",5848,0,0,-1
1520,"[7932, 84]",5847,158,64,-1
1521,"[7932, 85]",5843,0,0,-1
1522,"[7932, 86]",5842,0,0,-1
1523,"[7932, 87]",5829,158,64,-1
1524,"[7932, 88]",5666,156,64,-1
1525,"[7932, 90]",11847,0,0,-1
1526,"[7932, 91]",11842,158,64,-1
1527,"[7932, 92]",11840,0,0,-1
1528,"[7932, 93]",11815,158,64,-1
1529,"[7932, 94]",11764,0,0,1
1530,"[7932, 95]",11759,0,0,-1
1531,"[7932, 96]",11256,0,0,-1
1532,"[7932, 97]",11249,158,64,-1
1533,"[7932, 98]",10890,0,0,-1
1534,"[7932, 99]",10884,158,64,-1
1535,"[7932, 100]",10758,158,64,-1
1536,"[7932, 101]",10688,156,64,-1
1537,"[7932, 102]",10683,0,0,-1
1538,"[7932, 103]",10621,158,64,11
1539,"[7932, 104]",10617,158,64,-1
1540,"[7932, 105]",10615,158,64,-1
1541,"[7932, 106]",10563,158,64,-1
1542,"[7932, 107]",10561,0,0,5
1543,"[7932, 108]",10311,156,64,-1
1544,"[7932, 109]",9704,158,64,-1
1545,"[7932, 110]",9703,156,64,-1
1546,"[7932, 111]",9700,158,64,-1
1547,"[7932, 112]",9699,156,64,-1
1548,"[7932, 113]",9697,156,64,-1
1549,"[7932, 114]",9692,158,64,-1
1550,"[7932, 115]",17446,2,1,0
1551,"[7932, 116]",17445,0,0,0
1552,"[7932, 117]",17441,0,0,0
1553,"[7932, 119]",15723,158,64,-1
1554,"[7932, 120]",15347,0,0,5
1555,"[7932, 121]",15326,0,0,0
1556,"[7932, 122]",15196,2,1,-1
1557,"[7932, 123]",15144,158,64,-1
1558,"[7932, 124]",21101,158,64,0
1559,"[7932, 125]",21081,156,64,0
1560,"[7932, 126]",20056,2,1,0
1561,"[7932, 127]",20027,158,64,0
1562,"[7941, 0]",4514,41,18,0
1563,"[7941, 1]",4513,0,0,0
1564,"[7941, 2]",4510,158,64,0
1565,"[7941, 3]",4509,158,64,0
1566,"[7941, 4]",5046,57,26,0
1567,"[8003, 0]",885,158,64,-1
1568,"[8032, 0]",21592,158,64,-1
1569,"[8054, 21]",1173,2,1,-1
1570,"[8054, 22]",1169,0,0,-1
1571,"[8054, 23]",1167,0,0,-1
1572,"[8054, 24]",1166,0,0,-1
1573,"[8054, 25]",1165,0,0,-1
1574,"[8054, 46]",959,158,64,-1
1575,"[8054, 73]",7015,158,64,-1
1576,"[8054, 98]",6561,0,0,-1
1577,"[8054, 99]",6560,158,64,-1
1578,"[8054, 100]",6558,0,0,1
1579,"[8054, 101]",6557,0,0,1
1580,"[8054, 102]",6556,0,0,1
1581,"[8054, 103]",6543,0,0,-1
1582,"[8054, 123]",6184,158,64,-1
1583,"[8054, 129]",6043,158,64,-1
1584,"[8054, 136]",5754,0,0,-1
1585,"[8054, 137]",5750,158,64,-1
1586,"[8054, 138]",5749,158,64,-1
1587,"[8054, 139]",5743,158,64,-1
1588,"[8054, 140]",5739,158,64,-1
1589,"[8054, 141]",5735,0,0,-1
1590,"[8054, 142]",5724,156,64,-1
1591,"[8054, 149]",11605,0,0,-1
1592,"[8054, 160]",11352,0,0,-1
1593,"[8054, 161]",11351,0,0,-1
1594,"[8054, 177]",10892,0,0,-1
1595,"[8054, 193]",10418,0,0,-1
1596,"[8054, 194]",10417,0,0,-1
1597,"[8054, 195]",10415,0,0,-1
1598,"[8054, 196]",10393,158,64,-1
1599,"[8054, 197]",10392,158,64,-1
1600,"[8054, 198]",10389,0,0,0
1601,"[8054, 199]",10385,0,0,0
1602,"[8054, 200]",10384,0,0,0
1603,"[8054, 201]",10379,0,0,-1
1604,"[8054, 202]",10366,158,64,-1
1605,"[8054, 223]",9820,158,64,-1
1606,"[8054, 224]",9818,0,0,-1
1607,"[8054, 251]",25591,158,64,-1
1608,"[8054, 272]",24035,0,0,2
1609,"[8054, 273]",23992,0,0,-1
1610,"[8054, 274]",23989,0,0,3
1611,"[8054, 275]",23986,0,0,-1
1612,"[8054, 276]",23980,156,64,0
1613,"[8054, 277]",23979,0,0,0
1614,"[8054, 278]",23950,158,64,4
1615,"[8054, 279]",23821,158,64,-1
1616,"[8054, 280]",23814,158,64,-1
1617,"[8054, 281]",23808,158,64,-1
1618,"[8054, 296]",22882,158,64,-1
1619,"[8054, 316]",21587,158,64,-1
1620,"[8054, 317]",21583,0,0,-1
1621,"[8054, 318]",21511,158,64,-1
1622,"[8054, 319]",21508,158,64,-1
1623,"[8054, 336]",20238,158,64,-1
1624,"[8054, 337]",20237,156,64,-1
1625,"[8054, 338]",20233,0,0,-1
1626,"[8054, 347]",20150,158,64,-1
1627,"[8054, 348]",20148,158,64,-1
1628,"[8054, 349]",20141,0,0,-1
1629,"[8054, 363]",42861,158,64,-1
1630,"[8054, 364]",42860,0,0,-1
1631,"[8054, 365]",42859,156,64,-1
1632,"[8054, 366]",42858,158,64,-1
1633,"[8054, 367]",42802,158,64,-1
1634,"[8054, 368]",42801,2,1,-1
1635,"[8054, 369]",42796,2,1,-1
1636,"[8054, 370]",42790,158,64,-1
1637,"[8054, 371]",42788,156,64,-1
1638,"[8054, 372]",42786,0,0,-1
1639,"[8054, 379]",42546,158,64,-1
1640,"[8054, 380]",42545,0,0,-1
1641,"[8054, 396]",41328,156,64,-1
1642,"[8054, 420]",37973,41,18,0
1643,"[8054, 421]",37937,158,64,-1
1644,"[8054, 422]",37934,158,64,-1
1645,"[8054, 423]",37933,0,0,-1
1646,"[8054, 424]",37929,0,0,0
1647,"[8054, 425]",37899,158,64,5
1648,"[8054, 426]",37887,0,0,0
1649,"[8054, 429]",36290,0,0,-1
1650,"[8054, 438]",36175,158,64,-1
1651,"[8054, 443]",34888,0,0,-1
1652,"[8054, 444]",34885,0,0,-1
1653,"[8054, 445]",34884,158,64,-1
1654,"[8054, 446]",34883,0,0,-1
1655,"[8054, 447]",34882,2,1,-1
1656,"[8054, 448]",34881,0,0,-1
1657,"[8054, 449]",34880,158,64,-1
1658,"[8054, 456]",34855,0,0,-1
1659,"[8054, 470]",65962,158,64,-1
1660,"[8054, 478]",65851,158,64,-1
1661,"[8054, 479]",65844,158,64,-1
1662,"[8054, 480]",65832,158,64,-1
1663,"[8054, 481]",65829,2,1,-1
1664,"[8054, 483]",65770,158,64,-1
1665,"[8054, 487]",64935,158,64,-1
1666,"[8054, 489]",62403,156,64,3
1667,"[8054, 490]",62326,158,64,0
1668,"[8054, 491]",62308,0,0,-1
1669,"[8054, 527]",50318,158,64,-1
1670,"[8054, 532]",49824,0,0,-1
1671,"[8054, 533]",49582,156,64,-1
1672,"[8054, 534]",49581,0,0,-1
1673,"[8054, 535]",49560,156,64,-1
1674,"[8054, 544]",90153,0,0,-1
1675,"[8054, 545]",90147,158,64,-1
1676,"[8054, 546]",89997,0,0,-1
1677,"[8054, 575]",93745,158,64,-1
1678,"[8054, 576]",93744,156,64,-1
1679,"[8054, 577]",93483,156,64,-1
1680,"[8054, 578]",93482,0,0,-1
1681,"[8054, 580]",121572,158,64,-1
1682,"[8054, 581]",121571,0,0,-1
1683,"[8054, 583]",122604,158,64,-1
1684,"[8054, 584]",122603,0,0,-1
1685,"[8054, 585]",130540,158,64,-1
1686,"[8065, 10]",10606,158,64,-1
1687,"[8065, 11]",10604,0,0,-1
1688,"[8065, 14]",14446,158,64,-1
1689,"[8065, 15]",14443,0,0,-1
1690,"[8065, 16]",14442,0,0,-1
1691,"[8065, 17]",15018,158,64,-1
1692,"[8065, 18]",15014,0,0,-1
1693,"[8065, 19]",16560,0,0,-1
1694,"[8065, 20]",16832,2,1,-1
1695,"[8103, 0]",13407,2,1,0
1696,"[8103, 1]",13404,0,0,0
1697,"[8103, 2]",22821,158,64,0
1698,"[8106, 13]",247362,2,1,-1
1699,"[8120, 0]",803,2,1,-1
1700,"[8123, 18]",2055,156,64,-1
1701,"[8123, 19]",2052,158,64,-1
1702,"[8123, 20]",2051,0,0,-1
1703,"[8123, 21]",2050,0,0,-1
1704,"[8123, 22]",2046,0,0,-1
1705,"[8123, 30]",1863,158,64,-1
1706,"[8123, 31]",1861,0,0,-1
1707,"[8123, 37]",3480,2,1,-1
1708,"[8123, 46]",2580,158,64,-1
1709,"[8123, 47]",2579,0,0,-1
1710,"[8123, 48]",2574,61,28,-1
1711,"[8123, 53]",2392,0,0,-1
1712,"[8123, 60]",5464,156,64,-1
1713,"[8123, 61]",5425,158,64,-1
1714,"[8123, 62]",5423,0,0,-1
1715,"[8123, 68]",5039,156,64,-1
1716,"[8123, 69]",5038,41,20,-1
1717,"[8123, 73]",7220,0,0,-1
1718,"[8123, 74]",10461,158,64,-1
1719,"[8133, 23]",87304,2,1,-1
1720,"[8133, 24]",87302,158,64,-1
1721,"[8133, 29]",149198,2,1,-1
1722,"[8133, 30]",149195,0,0,-1
1723,"[8133, 31]",149194,0,0,-1
1724,"[8133, 35]",128556,158,64,-1
1725,"[8133, 44]",203089,2,1,-1
1726,"[8133, 45]",203084,2,1,-1
1727,"[8133, 50]",244436,158,64,-1
1728,"[8143, 16]",13569,158,64,-1
1729,"[8183, 0]",3293,57,26,-1
1730,"[8183, 1]",2698,158,64,-1
1731,"[8226, 0]",3330,158,64,-1
1732,"[8271, 0]",25752,0,0,0
1733,"[8271, 1]",26091,158,64,0
1734,"[8271, 2]",34483,158,64,0
1735,"[8271, 3]",34482,0,0,0
1736,"[8271, 4]",39610,158,64,0
1737,"[8279, 0]",5595,158,64,-1
1738,"[8336, 0]",39,0,0,0
1739,"[8336, 1]",38,0,0,0
1740,"[8336, 2]",37,2,1,0
1741,"[8336, 3]",32,0,0,0
1742,"[8336, 4]",31,0,0,0
1743,"[8336, 5]",29,0,0,0
1744,"[8336, 6]",28,0,0,0
1745,"[8336, 7]",26,0,0,0
1746,"[8336, 8]",24,0,0,0
1747,"[8336, 9]",22,0,0,0
1748,"[8336, 10]",21,0,0,0
1749,"[8336, 11]",20,0,0,0
1750,"[8336, 12]",19,0,0,0
1751,"[8336, 13]",17,0,0,0
1752,"[8336, 14]",383,158,64,0
1753,"[8336, 15]",382,0,0,0
1754,"[8336, 16]",381,0,0,0
1755,"[8336, 17]",379,0,0,0
1756,"[8336, 18]",376,0,0,0
1757,"[8336, 19]",372,2,1,0
1758,"[8336, 20]",371,0,0,0
1759,"[8336, 21]",370,0,0,0
1760,"[8336, 22]",369,0,0,0
1761,"[8336, 23]",367,41,18,0
1762,"[8336, 24]",365,0,0,0
1763,"[8336, 25]",364,0,0,0
1764,"[8336, 26]",361,41,18,0
1765,"[8336, 27]",359,0,0,0
1766,"[8336, 28]",358,0,0,0
1767,"[8336, 29]",353,2,1,0
1768,"[8336, 30]",352,0,0,0
1769,"[8336, 31]",351,0,0,0
1770,"[8336, 32]",343,0,0,0
1771,"[8336, 33]",339,0,0,0
1772,"[8336, 34]",338,158,64,0
1773,"[8336, 35]",332,0,0,0
1774,"[8336, 37]",319,41,18,0
1775,"[8336, 38]",313,158,64,0
1776,"[8336, 39]",295,158,64,0
1777,"[8336, 40]",292,2,1,0
1778,"[8336, 41]",995,0,0,0
1779,"[8336, 42]",977,158,64,0
1780,"[8336, 43]",932,158,64,0
1781,"[8336, 44]",908,158,64,0
1782,"[8336, 45]",844,0,0,0
1783,"[8336, 46]",841,158,64,0
1784,"[8336, 47]",816,2,1,0
1785,"[8336, 48]",814,158,64,0
1786,"[8336, 49]",812,0,0,0
1787,"[8336, 50]",807,0,0,0
1788,"[8336, 51]",785,158,64,0
1789,"[8336, 52]",782,0,0,0
1790,"[8336, 53]",776,0,0,0
1791,"[8336, 54]",762,54,24,0
1792,"[8336, 55]",761,156,64,0
1793,"[8336, 56]",759,0,0,0
1794,"[8336, 57]",755,55,26,0
1795,"[8336, 58]",754,158,64,0
1796,"[8336, 59]",751,41,18,0
1797,"[8336, 60]",746,0,0,0
1798,"[8336, 61]",743,0,0,0
1799,"[8336, 62]",735,0,0,0
1800,"[8336, 63]",729,0,0,0
1801,"[8336, 64]",726,2,1,0
1802,"[8336, 65]",704,0,0,-1
1803,"[8336, 66]",4389,158,64,-1
1804,"[8336, 67]",4311,158,64,0
1805,"[8336, 68]",4296,2,1,0
1806,"[8336, 69]",4258,158,64,42
1807,"[8336, 70]",4257,0,0,-1
1808,"[8336, 71]",4255,158,64,-1
1809,"[8336, 72]",4241,41,18,0
1810,"[8336, 73]",4127,0,0,0
1811,"[8336, 74]",4073,0,0,0
1812,"[8336, 75]",4032,158,64,0
1813,"[8336, 76]",4030,0,0,0
1814,"[8336, 77]",3973,158,64,0
1815,"[8336, 78]",3943,158,64,0
1816,"[8336, 79]",3864,0,0,0
1817,"[8336, 80]",3863,0,0,0
1818,"[8336, 81]",3644,2,1,0
1819,"[8336, 83]",5751,57,26,0
1820,"[8336, 84]",5748,57,26,25
1821,"[8336, 85]",5563,0,0,0
1822,"[8336, 86]",5523,158,64,3
1823,"[8336, 87]",5372,0,0,-1
1824,"[8336, 88]",5195,57,26,19
1825,"[8336, 89]",12761,158,64,6
1826,"[8336, 90]",12626,0,0,0
1827,"[8336, 95]",14242,158,64,0
1828,"[8444, 1]",19357,0,0,-1
1829,"[8444, 2]",19356,0,0,-1
1830,"[8444, 4]",36176,158,64,-1
1831,"[8444, 5]",36172,158,64,-1
1832,"[8444, 6]",36170,2,1,-1
1833,"[8475, 0]",9920,41,18,0
1834,"[8507, 0]",2120,0,0,-1
1835,"[8507, 1]",2643,158,64,-1
1836,"[8521, 0]",1765,0,0,-1
1837,"[8521, 1]",3709,158,64,26
1838,"[8532, 0]",7998,158,64,-1
1839,"[8532, 1]",16407,158,64,-1
1840,"[8532, 2]",55742,158,64,-1
1841,"[8631, 0]",3417,54,24,0
1842,"[8631, 1]",3416,0,0,0
1843,"[8631, 2]",3415,0,0,0
1844,"[8631, 3]",6235,0,0,0
1845,"[8631, 4]",6231,57,26,0
1846,"[8631, 5]",6334,158,64,3
1847,"[8648, 129]",12107,158,64,-1
1848,"[8648, 130]",12106,158,64,-1
1849,"[8648, 149]",10323,156,64,-1
1850,"[8648, 150]",10322,0,0,-1
1851,"[8648, 195]",14731,0,0,-1
1852,"[8648, 196]",14730,0,0,-1
1853,"[8648, 203]",13925,156,64,-1
1854,"[8648, 204]",13923,0,0,-1
1855,"[8648, 205]",13922,0,0,-1
1856,"[8648, 216]",12247,0,0,-1
1857,"[8648, 217]",33700,158,64,-1
1858,"[8648, 227]",30958,158,64,-1
1859,"[8648, 232]",27958,2,1,-1
1860,"[8648, 233]",27953,158,64,-1
1861,"[8794, 0]",2349,158,64,-1
1862,"[8809, 12]",41056,158,64,-1
1863,"[8839, 0]",11764,2,1,-1
1864,"[8839, 1]",54425,158,64,-1
1865,"[8853, 0]",36,0,0,-1
1866,"[8853, 1]",35,0,0,-1
1867,"[8853, 2]",147,0,0,-1
1868,"[8853, 3]",146,0,0,-1
1869,"[8853, 4]",141,0,0,-1
1870,"[8853, 5]",3165,156,64,-1
1871,"[8853, 6]",3163,0,0,-1
1872,"[8853, 7]",3125,156,64,-1
1873,"[8853, 8]",3124,0,0,-1
1874,"[8853, 12]",3939,2,1,-1
1875,"[8853, 13]",3898,2,1,-1
1876,"[8909, 0]",20,0,0,-1
1877,"[8909, 1]",19,156,64,-1
1878,"[8909, 2]",18,0,0,-1
1879,"[8909, 3]",109,158,64,-1
1880,"[8909, 4]",1034,158,64,-1
1881,"[8909, 5]",1033,158,64,-1
1882,"[8920, 19]",443,158,64,-1
1883,"[8920, 22]",416,0,0,-1
1884,"[8920, 24]",2804,158,64,-1
1885,"[8920, 25]",2802,0,0,-1
1886,"[8920, 26]",2800,0,0,-1
1887,"[8920, 27]",2748,2,1,-1
1888,"[8920, 28]",2747,0,0,-1
1889,"[8920, 29]",2745,158,64,-1
1890,"[8920, 31]",2681,0,0,-1
1891,"[8920, 32]",2618,0,0,0
1892,"[8920, 33]",2616,0,0,0
1893,"[8920, 34]",2615,0,0,0
1894,"[8920, 35]",2611,0,0,0
1895,"[8920, 44]",3532,0,0,0
1896,"[8920, 45]",3530,0,0,0
1897,"[8920, 46]",3529,0,0,0
1898,"[8920, 47]",3526,0,0,0
1899,"[8920, 48]",3520,0,0,-1
1900,"[8920, 49]",3514,158,64,0
1901,"[8920, 50]",3513,158,64,0
1902,"[8920, 51]",3510,0,0,0
1903,"[8920, 52]",3509,0,0,0
1904,"[8920, 53]",3508,0,0,0
1905,"[8920, 54]",3506,2,1,0
1906,"[8920, 55]",3503,158,64,0
1907,"[8920, 56]",3502,0,0,0
1908,"[8920, 57]",3500,0,0,0
1909,"[8920, 58]",3499,0,0,0
1910,"[8920, 59]",3498,0,0,0
1911,"[8920, 60]",3497,0,0,0
1912,"[8920, 61]",3491,158,64,-1
1913,"[8920, 62]",3489,0,0,-1
1914,"[8920, 63]",3486,0,0,0
1915,"[8920, 64]",3483,0,0,0
1916,"[8920, 65]",3474,158,64,0
1917,"[8920, 66]",3189,0,0,-1
1918,"[8920, 67]",3184,0,0,-1
1919,"[8920, 68]",3056,57,26,18
1920,"[8920, 69]",3053,0,0,-1
1921,"[8920, 71]",2958,158,64,-1
1922,"[8920, 76]",10950,156,64,-1
1923,"[8920, 77]",10948,158,64,-1
1924,"[8920, 78]",10799,0,0,-1
1925,"[8920, 79]",10708,0,0,-1
1926,"[8920, 80]",10707,0,0,-1
1927,"[8920, 81]",10664,0,0,-1
1928,"[8920, 82]",10141,54,24,0
1929,"[8920, 83]",10140,0,0,0
1930,"[8920, 84]",10138,0,0,0
1931,"[8920, 85]",10120,41,18,0
1932,"[8920, 86]",10109,158,64,-1
1933,"[8920, 87]",10108,158,64,-1
1934,"[8920, 88]",10107,0,0,-1
1935,"[8920, 89]",10106,0,0,-1
1936,"[8920, 90]",10105,0,0,-1
1937,"[8920, 91]",10038,0,0,0
1938,"[8920, 92]",10037,0,0,0
1939,"[8920, 93]",10035,0,0,0
1940,"[8920, 94]",10034,0,0,0
1941,"[8920, 95]",10032,0,0,0
1942,"[8920, 96]",10027,0,0,0
1943,"[8920, 97]",10026,0,0,0
1944,"[8920, 98]",10023,158,64,19
1945,"[8920, 99]",10021,0,0,-1
1946,"[8920, 100]",10016,0,0,7
1947,"[8920, 101]",10013,57,26,0
1948,"[8920, 102]",9984,0,0,-1
1949,"[8920, 103]",9983,156,64,-1
1950,"[8920, 104]",9979,2,1,0
1951,"[8920, 105]",9977,0,0,0
1952,"[8920, 106]",9974,0,0,0
1953,"[8920, 107]",9973,59,28,0
1954,"[8920, 108]",9972,0,0,0
1955,"[8920, 109]",9923,0,0,-1
1956,"[8920, 110]",9891,2,1,0
1957,"[8920, 111]",9887,0,0,0
1958,"[8920, 112]",9880,2,1,0
1959,"[8920, 113]",9876,158,64,0
1960,"[8920, 114]",9870,41,18,21
1961,"[8920, 116]",13598,158,64,0
1962,"[8920, 117]",13597,54,24,0
1963,"[8920, 118]",13596,0,0,0
1964,"[8920, 119]",13595,0,0,0
1965,"[8920, 120]",13594,0,0,0
1966,"[8920, 121]",13551,0,0,-1
1967,"[8920, 122]",13372,2,1,8
1968,"[8920, 123]",13366,158,64,7
1969,"[8920, 124]",13348,0,0,0
1970,"[8920, 125]",13322,158,64,-1
1971,"[8920, 126]",13205,158,64,-1
1972,"[8920, 127]",13179,0,0,5
1973,"[8920, 128]",13151,0,0,2
1974,"[8920, 129]",13146,158,64,0
1975,"[8920, 130]",13120,0,0,0
1976,"[8920, 131]",13119,0,0,0
1977,"[8920, 132]",13113,0,0,0
1978,"[8920, 133]",13106,41,18,0
1979,"[8920, 134]",13101,55,26,0
1980,"[8920, 135]",13097,158,64,0
1981,"[8920, 136]",13042,158,64,-1
1982,"[8920, 137]",13038,0,0,1
1983,"[8920, 138]",13029,158,64,3
1984,"[8920, 140]",12973,158,64,0
1985,"[8920, 141]",12873,158,64,-1
1986,"[8920, 143]",12850,0,0,-1
1987,"[8920, 144]",12849,0,0,-1
1988,"[8920, 145]",12783,156,64,23
1989,"[8920, 151]",21596,0,0,-1
1990,"[8920, 154]",21070,0,0,0
1991,"[8920, 155]",21069,156,64,0
1992,"[8920, 156]",20953,0,0,0
1993,"[8920, 157]",20930,0,0,0
1994,"[8920, 158]",20926,158,64,0
1995,"[8920, 159]",20925,0,0,0
1996,"[8920, 160]",20868,0,0,-1
1997,"[8920, 161]",20784,158,64,0
1998,"[8920, 162]",20518,0,0,0
1999,"[8920, 163]",20344,158,64,-1
2000,"[8920, 164]",20294,156,64,0
2001,"[8920, 165]",20293,158,64,0
2002,"[8920, 166]",20290,158,64,0
2003,"[8920, 167]",20287,57,26,-1
2004,"[8920, 169]",25417,158,64,0
2005,"[8920, 170]",25266,158,64,-1
2006,"[8920, 171]",25143,158,64,0
2007,"[8920, 172]",25114,158,64,0
2008,"[8920, 173]",25112,0,0,0
2009,"[8920, 174]",25111,0,0,0
2010,"[8920, 175]",25109,0,0,0
2011,"[8920, 176]",25108,0,0,0
2012,"[8920, 177]",25086,156,64,0
2013,"[8920, 178]",24934,156,64,2
2014,"[8920, 179]",24776,0,0,0
2015,"[8920, 184]",30034,41,18,0
2016,"[8920, 185]",29754,0,0,0
2017,"[8920, 186]",29748,0,0,0
2018,"[8920, 187]",29729,41,18,0
2019,"[8920, 188]",29725,41,18,0
2020,"[8920, 190]",32566,2,1,0
2021,"[8920, 191]",32530,57,26,0
2022,"[8939, 0]",3825,158,64,0
2023,"[8939, 1]",3824,158,64,0
2024,"[8971, 0]",2129,158,64,-1
2025,"[9135, 0]",11579,41,18,0
2026,"[9135, 1]",11577,41,18,0
2027,"[9164, 0]",2448,156,64,-1
2028,"[9211, 0]",19858,156,64,-1
2029,"[9211, 1]",19250,158,64,-1
2030,"[9294, 0]",14807,0,0,-1
2031,"[9294, 1]",12005,158,64,-1
2032,"[9294, 2]",11154,158,64,-1
2033,"[9294, 3]",57776,0,0,-1
2034,"[9294, 4]",50569,2,1,-1
2035,"[9294, 5]",46384,156,64,-1
2036,"[9294, 6]",43785,0,0,-1
2037,"[9294, 7]",74097,156,64,-1
2038,"[9294, 8]",74095,158,64,-1
2039,"[9294, 9]",74092,158,64,-1
2040,"[9294, 10]",74091,0,0,-1
2041,"[9294, 11]",74077,0,0,-1
2042,"[9294, 12]",74076,0,0,-1
2043,"[9294, 13]",69615,158,64,-1
2044,"[9294, 14]",69613,0,0,-1
2045,"[9294, 15]",69612,0,0,-1
2046,"[9294, 16]",69605,0,0,-1
2047,"[9294, 17]",159577,2,1,-1
2048,"[9294, 18]",143237,158,64,-1
2049,"[9294, 19]",135436,158,64,-1
2050,"[9294, 20]",135434,158,64,-1
2051,"[9294, 21]",135433,0,0,-1
2052,"[9294, 22]",135429,158,64,-1
2053,"[9294, 23]",135427,156,64,-1
2054,"[9294, 24]",135423,156,64,-1
2055,"[9294, 25]",135422,0,0,-1
2056,"[9294, 26]",135396,158,64,-1
2057,"[9294, 27]",135395,2,1,-1
2058,"[9294, 28]",135392,158,64,-1
2059,"[9294, 29]",104889,158,64,-1
2060,"[9294, 30]",104888,0,0,-1
2061,"[9294, 31]",104883,2,1,-1
2062,"[9294, 32]",104881,158,64,-1
2063,"[9294, 33]",104879,0,0,-1
2064,"[9294, 34]",104840,0,0,-1
2065,"[9294, 35]",104836,0,0,-1
2066,"[9294, 36]",104835,0,0,-1
2067,"[9294, 37]",104823,156,64,-1
2068,"[9294, 38]",81174,158,64,-1
2069,"[9294, 39]",179357,0,0,-1
2070,"[9294, 40]",179334,158,64,-1
2071,"[9294, 41]",179283,156,64,-1
2072,"[9294, 42]",179282,158,64,-1
2073,"[9294, 43]",179280,0,0,-1
2074,"[9294, 44]",179230,0,0,-1
2075,"[9294, 45]",173027,158,64,-1
2076,"[9294, 46]",172954,158,64,-1
2077,"[9294, 47]",279016,158,64,-1
2078,"[9294, 48]",277655,156,64,-1
2079,"[9294, 49]",207471,156,64,-1
2080,"[9294, 50]",197209,158,64,-1
2081,"[9294, 51]",197208,158,64,-1
2082,"[9294, 52]",197078,158,64,-1
2083,"[9294, 53]",196993,158,64,-1
2084,"[9294, 54]",309416,158,64,-1
2085,"[9294, 55]",297231,158,64,-1
2086,"[9294, 56]",297228,156,64,-1
2087,"[9294, 57]",297227,156,64,-1
2088,"[9294, 58]",391137,158,64,-1
2089,"[9294, 59]",373809,158,64,-1
2090,"[9294, 60]",373808,158,64,-1
2091,"[9294, 61]",325152,158,64,-1
2092,"[9294, 62]",429786,158,64,-1
2093,"[9294, 63]",464012,2,1,-1
2094,"[9326, 0]",1671,158,64,-1
2095,"[9326, 1]",1669,0,0,-1
2096,"[9326, 2]",1668,0,0,-1
2097,"[9326, 5]",3422,0,0,-1
2098,"[9326, 6]",6390,0,0,-1
2099,"[9326, 9]",14454,158,64,-1
2100,"[9374, 0]",16,158,64,-1
2101,"[9374, 1]",13,0,0,-1
2102,"[9374, 2]",193,0,0,-1
2103,"[9374, 3]",192,0,0,6
2104,"[9374, 4]",753,0,0,0
2105,"[9374, 5]",751,0,0,0
2106,"[9374, 6]",749,0,0,0
2107,"[9374, 7]",744,0,0,-1
2108,"[9374, 8]",1883,0,0,1
2109,"[9374, 9]",1842,0,0,0
2110,"[9374, 10]",1841,0,0,0
2111,"[9374, 11]",1840,0,0,0
2112,"[9374, 12]",1839,0,0,0
2113,"[9374, 13]",1835,2,1,0
2114,"[9374, 14]",1834,158,64,0
2115,"[9374, 15]",1833,0,0,0
2116,"[9374, 16]",1829,41,18,0
2117,"[9374, 17]",2352,0,0,0
2118,"[9374, 18]",2327,0,0,0
2119,"[9374, 19]",2326,158,64,0
2120,"[9374, 20]",2325,0,0,0
2121,"[9374, 21]",2324,0,0,0
2122,"[9374, 22]",2320,41,18,0
2123,"[9374, 23]",2319,0,0,0
2124,"[9374, 24]",2317,0,0,0
2125,"[9374, 25]",2312,41,18,0
2126,"[9374, 26]",2304,158,64,0
2127,"[9374, 27]",2269,2,1,0
2128,"[9374, 28]",2266,0,0,0
2129,"[9374, 29]",3838,156,64,0
2130,"[9374, 30]",3837,41,18,0
2131,"[9374, 31]",3836,0,0,0
2132,"[9374, 32]",3835,0,0,0
2133,"[9374, 33]",3736,64,29,0
2134,"[9374, 34]",3730,2,1,0
2135,"[9374, 35]",3706,158,64,0
2136,"[9374, 36]",3704,41,18,0
2137,"[9374, 37]",3702,0,0,0
2138,"[9374, 38]",3699,158,64,0
2139,"[9374, 39]",3611,0,0,0
2140,"[9374, 40]",4242,0,0,0
2141,"[9374, 41]",4135,0,0,0
2142,"[9374, 42]",4133,0,0,0
2143,"[9374, 43]",4131,0,0,0
2144,"[9374, 44]",3952,0,0,0
2145,"[9374, 45]",3949,57,26,0
2146,"[9374, 46]",4973,156,64,0
2147,"[9374, 47]",4734,0,0,0
2148,"[9374, 48]",4720,57,26,0
2149,"[9374, 49]",4699,158,64,0
2150,"[9374, 50]",4587,2,1,0
2151,"[9374, 51]",5208,158,64,0
2152,"[9419, 0]",2047,158,64,0
2153,"[9419, 1]",2046,0,0,0
2154,"[9419, 2]",2044,0,0,0
2155,"[9419, 3]",7044,158,64,0
2156,"[9419, 4]",7041,158,64,0
2157,"[9419, 5]",11642,0,0,0
2158,"[9419, 6]",24606,158,64,0
2159,"[9419, 7]",23833,2,1,-1
2160,"[9440, 2]",125649,158,64,-1
2161,"[9488, 0]",31093,0,0,-1
2162,"[9488, 3]",49002,158,64,-1
2163,"[9490, 0]",21,41,18,0
2164,"[9490, 1]",20,0,0,0
2165,"[9490, 2]",17,0,0,0
2166,"[9490, 3]",66,41,18,0
2167,"[9490, 4]",64,0,0,0
2168,"[9490, 5]",60,41,18,0
2169,"[9490, 6]",272,158,64,0
2170,"[9490, 7]",270,0,0,0
2171,"[9490, 8]",394,158,64,0
2172,"[9507, 0]",19,0,0,0
2173,"[9507, 1]",18,0,0,0
2174,"[9507, 2]",17,0,0,0
2175,"[9507, 3]",16,0,0,0
2176,"[9507, 4]",14,0,0,0
2177,"[9507, 5]",192,41,18,0
2178,"[9507, 6]",191,61,28,0
2179,"[9507, 7]",189,0,0,0
2180,"[9507, 8]",187,0,0,0
2181,"[9507, 9]",186,158,64,0
2182,"[9507, 10]",182,0,0,0
2183,"[9507, 11]",178,158,64,0
2184,"[9507, 12]",175,158,64,-1
2185,"[9507, 13]",735,156,64,0
2186,"[9507, 14]",712,158,64,0
2187,"[9507, 15]",705,0,0,0
2188,"[9507, 16]",1975,158,64,0
2189,"[9537, 0]",4387,158,64,-1
2190,"[9540, 1]",19591,158,64,-1
2191,"[9548, 0]",1010,158,64,8
2192,"[9592, 0]",2725,158,64,-1
2193,"[9596, 0]",5795,2,1,-1
2194,"[9596, 1]",5794,0,0,0
2195,"[9596, 2]",10972,158,64,0
2196,"[9649, 0]",2999,158,64,6
2197,"[9692, 0]",3409,156,64,-1
2198,"[9720, 0]",998,0,0,-1
2199,"[9731, 0]",788,158,64,-1
2200,"[9731, 1]",624,158,64,9
2201,"[9731, 2]",622,0,0,-1
2202,"[9731, 3]",1777,158,64,12
2203,"[9757, 0]",42,158,64,-1
2204,"[9789, 0]",23,0,0,-1
2205,"[9789, 8]",205,0,0,-1
2206,"[9789, 9]",189,158,64,-1
2207,"[9789, 10]",179,2,1,-1
2208,"[9789, 11]",949,158,64,-1
2209,"[9789, 12]",947,0,0,-1
2210,"[9789, 13]",946,0,0,-1
2211,"[9789, 14]",934,0,0,-1
2212,"[9789, 21]",2220,0,0,-1
2213,"[9789, 22]",2204,0,0,-1
2214,"[9789, 23]",2168,0,0,-1
2215,"[9789, 24]",2164,158,64,-1
2216,"[9789, 25]",2160,158,64,-1
2217,"[9789, 26]",2159,158,64,-1
2218,"[9789, 27]",4377,158,64,-1
2219,"[9789, 28]",4350,0,0,-1
2220,"[9789, 29]",7015,158,64,-1
2221,"[9870, 12]",22740,156,64,-1
2222,"[9892, 0]",35,158,64,-1
2223,"[9911, 0]",6381,2,1,-1
2224,"[9911, 1]",6034,158,64,-1
2225,"[9911, 2]",3200,158,64,-1
2226,"[9911, 3]",3199,158,64,-1
2227,"[9913, 0]",1523,0,0,0
2228,"[9913, 1]",1522,0,0,0
2229,"[9913, 2]",2848,156,64,2
2230,"[9913, 3]",2844,158,64,4
2231,"[9961, 0]",1940,0,0,0
2232,"[9961, 1]",2484,2,1,0
2233,"[9993, 0]",2951,0,0,0
2234,"[9993, 1]",1893,57,26,0
2235,"[9993, 2]",3949,41,18,0
2236,"[9993, 3]",10762,0,0,0
2237,"[9993, 4]",11025,158,64,0
2238,"[10019, 0]",23,0,0,0
2239,"[10019, 1]",21,0,0,0
2240,"[10019, 2]",59,158,64,0
2241,"[10019, 3]",45,158,64,0
2242,"[10025, 117]",116605,0,0,-1
2243,"[10025, 118]",116604,0,0,-1
2244,"[10025, 119]",173265,0,0,-1
2245,"[10025, 120]",173260,0,0,-1
2246,"[10025, 126]",173392,156,64,-1
2247,"[10025, 127]",173329,158,64,-1
2248,"[10025, 128]",173326,2,1,-1
2249,"[10090, 31]",2501,158,64,-1
2250,"[10090, 32]",2500,158,64,-1
2251,"[10090, 33]",2498,0,0,-1
2252,"[10090, 57]",2791,158,64,-1
2253,"[10090, 58]",2790,0,0,-1
2254,"[10090, 59]",8083,158,64,-1
2255,"[10090, 63]",7496,0,0,-1
2256,"[10090, 64]",7495,0,0,-1
2257,"[10090, 68]",7357,2,1,-1
2258,"[10090, 69]",7356,0,0,-1
2259,"[10090, 72]",8862,0,0,-1
2260,"[10090, 73]",8717,2,1,-1
2261,"[10090, 74]",8713,158,64,-1
2262,"[10090, 76]",13118,158,64,-1
2263,"[10400, 0]",23,2,1,0
2264,"[10400, 1]",21,0,0,0
2265,"[10400, 2]",20,0,0,0
2266,"[10400, 3]",135,0,0,0
2267,"[10400, 4]",133,0,0,0
2268,"[10400, 5]",127,2,1,0
2269,"[10400, 6]",687,0,0,-1
2270,"[10400, 7]",685,0,0,-1
2271,"[10400, 8]",684,0,0,-1
2272,"[10400, 9]",671,0,0,0
2273,"[10400, 10]",670,158,64,0
2274,"[10400, 11]",666,0,0,0
2275,"[10400, 12]",1774,156,64,0
2276,"[10400, 13]",1747,37,18,0
2277,"[10400, 14]",1671,158,64,8
2278,"[10400, 15]",1669,0,0,-1
2279,"[10400, 16]",1667,0,0,-1
2280,"[10400, 17]",1664,0,0,1
2281,"[10400, 18]",1663,158,64,1
2282,"[10400, 19]",1659,0,0,-1
2283,"[10400, 20]",4388,0,0,-1
2284,"[10400, 21]",4350,156,64,-1
2285,"[10400, 22]",4326,0,0,-1
2286,"[10400, 23]",4323,156,64,-1
2287,"[10400, 24]",4095,158,64,0
2288,"[10400, 25]",4093,0,0,0
2289,"[10400, 26]",5261,158,64,0
2290,"[10400, 27]",5260,158,64,0
2291,"[10400, 28]",4981,158,64,7
2292,"[10400, 29]",4902,158,64,-1
2293,"[10400, 30]",18590,158,64,0
2294,"[10400, 31]",18589,0,0,0
2295,"[10400, 32]",19253,156,64,0
2296,"[10404, 0]",1162,158,64,-1
2297,"[10455, 0]",5267,158,64,0
2298,"[10455, 1]",13073,158,64,0
2299,"[10455, 2]",13072,0,0,0
2300,"[10455, 3]",16575,57,26,0
2301,"[10474, 0]",14,158,64,-1
2302,"[10495, 0]",5823,156,64,-1
2303,"[10518, 0]",600,158,64,18
2304,"[10518, 1]",598,158,64,-1
2305,"[10518, 2]",596,0,0,-1
2306,"[10518, 3]",594,0,0,-1
2307,"[10518, 4]",1785,2,1,-1
2308,"[10518, 5]",1771,158,64,-1
2309,"[10612, 0]",813,156,64,-1
2310,"[10612, 1]",809,0,0,-1
2311,"[10612, 2]",3062,158,64,-1
2312,"[10618, 0]",21530,158,64,0
2313,"[10669, 0]",2103,158,64,4
2314,"[10683, 0]",37,158,64,-1
2315,"[10683, 1]",176,158,64,-1
2316,"[10683, 2]",173,158,64,-1
2317,"[10683, 3]",172,158,64,-1
2318,"[10683, 4]",166,0,0,-1
2319,"[10683, 5]",160,158,64,-1
2320,"[10683, 6]",159,158,64,-1
2321,"[10683, 7]",158,158,64,-1
2322,"[10683, 8]",1622,158,64,-1
2323,"[10683, 9]",1619,156,64,-1
2324,"[10683, 10]",1618,0,0,-1
2325,"[10683, 11]",1617,0,0,-1
2326,"[10683, 12]",1615,0,0,-1
2327,"[10683, 13]",1610,158,64,-1
2328,"[10683, 16]",2544,158,64,-1
2329,"[10683, 17]",2538,0,0,-1
2330,"[10683, 18]",2533,158,64,-1
2331,"[10683, 19]",4607,158,64,-1
2332,"[10686, 11]",3804,0,0,-1
2333,"[10686, 12]",3803,58,26,3
2334,"[10686, 13]",3802,0,0,1
2335,"[10686, 14]",3800,0,0,-1
2336,"[10686, 15]",3795,0,0,-1
2337,"[10686, 16]",3794,0,0,-1
2338,"[10686, 22]",4301,158,64,-1
2339,"[10686, 23]",4297,0,0,-1
2340,"[10686, 24]",4013,0,0,3
2341,"[10686, 25]",4008,2,1,7
2342,"[10686, 26]",3990,156,64,0
2343,"[10686, 27]",3984,0,0,-1
2344,"[10686, 28]",8610,2,1,6
2345,"[10686, 29]",8482,158,64,4
2346,"[10686, 30]",8250,158,64,-1
2347,"[10719, 0]",20,0,0,-1
2348,"[10719, 1]",119,2,1,-1
2349,"[10733, 0]",680,0,0,-1
2350,"[10733, 1]",679,0,0,-1
2351,"[10733, 2]",2236,2,1,-1
2352,"[10733, 3]",2233,0,0,-1
2353,"[10733, 4]",2227,0,0,-1
2354,"[10733, 5]",3299,0,0,-1
2355,"[10733, 6]",4159,158,64,-1
2356,"[10917, 0]",1312,158,64,-1
2357,"[10938, 0]",1168,0,0,-1
2358,"[10938, 1]",1167,0,0,-1
2359,"[10939, 4]",17981,158,64,-1
2360,"[11105, 0]",278,158,64,-1
2361,"[11162, 0]",4372,158,64,-1
2362,"[11349, 11]",3183,158,64,-1
2363,"[11354, 0]",8292,57,26,0
2364,"[11354, 1]",8291,0,0,0
2365,"[11354, 2]",14043,156,64,-1
2366,"[11383, 0]",27,0,0,-1
2367,"[11466, 0]",933,41,18,0
2368,"[11490, 10]",3484,158,64,-1
2369,"[11511, 0]",35369,158,64,-1
2370,"[11511, 2]",54459,0,0,0
2371,"[11511, 3]",65953,158,64,3
2372,"[11552, 0]",13085,158,64,0
2373,"[11671, 0]",2151,158,64,0
2374,"[11703, 0]",1025,158,64,-1
2375,"[11721, 0]",45330,2,1,-1
2376,"[11775, 0]",4717,2,1,-1
2377,"[11792, 0]",8212,158,64,-1
2378,"[11795, 0]",601,158,64,0
2379,"[11864, 0]",583,158,64,-1
2380,"[11864, 1]",10446,0,0,0
2381,"[11864, 2]",10708,41,18,0
2382,"[11941, 0]",6162,158,64,-1
2383,"[12011, 13]",2140,158,64,-1
2384,"[12037, 7]",867,158,64,-1
2385,"[12037, 8]",866,0,0,-1
2386,"[12037, 42]",2205,158,64,-1
2387,"[12037, 43]",2204,0,0,-1
2388,"[12037, 174]",17781,158,64,-1
2389,"[12041, 38]",5010,0,0,-1
2390,"[12041, 39]",5004,158,64,-1
2391,"[12041, 40]",4999,156,64,-1
2392,"[12041, 56]",14624,156,64,-1
2393,"[12041, 57]",14622,0,0,-1
2394,"[12111, 17]",3261,158,64,-1
2395,"[12201, 0]",1253,0,0,0
2396,"[12201, 1]",3581,54,24,0
2397,"[12206, 0]",579,55,24,0
2398,"[12206, 1]",578,158,64,0
2399,"[12206, 2]",9267,0,0,0
2400,"[12206, 3]",9264,0,0,0
2401,"[12206, 4]",9262,0,0,0
2402,"[12206, 5]",4671,0,0,0
2403,"[12206, 6]",16962,158,64,0
2404,"[12206, 7]",15353,158,64,0
2405,"[12206, 8]",15350,158,64,-1
2406,"[12206, 9]",15332,57,26,-1
2407,"[12206, 10]",21981,158,64,0
2408,"[12206, 11]",21980,0,0,0
2409,"[12206, 12]",37471,158,64,3
2410,"[12338, 0]",5799,158,64,-1
2411,"[12350, 0]",2193,2,1,-1
2412,"[12455, 0]",1456,2,1,-1
2413,"[12590, 0]",725,0,0,-1
2414,"[12590, 1]",1407,158,64,-1
2415,"[12594, 0]",6566,158,64,-1
2416,"[12594, 1]",6563,158,64,-1
2417,"[12594, 2]",13788,158,64,-1
2418,"[12651, 0]",1799,158,64,0
2419,"[12651, 1]",1680,158,64,0
2420,"[12651, 2]",961,41,18,0
2421,"[12651, 3]",960,0,0,0
2422,"[12651, 4]",959,0,0,0
2423,"[12651, 5]",4649,0,0,0
2424,"[12651, 6]",4646,0,0,0
2425,"[12651, 7]",4645,0,0,0
2426,"[12651, 8]",4644,0,0,0
2427,"[12651, 9]",4643,0,0,0
2428,"[12651, 10]",4640,75,32,0
2429,"[12651, 11]",4638,0,0,0
2430,"[12651, 12]",4637,41,18,0
2431,"[12651, 13]",4634,0,0,0
2432,"[12651, 14]",4633,0,0,0
2433,"[12651, 15]",10274,2,1,0
2434,"[12651, 16]",5441,64,29,0
2435,"[12651, 17]",5440,41,18,0
2436,"[12651, 18]",5439,158,64,0
2437,"[12651, 19]",5435,0,0,0
2438,"[12651, 20]",5434,0,0,0
2439,"[12651, 21]",5423,2,1,0
2440,"[12651, 22]",5398,158,64,0
2441,"[12651, 23]",5395,0,0,0
2442,"[12651, 24]",5394,0,0,0
2443,"[12651, 25]",5390,0,0,0
2444,"[12651, 26]",5389,0,0,0
2445,"[12651, 27]",5382,0,0,0
2446,"[12651, 28]",5378,158,64,0
2447,"[12651, 29]",5377,158,64,0
2448,"[12651, 30]",5370,0,0,0
2449,"[12651, 31]",14593,41,18,0
2450,"[12651, 32]",14526,156,64,0
2451,"[12651, 33]",14525,41,18,0
2452,"[12651, 34]",14484,158,64,4
2453,"[12651, 35]",14483,2,1,-1
2454,"[12651, 36]",14479,0,0,3
2455,"[12651, 37]",14471,158,64,-1
2456,"[12651, 38]",14448,0,0,0
2457,"[12651, 39]",14447,0,0,0
2458,"[12651, 40]",14445,0,0,0
2459,"[12651, 41]",14441,2,1,0
2460,"[12651, 42]",14440,158,64,0
2461,"[12651, 43]",14324,2,1,0
2462,"[12651, 44]",14322,0,0,0
2463,"[12651, 45]",14321,0,0,0
2464,"[12651, 46]",14317,41,18,0
2465,"[12651, 47]",14316,0,0,0
2466,"[12651, 48]",15111,64,29,0
2467,"[12651, 49]",15092,54,24,0
2468,"[12651, 50]",15091,37,18,0
2469,"[12651, 51]",15088,41,18,0
2470,"[12651, 52]",14936,0,0,0
2471,"[12651, 53]",14935,158,64,0
2472,"[12651, 54]",14924,0,0,0
2473,"[12651, 55]",14921,55,26,0
2474,"[12651, 56]",14829,0,0,0
2475,"[12651, 57]",24569,158,64,-1
2476,"[12651, 58]",24442,158,64,40
2477,"[12651, 59]",24421,156,64,0
2478,"[12680, 0]",20,0,0,0
2479,"[12680, 1]",18,0,0,0
2480,"[12680, 2]",147,158,64,-1
2481,"[12680, 3]",145,0,0,-1
2482,"[12680, 4]",137,0,0,0
2483,"[12680, 5]",131,156,64,0
2484,"[12680, 6]",127,0,0,0
2485,"[12680, 7]",124,0,0,0
2486,"[12680, 8]",112,158,64,4
2487,"[12680, 9]",770,0,0,-1
2488,"[12680, 10]",747,0,0,-1
2489,"[12680, 11]",746,0,0,-1
2490,"[12680, 12]",745,0,0,1
2491,"[12680, 13]",743,0,0,3
2492,"[12680, 14]",688,0,0,0
2493,"[12680, 15]",685,0,0,0
2494,"[12680, 16]",652,158,64,-1
2495,"[12680, 17]",651,156,64,-1
2496,"[12680, 18]",649,2,1,-1
2497,"[12680, 19]",630,0,0,-1
2498,"[12680, 20]",623,158,64,-1
2499,"[12680, 21]",1788,57,26,1
2500,"[12680, 22]",1695,156,64,0
2501,"[12680, 23]",1693,0,0,0
2502,"[12680, 24]",1691,0,0,0
2503,"[12680, 25]",1679,57,26,1
2504,"[12680, 26]",1563,0,0,0
2505,"[12680, 27]",1562,156,64,0
2506,"[12680, 28]",1554,158,64,0
2507,"[12680, 29]",1548,158,64,3
2508,"[12680, 30]",1508,41,18,10
2509,"[12680, 31]",2702,158,64,14
2510,"[12680, 32]",2631,0,0,0
2511,"[12680, 33]",2622,158,64,0
2512,"[12680, 34]",3713,156,64,0
2513,"[12692, 0]",1505,156,64,0
2514,"[12692, 1]",1504,158,64,0
2515,"[12692, 2]",1502,0,0,0
2516,"[12692, 3]",1500,0,0,0
2517,"[12692, 4]",6281,158,64,0
2518,"[12692, 5]",6279,0,0,0
2519,"[12692, 6]",6278,0,0,0
2520,"[12692, 7]",6275,53,24,0
2521,"[12692, 8]",6274,158,64,0
2522,"[12692, 9]",6273,158,64,0
2523,"[12692, 10]",9610,41,18,0
2524,"[12692, 11]",7056,0,0,0
2525,"[12692, 12]",7053,0,0,0
2526,"[12692, 13]",7052,0,0,0
2527,"[12692, 14]",7051,0,0,0
2528,"[12692, 15]",7049,2,1,0
2529,"[12692, 16]",7048,0,0,0
2530,"[12692, 17]",7046,0,0,0
2531,"[12692, 18]",19488,156,64,0
2532,"[12692, 19]",19473,156,64,0
2533,"[12692, 20]",19467,2,1,-1
2534,"[12692, 21]",19459,0,0,0
2535,"[12692, 22]",19454,156,64,0
2536,"[12692, 23]",19433,156,64,1
2537,"[12692, 24]",19773,0,0,0
2538,"[12692, 25]",19770,0,0,0
2539,"[12692, 26]",19769,0,0,0
2540,"[12692, 27]",30971,0,0,2
2541,"[12692, 28]",30968,0,0,0
2542,"[12692, 29]",30949,158,64,-1
2543,"[12692, 30]",31205,158,64,0
2544,"[12692, 31]",31190,0,0,0
2545,"[12692, 32]",35330,0,0,-1
2546,"[12692, 33]",35380,158,64,-1
2547,"[12744, 0]",1320,158,64,-1
2548,"[12746, 0]",114,0,0,-1
2549,"[12746, 1]",113,0,0,-1
2550,"[12746, 2]",1309,2,1,-1
2551,"[12746, 3]",1302,0,0,-1
2552,"[12746, 4]",1839,158,64,-1
2553,"[12779, 0]",4409,158,64,-1
2554,"[12790, 0]",9929,153,64,-1
2555,"[12790, 1]",8252,158,64,0
2556,"[12790, 2]",8250,0,0,0
2557,"[12790, 3]",7657,41,18,0
2558,"[12790, 4]",28060,158,64,0
2559,"[12790, 5]",61264,2,1,4
2560,"[12790, 6]",52135,158,64,3
2561,"[12790, 7]",49443,0,0,-1
2562,"[12790, 8]",34142,158,64,0
2563,"[12790, 9]",34140,0,0,0
2564,"[12790, 10]",82547,0,0,0
2565,"[12790, 11]",81220,0,0,0
2566,"[12790, 12]",78075,158,64,10
2567,"[12790, 13]",134729,158,64,6
2568,"[12790, 14]",128029,156,64,8
2569,"[12790, 15]",95701,0,0,2
2570,"[12790, 16]",90879,2,1,5
2571,"[12790, 17]",142793,158,64,0
2572,"[12790, 18]",171790,156,64,4
2573,"[12790, 19]",159293,158,64,0
2574,"[12790, 20]",158518,156,64,-1
2575,"[12790, 21]",149204,158,64,0
2576,"[12790, 22]",148026,0,0,-1
2577,"[12790, 23]",179869,158,64,4
2578,"[12797, 0]",8795,0,0,-1
2579,"[12815, 0]",8381,0,0,-1
2580,"[12817, 0]",20,156,64,-1
2581,"[12843, 2]",495,158,64,-1
2582,"[12843, 3]",494,158,64,-1
2583,"[12843, 4]",490,0,0,-1
2584,"[12843, 5]",489,0,0,-1
2585,"[12843, 6]",480,0,0,-1
2586,"[12843, 9]",466,2,1,-1
2587,"[12843, 10]",461,0,0,-1
2588,"[12843, 24]",1042,158,64,-1
2589,"[12843, 25]",1038,0,0,-1
2590,"[12843, 26]",1037,0,0,-1
2591,"[12843, 27]",1036,0,0,-1
2592,"[12843, 28]",1025,0,0,-1
2593,"[12843, 34]",975,0,0,-1
2594,"[12843, 35]",972,0,0,-1
2595,"[12843, 36]",971,0,0,-1
2596,"[12843, 37]",967,158,64,-1
2597,"[12843, 38]",903,0,0,-1
2598,"[12843, 39]",901,156,64,3
2599,"[12843, 40]",900,0,0,-1
2600,"[12843, 41]",899,158,64,-1
2601,"[12843, 42]",898,0,0,-1
2602,"[12843, 43]",897,0,0,-1
2603,"[12843, 44]",894,0,0,-1
2604,"[12843, 45]",886,158,64,-1
2605,"[12843, 46]",885,158,64,-1
2606,"[12843, 47]",880,0,0,-1
2607,"[12843, 48]",879,0,0,-1
2608,"[12843, 55]",801,0,0,-1
2609,"[12843, 56]",768,0,0,-1
2610,"[12843, 57]",767,156,64,-1
2611,"[12843, 58]",763,0,0,-1
2612,"[12843, 59]",756,0,0,-1
2613,"[12843, 60]",755,0,0,-1
2614,"[12843, 61]",754,0,0,-1
2615,"[12843, 62]",746,2,1,-1
2616,"[12843, 63]",6070,0,0,-1
2617,"[12843, 64]",6069,0,0,-1
2618,"[12843, 65]",6065,158,64,-1
2619,"[12843, 66]",6064,0,0,-1
2620,"[12843, 67]",6059,158,64,-1
2621,"[12843, 68]",5979,158,64,-1
2622,"[12843, 69]",5978,0,0,-1
2623,"[12843, 70]",5966,158,64,-1
2624,"[12843, 71]",5960,0,0,-1
2625,"[12843, 72]",5959,0,0,-1
2626,"[12843, 73]",5874,0,0,-1
2627,"[12843, 74]",5769,158,64,-1
2628,"[12843, 75]",5768,156,64,-1
2629,"[12843, 76]",5765,158,64,-1
2630,"[12843, 77]",5764,0,0,-1
2631,"[12843, 79]",5660,158,64,-1
2632,"[12843, 80]",5658,158,64,-1
2633,"[12843, 82]",5602,158,64,-1
2634,"[12843, 83]",5596,0,0,-1
2635,"[12843, 84]",5514,158,64,-1
2636,"[12843, 85]",5512,2,1,7
2637,"[12843, 86]",5510,0,0,1
2638,"[12843, 87]",5507,0,0,1
2639,"[12843, 88]",5500,0,0,-1
2640,"[12843, 89]",5492,0,0,-1
2641,"[12843, 90]",5488,0,0,-1
2642,"[12843, 91]",5477,156,64,5
2643,"[12843, 92]",5457,158,64,6
2644,"[12843, 93]",5427,0,0,-1
2645,"[12843, 94]",5426,2,1,-1
2646,"[12843, 95]",5425,0,0,-1
2647,"[12843, 96]",5420,158,64,-1
2648,"[12843, 97]",5419,158,64,-1
2649,"[12843, 98]",5415,156,64,-1
2650,"[12843, 99]",5096,2,1,-1
2651,"[12843, 100]",4994,0,0,-1
2652,"[12843, 101]",4988,158,64,-1
2653,"[12843, 102]",4987,0,0,-1
2654,"[12843, 103]",4910,0,0,-1
2655,"[12843, 104]",4909,0,0,-1
2656,"[12843, 105]",4905,158,64,-1
2657,"[12843, 106]",4901,158,64,-1
2658,"[12843, 107]",4900,2,1,-1
2659,"[12843, 108]",4895,156,64,-1
2660,"[12843, 120]",9465,158,64,-1
2661,"[12843, 121]",9463,0,0,-1
2662,"[12843, 122]",9460,158,64,-1
2663,"[12843, 123]",9398,158,64,-1
2664,"[12843, 124]",9384,158,64,-1
2665,"[12843, 125]",9098,158,64,-1
2666,"[12843, 126]",9086,2,1,-1
2667,"[12843, 127]",8772,0,0,-1
2668,"[12843, 128]",8741,158,64,-1
2669,"[12843, 129]",8669,158,64,-1
2670,"[12843, 130]",8667,158,64,5
2671,"[12843, 131]",8608,0,0,0
2672,"[12843, 132]",8603,0,0,0
2673,"[12843, 133]",8353,158,64,-1
2674,"[12843, 134]",7948,2,1,-1
2675,"[12843, 135]",6985,0,0,-1
2676,"[12843, 136]",6984,0,0,-1
2677,"[12843, 137]",6983,0,0,-1
2678,"[12843, 139]",6878,2,1,-1
2679,"[12843, 140]",6874,158,64,-1
2680,"[12843, 141]",6870,158,64,-1
2681,"[12843, 142]",6690,2,1,-1
2682,"[12843, 143]",6688,0,0,-1
2683,"[12843, 144]",6602,158,64,-1
2684,"[12843, 145]",6554,156,64,-1
2685,"[12843, 146]",6548,156,64,-1
2686,"[12843, 147]",6547,158,64,-1
2687,"[12843, 148]",23229,158,64,-1
2688,"[12843, 149]",22853,158,64,-1
2689,"[12843, 150]",22847,158,64,-1
2690,"[12843, 151]",22846,0,0,-1
2691,"[12843, 152]",22840,0,0,-1
2692,"[12843, 153]",22839,158,64,-1
2693,"[12843, 154]",22834,158,64,-1
2694,"[12843, 155]",20778,158,64,5
2695,"[12843, 156]",20745,0,0,0
2696,"[12843, 157]",20643,0,0,-1
2697,"[12843, 158]",20395,158,64,-1
2698,"[12843, 159]",19475,2,1,-1
2699,"[12843, 160]",19472,0,0,-1
2700,"[12843, 163]",34045,2,1,-1
2701,"[12843, 164]",30888,158,64,-1
2702,"[12843, 165]",29592,0,0,-1
2703,"[12843, 166]",29441,41,18,0
2704,"[12843, 167]",25296,158,64,-1
2705,"[12843, 168]",25293,0,0,-1
2706,"[12843, 169]",25266,0,0,-1
2707,"[12843, 170]",25265,0,0,-1
2708,"[12843, 171]",25264,0,0,-1
2709,"[12843, 172]",44903,158,64,-1
2710,"[12843, 173]",43857,0,0,-1
2711,"[12843, 174]",43856,158,64,-1
2712,"[12843, 175]",43851,158,64,-1
2713,"[12843, 176]",43849,0,0,-1
2714,"[12843, 177]",43848,156,64,-1
2715,"[12843, 178]",43842,158,64,-1
2716,"[12843, 179]",43841,0,0,-1
2717,"[12843, 180]",43779,158,64,-1
2718,"[12843, 181]",41467,156,64,18
2719,"[12843, 182]",45527,158,64,-1
2720,"[12843, 183]",45476,156,64,-1
2721,"[12907, 225]",7383,0,0,-1
2722,"[12907, 360]",20190,0,0,-1
2723,"[12907, 727]",99247,158,64,-1
2724,"[12907, 728]",99246,156,64,-1
2725,"[12951, 0]",1956,158,64,-1
2726,"[13015, 0]",1035,2,1,-1
2727,"[13015, 1]",1034,158,64,-1
2728,"[13015, 2]",5498,158,64,-1
2729,"[13015, 3]",5494,158,64,-1
2730,"[13015, 4]",4407,158,64,-1
2731,"[13028, 0]",966,158,64,-1
2732,"[13031, 0]",26,156,64,1
2733,"[13031, 1]",25,0,0,0
2734,"[13031, 2]",21,0,0,0
2735,"[13031, 3]",67,0,0,-1
2736,"[13031, 4]",40,158,64,0
2737,"[13031, 5]",407,0,0,3
2738,"[13031, 6]",589,0,0,-1
2739,"[13031, 7]",644,53,24,1
2740,"[13079, 0]",8925,158,64,12
2741,"[13079, 1]",8923,158,64,3
2742,"[13088, 0]",31,158,64,-1
2743,"[13088, 1]",26,0,0,-1
2744,"[13088, 2]",25,0,0,-1
2745,"[13088, 3]",106,156,64,-1
2746,"[13088, 4]",104,0,0,-1
2747,"[13088, 7]",1650,158,64,-1
2748,"[13322, 0]",24,0,0,-1
2749,"[13322, 1]",116,156,64,-1
2750,"[13322, 2]",115,0,0,-1
2751,"[13322, 4]",1500,156,64,-1
2752,"[13469, 6]",79325,0,0,-1
2753,"[13487, 0]",6967,0,0,-1
2754,"[13487, 1]",10471,158,64,4
2755,"[13526, 0]",62,158,64,-1
2756,"[13558, 0]",3453,41,18,0
2757,"[13558, 1]",3452,0,0,0
2758,"[13558, 2]",5215,61,28,0
2759,"[13596, 0]",56227,158,64,-1
2760,"[13596, 1]",43200,158,64,-1
2761,"[13596, 2]",37889,2,1,-1
2762,"[13596, 3]",139917,2,1,-1
2763,"[13596, 4]",165247,158,64,-1
2764,"[13596, 5]",165246,158,64,-1
2765,"[13596, 6]",253774,158,64,-1
2766,"[13596, 7]",219552,158,64,-1
2767,"[13596, 8]",219551,0,0,-1
2768,"[13596, 9]",212981,158,64,-1
2769,"[13596, 10]",278848,158,64,-1
2770,"[13596, 11]",278841,156,64,-1
2771,"[13596, 12]",343690,158,64,-1
2772,"[13596, 13]",320956,158,64,-1
2773,"[13596, 14]",417675,158,64,-1
2774,"[13596, 15]",415642,156,64,-1
2775,"[13596, 17]",457380,158,64,-1
2776,"[13618, 0]",4605,158,64,0
2777,"[13714, 0]",24355,57,26,2
2778,"[13714, 1]",21085,0,0,-1
2779,"[13714, 2]",39843,158,64,-1
2780,"[13731, 0]",50535,158,64,-1
2781,"[13731, 1]",48355,156,64,-1
2782,"[13734, 5]",1067,158,64,-1
2783,"[13734, 6]",1064,0,0,-1
2784,"[13734, 10]",2349,158,64,-1
2785,"[13734, 11]",2344,2,1,-1
2786,"[13734, 12]",2343,156,64,-1
2787,"[13736, 0]",3823,158,64,-1
2788,"[13795, 1]",1694,158,64,-1
2789,"[13796, 0]",32702,158,64,-1
2790,"[13799, 0]",53370,158,64,-1
2791,"[13820, 0]",4660,158,64,-1
2792,"[13820, 1]",15576,158,64,-1
2793,"[13820, 2]",12403,158,64,-1
2794,"[13820, 3]",12139,0,0,-1
2795,"[13820, 4]",19912,158,64,-1
2796,"[13880, 0]",23,156,64,-1
2797,"[13880, 1]",113,158,64,-1
2798,"[13880, 2]",112,0,0,-1
2799,"[13880, 3]",110,0,0,-1
2800,"[13880, 4]",104,158,64,-1
2801,"[13880, 5]",102,158,64,-1
2802,"[13880, 6]",101,0,0,-1
2803,"[13880, 7]",99,0,0,-1
2804,"[13880, 8]",1414,0,0,-1
2805,"[13880, 9]",1411,156,64,-1
2806,"[13880, 10]",1402,156,64,-1
2807,"[13880, 11]",1401,158,64,-1
2808,"[13880, 12]",1395,158,64,-1
2809,"[13880, 13]",1366,0,0,-1
2810,"[13880, 14]",1365,0,0,-1
2811,"[13880, 15]",1364,0,0,-1
2812,"[13880, 16]",1359,0,0,-1
2813,"[13880, 17]",1352,0,0,-1
2814,"[13880, 18]",2783,158,64,-1
2815,"[13880, 19]",2781,0,0,-1
2816,"[13880, 20]",2715,0,0,-1
2817,"[13880, 22]",2379,0,0,-1
2818,"[13880, 23]",2378,158,64,-1
2819,"[13880, 24]",2377,0,0,-1
2820,"[13880, 25]",4120,2,1,-1
2821,"[13880, 28]",3746,158,64,-1
2822,"[13880, 29]",3745,0,0,-1
2823,"[13880, 30]",3744,0,0,-1
2824,"[13880, 31]",6246,158,64,-1
2825,"[13880, 32]",6240,158,64,-1
2826,"[13880, 33]",6212,158,64,-1
2827,"[13880, 34]",6208,2,1,-1
2828,"[13899, 7]",498,158,64,-1
2829,"[13899, 9]",2106,2,1,-1
2830,"[13899, 10]",3140,158,64,-1
2831,"[13899, 11]",3139,156,64,-1
2832,"[13940, 0]",9846,2,1,1
2833,"[13942, 0]",1208,156,64,-1
2834,"[13998, 0]",908,158,64,-1
2835,"[13998, 1]",907,156,64,-1
2836,"[14035, 0]",1716,0,0,0
2837,"[14035, 1]",3129,0,0,0
2838,"[14035, 2]",7015,158,64,0
2839,"[14047, 11]",2722,156,64,-1
2840,"[14047, 67]",4957,2,1,-1
2841,"[14047, 68]",4954,0,0,-1
2842,"[14047, 78]",6949,156,64,-1
2843,"[14047, 79]",6945,0,0,-1
2844,"[14047, 80]",6944,0,0,-1
2845,"[14047, 111]",13058,0,0,-1
2846,"[14047, 112]",13051,158,64,-1
2847,"[14047, 115]",16783,158,64,-1
2848,"[14249, 0]",16,0,0,2
2849,"[14249, 1]",15,0,0,1
2850,"[14249, 2]",14,0,0,-1
2851,"[14249, 3]",147,0,0,-1
2852,"[14249, 4]",144,0,0,1
2853,"[14249, 5]",143,158,64,-1
2854,"[14249, 6]",136,156,64,-1
2855,"[14249, 7]",752,2,1,0
2856,"[14249, 8]",727,158,64,-1
2857,"[14249, 9]",724,0,0,-1
2858,"[14249, 10]",1685,158,64,-1
2859,"[14249, 24]",16335,0,0,-1
2860,"[14249, 25]",26453,2,1,-1
2861,"[14292, 0]",20,0,0,-1
2862,"[14292, 1]",19,0,0,-1
2863,"[14292, 2]",163,158,64,-1
2864,"[14292, 3]",156,156,64,-1
2865,"[14292, 4]",152,0,0,-1
2866,"[14292, 5]",151,0,0,-1
2867,"[14292, 6]",150,0,0,-1
2868,"[14292, 7]",148,0,0,-1
2869,"[14292, 8]",957,0,0,-1
2870,"[14292, 9]",941,158,64,-1
2871,"[14292, 10]",939,0,0,-1
2872,"[14292, 11]",937,158,64,-1
2873,"[14292, 12]",936,158,64,-1
2874,"[14292, 13]",929,158,64,-1
2875,"[14292, 14]",1974,158,64,-1
2876,"[14292, 15]",1771,0,0,-1
2877,"[14292, 16]",1701,158,64,-1
2878,"[14292, 17]",2980,158,64,-1
2879,"[14369, 0]",13974,0,0,0
2880,"[14369, 1]",17017,158,64,1
2881,"[14407, 0]",3230,0,0,0
2882,"[14407, 1]",2839,158,64,-1
2883,"[14407, 2]",5655,2,1,2
2884,"[14457, 58]",1300,158,64,-1
2885,"[14457, 59]",1299,0,0,-1
2886,"[14457, 60]",1298,0,0,-1
2887,"[14457, 61]",1292,2,1,-1
2888,"[14457, 87]",3769,158,64,-1
2889,"[14457, 88]",3766,0,0,-1
2890,"[14457, 119]",2835,158,64,-1
2891,"[14457, 198]",4968,156,64,-1
2892,"[14457, 271]",13665,0,0,-1
2893,"[14457, 273]",24811,0,0,-1
2894,"[14457, 299]",25127,158,64,-1
2895,"[14457, 300]",25124,158,64,-1
2896,"[14479, 0]",1655,158,64,-1
2897,"[14479, 1]",1401,158,64,-1
2898,"[14482, 0]",897,158,64,-1
2899,"[14548, 0]",11,2,1,-1
2900,"[14548, 1]",10,0,0,-1
2901,"[14548, 2]",163,0,0,-1
2902,"[14548, 3]",255,0,0,4
2903,"[14548, 4]",253,158,64,-1
2904,"[14548, 5]",252,0,0,-1
2905,"[14548, 6]",1470,0,0,-1
2906,"[14548, 7]",1468,0,0,-1
2907,"[14548, 8]",1466,0,0,1
2908,"[14548, 9]",1464,0,0,-1
2909,"[14548, 10]",1463,0,0,2
2910,"[14548, 11]",1435,158,64,1
2911,"[14548, 12]",1549,158,64,0
2912,"[14548, 13]",1548,0,0,0
2913,"[14548, 14]",1546,0,0,0
2914,"[14548, 15]",1542,158,64,-1
2915,"[14548, 16]",1540,0,0,4
2916,"[14548, 17]",1538,0,0,-1
2917,"[14548, 18]",1530,156,64,0
2918,"[14548, 19]",1524,156,64,-1
2919,"[14548, 20]",1516,158,64,1
2920,"[14548, 21]",2703,0,0,2
2921,"[14548, 22]",2700,0,0,0
2922,"[14548, 23]",2653,158,64,0
2923,"[14548, 24]",2651,0,0,0
2924,"[14548, 25]",2650,0,0,0
2925,"[14548, 26]",2636,41,18,0
2926,"[14548, 27]",3144,0,0,0
2927,"[14548, 28]",3138,158,64,0
2928,"[14548, 29]",3047,158,64,-1
2929,"[14548, 30]",3030,0,0,-1
2930,"[14548, 31]",3581,57,26,-1
2931,"[14548, 32]",3440,0,0,0
2932,"[14548, 33]",3816,156,64,0
2933,"[14559, 0]",153,158,64,-1
2934,"[14559, 1]",8582,158,64,-1
2935,"[14563, 0]",1223,156,64,-1
2936,"[14614, 16]",66239,158,64,-1
2937,"[14653, 0]",1082,57,26,0
2938,"[14653, 1]",1080,158,64,0
2939,"[14766, 0]",6185,158,64,-1
2940,"[14824, 0]",179,0,0,-1
2941,"[14824, 1]",178,0,0,-1
2942,"[14824, 2]",1379,158,64,-1
2943,"[14844, 0]",31,0,0,-1
2944,"[14844, 1]",94,158,64,-1
2945,"[14971, 0]",536,0,0,0
2946,"[14971, 1]",1845,156,64,0
2947,"[15068, 0]",96272,158,64,-1
2948,"[15068, 1]",85524,158,64,-1
2949,"[15068, 2]",120523,158,64,-1
2950,"[15068, 3]",166715,158,64,-1
2951,"[15181, 0]",5183,158,64,0
2952,"[15181, 1]",5181,0,0,0
2953,"[15181, 2]",11874,158,64,0
2954,"[15183, 1]",232,158,64,-1
2955,"[15183, 2]",230,158,64,-1
2956,"[15183, 3]",228,158,64,-1
2957,"[15183, 4]",225,0,0,-1
2958,"[15183, 13]",395,0,0,-1
2959,"[15183, 14]",2320,158,64,-1
2960,"[15223, 1]",150,0,0,-1
2961,"[15223, 8]",3479,158,64,-1
2962,"[15223, 9]",3473,0,0,-1
2963,"[15223, 10]",4154,2,1,-1
2964,"[15223, 11]",4153,0,0,-1
2965,"[15223, 14]",10533,156,64,-1
2966,"[15228, 136]",5875,41,18,6
2967,"[15273, 0]",4970,0,0,0
2968,"[15273, 1]",6044,55,26,0
2969,"[15286, 1]",4520,158,64,-1
2970,"[15391, 0]",3971,156,64,-1
2971,"[15400, 0]",3519,158,64,-1
2972,"[15438, 1]",2241,0,0,10
2973,"[15438, 2]",2577,156,64,0
2974,"[15466, 0]",957,158,64,-1
2975,"[15497, 0]",675,158,64,-1
2976,"[15547, 2]",25621,158,64,-1
2977,"[15554, 0]",1144,57,26,0
2978,"[15554, 1]",1142,2,1,0
2979,"[15554, 2]",7243,41,18,0
2980,"[15554, 3]",7241,0,0,0
2981,"[15554, 4]",14651,57,26,0
2982,"[15554, 5]",19034,0,0,0
2983,"[15554, 6]",22326,158,64,0
2984,"[15557, 0]",1465,0,0,0
2985,"[15557, 1]",1464,0,0,0
2986,"[15557, 2]",1463,0,0,0
2987,"[15557, 3]",1462,0,0,0
2988,"[15557, 4]",1461,0,0,0
2989,"[15557, 5]",1459,0,0,0
2990,"[15557, 6]",1458,0,0,0
2991,"[15557, 7]",2510,0,0,0
2992,"[15557, 8]",2506,0,0,-1
2993,"[15557, 9]",2500,156,64,0
2994,"[15557, 10]",2496,158,64,0
2995,"[15557, 11]",2493,158,64,0
2996,"[15557, 12]",2490,158,64,0
2997,"[15557, 13]",2487,158,64,0
2998,"[15557, 14]",3351,0,0,-1
2999,"[15557, 15]",3323,156,64,0
3000,"[15557, 16]",4400,57,26,19
3001,"[15635, 0]",20707,158,64,-1
3002,"[15660, 0]",12355,156,64,-1
3003,"[15695, 0]",17,0,0,-1
3004,"[15695, 1]",42,158,64,4
3005,"[15739, 0]",34528,158,64,-1
3006,"[15739, 1]",25584,2,1,-1
3007,"[15739, 2]",16108,158,64,-1
3008,"[15739, 3]",93956,158,64,-1
3009,"[15739, 4]",93955,156,64,-1
3010,"[15749, 0]",421,0,0,-1
3011,"[15749, 1]",419,158,64,-1
3012,"[15749, 2]",412,158,64,-1
3013,"[15749, 3]",411,0,0,-1
3014,"[15749, 4]",401,0,0,-1
3015,"[15749, 5]",383,0,0,-1
3016,"[15749, 6]",374,0,0,-1
3017,"[15749, 7]",347,0,0,-1
3018,"[15749, 8]",340,156,64,-1
3019,"[15749, 9]",335,158,64,-1
3020,"[15749, 10]",325,0,0,-1
3021,"[15749, 11]",320,0,0,-1
3022,"[15749, 12]",317,158,64,-1
3023,"[15749, 13]",316,158,64,-1
3024,"[15749, 14]",294,158,64,-1
3025,"[15749, 15]",293,0,0,-1
3026,"[15749, 16]",290,0,0,-1
3027,"[15749, 17]",286,158,64,-1
3028,"[15749, 18]",285,158,64,-1
3029,"[15749, 19]",274,158,64,-1
3030,"[15749, 20]",270,158,64,-1
3031,"[15749, 21]",263,0,0,-1
3032,"[15749, 22]",2549,158,64,-1
3033,"[15749, 23]",2548,0,0,-1
3034,"[15749, 26]",2486,158,64,-1
3035,"[15749, 27]",2481,158,64,-1
3036,"[15749, 28]",2480,0,0,-1
3037,"[15749, 29]",2479,0,0,-1
3038,"[15749, 32]",2410,2,1,-1
3039,"[15749, 33]",2407,0,0,-1
3040,"[15749, 34]",2402,2,1,-1
3041,"[15749, 43]",2323,158,64,-1
3042,"[15749, 44]",2314,0,0,-1
3043,"[15749, 45]",2303,158,64,-1
3044,"[15749, 46]",2292,0,0,-1
3045,"[15749, 47]",2280,158,64,-1
3046,"[15749, 48]",2279,0,0,-1
3047,"[15749, 49]",2276,0,0,-1
3048,"[15749, 50]",2275,0,0,-1
3049,"[15749, 51]",2273,158,64,-1
3050,"[15749, 52]",2262,0,0,-1
3051,"[15749, 53]",2261,2,1,-1
3052,"[15749, 54]",2259,158,64,-1
3053,"[15749, 55]",2238,156,64,-1
3054,"[15749, 56]",2237,156,64,-1
3055,"[15749, 57]",2222,158,64,-1
3056,"[15749, 58]",2221,0,0,-1
3057,"[15749, 59]",2218,0,0,-1
3058,"[15749, 67]",2127,156,64,-1
3059,"[15749, 68]",2104,0,0,-1
3060,"[15749, 72]",2069,0,0,-1
3061,"[15749, 75]",2048,2,1,-1
3062,"[15749, 76]",2034,0,0,-1
3063,"[15749, 77]",2032,0,0,-1
3064,"[15749, 78]",2028,158,64,-1
3065,"[15749, 79]",2025,0,0,-1
3066,"[15749, 80]",2021,0,0,-1
3067,"[15749, 81]",2020,0,0,-1
3068,"[15749, 82]",1983,0,0,-1
3069,"[15749, 83]",1981,0,0,-1
3070,"[15749, 84]",1980,0,0,-1
3071,"[15749, 85]",1968,158,64,-1
3072,"[15749, 86]",1938,158,64,-1
3073,"[15749, 87]",1937,158,64,-1
3074,"[15749, 88]",1895,0,0,-1
3075,"[15749, 89]",1893,0,0,-1
3076,"[15749, 90]",1880,0,0,-1
3077,"[15749, 91]",1878,0,0,-1
3078,"[15749, 92]",1877,0,0,-1
3079,"[15749, 93]",1876,0,0,-1
3080,"[15749, 94]",1870,158,64,-1
3081,"[15749, 95]",1869,158,64,-1
3082,"[15749, 96]",1867,0,0,-1
3083,"[15749, 97]",1866,0,0,-1
3084,"[15749, 98]",1833,156,64,-1
3085,"[15749, 99]",1830,0,0,-1
3086,"[15749, 100]",1829,0,0,-1
3087,"[15749, 101]",1828,158,64,-1
3088,"[15749, 102]",1815,0,0,-1
3089,"[15749, 103]",1798,158,64,-1
3090,"[15749, 104]",1750,0,0,-1
3091,"[15749, 105]",1749,2,1,-1
3092,"[15749, 106]",1748,0,0,-1
3093,"[15749, 110]",1726,0,0,-1
3094,"[15749, 111]",1720,158,64,-1
3095,"[15749, 112]",1719,0,0,-1
3096,"[15749, 113]",1718,0,0,-1
3097,"[15749, 114]",1695,158,64,-1
3098,"[15749, 115]",7981,2,1,-1
3099,"[15749, 116]",7973,158,64,-1
3100,"[15749, 117]",7962,158,64,-1
3101,"[15749, 121]",7846,0,0,-1
3102,"[15749, 123]",7800,0,0,-1
3103,"[15749, 124]",7799,0,0,-1
3104,"[15749, 125]",7796,0,0,-1
3105,"[15749, 126]",7793,0,0,-1
3106,"[15749, 127]",7783,0,0,-1
3107,"[15749, 128]",7782,13,6,-1
3108,"[15749, 129]",7775,158,64,-1
3109,"[15749, 130]",7767,2,1,-1
3110,"[15749, 131]",7766,158,64,-1
3111,"[15749, 132]",7672,158,64,-1
3112,"[15749, 133]",7671,0,0,-1
3113,"[15749, 134]",7640,158,64,-1
3114,"[15749, 135]",7609,0,0,-1
3115,"[15749, 136]",7603,158,64,-1
3116,"[15749, 137]",7601,0,0,-1
3117,"[15749, 138]",7600,0,0,-1
3118,"[15749, 139]",7595,0,0,-1
3119,"[15749, 140]",7592,158,64,-1
3120,"[15749, 141]",7583,158,64,-1
3121,"[15749, 142]",7538,158,64,-1
3122,"[15749, 143]",7536,0,0,-1
3123,"[15749, 144]",7531,158,64,-1
3124,"[15749, 145]",7527,0,0,-1
3125,"[15749, 146]",7518,0,0,-1
3126,"[15749, 147]",7517,0,0,-1
3127,"[15749, 151]",7356,2,1,-1
3128,"[15749, 152]",7355,158,64,-1
3129,"[15749, 153]",7350,158,64,-1
3130,"[15749, 154]",7313,2,1,-1
3131,"[15749, 155]",7305,0,0,-1
3132,"[15749, 156]",7300,0,0,-1
3133,"[15749, 157]",7299,0,0,-1
3134,"[15749, 158]",7295,2,1,-1
3135,"[15749, 159]",7293,0,0,-1
3136,"[15749, 160]",7291,158,64,-1
3137,"[15749, 161]",7243,158,64,-1
3138,"[15749, 162]",7240,0,0,-1
3139,"[15749, 163]",7233,158,64,-1
3140,"[15749, 164]",7232,158,64,-1
3141,"[15749, 165]",7230,0,0,-1
3142,"[15749, 172]",7206,0,0,-1
3143,"[15749, 173]",7203,0,0,-1
3144,"[15749, 174]",7194,158,64,-1
3145,"[15749, 175]",7191,158,64,-1
3146,"[15749, 176]",7189,0,0,-1
3147,"[15749, 177]",7188,0,0,-1
3148,"[15749, 178]",7177,158,64,-1
3149,"[15749, 179]",7174,0,0,-1
3150,"[15749, 186]",7081,158,64,-1
3151,"[15749, 187]",7076,0,0,-1
3152,"[15749, 188]",7075,156,64,-1
3153,"[15749, 189]",7070,0,0,-1
3154,"[15749, 190]",7069,0,0,-1
3155,"[15749, 191]",7057,156,64,-1
3156,"[15749, 192]",7055,0,0,-1
3157,"[15749, 193]",7054,0,0,-1
3158,"[15749, 194]",7044,0,0,-1
3159,"[15749, 195]",7042,158,64,-1
3160,"[15749, 196]",7035,0,0,-1
3161,"[15749, 197]",7032,158,64,-1
3162,"[15749, 198]",7024,0,0,-1
3163,"[15749, 199]",6958,0,0,-1
3164,"[15749, 200]",6951,0,0,-1
3165,"[15749, 204]",6883,158,64,-1
3166,"[15749, 205]",6882,2,1,-1
3167,"[15749, 206]",6880,158,64,-1
3168,"[15749, 207]",6879,158,64,-1
3169,"[15749, 208]",6876,158,64,-1
3170,"[15749, 209]",6865,0,0,-1
3171,"[15749, 210]",6861,0,0,-1
3172,"[15749, 233]",6643,156,64,-1
3173,"[15749, 234]",6642,158,64,-1
3174,"[15749, 235]",6545,0,0,-1
3175,"[15749, 236]",6543,0,0,-1
3176,"[15749, 237]",6538,0,0,-1
3177,"[15749, 238]",6537,158,64,-1
3178,"[15749, 239]",6536,0,0,-1
3179,"[15749, 268]",6322,158,64,-1
3180,"[15749, 269]",6318,0,0,-1
3181,"[15749, 270]",6313,158,64,-1
3182,"[15749, 271]",6312,158,64,-1
3183,"[15749, 272]",6311,0,0,-1
3184,"[15749, 273]",6305,158,64,-1
3185,"[15749, 274]",6302,0,0,-1
3186,"[15749, 275]",6296,0,0,-1
3187,"[15749, 276]",6295,0,0,-1
3188,"[15749, 277]",6292,0,0,-1
3189,"[15749, 278]",6281,0,0,-1
3190,"[15749, 300]",5921,156,64,-1
3191,"[15749, 301]",5918,156,64,-1
3192,"[15749, 302]",5917,156,64,-1
3193,"[15749, 304]",5901,156,64,-1
3194,"[15749, 305]",5884,158,64,-1
3195,"[15749, 306]",5883,0,0,-1
3196,"[15749, 307]",5879,0,0,-1
3197,"[15749, 308]",5864,156,64,-1
3198,"[15749, 309]",5850,0,0,-1
3199,"[15749, 310]",5838,0,0,-1
3200,"[15749, 311]",5836,155,64,-1
3201,"[15749, 312]",5801,158,64,-1
3202,"[15749, 313]",5800,158,64,-1
3203,"[15749, 314]",5799,0,0,-1
3204,"[15749, 315]",5798,0,0,-1
3205,"[15749, 316]",5791,158,64,-1
3206,"[15749, 317]",5790,158,64,-1
3207,"[15749, 318]",5788,0,0,-1
3208,"[15749, 319]",5774,0,0,-1
3209,"[15749, 320]",5763,158,64,-1
3210,"[15749, 321]",5733,2,1,-1
3211,"[15749, 322]",5731,158,64,-1
3212,"[15749, 323]",5729,158,64,-1
3213,"[15749, 324]",5725,0,0,-1
3214,"[15749, 325]",5724,0,0,-1
3215,"[15749, 326]",5707,158,64,-1
3216,"[15749, 327]",5706,158,64,-1
3217,"[15749, 328]",5698,0,0,-1
3218,"[15749, 329]",5693,0,0,-1
3219,"[15749, 332]",5628,0,0,-1
3220,"[15749, 333]",5627,0,0,-1
3221,"[15749, 334]",5619,158,64,-1
3222,"[15749, 335]",5595,156,64,-1
3223,"[15749, 336]",5594,158,64,-1
3224,"[15749, 337]",5593,0,0,-1
3225,"[15749, 338]",5590,25,12,-1
3226,"[15749, 339]",5578,158,64,-1
3227,"[15749, 341]",5553,158,64,-1
3228,"[15749, 342]",5552,0,0,-1
3229,"[15749, 343]",5536,0,0,-1
3230,"[15749, 344]",5535,0,0,-1
3231,"[15749, 345]",5534,0,0,-1
3232,"[15749, 346]",5533,0,0,-1
3233,"[15749, 347]",5524,0,0,-1
3234,"[15749, 348]",5523,0,0,-1
3235,"[15749, 349]",5522,0,0,-1
3236,"[15749, 350]",5518,158,64,-1
3237,"[15749, 351]",5513,0,0,-1
3238,"[15749, 352]",5505,158,64,-1
3239,"[15749, 353]",5382,2,1,-1
3240,"[15749, 354]",5381,0,0,-1
3241,"[15749, 355]",5380,0,0,-1
3242,"[15749, 356]",5338,0,0,-1
3243,"[15749, 366]",4970,158,64,-1
3244,"[15749, 367]",4968,0,0,-1
3245,"[15749, 371]",4795,0,0,-1
3246,"[15749, 374]",4516,158,64,-1
3247,"[15749, 378]",20940,0,0,-1
3248,"[15749, 383]",20731,2,1,-1
3249,"[15749, 384]",20730,158,64,-1
3250,"[15749, 385]",20726,0,0,-1
3251,"[15749, 394]",19041,158,64,-1
3252,"[15749, 395]",19039,2,1,-1
3253,"[15749, 396]",19037,0,0,-1
3254,"[15749, 398]",19003,2,1,-1
3255,"[15749, 399]",19002,0,0,-1
3256,"[15749, 401]",18974,158,64,-1
3257,"[15749, 402]",18973,158,64,-1
3258,"[15749, 403]",18971,0,0,-1
3259,"[15749, 404]",18954,0,0,-1
3260,"[15749, 405]",18946,0,0,-1
3261,"[15749, 406]",18938,0,0,-1
3262,"[15749, 407]",18705,0,0,-1
3263,"[15749, 408]",18704,0,0,-1
3264,"[15749, 409]",18687,2,1,-1
3265,"[15749, 410]",18684,0,0,-1
3266,"[15749, 411]",18683,0,0,-1
3267,"[15749, 412]",18679,158,64,-1
3268,"[15749, 413]",18678,0,0,-1
3269,"[15749, 414]",18672,0,0,-1
3270,"[15749, 415]",18631,158,64,-1
3271,"[15749, 416]",18630,0,0,-1
3272,"[15749, 417]",18628,156,64,-1
3273,"[15749, 418]",18624,0,0,-1
3274,"[15749, 419]",18621,2,1,-1
3275,"[15749, 420]",18619,0,0,-1
3276,"[15749, 421]",18609,2,1,-1
3277,"[15749, 422]",18559,158,64,-1
3278,"[15749, 423]",18557,158,64,-1
3279,"[15749, 424]",18528,0,0,-1
3280,"[15749, 425]",18526,0,0,-1
3281,"[15749, 426]",18517,2,1,-1
3282,"[15749, 427]",18429,156,64,-1
3283,"[15749, 428]",18428,158,64,-1
3284,"[15749, 429]",18427,158,64,-1
3285,"[15749, 430]",18421,2,1,-1
3286,"[15749, 431]",18414,158,64,-1
3287,"[15749, 432]",18413,0,0,-1
3288,"[15749, 433]",18396,158,64,-1
3289,"[15749, 435]",18149,0,0,-1
3290,"[15749, 440]",17972,158,64,-1
3291,"[15749, 441]",17970,0,0,-1
3292,"[15749, 442]",17969,0,0,-1
3293,"[15749, 443]",17841,0,0,-1
3294,"[15749, 444]",17835,158,64,-1
3295,"[15749, 445]",17761,0,0,-1
3296,"[15749, 446]",17759,0,0,-1
3297,"[15749, 447]",17753,0,0,-1
3298,"[15749, 448]",17752,158,64,-1
3299,"[15749, 449]",17692,158,64,-1
3300,"[15749, 450]",17685,156,64,-1
3301,"[15749, 451]",17630,0,0,-1
3302,"[15749, 452]",17629,0,0,-1
3303,"[15749, 453]",17603,0,0,-1
3304,"[15749, 454]",17602,0,0,-1
3305,"[15749, 455]",17569,0,0,-1
3306,"[15749, 456]",17555,156,64,-1
3307,"[15749, 457]",17548,158,64,-1
3308,"[15749, 458]",17531,0,0,-1
3309,"[15749, 459]",17118,2,1,-1
3310,"[15749, 460]",17059,156,64,-1
3311,"[15749, 461]",16984,158,64,-1
3312,"[15749, 466]",16769,2,1,-1
3313,"[15749, 467]",16768,0,0,-1
3314,"[15749, 498]",16208,2,1,-1
3315,"[15749, 499]",16207,41,20,-1
3316,"[15749, 510]",15947,0,0,-1
3317,"[15749, 513]",15894,158,64,-1
3318,"[15749, 514]",15888,156,64,-1
3319,"[15749, 515]",15883,0,0,-1
3320,"[15749, 531]",15719,0,0,-1
3321,"[15749, 537]",15615,2,1,-1
3322,"[15749, 538]",15612,0,0,-1
3323,"[15749, 550]",15492,0,0,-1
3324,"[15749, 551]",15491,0,0,-1
3325,"[15749, 552]",15485,0,0,-1
3326,"[15749, 553]",15484,0,0,-1
3327,"[15749, 566]",15106,158,64,-1
3328,"[15749, 576]",15044,0,0,-1
3329,"[15749, 614]",12657,158,64,-1
3330,"[15749, 615]",12655,0,0,-1
3331,"[15749, 616]",12647,0,0,-1
3332,"[15749, 621]",12612,158,64,-1
3333,"[15749, 622]",12610,158,64,-1
3334,"[15749, 639]",12412,158,64,-1
3335,"[15749, 640]",12411,158,64,-1
3336,"[15749, 641]",12371,156,64,-1
3337,"[15749, 642]",12368,57,26,-1
3338,"[15749, 643]",12366,0,0,-1
3339,"[15749, 644]",12365,0,0,-1
3340,"[15749, 645]",12309,158,64,-1
3341,"[15749, 646]",12222,158,64,-1
3342,"[15749, 648]",12063,156,64,-1
3343,"[15749, 649]",12013,0,0,-1
3344,"[15749, 650]",12008,2,1,-1
3345,"[15749, 652]",11994,158,64,-1
3346,"[15749, 653]",11979,158,64,-1
3347,"[15749, 654]",11978,0,0,-1
3348,"[15749, 655]",11977,0,0,-1
3349,"[15749, 661]",11504,158,64,-1
3350,"[15749, 662]",11503,0,0,-1
3351,"[15749, 663]",11433,158,64,-1
3352,"[15749, 664]",11432,158,64,-1
3353,"[15749, 665]",11431,0,0,-1
3354,"[15749, 666]",11425,158,64,-1
3355,"[15749, 667]",11423,158,64,-1
3356,"[15749, 668]",11422,0,0,-1
3357,"[15749, 669]",11413,158,64,-1
3358,"[15749, 670]",11398,158,64,-1
3359,"[15749, 671]",11393,158,64,-1
3360,"[15749, 672]",11392,0,0,-1
3361,"[15749, 673]",11390,158,64,-1
3362,"[15749, 674]",11387,156,64,-1
3363,"[15749, 675]",11323,158,64,-1
3364,"[15749, 676]",11322,158,64,-1
3365,"[15749, 677]",11320,158,64,-1
3366,"[15749, 678]",11310,0,0,-1
3367,"[15749, 687]",11231,158,64,-1
3368,"[15749, 688]",11228,0,0,-1
3369,"[15749, 689]",11195,0,0,-1
3370,"[15749, 692]",11079,0,0,-1
3371,"[15749, 693]",11065,0,0,-1
3372,"[15749, 694]",11064,0,0,-1
3373,"[15749, 696]",10999,0,0,-1
3374,"[15749, 697]",10998,158,64,-1
3375,"[15749, 698]",10997,0,0,-1
3376,"[15749, 711]",10212,2,1,-1
3377,"[15749, 712]",10211,0,0,-1
3378,"[15749, 713]",10207,158,64,-1
3379,"[15749, 714]",10205,158,64,-1
3380,"[15749, 716]",10090,0,0,-1
3381,"[15749, 717]",9902,158,64,-1
3382,"[15749, 718]",9901,2,1,-1
3383,"[15749, 719]",9900,0,0,-1
3384,"[15749, 720]",9894,0,0,-1
3385,"[15749, 721]",9874,158,64,-1
3386,"[15749, 723]",9562,57,26,-1
3387,"[15749, 725]",9382,158,64,-1
3388,"[15749, 726]",9380,158,64,-1
3389,"[15749, 727]",9378,0,0,-1
3390,"[15749, 728]",9309,156,64,-1
3391,"[15749, 729]",9274,158,64,-1
3392,"[15749, 730]",9272,0,0,-1
3393,"[15749, 731]",9268,156,64,-1
3394,"[15749, 732]",9265,158,64,-1
3395,"[15749, 733]",9259,0,0,-1
3396,"[15749, 734]",9258,0,0,-1
3397,"[15749, 735]",9253,0,0,-1
3398,"[15749, 736]",9249,158,64,-1
3399,"[15749, 738]",9025,0,0,-1
3400,"[15749, 740]",58142,158,64,-1
3401,"[15749, 742]",57424,0,0,-1
3402,"[15749, 743]",57373,158,64,-1
3403,"[15749, 744]",57368,0,0,-1
3404,"[15749, 745]",57348,0,0,-1
3405,"[15749, 746]",57347,0,0,-1
3406,"[15749, 747]",57346,0,0,-1
3407,"[15749, 748]",57079,158,64,-1
3408,"[15749, 751]",56540,2,1,-1
3409,"[15749, 752]",56520,0,0,-1
3410,"[15749, 753]",56514,158,64,-1
3411,"[15749, 769]",52494,2,1,-1
3412,"[15749, 770]",52485,158,64,-1
3413,"[15749, 773]",52395,158,64,-1
3414,"[15749, 774]",52387,158,64,-1
3415,"[15749, 775]",52348,158,64,-1
3416,"[15749, 776]",52347,0,0,-1
3417,"[15749, 781]",51268,158,64,-1
3418,"[15749, 789]",50524,158,64,-1
3419,"[15749, 790]",50472,158,64,-1
3420,"[15749, 791]",50441,158,64,-1
3421,"[15749, 792]",50440,158,64,-1
3422,"[15749, 793]",50255,158,64,-1
3423,"[15749, 794]",50253,0,0,-1
3424,"[15749, 795]",50252,0,0,-1
3425,"[15749, 802]",48189,158,64,-1
3426,"[15749, 803]",48187,2,1,-1
3427,"[15749, 804]",48182,0,0,-1
3428,"[15749, 809]",47935,2,1,-1
3429,"[15749, 842]",46728,0,0,-1
3430,"[15749, 900]",41034,0,0,-1
3431,"[15749, 901]",41028,2,1,-1
3432,"[15749, 902]",40991,158,64,-1
3433,"[15749, 903]",40990,0,0,-1
3434,"[15749, 922]",40437,158,64,-1
3435,"[15749, 923]",40353,156,64,-1
3436,"[15749, 924]",40343,158,64,-1
3437,"[15749, 991]",37411,158,64,-1
3438,"[15749, 996]",35607,156,64,-1
3439,"[15749, 997]",35346,158,64,-1
3440,"[15749, 998]",35338,158,64,-1
3441,"[15749, 999]",35330,0,0,-1
3442,"[15749, 1000]",35281,158,64,-1
3443,"[15749, 1001]",35278,0,0,-1
3444,"[15749, 1002]",35275,156,64,-1
3445,"[15749, 1003]",35274,0,0,-1
3446,"[15749, 1006]",35100,156,64,-1
3447,"[15749, 1007]",35098,158,64,-1
3448,"[15749, 1008]",35037,156,64,-1
3449,"[15749, 1009]",35034,0,0,-1
3450,"[15749, 1010]",35032,0,0,-1
3451,"[15749, 1011]",34899,0,0,-1
3452,"[15749, 1012]",34898,0,0,-1
3453,"[15749, 1013]",34894,156,64,-1
3454,"[15749, 1025]",34011,158,64,-1
3455,"[15749, 1030]",33262,0,0,-1
3456,"[15749, 1031]",33261,156,64,-1
3457,"[15749, 1032]",33257,0,0,-1
3458,"[15749, 1035]",33100,0,0,-1
3459,"[15749, 1036]",33099,0,0,-1
3460,"[15749, 1037]",32875,158,64,-1
3461,"[15749, 1038]",32855,156,64,-1
3462,"[15749, 1039]",32852,158,64,-1
3463,"[15749, 1040]",32794,158,64,-1
3464,"[15749, 1041]",32763,156,64,-1
3465,"[15749, 1042]",32761,0,0,-1
3466,"[15749, 1043]",32721,2,1,-1
3467,"[15749, 1044]",32720,158,64,-1
3468,"[15749, 1045]",32706,0,0,-1
3469,"[15749, 1046]",32701,158,64,-1
3470,"[15749, 1049]",32580,158,64,-1
3471,"[15749, 1050]",31216,0,0,-1
3472,"[15749, 1051]",30639,0,0,-1
3473,"[15749, 1052]",30637,0,0,-1
3474,"[15749, 1053]",30632,158,64,-1
3475,"[15749, 1054]",30628,0,0,-1
3476,"[15749, 1055]",30625,0,0,-1
3477,"[15749, 1056]",30623,0,0,-1
3478,"[15749, 1057]",30622,158,64,-1
3479,"[15749, 1058]",30609,158,64,-1
3480,"[15749, 1059]",30608,156,64,-1
3481,"[15749, 1060]",30607,2,1,-1
3482,"[15749, 1061]",30606,0,0,-1
3483,"[15749, 1062]",30605,0,0,-1
3484,"[15749, 1063]",30601,0,0,-1
3485,"[15749, 1064]",30576,0,0,-1
3486,"[15749, 1065]",30572,158,64,-1
3487,"[15749, 1066]",30568,2,1,-1
3488,"[15749, 1068]",30471,0,0,-1
3489,"[15749, 1069]",30376,156,64,-1
3490,"[15749, 1070]",30372,158,64,-1
3491,"[15749, 1071]",30371,158,64,-1
3492,"[15749, 1077]",30240,158,64,-1
3493,"[15749, 1078]",30173,0,0,-1
3494,"[15749, 1079]",30172,0,0,-1
3495,"[15749, 1080]",30171,0,0,-1
3496,"[15749, 1081]",30163,158,64,-1
3497,"[15749, 1082]",30161,0,0,-1
3498,"[15749, 1083]",30153,158,64,-1
3499,"[15749, 1087]",29208,156,64,-1
3500,"[15749, 1088]",29207,0,0,-1
3501,"[15749, 1093]",28377,158,64,-1
3502,"[15749, 1094]",28376,25,12,-1
3503,"[15749, 1095]",28375,156,64,-1
3504,"[15749, 1096]",27804,0,0,-1
3505,"[15749, 1097]",27803,0,0,-1
3506,"[15749, 1102]",27189,158,64,-1
3507,"[15749, 1112]",115060,158,64,-1
3508,"[15749, 1113]",115057,158,64,-1
3509,"[15749, 1118]",110803,0,0,-1
3510,"[15749, 1119]",110802,156,64,-1
3511,"[15749, 1120]",110443,0,0,-1
3512,"[15749, 1121]",110366,0,0,-1
3513,"[15749, 1122]",110365,158,64,-1
3514,"[15749, 1123]",110364,158,64,-1
3515,"[15749, 1125]",110303,0,0,-1
3516,"[15749, 1126]",110297,57,26,-1
3517,"[15749, 1130]",110045,0,0,-1
3518,"[15749, 1132]",109884,158,64,-1
3519,"[15749, 1133]",109880,0,0,-1
3520,"[15749, 1134]",109879,0,0,-1
3521,"[15749, 1135]",109872,0,0,-1
3522,"[15749, 1136]",109637,156,64,-1
3523,"[15749, 1137]",109635,0,0,-1
3524,"[15749, 1138]",109627,158,64,-1
3525,"[15749, 1139]",109624,158,64,-1
3526,"[15749, 1140]",109573,2,1,-1
3527,"[15749, 1141]",109563,158,64,-1
3528,"[15749, 1142]",109559,0,0,-1
3529,"[15749, 1143]",109558,0,0,-1
3530,"[15749, 1144]",109550,0,0,-1
3531,"[15749, 1145]",109510,158,64,-1
3532,"[15749, 1146]",109505,158,64,-1
3533,"[15749, 1147]",109504,156,64,-1
3534,"[15749, 1148]",109475,158,64,-1
3535,"[15749, 1149]",109474,156,64,-1
3536,"[15749, 1150]",109471,0,0,-1
3537,"[15749, 1151]",109021,2,1,-1
3538,"[15749, 1153]",108307,0,0,-1
3539,"[15749, 1154]",108106,158,64,-1
3540,"[15749, 1155]",106731,158,64,-1
3541,"[15749, 1174]",103113,158,64,-1
3542,"[15749, 1175]",103112,0,0,-1
3543,"[15749, 1176]",103106,156,64,-1
3544,"[15749, 1185]",97173,0,0,-1
3545,"[15749, 1186]",97171,0,0,-1
3546,"[15749, 1187]",97170,53,24,-1
3547,"[15749, 1218]",92459,158,64,-1
3548,"[15749, 1250]",90071,158,64,-1
3549,"[15749, 1282]",70948,156,64,-1
3550,"[15749, 1332]",68641,2,1,-1
3551,"[15749, 1333]",68639,158,64,-1
3552,"[15749, 1339]",66712,158,64,-1
3553,"[15749, 1340]",66711,158,64,-1
3554,"[15749, 1341]",66709,156,64,-1
3555,"[15749, 1342]",66704,156,64,-1
3556,"[15749, 1357]",63990,158,64,-1
3557,"[15749, 1377]",59230,158,64,-1
3558,"[15749, 1378]",59177,158,64,-1
3559,"[15749, 1510]",142310,0,0,-1
3560,"[15749, 1532]",129226,158,64,-1
3561,"[15749, 1537]",129025,0,0,-1
3562,"[15749, 1538]",128990,158,64,-1
3563,"[15749, 1539]",128987,0,0,-1
3564,"[15749, 1540]",128983,2,1,-1
3565,"[15749, 1541]",128982,158,64,-1
3566,"[15749, 1542]",128980,0,0,-1
3567,"[15749, 1543]",128504,158,64,-1
3568,"[15749, 1544]",127769,158,64,-1
3569,"[15749, 1545]",126436,158,64,-1
3570,"[15749, 1546]",126435,158,64,-1
3571,"[15749, 1547]",126434,0,0,-1
3572,"[15749, 1548]",126404,0,0,-1
3573,"[15749, 1558]",126066,2,1,-1
3574,"[15749, 1559]",126064,0,0,-1
3575,"[15749, 1560]",126059,158,64,-1
3576,"[15749, 1564]",125380,158,64,-1
3577,"[15749, 1567]",125166,158,64,-1
3578,"[15749, 1568]",124878,0,0,-1
3579,"[15749, 1576]",279501,158,64,-1
3580,"[15749, 1602]",275864,158,64,-1
3581,"[15749, 1603]",274945,156,64,-1
3582,"[15749, 1604]",274943,158,64,-1
3583,"[15749, 1605]",274918,0,0,-1
3584,"[15749, 1626]",265218,158,64,-1
3585,"[15749, 1694]",203820,158,64,-1
3586,"[15749, 1720]",329836,156,64,-1
3587,"[15749, 1749]",296743,0,0,-1
3588,"[15749, 1783]",415643,158,64,-1
3589,"[15749, 1824]",430443,2,1,-1
3590,"[15755, 0]",3618,158,64,0
3591,"[15755, 1]",3617,57,26,0
3592,"[15831, 0]",1482,156,64,0
3593,"[15831, 1]",10485,0,0,0
3594,"[15831, 2]",10483,0,0,0
3595,"[15831, 3]",10482,0,0,0
3596,"[15831, 4]",10481,0,0,0
3597,"[15831, 5]",15865,158,64,0
3598,"[15831, 6]",15864,0,0,0
3599,"[15831, 7]",15862,158,64,0
3600,"[15831, 8]",15861,158,64,0
3601,"[15831, 9]",15858,0,0,0
3602,"[15831, 10]",15857,0,0,0
3603,"[15831, 11]",15856,0,0,0
3604,"[15831, 12]",15850,0,0,0
3605,"[15831, 13]",15849,0,0,0
3606,"[15831, 14]",15848,0,0,0
3607,"[15831, 15]",15846,0,0,0
3608,"[15831, 16]",15845,0,0,0
3609,"[15831, 17]",15838,41,18,0
3610,"[15831, 18]",36408,2,1,0
3611,"[15831, 19]",36402,0,0,0
3612,"[15831, 20]",36382,0,0,0
3613,"[15831, 21]",36379,57,26,0
3614,"[15831, 22]",36376,156,64,0
3615,"[15831, 23]",36337,0,0,0
3616,"[15831, 24]",36336,0,0,0
3617,"[15831, 25]",36333,57,26,0
3618,"[15831, 26]",36330,158,64,0
3619,"[15831, 27]",36297,2,1,0
3620,"[15831, 28]",36294,0,0,0
3621,"[15831, 29]",36293,0,0,0
3622,"[15831, 30]",32998,2,1,0
3623,"[15831, 31]",32996,0,0,0
3624,"[15831, 32]",29708,0,0,0
3625,"[15831, 33]",29706,41,18,0
3626,"[15831, 34]",29284,158,64,0
3627,"[15831, 35]",29282,0,0,0
3628,"[15831, 36]",27578,51,24,0
3629,"[15831, 37]",27576,0,0,0
3630,"[15831, 38]",26362,158,64,0
3631,"[15831, 39]",26360,0,0,0
3632,"[15831, 40]",47906,156,64,0
3633,"[15831, 41]",47371,0,0,0
3634,"[15831, 42]",46750,158,64,0
3635,"[15831, 43]",46588,41,18,0
3636,"[15831, 44]",45897,59,28,-1
3637,"[15831, 45]",45468,0,0,0
3638,"[15831, 46]",45466,0,0,0
3639,"[15831, 47]",45463,0,0,0
3640,"[15831, 48]",45458,41,18,0
3641,"[15831, 49]",45359,2,1,3
3642,"[15831, 50]",45355,156,64,0
3643,"[15831, 51]",45287,158,64,0
3644,"[15831, 52]",45265,158,64,0
3645,"[15831, 53]",69900,0,0,0
3646,"[15831, 54]",69895,0,0,0
3647,"[15831, 55]",69892,158,64,0
3648,"[15831, 56]",64190,41,18,0
3649,"[15831, 57]",64189,0,0,0
3650,"[15831, 58]",60168,158,64,0
3651,"[15831, 59]",58585,156,64,0
3652,"[15831, 60]",58583,2,1,0
3653,"[15831, 61]",58201,158,64,0
3654,"[15831, 62]",58200,2,1,0
3655,"[15831, 63]",78423,57,26,0
3656,"[15831, 64]",77899,158,64,0
3657,"[15831, 65]",77879,57,26,0
3658,"[15831, 66]",77241,158,64,0
3659,"[15831, 67]",77239,156,64,0
3660,"[15845, 0]",5038,2,1,-1
3661,"[15872, 0]",2220,158,64,6
3662,"[15942, 0]",23065,158,64,0
3663,"[16043, 0]",426,158,64,-1
3664,"[16243, 0]",477,2,1,-1
3665,"[16244, 0]",14,156,64,-1
3666,"[16301, 3]",158,0,0,-1
3667,"[16301, 4]",1246,0,0,-1
3668,"[16301, 11]",2442,0,0,-1
3669,"[16301, 12]",5124,158,64,-1
3670,"[16301, 13]",5121,158,64,-1
3671,"[16314, 0]",10683,158,64,-1
3672,"[16371, 0]",930,0,0,0
3673,"[16371, 1]",929,0,0,0
3674,"[16371, 2]",2101,0,0,0
3675,"[16371, 3]",2098,2,1,0
3676,"[16371, 4]",2650,2,1,-1
3677,"[16393, 0]",4575,2,1,-1
3678,"[16429, 0]",42,0,0,-1
3679,"[16429, 1]",41,158,64,-1
3680,"[16429, 2]",39,0,0,-1
3681,"[16429, 3]",209,156,64,-1
3682,"[16429, 4]",206,0,0,-1
3683,"[16429, 5]",193,158,64,-1
3684,"[16429, 6]",3214,0,0,-1
3685,"[16429, 7]",4213,158,64,-1
3686,"[16438, 0]",369,158,64,-1
3687,"[16454, 0]",20,0,0,-1
3688,"[16454, 1]",112,158,64,-1
3689,"[16454, 2]",106,158,64,-1
3690,"[16470, 0]",8878,57,26,7
3691,"[16470, 1]",8876,158,64,2
3692,"[16470, 2]",17948,2,1,2
3693,"[16606, 0]",19,0,0,0
3694,"[16606, 1]",18,0,0,0
3695,"[16606, 2]",16,0,0,0
3696,"[16606, 3]",71,0,0,0
3697,"[16606, 4]",54,156,64,0
3698,"[16606, 5]",51,158,64,-1
3699,"[16606, 6]",487,0,0,0
3700,"[16606, 7]",620,57,26,1
3701,"[16632, 0]",7564,41,18,0
3702,"[16632, 1]",7562,0,0,0
3703,"[16632, 2]",7940,0,0,0
3704,"[16632, 3]",9231,158,64,0
3705,"[16640, 0]",30,158,64,-1
3706,"[16640, 1]",28,0,0,-1
3707,"[16640, 2]",27,158,64,-1
3708,"[16640, 3]",26,156,64,-1
3709,"[16640, 4]",25,156,64,-1
3710,"[16640, 5]",143,158,64,-1
3711,"[16655, 0]",6489,0,0,0
3712,"[16655, 1]",7105,158,64,0
3713,"[16718, 0]",34,156,64,3
3714,"[16726, 4]",637,158,64,-1
3715,"[16726, 5]",636,158,64,-1
3716,"[16726, 6]",635,158,64,-1
3717,"[16726, 9]",1332,0,0,-1
3718,"[16726, 10]",1723,158,64,-1
3719,"[16771, 0]",457,55,26,-1
3720,"[16792, 2]",1926,158,64,-1
3721,"[16792, 5]",4234,0,0,-1
3722,"[16792, 6]",4233,0,0,-1
3723,"[16792, 8]",14067,0,0,-1
3724,"[16792, 9]",14062,0,0,-1
3725,"[16792, 10]",16918,158,64,-1
3726,"[16792, 11]",16916,0,0,-1
3727,"[16792, 12]",28587,158,64,-1
3728,"[17007, 9]",1427,158,64,0
3729,"[17007, 10]",1425,41,18,0
3730,"[17007, 11]",1423,0,0,0
3731,"[17007, 12]",1421,0,0,0
3732,"[17007, 13]",1420,0,0,0
3733,"[17007, 14]",1418,0,0,0
3734,"[17007, 15]",1143,158,64,1
3735,"[17007, 16]",1140,0,0,1
3736,"[17007, 17]",1138,0,0,-1
3737,"[17007, 18]",4392,0,0,-1
3738,"[17007, 19]",4389,158,64,5
3739,"[17007, 20]",4285,158,64,0
3740,"[17007, 21]",4284,0,0,0
3741,"[17007, 22]",4282,0,0,0
3742,"[17007, 23]",4279,0,0,0
3743,"[17007, 24]",4274,0,0,0
3744,"[17007, 25]",4271,158,64,0
3745,"[17007, 28]",6026,158,64,4
3746,"[17007, 29]",5996,41,18,0
3747,"[17007, 30]",5985,158,64,2
3748,"[17007, 31]",5983,2,1,7
3749,"[17007, 32]",5982,0,0,-1
3750,"[17007, 33]",5971,0,0,0
3751,"[17007, 34]",5447,2,1,1
3752,"[17007, 35]",9403,156,64,0
3753,"[17007, 36]",9387,158,64,1
3754,"[17007, 37]",9385,158,64,2
3755,"[17045, 0]",8500,158,64,-1
3756,"[17065, 0]",1216,158,64,-1
3757,"[17065, 1]",1212,158,64,-1
3758,"[17065, 2]",4337,158,64,-1
3759,"[17065, 3]",4336,2,1,-1
3760,"[17065, 4]",5375,158,64,-1
3761,"[17162, 0]",3568,158,64,0
3762,"[17162, 1]",3567,0,0,0
3763,"[17162, 2]",5561,0,0,0
3764,"[17162, 3]",6084,158,64,0
3765,"[17198, 3]",1008,158,64,-1
3766,"[17215, 0]",37,158,64,-1
3767,"[17215, 1]",29,0,0,-1
3768,"[17215, 2]",178,156,64,-1
3769,"[17215, 3]",177,0,0,-1
3770,"[17215, 4]",171,158,64,-1
3771,"[17215, 5]",170,158,64,-1
3772,"[17215, 6]",161,158,64,-1
3773,"[17215, 7]",160,0,0,-1
3774,"[17215, 8]",158,158,64,-1
3775,"[17215, 9]",1527,158,64,-1
3776,"[17215, 10]",1503,156,64,-1
3777,"[17215, 11]",1492,158,64,-1
3778,"[17215, 12]",1489,0,0,-1
3779,"[17215, 17]",1466,158,64,-1
3780,"[17215, 18]",1465,2,1,-1
3781,"[17215, 19]",1454,0,0,-1
3782,"[17215, 20]",1453,0,0,-1
3783,"[17215, 21]",1431,158,64,-1
3784,"[17215, 22]",1430,158,64,-1
3785,"[17215, 23]",1429,158,64,-1
3786,"[17215, 24]",1426,0,0,-1
3787,"[17215, 25]",1422,158,64,-1
3788,"[17215, 26]",1417,0,0,-1
3789,"[17215, 27]",1410,0,0,-1
3790,"[17215, 28]",1409,0,0,-1
3791,"[17215, 29]",1404,158,64,-1
3792,"[17215, 30]",1403,0,0,-1
3793,"[17215, 31]",1380,158,64,-1
3794,"[17215, 32]",1363,158,64,-1
3795,"[17215, 33]",1315,0,0,-1
3796,"[17215, 34]",1314,158,64,-1
3797,"[17215, 35]",1312,0,0,-1
3798,"[17215, 42]",3099,0,0,-1
3799,"[17215, 43]",2929,158,64,-1
3800,"[17215, 44]",2914,0,0,-1
3801,"[17215, 45]",2910,0,0,-1
3802,"[17215, 46]",2876,0,0,-1
3803,"[17215, 47]",2873,0,0,-1
3804,"[17215, 48]",2871,0,0,-1
3805,"[17215, 49]",2856,0,0,-1
3806,"[17215, 50]",2851,2,1,-1
3807,"[17215, 51]",2848,2,1,-1
3808,"[17215, 52]",2845,0,0,-1
3809,"[17215, 53]",2840,158,64,-1
3810,"[17215, 56]",2497,2,1,-1
3811,"[17215, 57]",2473,0,0,-1
3812,"[17215, 62]",2390,0,0,-1
3813,"[17215, 63]",2388,0,0,-1
3814,"[17215, 64]",2385,0,0,-1
3815,"[17215, 72]",2306,0,0,-1
3816,"[17215, 73]",9175,2,1,-1
3817,"[17215, 93]",8505,158,64,-1
3818,"[17215, 94]",8504,158,64,-1
3819,"[17215, 95]",8503,158,64,-1
3820,"[17215, 98]",8439,2,1,-1
3821,"[17215, 99]",8437,158,64,-1
3822,"[17215, 100]",8435,0,0,-1
3823,"[17215, 101]",8433,0,0,-1
3824,"[17215, 102]",8432,0,0,-1
3825,"[17215, 103]",8426,156,64,-1
3826,"[17215, 108]",6858,158,64,-1
3827,"[17215, 109]",6854,0,0,-1
3828,"[17215, 112]",6770,0,0,-1
3829,"[17215, 113]",6769,0,0,-1
3830,"[17215, 116]",6666,2,1,-1
3831,"[17215, 117]",6663,0,0,-1
3832,"[17215, 118]",6658,0,0,-1
3833,"[17215, 119]",6636,158,64,-1
3834,"[17215, 120]",6624,0,0,-1
3835,"[17215, 121]",6302,158,64,-1
3836,"[17215, 227]",16265,156,64,-1
3837,"[17215, 228]",16177,2,1,-1
3838,"[17215, 229]",16154,158,64,-1
3839,"[17215, 231]",15976,0,0,-1
3840,"[17215, 234]",15695,0,0,-1
3841,"[17215, 242]",13981,0,0,-1
3842,"[17215, 243]",13980,0,0,-1
3843,"[17215, 244]",13975,158,64,-1
3844,"[17215, 245]",13973,2,1,-1
3845,"[17215, 246]",13967,158,64,-1
3846,"[17215, 248]",13879,158,64,-1
3847,"[17215, 270]",13060,158,64,-1
3848,"[17215, 271]",13059,0,0,-1
3849,"[17215, 273]",54674,0,0,-1
3850,"[17215, 301]",51956,158,64,-1
3851,"[17215, 302]",51955,0,0,-1
3852,"[17215, 303]",51949,158,64,-1
3853,"[17215, 310]",39364,158,64,-1
3854,"[17215, 362]",20714,0,0,-1
3855,"[17215, 363]",20713,0,0,-1
3856,"[17215, 364]",20712,0,0,-1
3857,"[17215, 431]",89452,0,0,-1
3858,"[17215, 474]",75060,0,0,-1
3859,"[17215, 527]",164283,156,64,-1
3860,"[17215, 558]",94147,158,64,-1
3861,"[17238, 0]",3385,158,64,-1
3862,"[17238, 1]",2801,158,64,-1
3863,"[17238, 2]",15755,158,64,-1
3864,"[17238, 3]",15751,0,0,-1
3865,"[17247, 4]",442,158,64,-1
3866,"[17247, 5]",441,158,64,-1
3867,"[17247, 6]",438,0,0,-1
3868,"[17247, 7]",431,158,64,-1
3869,"[17247, 10]",1829,0,0,-1
3870,"[17247, 11]",1827,0,0,-1
3871,"[17247, 12]",1826,0,0,-1
3872,"[17247, 13]",1825,0,0,-1
3873,"[17247, 15]",5946,158,64,-1
3874,"[17247, 16]",5941,158,64,-1
3875,"[17247, 17]",5939,0,0,-1
3876,"[17247, 18]",5938,0,0,-1
3877,"[17247, 19]",5933,156,64,-1
3878,"[17247, 20]",5925,0,0,-1
3879,"[17247, 21]",5924,0,0,-1
3880,"[17247, 23]",10335,158,64,-1
3881,"[17247, 24]",10224,158,64,-1
3882,"[17247, 25]",10223,0,0,-1
3883,"[17247, 26]",10220,158,64,-1
3884,"[17247, 27]",10217,156,64,-1
3885,"[17247, 28]",18575,158,64,-1
3886,"[17252, 0]",879,156,64,-1
3887,"[17291, 0]",3380,0,0,-1
3888,"[17291, 1]",6947,158,64,-1
3889,"[17305, 0]",1331,57,26,0
3890,"[17305, 1]",1330,0,0,0
3891,"[17305, 2]",2048,41,18,0
3892,"[17320, 0]",1128,0,0,-1
3893,"[17320, 1]",1125,158,64,7
3894,"[17320, 2]",3368,158,64,-1
3895,"[17320, 3]",32674,57,26,0
3896,"[17321, 0]",1949,158,64,-1
3897,"[17332, 0]",12058,158,64,-1
3898,"[17332, 1]",10213,158,64,18
3899,"[17391, 0]",4395,41,18,2
3900,"[17487, 2]",3281,0,0,-1
3901,"[17487, 3]",3280,156,64,-1
3902,"[17487, 7]",5432,2,1,-1
3903,"[17487, 8]",5431,158,64,-1
3904,"[17533, 0]",942,0,0,0
3905,"[17533, 1]",941,0,0,0
3906,"[17533, 2]",1884,64,29,0
3907,"[17533, 3]",1880,2,1,0
3908,"[17533, 4]",2893,0,0,0
3909,"[17533, 5]",4178,41,18,0
3910,"[17539, 4]",3223,0,0,0
3911,"[17539, 5]",5745,0,0,0
3912,"[17539, 6]",6125,0,0,0
3913,"[17539, 7]",7266,53,24,1
3914,"[17705, 17]",12475,0,0,-1
3915,"[17705, 18]",12474,0,0,-1
3916,"[17705, 21]",12695,2,1,-1
3917,"[17705, 22]",12689,0,0,-1
3918,"[17705, 24]",14770,2,1,-1
3919,"[17764, 68]",454980,0,0,-1
3920,"[17764, 72]",469379,158,64,-1
3921,"[17780, 0]",7902,158,64,0
3922,"[17788, 0]",13,158,64,-1
3923,"[17788, 1]",12,158,64,-1
3924,"[17788, 2]",630,156,64,-1
3925,"[18066, 46]",6342,158,64,-1
3926,"[18282, 0]",2662,158,64,-1
3927,"[18300, 0]",10949,41,18,2
3928,"[18300, 1]",16506,57,26,9
3929,"[18401, 0]",32626,41,18,0
3930,"[18414, 8]",211,0,0,-1
3931,"[18414, 14]",1771,158,64,-1
3932,"[18414, 15]",1683,0,0,4
3933,"[18414, 16]",1682,0,0,4
3934,"[18414, 24]",3476,158,64,0
3935,"[18414, 25]",3475,2,1,0
3936,"[18414, 26]",3473,0,0,0
3937,"[18414, 27]",3471,0,0,0
3938,"[18414, 28]",3466,0,0,0
3939,"[18414, 29]",3465,0,0,0
3940,"[18414, 30]",3463,0,0,0
3941,"[18414, 31]",3462,0,0,0
3942,"[18414, 33]",9397,0,0,0
3943,"[18414, 34]",9395,0,0,0
3944,"[18414, 35]",9386,0,0,0
3945,"[18414, 36]",9372,156,64,0
3946,"[18414, 37]",9368,57,26,0
3947,"[18414, 38]",9354,158,64,-1
3948,"[18414, 39]",9353,0,0,5
3949,"[18414, 40]",9347,2,1,0
3950,"[18414, 41]",14602,158,64,0
3951,"[18414, 42]",14526,156,64,0
3952,"[18414, 43]",14453,0,0,0
3953,"[18414, 44]",14441,2,1,0
3954,"[18414, 45]",22863,0,0,0
3955,"[18414, 46]",28705,2,1,-1
3956,"[18415, 288]",10326,41,18,6
3957,"[18447, 0]",32,0,0,-1
3958,"[18447, 1]",27,0,0,-1
3959,"[18447, 2]",26,0,0,-1
3960,"[18447, 3]",183,0,0,-1
3961,"[18447, 4]",180,158,64,-1
3962,"[18447, 5]",176,0,0,-1
3963,"[18447, 6]",175,0,0,-1
3964,"[18447, 7]",164,0,0,-1
3965,"[18447, 8]",163,0,0,-1
3966,"[18447, 9]",148,158,64,-1
3967,"[18447, 10]",1686,158,64,-1
3968,"[18447, 11]",1651,158,64,-1
3969,"[18447, 12]",1639,2,1,-1
3970,"[18447, 13]",1638,158,64,-1
3971,"[18447, 14]",1632,158,64,-1
3972,"[18447, 18]",1562,156,64,-1
3973,"[18447, 19]",1517,2,1,-1
3974,"[18447, 20]",1512,0,0,-1
3975,"[18447, 21]",1511,0,0,-1
3976,"[18447, 25]",1393,2,1,-1
3977,"[18447, 26]",1392,158,64,-1
3978,"[18447, 27]",1388,0,0,-1
3979,"[18447, 28]",3535,0,0,-1
3980,"[18447, 29]",3534,0,0,-1
3981,"[18447, 41]",3152,41,20,-1
3982,"[18447, 51]",5704,0,0,-1
3983,"[18447, 75]",12825,156,64,-1
3984,"[18473, 0]",12605,158,64,-1
3985,"[18473, 1]",11048,158,64,-1
3986,"[18507, 13]",3246,41,20,-1
3987,"[18556, 0]",4750,2,1,14
3988,"[18569, 0]",3397,158,64,-1
3989,"[18641, 0]",30,158,64,-1
3990,"[18641, 1]",27,156,64,-1
3991,"[18641, 2]",26,2,1,-1
3992,"[18694, 1]",22239,158,64,0
3993,"[18694, 2]",22236,0,0,0
3994,"[18694, 3]",35744,55,26,0
3995,"[18694, 4]",46002,158,64,0
3996,"[18722, 0]",6173,156,64,-1
3997,"[18815, 0]",166,158,64,-1
3998,"[18815, 1]",165,158,64,-1
3999,"[18815, 2]",163,0,0,-1
4000,"[18815, 3]",160,0,0,-1
4001,"[18815, 4]",159,0,0,-1
4002,"[18815, 5]",155,0,0,-1
4003,"[18815, 6]",146,0,0,-1
4004,"[18815, 7]",145,0,0,-1
4005,"[18815, 8]",144,0,0,-1
4006,"[18815, 9]",140,0,0,-1
4007,"[18815, 10]",135,0,0,-1
4008,"[18815, 11]",1244,158,64,-1
4009,"[18815, 12]",1242,0,0,-1
4010,"[18815, 17]",1201,0,0,-1
4011,"[18815, 20]",1186,0,0,-1
4012,"[18815, 29]",1150,158,64,-1
4013,"[18815, 30]",1144,156,64,-1
4014,"[18815, 31]",1141,0,0,-1
4015,"[18815, 35]",1128,0,0,-1
4016,"[18815, 36]",2317,158,64,-1
4017,"[18815, 38]",2205,158,64,-1
4018,"[18815, 44]",2050,158,64,-1
4019,"[18815, 47]",1945,0,0,-1
4020,"[18815, 48]",1940,158,64,-1
4021,"[18815, 64]",3663,2,1,-1
4022,"[18815, 65]",3662,0,0,4
4023,"[18815, 70]",4969,57,26,0
4024,"[18815, 71]",4968,0,0,0
4025,"[18815, 77]",6632,156,64,0
4026,"[18815, 78]",6628,2,1,0
4027,"[18815, 79]",6627,0,0,0
4028,"[18815, 80]",7155,57,26,-1
4029,"[18863, 11]",373,158,64,-1
4030,"[18899, 47]",4247,0,0,-1
4031,"[18899, 64]",5708,0,0,-1
4032,"[18899, 69]",4819,158,64,-1
4033,"[18899, 70]",4816,0,0,-1
4034,"[18899, 77]",7896,156,64,-1
4035,"[18899, 78]",7895,156,64,-1
4036,"[18899, 79]",7890,158,64,-1
4037,"[18899, 82]",7555,2,1,-1
4038,"[18953, 0]",6766,156,64,1
4039,"[19018, 0]",1180,158,64,-1
4040,"[19170, 0]",17803,158,64,-1
4041,"[19170, 6]",91779,0,0,-1
4042,"[19170, 7]",82570,158,64,-1
4043,"[19170, 8]",55530,0,0,-1
4044,"[19170, 9]",117224,0,0,-1
4045,"[19170, 10]",108755,2,1,-1
4046,"[19170, 12]",152481,158,64,0
4047,"[19170, 13]",152480,0,0,0
4048,"[19170, 14]",170261,41,18,0
4049,"[19200, 0]",1442,0,0,0
4050,"[19200, 1]",2488,158,64,0
4051,"[19206, 1]",18092,57,26,4
4052,"[19206, 2]",12131,0,0,0
4053,"[19206, 3]",12129,0,0,0
4054,"[19206, 4]",12126,0,0,0
4055,"[19206, 5]",12125,0,0,0
4056,"[19206, 6]",12124,0,0,0
4057,"[19206, 7]",12123,0,0,0
4058,"[19206, 8]",29518,0,0,0
4059,"[19206, 9]",29517,41,18,0
4060,"[19206, 10]",29514,0,0,0
4061,"[19206, 11]",29510,158,64,0
4062,"[19206, 12]",29507,0,0,0
4063,"[19206, 13]",29503,2,1,0
4064,"[19206, 14]",29502,0,0,0
4065,"[19206, 16]",29491,2,1,0
4066,"[19206, 17]",29475,41,18,0
4067,"[19206, 18]",37131,2,1,0
4068,"[19206, 19]",37130,2,1,0
4069,"[19206, 20]",33491,41,18,0
4070,"[19206, 21]",33468,158,64,0
4071,"[19206, 22]",33467,0,0,0
4072,"[19206, 23]",33427,0,0,0
4073,"[19206, 24]",33402,41,18,0
4074,"[19206, 25]",64081,2,1,0
4075,"[19206, 26]",63959,2,1,0
4076,"[19206, 27]",63958,0,0,0
4077,"[19206, 28]",79449,0,0,0
4078,"[19206, 29]",71367,41,18,0
4079,"[19206, 30]",66623,158,64,0
4080,"[19206, 31]",89471,0,0,0
4081,"[19206, 32]",100208,2,1,0
4082,"[19207, 1]",3059,158,64,47
4083,"[19207, 2]",11862,2,1,-1
4084,"[19207, 3]",10200,158,64,-1
4085,"[19273, 0]",7469,158,64,-1
4086,"[19360, 0]",15,41,18,0
4087,"[19360, 1]",13,0,0,0
4088,"[19360, 2]",197,41,18,22
4089,"[19383, 0]",843,158,64,0
4090,"[19469, 0]",5571,0,0,-1
4091,"[19469, 1]",7563,158,64,-1
4092,"[19469, 2]",13337,0,0,-1
4093,"[19469, 3]",19864,57,26,1
4094,"[19469, 4]",28380,0,0,0
4095,"[19469, 5]",26869,0,0,0
4096,"[19469, 6]",26867,0,0,0
4097,"[19469, 7]",31823,0,0,0
4098,"[19469, 8]",31805,57,26,0
4099,"[19469, 9]",31646,57,26,0
4100,"[19469, 10]",34956,158,64,0
4101,"[19511, 0]",14,0,0,-1
4102,"[19511, 1]",48,158,64,-1
4103,"[19588, 0]",3117,0,0,0
4104,"[19588, 1]",3780,2,1,0
4105,"[19588, 2]",3778,158,64,0
4106,"[19588, 3]",3685,158,64,0
4107,"[19588, 4]",3684,0,0,0
4108,"[19588, 5]",3679,0,0,1
4109,"[19588, 6]",9724,158,64,3
4110,"[19588, 7]",9714,158,64,11
4111,"[19588, 8]",9711,0,0,1
4112,"[19588, 9]",9709,0,0,-1
4113,"[19588, 10]",9679,158,64,7
4114,"[19588, 11]",9887,0,0,-1
4115,"[19588, 12]",9880,158,64,0
4116,"[19588, 13]",16384,41,18,24
4117,"[19588, 14]",13600,0,0,0
4118,"[19588, 15]",13599,0,0,0
4119,"[19588, 16]",17055,158,64,6
4120,"[19588, 17]",17052,158,64,4
4121,"[19632, 0]",1462,2,1,-1
4122,"[19661, 0]",5732,0,0,0
4123,"[19661, 1]",11725,64,29,0
4124,"[19730, 0]",3997,158,64,-1
4125,"[19761, 0]",8003,0,0,-1
4126,"[19761, 1]",9749,158,64,-1
4127,"[19786, 0]",9259,57,26,1
4128,"[19813, 0]",938,0,0,0
4129,"[19813, 1]",936,0,0,0
4130,"[19813, 2]",2631,41,18,0
4131,"[19813, 3]",2618,158,64,0
4132,"[19813, 4]",9099,0,0,0
4133,"[19813, 5]",12566,156,64,0
4134,"[19825, 0]",15,2,1,0
4135,"[19825, 1]",11,0,0,0
4136,"[19825, 2]",196,2,1,0
4137,"[19825, 3]",195,0,0,0
4138,"[19825, 4]",805,41,18,0
4139,"[19825, 5]",804,41,18,0
4140,"[19825, 6]",802,0,0,0
4141,"[19825, 7]",801,64,29,0
4142,"[19825, 8]",800,0,0,0
4143,"[19825, 9]",799,0,0,0
4144,"[19825, 10]",798,0,0,0
4145,"[19825, 11]",682,0,0,4
4146,"[19825, 12]",680,158,64,1
4147,"[19825, 13]",679,0,0,-1
4148,"[19825, 14]",2210,2,1,3
4149,"[19825, 15]",2188,158,64,4
4150,"[19825, 17]",2116,158,64,0
4151,"[19825, 18]",2113,2,1,0
4152,"[19825, 19]",2107,41,18,0
4153,"[19825, 20]",3137,0,0,0
4154,"[19825, 21]",4483,2,1,0
4155,"[19828, 0]",1648,0,0,-1
4156,"[19828, 1]",3485,0,0,-1
4157,"[19828, 2]",7690,156,64,-1
4158,"[19846, 1]",22845,0,0,0
4159,"[19846, 2]",39260,0,0,0
4160,"[19846, 3]",39330,158,64,0
4161,"[19852, 0]",3225,156,64,0
4162,"[19852, 1]",3223,0,0,0
4163,"[19852, 2]",6246,0,0,0
4164,"[19852, 3]",6477,41,18,0
4165,"[19876, 0]",28,41,18,0
4166,"[19876, 1]",306,41,18,0
4167,"[19876, 2]",303,41,18,0
4168,"[19876, 3]",301,0,0,0
4169,"[19876, 6]",1840,2,1,0
4170,"[19876, 7]",3855,158,64,0
4171,"[19876, 8]",3852,0,0,0
4172,"[19876, 9]",3851,2,1,0
4173,"[19876, 10]",3850,0,0,0
4174,"[19876, 11]",3849,0,0,0
4175,"[19876, 12]",3842,158,64,0
4176,"[19876, 13]",8408,57,26,0
4177,"[19876, 14]",8405,57,26,0
4178,"[19876, 15]",8400,158,64,-1
4179,"[19912, 0]",2047,0,0,-1
4180,"[19912, 1]",2046,0,0,-1
4181,"[19912, 2]",2732,0,0,-1
4182,"[19912, 3]",2731,0,0,-1
4183,"[19912, 4]",2727,0,0,-1
4184,"[19912, 5]",5363,158,64,-1
4185,"[19912, 6]",5349,158,64,-1
4186,"[19912, 7]",5345,158,64,-1
4187,"[19912, 8]",5343,0,0,-1
4188,"[19912, 9]",6199,158,64,-1
4189,"[19943, 0]",1940,0,0,0
4190,"[19943, 1]",2133,158,64,2
4191,"[19948, 1]",20,156,64,-1
4192,"[19948, 2]",19,158,64,-1
4193,"[19948, 3]",16,158,64,-1
4194,"[19948, 4]",15,0,0,-1
4195,"[19948, 5]",13,0,0,-1
4196,"[19948, 6]",11,158,64,-1
4197,"[19951, 0]",28702,156,64,-1
4198,"[20027, 0]",3615,158,64,-1
4199,"[20042, 0]",2357,158,64,-1
4200,"[20123, 0]",6797,2,1,0
4201,"[20123, 1]",12868,158,64,0
4202,"[20123, 2]",12867,0,0,0
4203,"[20123, 3]",15064,54,24,0
4204,"[20176, 0]",672,156,64,-1
4205,"[20200, 0]",22,0,0,-1
4206,"[20200, 1]",233,158,64,-1
4207,"[20200, 2]",232,158,64,-1
4208,"[20220, 0]",18555,0,0,0
4209,"[20220, 1]",20616,53,24,0
4210,"[20312, 1]",13437,41,20,-1
4211,"[20354, 48]",6424,0,0,-1
4212,"[20354, 53]",9632,158,64,-1
4213,"[20376, 0]",2982,158,64,-1
4214,"[20379, 0]",9753,158,64,-1
4215,"[20386, 0]",5452,158,64,0
4216,"[20466, 0]",1323,158,64,0
4217,"[20466, 1]",1322,156,64,0
4218,"[20497, 0]",22174,158,64,-1
4219,"[20497, 1]",49399,158,64,-1
4220,"[20497, 2]",48569,158,64,-1
4221,"[20532, 3]",23047,158,64,-1
4222,"[20532, 4]",23046,158,64,-1
4223,"[20532, 5]",35367,158,64,-1
4224,"[20565, 0]",726,2,1,-1
4225,"[20623, 0]",27299,158,64,-1
4226,"[20623, 1]",27297,158,64,-1
4227,"[20623, 2]",23650,158,64,-1
4228,"[20623, 3]",58795,158,64,-1
4229,"[20643, 0]",3777,0,0,-1
4230,"[20643, 6]",25816,156,64,-1
4231,"[20643, 7]",25815,158,64,-1
4232,"[20643, 23]",78663,158,64,-1
4233,"[20643, 38]",185065,156,64,-1
4234,"[20645, 0]",3899,158,64,-1
4235,"[20741, 0]",312,158,64,-1
4236,"[20759, 0]",19,0,0,-1
4237,"[20759, 1]",183,156,64,7
4238,"[20759, 2]",181,0,0,-1
4239,"[20759, 3]",170,0,0,-1
4240,"[20759, 4]",165,156,64,-1
4241,"[20759, 5]",164,0,0,-1
4242,"[20759, 6]",163,0,0,3
4243,"[20759, 7]",161,0,0,-1
4244,"[20759, 8]",135,158,64,-1
4245,"[20759, 9]",632,158,64,7
4246,"[20759, 10]",630,0,0,-1
4247,"[20759, 11]",625,0,0,0
4248,"[20759, 12]",592,156,64,-1
4249,"[20759, 13]",582,158,64,-1
4250,"[20759, 14]",581,0,0,-1
4251,"[20759, 15]",580,156,64,-1
4252,"[20759, 16]",579,156,64,-1
4253,"[20759, 17]",530,0,0,-1
4254,"[20759, 18]",529,0,0,-1
4255,"[20759, 19]",523,0,0,-1
4256,"[20759, 20]",1797,156,64,4
4257,"[20759, 21]",1778,158,64,-1
4258,"[20759, 22]",1771,158,64,-1
4259,"[20759, 23]",1768,158,64,-1
4260,"[20759, 24]",1767,0,0,-1
4261,"[20759, 25]",1763,158,64,-1
4262,"[20759, 26]",1761,0,0,-1
4263,"[20759, 27]",1688,0,0,-1
4264,"[20759, 28]",1517,2,1,-1
4265,"[20759, 29]",1489,156,64,6
4266,"[20759, 30]",2508,2,1,-1
4267,"[20759, 31]",2507,158,64,-1
4268,"[20808, 0]",1039,158,64,-1
4269,"[20846, 0]",3773,158,64,-1
4270,"[20905, 0]",6902,0,0,-1
4271,"[20905, 1]",6901,2,1,-1
4272,"[20905, 2]",6900,158,64,-1
4273,"[20905, 3]",13895,158,64,-1
4274,"[20926, 82]",3376,0,0,-1
4275,"[20926, 83]",3375,0,0,-1
4276,"[20926, 121]",4798,158,64,-1
4277,"[20926, 122]",4793,0,0,-1
4278,"[20926, 151]",11165,158,64,-1
4279,"[20926, 152]",11161,158,64,-1
4280,"[20945, 0]",9748,158,64,-1
4281,"[20961, 0]",6318,2,1,-1
4282,"[20976, 0]",7282,158,64,-1
4283,"[20976, 1]",7280,158,64,-1
4284,"[21050, 0]",1997,2,1,-1
4285,"[21164, 13]",283,0,0,-1
4286,"[21164, 21]",1943,158,64,-1
4287,"[21164, 22]",1941,0,0,-1
4288,"[21164, 23]",1898,0,0,-1
4289,"[21164, 32]",2320,158,64,-1
4290,"[21164, 33]",2319,0,0,-1
4291,"[21164, 34]",2317,156,64,-1
4292,"[21164, 35]",2314,0,0,-1
4293,"[21164, 36]",2311,158,64,-1
4294,"[21164, 37]",2308,0,0,-1
4295,"[21164, 39]",3958,0,0,-1
4296,"[21164, 40]",3933,0,0,-1
4297,"[21164, 41]",3929,0,0,-1
4298,"[21164, 42]",3928,0,0,-1
4299,"[21164, 43]",3902,158,64,-1
4300,"[21164, 45]",4643,0,0,-1
4301,"[21164, 46]",4638,156,64,-1
4302,"[21164, 47]",4633,158,64,-1
4303,"[21164, 48]",4631,156,64,-1
4304,"[21164, 49]",4629,0,0,-1
4305,"[21164, 50]",5606,156,64,-1
4306,"[21164, 51]",5605,0,0,-1
4307,"[21164, 52]",6122,156,64,-1
4308,"[21223, 0]",4730,156,64,-1
4309,"[21342, 0]",1183,156,64,-1
4310,"[21376, 0]",604,156,64,-1
4311,"[21383, 0]",9767,156,64,-1
4312,"[21450, 0]",1870,158,64,-1
4313,"[21525, 5]",29357,156,64,-1
4314,"[21525, 6]",17863,158,64,-1
4315,"[21525, 7]",31517,158,64,-1
4316,"[21525, 8]",85112,158,64,-1
4317,"[21525, 9]",85111,156,64,-1
4318,"[21525, 10]",43952,158,64,-1
4319,"[21525, 11]",40529,158,64,-1
4320,"[21525, 12]",204358,0,0,-1
4321,"[21525, 13]",184522,158,64,-1
4322,"[21525, 14]",184521,0,0,-1
4323,"[21525, 15]",213039,158,64,-1
4324,"[21525, 16]",210025,158,64,-1
4325,"[21587, 0]",15079,158,64,0
4326,"[21587, 1]",15076,41,18,0
4327,"[21621, 2]",164,0,0,-1
4328,"[21621, 3]",163,0,0,-1
4329,"[21621, 4]",162,0,0,-1
4330,"[21621, 14]",501,0,0,-1
4331,"[21621, 15]",500,0,0,-1
4332,"[21621, 18]",393,158,64,-1
4333,"[21621, 19]",391,0,0,-1
4334,"[21621, 20]",390,0,0,-1
4335,"[21621, 21]",385,0,0,-1
4336,"[21621, 22]",380,156,64,-1
4337,"[21621, 26]",1665,158,64,-1
4338,"[21621, 30]",1404,158,64,-1
4339,"[21621, 31]",1403,158,64,-1
4340,"[21621, 32]",1394,0,0,-1
4341,"[21621, 35]",3507,158,64,-1
4342,"[21621, 37]",2830,158,64,-1
4343,"[21639, 0]",3408,158,64,-1
4344,"[21667, 0]",2721,158,64,2
4345,"[21667, 1]",7218,158,64,0
4346,"[21682, 0]",17,0,0,-1
4347,"[21682, 1]",12,0,0,-1
4348,"[21682, 2]",180,0,0,-1
4349,"[21682, 3]",176,158,64,-1
4350,"[21682, 4]",173,0,0,-1
4351,"[21682, 5]",161,158,64,-1
4352,"[21682, 6]",160,0,0,-1
4353,"[21682, 7]",159,0,0,-1
4354,"[21682, 8]",154,158,64,-1
4355,"[21682, 9]",582,0,0,-1
4356,"[21682, 10]",477,0,0,-1
4357,"[21682, 11]",1899,158,64,-1
4358,"[21697, 0]",34937,0,0,-1
4359,"[21697, 1]",50048,0,0,-1
4360,"[21697, 2]",57123,0,0,-1
4361,"[21697, 3]",70213,0,0,-1
4362,"[21697, 4]",73725,54,24,-1
4363,"[21730, 0]",5887,158,64,-1
4364,"[21730, 1]",5884,0,0,-1
4365,"[22021, 0]",1174,158,64,-1
4366,"[22021, 1]",1172,156,64,-1
4367,"[22021, 2]",1171,158,64,-1
4368,"[22021, 3]",1170,156,64,-1
4369,"[22021, 4]",1169,158,64,-1
4370,"[22021, 5]",1168,158,64,-1
4371,"[22021, 6]",1167,158,64,-1
4372,"[22021, 7]",1166,158,64,-1
4373,"[22021, 8]",1165,158,64,-1
4374,"[22021, 9]",1164,156,64,-1
4375,"[22021, 10]",1161,0,0,-1
4376,"[22021, 11]",4215,0,0,-1
4377,"[22021, 12]",17265,158,64,-1
4378,"[22021, 14]",7454,158,64,-1
4379,"[22021, 15]",7452,0,0,-1
4380,"[22021, 16]",7451,0,0,-1
4381,"[22021, 17]",19881,0,0,-1
4382,"[22021, 18]",19880,158,64,-1
4383,"[22021, 19]",19876,158,64,-1
4384,"[22021, 20]",24799,156,64,-1
4385,"[22203, 0]",1388,158,64,-1
4386,"[22274, 0]",5103,158,64,-1
4387,"[22284, 15]",31052,57,26,-1
4388,"[22321, 0]",5354,41,18,0
4389,"[22321, 1]",5351,0,0,0
4390,"[22321, 2]",7544,2,1,0
4391,"[22325, 1]",13276,158,64,-1
4392,"[22325, 2]",13275,0,0,3
4393,"[22325, 3]",9383,158,64,-1
4394,"[22325, 4]",9381,158,64,4
4395,"[22325, 5]",21863,158,64,4
4396,"[22325, 6]",31967,0,0,3
4397,"[22325, 7]",48976,156,64,0
4398,"[22325, 8]",56446,0,0,-1
4399,"[22325, 9]",65244,158,64,5
4400,"[22371, 0]",12,0,0,-1
4401,"[22371, 1]",148,0,0,-1
4402,"[22371, 2]",146,0,0,-1
4403,"[22371, 3]",391,158,64,-1
4404,"[22371, 4]",383,158,64,-1
4405,"[22371, 5]",382,0,0,-1
4406,"[22371, 6]",381,0,0,-1
4407,"[22371, 7]",1319,158,64,-1
4408,"[22371, 8]",1318,158,64,-1
4409,"[22371, 9]",1311,158,64,-1
4410,"[22371, 10]",1310,0,0,-1
4411,"[22371, 11]",1304,156,64,-1
4412,"[22371, 12]",1301,0,0,1
4413,"[22371, 13]",1296,158,64,-1
4414,"[22371, 16]",2900,0,0,0
4415,"[22371, 17]",2839,156,64,-1
4416,"[22371, 18]",2837,0,0,-1
4417,"[22371, 19]",2821,0,0,-1
4418,"[22371, 20]",2212,158,64,-1
4419,"[22371, 21]",4574,156,64,-1
4420,"[22371, 22]",4530,158,64,-1
4421,"[22432, 0]",21281,158,64,0
4422,"[22432, 1]",21279,57,26,0
4423,"[22490, 0]",5708,158,64,-1
4424,"[22655, 0]",1456,2,1,0
4425,"[22655, 1]",1454,0,0,0
4426,"[22655, 2]",1453,0,0,0
4427,"[22655, 3]",1452,0,0,0
4428,"[22655, 4]",1451,0,0,0
4429,"[22655, 5]",4175,158,64,-1
4430,"[22655, 6]",4164,41,18,0
4431,"[22655, 7]",4157,41,18,0
4432,"[22655, 8]",7437,59,28,0
4433,"[22655, 9]",7436,0,0,0
4434,"[22655, 10]",12346,158,64,0
4435,"[22655, 11]",12343,0,0,0
4436,"[22655, 12]",12342,0,0,0
4437,"[22655, 13]",12341,0,0,0
4438,"[22655, 14]",12340,0,0,0
4439,"[22655, 15]",12326,0,0,0
4440,"[22655, 16]",12324,0,0,0
4441,"[22655, 17]",12322,0,0,0
4442,"[22655, 18]",12321,0,0,0
4443,"[22655, 19]",12319,0,0,0
4444,"[22655, 20]",12315,41,18,0
4445,"[22655, 21]",12311,0,0,0
4446,"[22655, 22]",12310,0,0,0
4447,"[22655, 23]",12309,0,0,0
4448,"[22655, 24]",12303,158,64,0
4449,"[22655, 25]",16223,0,0,0
4450,"[22655, 26]",16214,156,64,-1
4451,"[22655, 27]",16210,158,64,0
4452,"[22655, 28]",16209,2,1,0
4453,"[22655, 29]",16207,0,0,0
4454,"[22655, 30]",16203,158,64,-1
4455,"[22655, 31]",16174,158,64,-1
4456,"[22655, 32]",16167,0,0,0
4457,"[22655, 33]",16161,0,0,0
4458,"[22655, 34]",16156,158,64,0
4459,"[22655, 35]",16153,2,1,0
4460,"[22655, 36]",16088,0,0,0
4461,"[22655, 37]",16087,0,0,0
4462,"[22655, 38]",16084,41,18,7
4463,"[22655, 39]",16083,156,64,6
4464,"[22655, 40]",16078,57,26,0
4465,"[22655, 41]",16077,53,24,0
4466,"[22655, 42]",16075,0,0,0
4467,"[22655, 43]",16066,0,0,0
4468,"[22655, 44]",22011,158,64,0
4469,"[22655, 45]",21945,0,0,0
4470,"[22655, 46]",21885,0,0,0
4471,"[22655, 47]",21882,2,1,0
4472,"[22655, 48]",21749,156,64,0
4473,"[22655, 49]",21709,57,26,0
4474,"[22655, 50]",21707,0,0,0
4475,"[22655, 51]",21706,0,0,0
4476,"[22655, 52]",21529,41,18,0
4477,"[22655, 53]",21526,0,0,0
4478,"[22655, 54]",21422,158,64,0
4479,"[22655, 55]",25248,41,18,0
4480,"[22655, 56]",25246,0,0,0
4481,"[22655, 57]",25061,57,26,0
4482,"[22655, 58]",25058,0,0,0
4483,"[22655, 59]",24484,0,0,0
4484,"[22655, 60]",24483,0,0,0
4485,"[22655, 61]",24351,0,0,0
4486,"[22655, 62]",28074,158,64,4
4487,"[22655, 63]",28001,0,0,0
4488,"[22655, 64]",27998,57,26,0
4489,"[22655, 65]",27794,158,64,0
4490,"[22655, 66]",27663,0,0,0
4491,"[22655, 67]",29993,0,0,0
4492,"[22655, 68]",29064,57,26,0
4493,"[22655, 69]",30641,54,24,0
4494,"[22725, 0]",459,2,1,-1
4495,"[22805, 0]",560,158,64,-1
4496,"[22814, 0]",1100,0,0,0
4497,"[22814, 1]",3711,158,64,0
4498,"[22819, 0]",3974,2,1,-1
4499,"[22882, 0]",494,158,64,-1
4500,"[22884, 0]",2360,158,64,0
4501,"[22899, 0]",590,0,0,0
4502,"[22899, 1]",1712,158,64,0
4503,"[22978, 2]",43965,2,1,-1
4504,"[22987, 0]",1923,57,26,4
4505,"[23002, 0]",7083,2,1,-1
4506,"[23010, 0]",16,0,0,-1
4507,"[23010, 1]",235,158,64,-1
4508,"[23010, 2]",232,156,64,-1
4509,"[23010, 3]",225,0,0,2
4510,"[23010, 4]",1197,158,64,1
4511,"[23010, 5]",1195,0,0,4
4512,"[23010, 6]",1194,0,0,-1
4513,"[23010, 7]",1192,158,64,2
4514,"[23010, 8]",1189,158,64,-1
4515,"[23010, 9]",1185,156,64,-1
4516,"[23010, 10]",1183,0,0,-1
4517,"[23010, 11]",1125,0,0,-1
4518,"[23010, 12]",3011,158,64,-1
4519,"[23010, 13]",2955,156,64,-1
4520,"[23010, 14]",2942,0,0,9
4521,"[23010, 15]",2938,57,26,0
4522,"[23010, 16]",3754,158,64,0
4523,"[23030, 12]",174,0,0,-1
4524,"[23030, 23]",617,2,1,-1
4525,"[23030, 24]",616,158,64,-1
4526,"[23030, 25]",614,0,0,-1
4527,"[23030, 26]",611,0,0,-1
4528,"[23030, 27]",605,158,64,-1
4529,"[23030, 28]",597,158,64,-1
4530,"[23030, 29]",595,158,64,-1
4531,"[23030, 30]",555,158,64,-1
4532,"[23030, 32]",521,158,64,-1
4533,"[23030, 33]",517,0,0,-1
4534,"[23030, 34]",516,0,0,-1
4535,"[23030, 35]",511,0,0,-1
4536,"[23030, 36]",510,0,0,-1
4537,"[23030, 61]",2097,44,20,-1
4538,"[23030, 62]",2096,0,0,-1
4539,"[23030, 63]",2042,158,64,-1
4540,"[23030, 64]",2039,158,64,-1
4541,"[23030, 65]",2037,0,0,-1
4542,"[23030, 66]",2031,158,64,-1
4543,"[23030, 67]",2029,158,64,-1
4544,"[23030, 68]",1944,158,64,-1
4545,"[23030, 69]",1942,0,0,-1
4546,"[23030, 70]",1941,0,0,-1
4547,"[23030, 71]",1940,0,0,-1
4548,"[23030, 72]",1860,158,64,-1
4549,"[23030, 73]",1859,158,64,-1
4550,"[23030, 74]",1856,0,0,-1
4551,"[23030, 79]",3391,158,64,-1
4552,"[23030, 80]",3384,0,0,-1
4553,"[23030, 82]",3192,0,0,-1
4554,"[23030, 91]",4993,156,64,-1
4555,"[23030, 92]",4988,158,64,-1
4556,"[23030, 95]",4608,158,64,-1
4557,"[23070, 0]",3894,0,0,0
4558,"[23070, 1]",3893,0,0,0
4559,"[23070, 2]",5462,158,64,0
4560,"[23070, 3]",5459,158,64,1
4561,"[23070, 4]",5289,158,64,-1
4562,"[23086, 65]",1473,0,0,-1
4563,"[23086, 66]",1472,0,0,-1
4564,"[23086, 68]",1458,0,0,-1
4565,"[23086, 86]",1282,0,0,-1
4566,"[23086, 87]",6199,158,64,-1
4567,"[23086, 103]",5618,2,1,-1
4568,"[23086, 105]",5560,158,64,-1
4569,"[23086, 106]",5557,0,0,-1
4570,"[23086, 107]",5553,0,0,-1
4571,"[23086, 177]",4791,2,1,-1
4572,"[23086, 178]",4789,158,64,-1
4573,"[23086, 179]",4788,0,0,-1
4574,"[23086, 201]",11791,57,26,-1
4575,"[23086, 202]",11788,0,0,-1
4576,"[23086, 239]",11156,0,0,-1
4577,"[23086, 240]",11155,0,0,-1
4578,"[23086, 242]",10921,158,64,-1
4579,"[23086, 243]",10852,158,64,-1
4580,"[23086, 252]",10749,158,64,-1
4581,"[23086, 253]",10748,0,0,-1
4582,"[23086, 298]",9325,158,64,-1
4583,"[23086, 321]",8937,158,64,-1
4584,"[23086, 322]",8935,0,0,-1
4585,"[23086, 323]",8834,0,0,-1
4586,"[23086, 328]",8360,156,64,-1
4587,"[23086, 329]",8359,0,0,-1
4588,"[23086, 334]",24243,0,0,-1
4589,"[23086, 337]",22627,158,64,-1
4590,"[23086, 338]",22518,0,0,-1
4591,"[23086, 339]",22517,0,0,-1
4592,"[23086, 382]",19967,0,0,-1
4593,"[23086, 383]",19965,0,0,-1
4594,"[23086, 384]",19708,0,0,-1
4595,"[23086, 391]",19086,156,64,-1
4596,"[23086, 392]",19083,158,64,-1
4597,"[23086, 393]",19082,158,64,-1
4598,"[23086, 434]",36512,158,64,-1
4599,"[23086, 435]",36510,0,0,-1
4600,"[23086, 437]",36177,156,64,-1
4601,"[23086, 486]",33202,158,64,-1
4602,"[23086, 487]",32947,158,64,-1
4603,"[23086, 488]",32946,0,0,-1
4604,"[23086, 489]",32945,158,64,-1
4605,"[23086, 518]",27776,156,64,-1
4606,"[23086, 519]",27775,158,64,-1
4607,"[23086, 520]",27773,0,0,4
4608,"[23086, 521]",27768,158,64,-1
4609,"[23086, 523]",26104,0,0,-1
4610,"[23086, 524]",26103,0,0,1
4611,"[23086, 527]",52573,158,64,0
4612,"[23086, 528]",52572,0,0,0
4613,"[23086, 529]",52571,0,0,0
4614,"[23086, 530]",52567,158,64,-1
4615,"[23086, 531]",49695,0,0,0
4616,"[23086, 532]",49694,0,0,0
4617,"[23086, 544]",47287,0,0,-1
4618,"[23086, 583]",41932,0,0,-1
4619,"[23086, 584]",64098,2,1,-1
4620,"[23086, 607]",61061,158,64,-1
4621,"[23086, 608]",61060,156,64,-1
4622,"[23086, 609]",59082,0,0,-1
4623,"[23086, 613]",55081,156,64,0
4624,"[23086, 614]",55080,0,0,0
4625,"[23086, 615]",55078,158,64,4
4626,"[23086, 616]",55076,158,64,1
4627,"[23086, 617]",55075,0,0,1
4628,"[23086, 618]",53449,64,29,0
4629,"[23086, 619]",53448,0,0,0
4630,"[23086, 620]",53447,0,0,0
4631,"[23086, 621]",53442,158,64,6
4632,"[23086, 623]",74333,0,0,0
4633,"[23086, 624]",74328,2,1,0
4634,"[23086, 625]",72613,156,64,0
4635,"[23086, 626]",72592,0,0,0
4636,"[23086, 627]",72590,0,0,0
4637,"[23086, 628]",72589,0,0,0
4638,"[23086, 629]",71686,158,64,-1
4639,"[23086, 637]",75299,0,0,0
4640,"[23086, 638]",75297,0,0,0
4641,"[23086, 639]",75293,2,1,0
4642,"[23086, 640]",75292,158,64,0
4643,"[23086, 641]",75287,57,26,3
4644,"[23086, 642]",74665,158,64,0
4645,"[23086, 643]",81838,41,18,0
4646,"[23086, 644]",81836,0,0,0
4647,"[23086, 645]",81835,0,0,0
4648,"[23086, 646]",81817,41,18,10
4649,"[23086, 647]",83047,0,0,0
4650,"[23086, 648]",83042,0,0,0
4651,"[23086, 649]",84526,158,64,11
4652,"[23086, 650]",84491,2,1,0
4653,"[23108, 4]",47721,57,26,0
4654,"[23108, 5]",47720,158,64,0
4655,"[23108, 6]",47719,158,64,0
4656,"[23108, 7]",47717,0,0,0
4657,"[23108, 8]",46379,158,64,0
4658,"[23108, 9]",46378,41,18,0
4659,"[23108, 10]",37917,0,0,-1
4660,"[23108, 11]",54354,156,64,46
4661,"[23108, 12]",50984,0,0,0
4662,"[23108, 13]",99892,156,64,0
4663,"[23108, 14]",95829,57,26,1
4664,"[23108, 15]",90641,158,64,-1
4665,"[23108, 16]",80770,158,64,5
4666,"[23108, 17]",71015,0,0,3
4667,"[23108, 18]",62422,158,64,-1
4668,"[23108, 19]",62420,0,0,-1
4669,"[23108, 20]",108743,156,64,1
4670,"[23108, 21]",106956,158,64,0
4671,"[23145, 0]",6345,156,64,-1
4672,"[23187, 0]",3889,158,64,56
4673,"[23190, 0]",23770,0,0,0
4674,"[23190, 1]",35621,2,1,0
4675,"[23190, 2]",35619,41,18,0
4676,"[23222, 1]",7580,156,64,0
4677,"[23222, 2]",7579,158,64,0
4678,"[23275, 0]",2649,158,64,-1
4679,"[23275, 1]",7329,158,64,-1
4680,"[23291, 0]",9038,158,64,0
4681,"[23291, 1]",9036,156,64,0
4682,"[23307, 0]",119,0,0,-1
4683,"[23307, 1]",104,158,64,-1
4684,"[23307, 2]",103,0,0,-1
4685,"[23307, 3]",1741,0,0,-1
4686,"[23307, 4]",1740,0,0,-1
4687,"[23307, 9]",1659,0,0,-1
4688,"[23307, 16]",2631,0,0,-1
4689,"[23307, 24]",2381,0,0,-1
4690,"[23307, 25]",2380,0,0,-1
4691,"[23307, 26]",2376,158,64,-1
4692,"[23307, 27]",4401,0,0,-1
4693,"[23307, 28]",4396,158,64,-1
4694,"[23307, 29]",4261,158,64,-1
4695,"[23307, 32]",4162,158,64,-1
4696,"[23307, 33]",4160,158,64,-1
4697,"[23314, 0]",19,158,64,-1
4698,"[23314, 1]",18,158,64,-1
4699,"[23345, 0]",13,156,64,-1
4700,"[23345, 1]",11,158,64,-1
4701,"[23345, 2]",10,0,0,-1
4702,"[23345, 3]",59,158,64,-1
4703,"[23455, 21]",842,158,64,-1
4704,"[23455, 22]",840,158,64,-1
4705,"[23455, 85]",2378,0,0,-1
4706,"[23455, 92]",2237,158,64,-1
4707,"[23455, 124]",1459,156,64,-1
4708,"[23455, 163]",6331,0,0,-1
4709,"[23455, 201]",4095,158,64,-1
4710,"[23455, 275]",9102,0,0,-1
4711,"[23455, 287]",35620,158,64,-1
4712,"[23455, 288]",35618,158,64,-1
4713,"[23470, 0]",2222,63,28,1
4714,"[23588, 0]",2519,2,1,-1
4715,"[23599, 0]",26,0,0,0
4716,"[23599, 1]",54,158,64,0
4717,"[23599, 2]",51,0,0,0
4718,"[23599, 3]",912,0,0,0
4719,"[23599, 4]",983,158,64,0
4720,"[23609, 0]",172,0,0,-1
4721,"[23609, 1]",741,158,64,-1
4722,"[23609, 2]",739,0,0,-1
4723,"[23609, 3]",729,158,64,-1
4724,"[23609, 4]",726,158,64,-1
4725,"[23609, 5]",2046,57,26,-1
4726,"[23609, 6]",2044,158,64,-1
4727,"[23609, 7]",2042,0,0,-1
4728,"[23609, 8]",2041,0,0,-1
4729,"[23609, 9]",2366,0,0,-1
4730,"[23609, 10]",2362,2,1,1
4731,"[23609, 11]",3236,0,0,-1
4732,"[23609, 12]",3444,158,64,8
4733,"[23639, 0]",715,0,0,-1
4734,"[23639, 1]",2007,2,1,-1
4735,"[23808, 0]",151,156,64,-1
4736,"[23808, 1]",150,2,1,-1
4737,"[23808, 2]",148,156,64,-1
4738,"[23877, 0]",995,41,20,-1
4739,"[23883, 0]",20,158,64,-1
4740,"[23883, 1]",18,0,0,-1
4741,"[23883, 2]",32,158,64,-1
4742,"[23899, 0]",19,158,64,0
4743,"[23899, 1]",16,0,0,0
4744,"[23899, 2]",15,0,0,0
4745,"[23899, 3]",102,158,64,0
4746,"[23899, 4]",100,0,0,0
4747,"[23899, 5]",92,0,0,0
4748,"[23899, 6]",626,0,0,0
4749,"[23899, 7]",570,53,24,0
4750,"[23993, 0]",1855,158,64,-1
4751,"[24051, 0]",28,158,64,-1
4752,"[24074, 1]",33984,0,0,0
4753,"[24074, 2]",29644,64,29,0
4754,"[24074, 3]",25465,158,64,0
4755,"[24074, 4]",25464,158,64,0
4756,"[24074, 5]",38613,2,1,0
4757,"[24083, 0]",984,158,64,-1
4758,"[24212, 0]",10381,158,64,1
4759,"[24212, 1]",18484,57,26,1
4760,"[24212, 2]",18482,0,0,-1
4761,"[24212, 3]",23195,158,64,1
4762,"[24212, 4]",46572,0,0,-1
4763,"[24212, 5]",47108,0,0,-1
4764,"[24212, 6]",48532,57,26,-1
4765,"[24228, 1]",2002,158,64,-1
4766,"[24274, 0]",691,158,64,-1
4767,"[24277, 0]",33,158,64,-1
4768,"[24277, 1]",21,0,0,-1
4769,"[24277, 2]",292,2,1,-1
4770,"[24277, 3]",291,2,1,-1
4771,"[24277, 4]",287,0,0,-1
4772,"[24277, 5]",274,156,64,-1
4773,"[24277, 6]",255,158,64,-1
4774,"[24277, 7]",254,158,64,-1
4775,"[24277, 8]",252,158,64,-1
4776,"[24277, 9]",251,156,64,-1
4777,"[24277, 10]",247,0,0,-1
4778,"[24277, 11]",232,156,64,-1
4779,"[24277, 12]",211,2,1,-1
4780,"[24277, 13]",210,158,64,-1
4781,"[24277, 14]",203,158,64,-1
4782,"[24277, 15]",201,156,64,-1
4783,"[24277, 16]",2247,0,0,-1
4784,"[24277, 17]",2245,0,0,-1
4785,"[24277, 18]",2236,158,64,-1
4786,"[24277, 19]",2234,158,64,-1
4787,"[24277, 20]",2233,158,64,-1
4788,"[24277, 21]",2232,158,64,-1
4789,"[24277, 22]",2231,158,64,-1
4790,"[24277, 23]",2230,156,64,-1
4791,"[24277, 24]",2228,158,64,-1
4792,"[24277, 25]",2227,158,64,-1
4793,"[24277, 26]",2226,158,64,-1
4794,"[24277, 27]",2225,158,64,-1
4795,"[24277, 28]",2221,158,64,-1
4796,"[24277, 29]",2219,156,64,-1
4797,"[24277, 30]",2218,0,0,-1
4798,"[24277, 31]",2217,0,0,-1
4799,"[24277, 32]",2216,0,0,-1
4800,"[24277, 33]",2214,0,0,-1
4801,"[24277, 34]",2186,158,64,-1
4802,"[24277, 35]",2178,0,0,-1
4803,"[24277, 36]",2174,158,64,-1
4804,"[24277, 37]",2010,158,64,-1
4805,"[24277, 38]",2005,158,64,-1
4806,"[24277, 39]",2004,158,64,-1
4807,"[24277, 40]",1951,156,64,-1
4808,"[24277, 41]",1897,2,1,-1
4809,"[24277, 42]",1895,0,0,-1
4810,"[24277, 43]",1894,0,0,-1
4811,"[24277, 44]",1830,158,64,-1
4812,"[24277, 45]",1829,0,0,-1
4813,"[24277, 46]",1773,0,0,-1
4814,"[24277, 47]",1768,0,0,-1
4815,"[24277, 48]",1762,2,1,-1
4816,"[24277, 49]",1730,158,64,-1
4817,"[24277, 50]",1726,158,64,-1
4818,"[24277, 51]",1724,0,0,-1
4819,"[24277, 52]",1723,0,0,-1
4820,"[24277, 53]",1677,0,0,-1
4821,"[24277, 54]",1676,158,64,-1
4822,"[24277, 55]",1670,0,0,-1
4823,"[24277, 56]",1666,158,64,-1
4824,"[24277, 57]",1665,0,0,-1
4825,"[24277, 58]",1662,0,0,-1
4826,"[24277, 59]",1653,158,64,-1
4827,"[24277, 60]",1652,0,0,-1
4828,"[24277, 61]",1644,158,64,-1
4829,"[24277, 62]",1640,0,0,-1
4830,"[24277, 63]",5550,156,64,-1
4831,"[24277, 64]",5499,156,64,-1
4832,"[24277, 65]",5497,158,64,-1
4833,"[24277, 66]",5496,158,64,-1
4834,"[24277, 67]",5494,156,64,-1
4835,"[24277, 68]",5488,158,64,-1
4836,"[24277, 69]",5424,0,0,-1
4837,"[24277, 70]",5419,158,64,-1
4838,"[24277, 71]",5387,158,64,-1
4839,"[24277, 72]",5340,156,64,-1
4840,"[24277, 73]",5286,158,64,-1
4841,"[24277, 74]",5279,0,0,-1
4842,"[24277, 75]",5056,156,64,-1
4843,"[24277, 76]",5051,158,64,-1
4844,"[24277, 77]",5029,0,0,-1
4845,"[24277, 78]",5028,0,0,-1
4846,"[24277, 79]",5022,158,64,-1
4847,"[24277, 80]",5020,158,64,-1
4848,"[24277, 81]",5017,158,64,-1
4849,"[24277, 82]",4960,158,64,-1
4850,"[24277, 83]",4677,0,0,-1
4851,"[24277, 84]",4673,156,64,-1
4852,"[24277, 85]",4587,2,1,-1
4853,"[24277, 86]",4578,158,64,-1
4854,"[24277, 87]",4576,156,64,-1
4855,"[24277, 88]",4575,158,64,-1
4856,"[24277, 89]",4574,158,64,-1
4857,"[24277, 90]",4572,0,0,-1
4858,"[24277, 91]",4181,0,0,-1
4859,"[24277, 92]",4180,0,0,-1
4860,"[24277, 93]",4161,0,0,-1
4861,"[24277, 94]",4159,158,64,-1
4862,"[24277, 95]",3911,158,64,-1
4863,"[24277, 96]",3910,158,64,-1
4864,"[24277, 97]",3903,156,64,-1
4865,"[24277, 98]",3895,158,64,-1
4866,"[24277, 100]",3883,0,0,-1
4867,"[24277, 101]",3731,158,64,-1
4868,"[24277, 102]",3727,158,64,-1
4869,"[24277, 103]",3726,0,0,-1
4870,"[24277, 104]",3721,158,64,-1
4871,"[24277, 105]",3719,0,0,-1
4872,"[24277, 106]",3718,0,0,-1
4873,"[24277, 107]",3714,0,0,-1
4874,"[24277, 108]",12155,158,64,-1
4875,"[24277, 109]",12153,0,0,-1
4876,"[24277, 110]",12151,156,64,-1
4877,"[24277, 111]",12148,0,0,-1
4878,"[24277, 112]",12094,0,0,-1
4879,"[24277, 113]",11408,2,1,-1
4880,"[24277, 115]",11188,158,64,-1
4881,"[24277, 116]",10652,156,64,-1
4882,"[24277, 117]",10647,158,64,-1
4883,"[24277, 118]",10540,2,1,-1
4884,"[24277, 119]",10254,158,64,-1
4885,"[24277, 120]",10253,0,0,-1
4886,"[24277, 121]",10183,0,0,-1
4887,"[24277, 122]",9603,158,64,-1
4888,"[24277, 123]",9328,156,64,-1
4889,"[24277, 124]",9327,0,0,-1
4890,"[24277, 125]",9321,158,64,-1
4891,"[24277, 126]",9060,158,64,-1
4892,"[24277, 127]",8909,156,64,-1
4893,"[24277, 128]",8795,156,64,-1
4894,"[24277, 129]",8794,0,0,-1
4895,"[24277, 130]",17855,0,0,-1
4896,"[24277, 131]",17847,0,0,-1
4897,"[24277, 132]",17653,0,0,-1
4898,"[24277, 133]",14913,156,64,-1
4899,"[24277, 134]",14912,0,0,-1
4900,"[24277, 139]",13467,158,64,-1
4901,"[24277, 140]",13466,0,0,-1
4902,"[24277, 143]",25089,158,64,-1
4903,"[24277, 145]",22360,158,64,-1
4904,"[24277, 146]",21620,0,0,-1
4905,"[24277, 150]",21439,158,64,-1
4906,"[24277, 151]",21438,0,0,-1
4907,"[24277, 152]",29622,158,64,-1
4908,"[24277, 156]",29490,158,64,-1
4909,"[24357, 0]",23,57,26,0
4910,"[24357, 1]",21,0,0,0
4911,"[24357, 2]",20,0,0,0
4912,"[24357, 3]",19,0,0,0
4913,"[24357, 4]",179,158,64,-1
4914,"[24357, 5]",176,158,64,-1
4915,"[24357, 6]",174,158,64,-1
4916,"[24357, 7]",173,0,0,-1
4917,"[24357, 8]",168,57,26,0
4918,"[24357, 9]",167,0,0,0
4919,"[24357, 10]",166,0,0,0
4920,"[24357, 11]",160,158,64,0
4921,"[24357, 12]",159,158,64,0
4922,"[24357, 13]",1368,41,18,0
4923,"[24357, 14]",1365,158,64,0
4924,"[24357, 15]",1342,0,0,-1
4925,"[24357, 16]",1341,0,0,-1
4926,"[24357, 17]",2435,0,0,-1
4927,"[24357, 18]",2431,158,64,-1
4928,"[24357, 19]",2429,158,64,-1
4929,"[24357, 20]",2428,158,64,-1
4930,"[24357, 21]",3022,0,0,-1
4931,"[24357, 22]",3886,2,1,-1
4932,"[24379, 20]",6948,0,0,-1
4933,"[24388, 0]",1539,158,64,-1
4934,"[24388, 1]",24905,158,64,0
4935,"[24388, 2]",24904,0,0,0
4936,"[24388, 3]",24902,0,0,0
4937,"[24388, 4]",24901,0,0,0
4938,"[24388, 5]",50128,0,0,0
4939,"[24388, 6]",50124,158,64,0
4940,"[24388, 7]",50109,158,64,0
4941,"[24388, 8]",65918,158,64,-1
4942,"[24388, 9]",51798,0,0,0
4943,"[24388, 10]",69601,57,26,0
4944,"[24427, 3]",13187,0,0,-1
4945,"[24427, 4]",42013,57,26,-1
4946,"[24518, 0]",5297,0,0,0
4947,"[24518, 1]",5496,2,1,0
4948,"[24518, 2]",7775,0,0,0
4949,"[24518, 3]",7774,0,0,0
4950,"[24518, 4]",9912,158,64,0
4951,"[24518, 5]",9909,41,18,5
4952,"[24566, 0]",32279,156,64,-1
4953,"[24582, 0]",1296,0,0,3
4954,"[24582, 1]",1993,0,0,0
4955,"[24582, 2]",3587,158,64,0
4956,"[24600, 0]",6574,66,29,0
4957,"[24600, 1]",6573,0,0,0
4958,"[24600, 2]",5233,41,18,0
4959,"[24600, 3]",7897,0,0,0
4960,"[24600, 4]",11370,0,0,0
4961,"[24600, 5]",12726,41,18,0
4962,"[24635, 0]",1041,158,64,-1
4963,"[24635, 1]",7182,57,26,1
4964,"[24635, 2]",7181,2,1,4
4965,"[24646, 0]",1532,158,64,-1
4966,"[24655, 0]",5928,158,64,0
4967,"[24691, 0]",35,158,64,-1
4968,"[24691, 1]",33,0,0,-1
4969,"[24691, 2]",24,0,0,-1
4970,"[24691, 3]",240,158,64,-1
4971,"[24691, 4]",239,158,64,-1
4972,"[24691, 5]",212,0,0,-1
4973,"[24691, 6]",203,158,64,-1
4974,"[24691, 7]",201,0,0,-1
4975,"[24691, 8]",197,0,0,-1
4976,"[24691, 9]",188,0,0,-1
4977,"[24691, 10]",172,156,64,-1
4978,"[24691, 11]",169,0,0,-1
4979,"[24691, 12]",1661,0,0,-1
4980,"[24691, 13]",1635,158,64,-1
4981,"[24691, 14]",1633,156,64,-1
4982,"[24691, 15]",1620,0,0,-1
4983,"[24691, 16]",1619,0,0,-1
4984,"[24691, 17]",1617,0,0,-1
4985,"[24691, 18]",1553,0,0,-1
4986,"[24691, 19]",1552,0,0,-1
4987,"[24691, 20]",1536,158,64,-1
4988,"[24691, 21]",1534,158,64,-1
4989,"[24691, 22]",1522,158,64,-1
4990,"[24691, 23]",1521,158,64,-1
4991,"[24691, 24]",1511,158,64,-1
4992,"[24691, 25]",1495,156,64,-1
4993,"[24691, 26]",1445,0,0,-1
4994,"[24691, 27]",1444,0,0,-1
4995,"[24691, 29]",1365,0,0,-1
4996,"[24691, 32]",1350,0,0,-1
4997,"[24691, 33]",4403,0,0,-1
4998,"[24691, 34]",4402,0,0,-1
4999,"[24691, 40]",4284,156,64,-1
5000,"[24691, 43]",4271,158,64,-1
5001,"[24691, 53]",4054,0,0,-1
5002,"[24691, 54]",4053,0,0,-1
5003,"[24691, 55]",4047,2,1,-1
5004,"[24691, 56]",3589,158,64,-1
5005,"[24691, 57]",3587,0,0,-1
5006,"[24691, 58]",3579,0,0,-1
5007,"[24691, 62]",3182,2,1,-1
5008,"[24691, 63]",3181,158,64,-1
5009,"[24691, 64]",3175,158,64,-1
5010,"[24691, 65]",3121,0,0,-1
5011,"[24691, 66]",3113,0,0,-1
5012,"[24691, 67]",3111,0,0,-1
5013,"[24691, 68]",3109,0,0,-1
5014,"[24691, 69]",3005,158,64,-1
5015,"[24691, 73]",12158,158,64,-1
5016,"[24691, 74]",12140,0,0,-1
5017,"[24691, 75]",12139,0,0,-1
5018,"[24691, 79]",11404,158,64,-1
5019,"[24691, 80]",9573,0,0,-1
5020,"[24691, 81]",9568,158,64,-1
5021,"[24691, 108]",8798,2,1,-1
5022,"[24691, 109]",8796,2,1,-1
5023,"[24691, 110]",8790,2,1,-1
5024,"[24691, 130]",18207,158,64,-1
5025,"[24691, 132]",14683,158,64,-1
5026,"[24691, 133]",14682,158,64,-1
5027,"[24693, 0]",56837,158,64,-1
5028,"[24713, 0]",618,0,0,-1
5029,"[24713, 1]",1337,0,0,2
5030,"[24713, 2]",2896,158,64,5
5031,"[24721, 0]",7424,0,0,0
5032,"[24721, 1]",6808,41,18,0
5033,"[24721, 2]",6806,0,0,0
5034,"[24721, 3]",16765,41,18,0
5035,"[24721, 4]",16602,158,64,0
5036,"[24757, 0]",21,57,26,-1
5037,"[24757, 1]",180,158,64,16
5038,"[24757, 2]",179,0,0,9
5039,"[24757, 3]",177,0,0,-1
5040,"[24757, 4]",175,158,64,-1
5041,"[24757, 5]",171,158,64,-1
5042,"[24757, 6]",170,0,0,-1
5043,"[24757, 7]",168,0,0,-1
5044,"[24757, 8]",166,54,24,-1
5045,"[24757, 9]",163,0,0,-1
5046,"[24757, 10]",162,0,0,-1
5047,"[24757, 11]",160,0,0,-1
5048,"[24757, 12]",1583,158,64,8
5049,"[24757, 13]",1582,0,0,-1
5050,"[24757, 14]",1581,0,0,-1
5051,"[24757, 15]",1580,0,0,-1
5052,"[24757, 16]",1578,0,0,-1
5053,"[24757, 17]",1568,0,0,-1
5054,"[24757, 18]",1567,0,0,-1
5055,"[24757, 19]",1562,158,64,-1
5056,"[24757, 20]",1555,158,64,5
5057,"[24757, 21]",1505,158,64,-1
5058,"[24757, 22]",1495,0,0,-1
5059,"[24757, 23]",1492,0,0,-1
5060,"[24757, 24]",1491,158,64,-1
5061,"[24757, 25]",1490,0,0,-1
5062,"[24757, 26]",1485,0,0,-1
5063,"[24757, 27]",1484,158,64,-1
5064,"[24757, 28]",1466,41,18,4
5065,"[24757, 29]",1461,158,64,0
5066,"[24757, 30]",2993,158,64,-1
5067,"[24757, 31]",2991,0,0,-1
5068,"[24757, 32]",2945,57,26,-1
5069,"[24757, 33]",2942,0,0,-1
5070,"[24757, 34]",2941,0,0,-1
5071,"[24757, 35]",2927,0,0,-1
5072,"[24757, 36]",2892,158,64,-1
5073,"[24757, 37]",2711,0,0,-1
5074,"[24757, 38]",2706,158,64,-1
5075,"[24757, 39]",2660,158,64,-1
5076,"[24757, 40]",2656,158,64,-1
5077,"[24757, 41]",2653,158,64,-1
5078,"[24757, 42]",2650,57,26,-1
5079,"[24757, 43]",7099,2,1,-1
5080,"[24757, 44]",6787,2,1,36
5081,"[24757, 45]",6668,0,0,-1
5082,"[24757, 46]",6661,0,0,-1
5083,"[24757, 47]",6641,156,64,-1
5084,"[24757, 48]",9901,2,1,2
5085,"[24757, 49]",9850,158,64,-1
5086,"[24879, 0]",385,158,64,-1
5087,"[24888, 0]",1927,0,0,0
5088,"[24888, 1]",1926,0,0,0
5089,"[24888, 2]",5069,77,32,0
5090,"[24888, 3]",5066,0,0,0
5091,"[24888, 4]",8673,41,18,0
5092,"[25007, 0]",27,158,64,-1
5093,"[25018, 37]",95896,158,64,-1
5094,"[25020, 0]",1341,158,64,-1
5095,"[25055, 0]",2782,57,26,5
5096,"[25055, 1]",2777,0,0,1
5097,"[25055, 2]",5639,0,0,0
5098,"[25055, 3]",11096,158,64,0
5099,"[25055, 4]",9832,41,18,0
5100,"[25055, 5]",9829,0,0,0
5101,"[25055, 6]",17124,0,0,0
5102,"[25055, 7]",20547,156,64,0
5103,"[25098, 0]",12638,158,64,0
5104,"[25098, 1]",12637,0,0,0
5105,"[25098, 4]",18275,158,64,0
5106,"[25098, 5]",15534,2,1,0
5107,"[25098, 6]",44541,2,1,0
5108,"[25098, 7]",44540,2,1,0
5109,"[25098, 8]",31757,53,24,0
5110,"[25098, 9]",31756,57,26,0
5111,"[25098, 10]",27758,2,1,0
5112,"[25098, 11]",27757,59,28,0
5113,"[25098, 12]",111815,158,64,0
5114,"[25098, 13]",111813,0,0,0
5115,"[25098, 14]",105061,2,1,0
5116,"[25098, 15]",105060,158,64,0
5117,"[25098, 16]",101187,2,1,0
5118,"[25098, 17]",101184,158,64,0
5119,"[25098, 18]",101183,2,1,0
5120,"[25098, 19]",92300,2,1,0
5121,"[25098, 20]",81916,0,0,0
5122,"[25098, 21]",81915,0,0,0
5123,"[25098, 22]",126489,0,0,0
5124,"[25098, 23]",126484,2,1,0
5125,"[25098, 24]",121991,0,0,0
5126,"[25098, 25]",118538,158,64,0
5127,"[25098, 26]",196608,158,64,0
5128,"[25098, 27]",196607,0,0,0
5129,"[25098, 28]",195811,0,0,0
5130,"[25098, 29]",195808,0,0,0
5131,"[25098, 30]",187575,156,64,0
5132,"[25098, 31]",187572,0,0,0
5133,"[25098, 32]",174039,158,64,0
5134,"[25098, 33]",151391,0,0,0
5135,"[25098, 34]",149376,158,64,0
5136,"[25098, 35]",148949,57,26,0
5137,"[25098, 36]",143112,41,18,0
5138,"[25098, 37]",143110,0,0,0
5139,"[25098, 38]",141967,41,18,0
5140,"[25098, 39]",211600,41,18,0
5141,"[25098, 40]",209341,0,0,0
5142,"[25098, 41]",207000,41,18,0
5143,"[25098, 42]",206998,57,26,0
5144,"[25098, 43]",203529,2,1,0
5145,"[25098, 44]",201575,0,0,0
5146,"[25098, 45]",201543,158,64,0
5147,"[25098, 46]",201384,41,18,0
5148,"[25098, 47]",274802,0,0,0
5149,"[25098, 48]",269946,158,64,0
5150,"[25098, 49]",261297,158,64,0
5151,"[25098, 50]",250886,158,64,0
5152,"[25098, 51]",250885,0,0,0
5153,"[25098, 52]",236303,0,0,0
5154,"[25098, 53]",230695,158,64,6
5155,"[25098, 54]",218160,0,0,0
5156,"[25098, 55]",218159,59,28,0
5157,"[25098, 56]",284629,158,64,0
5158,"[25098, 57]",282085,41,18,0
5159,"[25098, 58]",280666,41,18,0
5160,"[25098, 59]",276966,53,24,0
5161,"[25098, 60]",318902,0,0,0
5162,"[25098, 61]",308545,41,18,0
5163,"[25098, 62]",308543,0,0,0
5164,"[25098, 63]",286849,158,64,0
5165,"[25098, 64]",286848,0,0,0
5166,"[25098, 65]",323199,0,0,-1
5167,"[25098, 66]",321223,158,64,0
5168,"[25098, 67]",320013,63,28,-1
5169,"[25098, 68]",329778,158,64,0
5170,"[25098, 69]",329777,0,0,0
5171,"[25098, 70]",324046,2,1,7
5172,"[25098, 71]",334688,158,64,1
5173,"[25134, 14]",472,2,1,-1
5174,"[25134, 15]",471,0,0,-1
5175,"[25139, 0]",2266,158,64,-1
5176,"[25139, 1]",2264,0,0,-1
5177,"[25202, 0]",19274,156,64,-1
5178,"[25288, 0]",3640,0,0,-1
5179,"[25288, 1]",7151,0,0,-1
5180,"[25560, 48]",1085,0,0,-1
5181,"[25560, 69]",4203,0,0,-1
5182,"[25560, 70]",4195,158,64,-1
5183,"[25560, 71]",4193,0,0,-1
5184,"[25560, 98]",7287,158,64,-1
5185,"[25560, 111]",6513,158,64,-1
5186,"[25560, 112]",6462,0,0,-1
5187,"[25560, 113]",6460,158,64,-1
5188,"[25560, 126]",6036,158,64,-1
5189,"[25560, 130]",12182,0,0,-1
5190,"[25560, 131]",12181,0,0,-1
5191,"[25560, 168]",16861,2,1,-1
5192,"[25560, 174]",16042,156,64,-1
5193,"[25580, 1]",8077,2,1,-1
5194,"[25631, 0]",5935,158,64,-1
5195,"[25631, 1]",5932,158,64,-1
5196,"[25631, 2]",5931,158,64,-1
5197,"[25631, 3]",5930,51,24,-1
5198,"[25631, 4]",5929,0,0,-1
5199,"[25631, 5]",5928,0,0,3
5200,"[25631, 6]",6732,158,64,0
5201,"[25631, 7]",6729,2,1,-1
5202,"[25677, 0]",1425,158,64,0
5203,"[25677, 1]",1423,0,0,0
5204,"[25677, 2]",2502,0,0,0
5205,"[25677, 3]",4293,0,0,-1
5206,"[25677, 4]",5932,156,64,1
5207,"[25711, 0]",5843,2,1,0
5208,"[25711, 1]",5841,54,24,0
5209,"[25969, 0]",3183,0,0,-1
5210,"[25969, 1]",3661,158,64,-1
5211,"[26096, 0]",8577,158,64,-1
5212,"[26118, 0]",3588,41,18,0
5213,"[26125, 0]",1047,158,64,-1
5214,"[26134, 0]",198,0,0,-1
5215,"[26134, 1]",197,0,0,-1
5216,"[26134, 2]",944,158,64,-1
5217,"[26134, 3]",938,158,64,-1
5218,"[26150, 1]",4498,158,64,-1
5219,"[26170, 0]",43612,2,1,-1
5220,"[26175, 0]",10876,158,64,0
5221,"[26175, 1]",10875,158,64,0
5222,"[26223, 10]",1853,158,64,-1
5223,"[26223, 11]",1852,0,0,-1
5224,"[26223, 12]",2637,156,64,-1
5225,"[26223, 13]",2634,158,64,-1
5226,"[26223, 14]",2633,158,64,-1
5227,"[26256, 0]",7894,158,64,-1
5228,"[26359, 0]",27,158,64,0
5229,"[26359, 1]",26,158,64,0
5230,"[26359, 2]",12,0,0,-1
5231,"[26359, 3]",9,0,0,-1
5232,"[26359, 4]",206,158,64,-1
5233,"[26359, 5]",205,158,64,-1
5234,"[26359, 6]",200,2,1,-1
5235,"[26359, 7]",194,0,0,-1
5236,"[26359, 8]",193,0,0,-1
5237,"[26359, 9]",187,158,64,-1
5238,"[26359, 10]",113,0,0,0
5239,"[26359, 11]",112,0,0,0
5240,"[26359, 12]",111,0,0,0
5241,"[26359, 13]",110,0,0,0
5242,"[26359, 14]",864,51,24,0
5243,"[26359, 15]",862,0,0,0
5244,"[26359, 16]",861,0,0,0
5245,"[26359, 17]",858,0,0,0
5246,"[26359, 18]",853,0,0,5
5247,"[26359, 19]",849,158,64,0
5248,"[26359, 20]",677,158,64,-1
5249,"[26359, 21]",676,0,0,-1
5250,"[26359, 22]",672,0,0,-1
5251,"[26359, 23]",671,0,0,-1
5252,"[26359, 24]",637,0,0,-1
5253,"[26359, 25]",636,0,0,-1
5254,"[26359, 26]",1620,158,64,-1
5255,"[26359, 27]",1619,158,64,-1
5256,"[26359, 28]",1613,0,0,-1
5257,"[26359, 29]",1576,0,0,-1
5258,"[26359, 30]",1569,158,64,-1
5259,"[26359, 31]",1541,156,64,-1
5260,"[26359, 32]",1540,158,64,-1
5261,"[26359, 33]",1369,158,64,10
5262,"[26359, 34]",1322,0,0,0
5263,"[26359, 35]",1307,158,64,0
5264,"[26359, 36]",1305,0,0,0
5265,"[26359, 37]",1304,0,0,0
5266,"[26359, 38]",1295,0,0,0
5267,"[26359, 39]",2654,0,0,0
5268,"[26359, 40]",2587,158,64,0
5269,"[26359, 41]",2586,156,64,0
5270,"[26359, 42]",2580,158,64,0
5271,"[26359, 43]",2547,158,64,0
5272,"[26359, 44]",2255,158,64,-1
5273,"[26359, 45]",2793,158,64,0
5274,"[26386, 0]",3069,158,64,0
5275,"[26386, 1]",3068,0,0,0
5276,"[26386, 2]",5263,0,0,1
5277,"[26386, 3]",10911,41,18,0
5278,"[26422, 0]",4884,156,64,-1
5279,"[26438, 0]",801,2,1,0
5280,"[26438, 1]",800,0,0,0
5281,"[26438, 2]",1399,158,64,0
5282,"[26476, 107]",8990,0,0,-1
5283,"[26498, 0]",9,158,64,-1
5284,"[26498, 1]",7,158,64,-1
5285,"[26498, 2]",278,0,0,-1
5286,"[26498, 3]",1739,0,0,-1
5287,"[26498, 4]",1738,0,0,-1
5288,"[26498, 7]",1856,0,0,-1
5289,"[26498, 8]",4587,0,0,-1
5290,"[26502, 0]",24,2,1,0
5291,"[26502, 1]",23,0,0,0
5292,"[26502, 2]",49,0,0,0
5293,"[26502, 3]",819,41,18,0
5294,"[26537, 0]",1419,158,64,-1
5295,"[26541, 0]",18772,158,64,0
5296,"[26541, 2]",50455,158,64,-1
5297,"[26541, 3]",93326,158,64,-1
5298,"[26542, 0]",1774,158,64,-1
5299,"[26596, 0]",2812,158,64,-1
5300,"[26596, 1]",2810,158,64,-1
5301,"[26643, 0]",13332,158,64,-1
5302,"[26653, 0]",7463,0,0,-1
5303,"[26653, 1]",11062,158,64,-1
5304,"[26670, 0]",7310,0,0,-1
5305,"[26670, 1]",7309,0,0,-1
5306,"[26670, 2]",10597,0,0,-1
5307,"[26670, 3]",10596,0,0,-1
5308,"[26670, 4]",10591,0,0,-1
5309,"[26670, 5]",15908,0,0,-1
5310,"[26670, 6]",15857,158,64,-1
5311,"[26670, 7]",15856,0,0,-1
5312,"[26670, 8]",15855,0,0,-1
5313,"[26670, 9]",15851,158,64,-1
5314,"[26670, 10]",15849,158,64,-1
5315,"[26670, 11]",20778,0,0,-1
5316,"[26670, 12]",20773,156,64,-1
5317,"[26670, 13]",20708,156,64,-1
5318,"[26670, 14]",20705,156,64,-1
5319,"[26670, 15]",25245,0,0,-1
5320,"[26706, 0]",5325,158,64,-1
5321,"[26749, 4]",2860,0,0,-1
5322,"[26749, 8]",8404,158,64,-1
5323,"[26749, 9]",8403,0,0,-1
5324,"[26874, 0]",898,156,64,0
5325,"[26874, 1]",4571,0,0,1
5326,"[26874, 2]",10986,41,18,0
5327,"[26874, 3]",14216,0,0,0
5328,"[26874, 4]",18407,158,64,0
5329,"[26882, 0]",443,158,64,-1
5330,"[26898, 0]",19660,0,0,-1
5331,"[26898, 1]",33363,0,0,-1
5332,"[26898, 2]",36163,156,64,-1
5333,"[26973, 7]",5317,158,64,-1
5334,"[26977, 5]",79247,0,0,-1
5335,"[27053, 0]",13,0,0,-1
5336,"[27053, 2]",113,156,64,-1
5337,"[27053, 3]",112,2,1,-1
5338,"[27053, 4]",109,0,0,-1
5339,"[27053, 5]",349,0,0,-1
5340,"[27053, 6]",1117,2,1,-1
5341,"[27063, 1]",1367,158,64,-1
5342,"[27063, 2]",14152,158,64,-1
5343,"[27063, 3]",10216,57,26,-1
5344,"[27126, 0]",763,158,64,0
5345,"[27145, 0]",42,158,64,-1
5346,"[27145, 11]",180,156,64,-1
5347,"[27180, 0]",1296,158,64,-1
5348,"[27193, 0]",2274,158,64,-1
5349,"[27336, 0]",2818,158,64,2
5350,"[27336, 1]",2817,158,64,1
5351,"[27389, 0]",27328,2,1,-1
5352,"[27389, 1]",20255,54,24,-1
5353,"[27389, 2]",44722,158,64,-1
5354,"[27389, 3]",44718,0,0,-1
5355,"[27389, 4]",60443,0,0,-1
5356,"[27389, 5]",64476,158,64,-1
5357,"[27444, 0]",20,2,1,0
5358,"[27444, 1]",19,0,0,0
5359,"[27444, 2]",328,2,1,0
5360,"[27444, 3]",326,41,18,0
5361,"[27444, 4]",324,0,0,0
5362,"[27444, 5]",322,0,0,0
5363,"[27444, 6]",312,0,0,0
5364,"[27444, 7]",311,0,0,0
5365,"[27444, 8]",310,0,0,0
5366,"[27444, 9]",309,0,0,0
5367,"[27444, 10]",307,0,0,0
5368,"[27444, 11]",1417,0,0,0
5369,"[27444, 12]",1416,0,0,0
5370,"[27444, 13]",1415,0,0,0
5371,"[27444, 14]",1413,158,64,-1
5372,"[27444, 15]",1410,158,64,-1
5373,"[27444, 16]",1409,156,64,-1
5374,"[27444, 17]",1403,0,0,-1
5375,"[27444, 18]",1397,156,64,-1
5376,"[27444, 19]",1393,0,0,0
5377,"[27444, 20]",1339,0,0,0
5378,"[27444, 21]",1337,158,64,0
5379,"[27444, 22]",1336,0,0,0
5380,"[27444, 23]",1327,158,64,0
5381,"[27444, 24]",4156,156,64,0
5382,"[27444, 25]",4153,0,0,0
5383,"[27444, 26]",4152,0,0,0
5384,"[27444, 27]",4138,158,64,0
5385,"[27444, 28]",4111,0,0,0
5386,"[27444, 29]",4025,0,0,-1
5387,"[27444, 30]",3916,61,28,0
5388,"[27444, 31]",3914,0,0,0
5389,"[27444, 32]",3912,0,0,0
5390,"[27444, 33]",3902,2,1,0
5391,"[27444, 34]",5618,158,64,0
5392,"[27444, 35]",5616,0,0,0
5393,"[27444, 36]",5615,0,0,0
5394,"[27444, 37]",5602,41,18,0
5395,"[27444, 38]",5469,158,64,10
5396,"[27444, 39]",5395,0,0,2
5397,"[27444, 40]",5287,2,1,0
5398,"[27444, 41]",5286,0,0,0
5399,"[27444, 42]",5284,0,0,0
5400,"[27444, 43]",5277,0,0,0
5401,"[27444, 44]",9961,0,0,0
5402,"[27444, 45]",9914,41,18,0
5403,"[27444, 46]",9892,2,1,0
5404,"[27444, 47]",9655,0,0,3
5405,"[27444, 48]",9584,156,64,0
5406,"[27444, 49]",9580,57,26,0
5407,"[27444, 50]",10330,0,0,-1
5408,"[27444, 51]",10214,2,1,0
5409,"[27444, 52]",13735,41,18,30
5410,"[27483, 0]",36,158,64,-1
5411,"[27483, 1]",33,2,1,-1
5412,"[27483, 2]",32,158,64,-1
5413,"[27519, 0]",18492,158,64,0
5414,"[27519, 1]",23467,158,64,-1
5415,"[27685, 1]",9489,156,64,0
5416,"[27685, 2]",43553,2,1,5
5417,"[27693, 0]",20083,158,64,0
5418,"[27693, 1]",20081,158,64,0
5419,"[27767, 0]",2397,0,0,-1
5420,"[27767, 1]",4120,158,64,-1
5421,"[27767, 2]",4119,158,64,-1
5422,"[27775, 0]",1925,156,64,0
5423,"[27775, 1]",1924,156,64,0
5424,"[27775, 2]",9694,158,64,0
5425,"[27775, 3]",9692,0,0,0
5426,"[27775, 4]",13559,41,18,0
5427,"[27775, 5]",16130,2,1,0
5428,"[27775, 6]",16129,158,64,0
5429,"[27775, 7]",27089,158,64,0
5430,"[27775, 8]",27087,0,0,0
5431,"[27775, 9]",39870,41,18,0
5432,"[27775, 10]",37598,41,18,0
5433,"[27775, 11]",37596,0,0,0
5434,"[27775, 12]",37511,0,0,0
5435,"[27775, 13]",41842,158,64,0
5436,"[27775, 14]",41816,158,64,0
5437,"[27775, 15]",46996,41,18,0
5438,"[27799, 0]",2346,2,1,-1
5439,"[27799, 1]",2343,0,0,-1
5440,"[27799, 2]",2904,158,64,-1
5441,"[27824, 0]",102,158,64,-1
5442,"[27824, 1]",964,156,64,-1
5443,"[27824, 2]",961,0,0,-1
5444,"[27824, 3]",1273,158,64,-1
5445,"[27824, 4]",1270,158,64,-1
5446,"[27859, 0]",1011,158,64,-1
5447,"[27897, 0]",2303,0,0,-1
5448,"[27897, 1]",5737,158,64,-1
5449,"[27897, 2]",13881,2,1,-1
5450,"[27897, 5]",36686,158,64,-1
5451,"[27897, 6]",35266,158,64,-1
5452,"[27907, 0]",1880,156,64,-1
5453,"[27952, 0]",936,158,64,-1
5454,"[27952, 1]",783,0,0,-1
5455,"[27952, 2]",4083,57,26,4
5456,"[27961, 1]",13921,158,64,-1
5457,"[28128, 1]",11450,57,26,5
5458,"[28157, 0]",27,158,64,-1
5459,"[28157, 1]",21,158,64,-1
5460,"[28240, 0]",2769,41,18,0
5461,"[28240, 1]",2768,64,29,0
5462,"[28240, 2]",2766,0,0,0
5463,"[28240, 3]",2421,0,0,0
5464,"[28240, 4]",2420,0,0,0
5465,"[28240, 5]",5622,57,26,0
5466,"[28240, 6]",5619,57,26,0
5467,"[28240, 7]",5154,158,64,0
5468,"[28284, 0]",18,158,64,-1
5469,"[28284, 1]",199,158,64,-1
5470,"[28284, 2]",197,158,64,-1
5471,"[28284, 3]",196,0,0,-1
5472,"[28284, 4]",888,158,64,-1
5473,"[28317, 0]",2654,158,64,-1
5474,"[28317, 1]",13554,0,0,-1
5475,"[28317, 2]",16116,2,1,4
5476,"[28346, 0]",2637,158,64,0
5477,"[28346, 1]",2635,158,64,0
5478,"[28421, 0]",8822,156,64,-1
5479,"[28596, 0]",850,158,64,0
5480,"[28604, 1]",42138,158,64,0
5481,"[28604, 2]",40507,158,64,-1
5482,"[28604, 3]",37266,0,0,-1
5483,"[28604, 4]",68306,0,0,1
5484,"[28604, 5]",88133,158,64,0
5485,"[28604, 6]",77937,0,0,-1
5486,"[28604, 7]",76425,158,64,0
5487,"[28604, 8]",76424,158,64,0
5488,"[28604, 9]",121410,158,64,3
5489,"[28604, 10]",119045,158,64,-1
5490,"[28604, 11]",123019,158,64,0
5491,"[28604, 12]",123017,0,0,0
5492,"[28604, 13]",155017,0,0,0
5493,"[28604, 14]",162127,158,64,0
5494,"[28604, 15]",162125,0,0,0
5495,"[28604, 16]",155084,2,1,1
5496,"[28604, 17]",170400,2,1,2
5497,"[28604, 18]",172528,0,0,0
5498,"[28604, 19]",177508,0,0,0
5499,"[28604, 20]",177680,158,64,0
5500,"[28682, 0]",1366,41,18,0
5501,"[28682, 1]",1364,0,0,0
5502,"[28682, 2]",4278,158,64,0
5503,"[28682, 3]",7049,51,24,0
5504,"[28682, 4]",7047,0,0,0
5505,"[28682, 5]",12265,156,64,0
5506,"[28682, 6]",15412,41,18,0
5507,"[28682, 7]",13443,2,1,0
5508,"[28682, 8]",13442,2,1,0
5509,"[28704, 0]",2519,0,0,0
5510,"[28704, 1]",2516,158,64,0
5511,"[28704, 2]",3972,57,26,3
5512,"[28714, 0]",6881,158,64,-1
5513,"[28721, 0]",2833,156,64,-1
5514,"[28773, 0]",560,0,0,-1
5515,"[28773, 1]",559,0,0,-1
5516,"[28773, 2]",323,2,1,-1
5517,"[28773, 3]",2026,156,64,-1
5518,"[28773, 5]",1875,2,1,-1
5519,"[28773, 6]",1874,0,0,-1
5520,"[28773, 7]",2819,158,64,-1
5521,"[28840, 2]",16614,51,24,2
5522,"[28840, 3]",8681,0,0,2
5523,"[28840, 4]",8678,158,64,-1
5524,"[28840, 5]",21608,158,64,0
5525,"[28840, 6]",21607,156,64,0
5526,"[28840, 7]",21603,0,0,0
5527,"[28840, 8]",33252,158,64,-1
5528,"[28840, 9]",22436,2,1,0
5529,"[28840, 10]",22434,0,0,0
5530,"[28840, 11]",47420,2,1,0
5531,"[28840, 12]",47419,57,26,0
5532,"[28840, 13]",47417,0,0,0
5533,"[28840, 14]",47677,158,64,0
5534,"[28840, 15]",76799,0,0,-1
5535,"[28840, 16]",76798,0,0,-1
5536,"[28840, 17]",86383,158,64,3
5537,"[28840, 18]",86379,158,64,9
5538,"[28840, 19]",87413,0,0,-1
5539,"[28840, 20]",87411,158,64,-1
5540,"[28840, 21]",92423,158,64,3
5541,"[28916, 22]",4221,0,0,-1
5542,"[28919, 0]",38,158,64,-1
5543,"[28919, 1]",37,2,1,-1
5544,"[28919, 2]",36,158,64,-1
5545,"[28919, 3]",221,156,64,-1
5546,"[28919, 4]",218,0,0,-1
5547,"[28919, 5]",2017,0,0,-1
5548,"[28919, 6]",3531,0,0,-1
5549,"[28919, 7]",5550,2,1,-1
5550,"[28919, 8]",5549,57,26,-1
5551,"[28922, 0]",11655,158,64,6
5552,"[28955, 0]",1295,0,0,-1
5553,"[28955, 1]",1294,0,0,-1
5554,"[28978, 0]",62745,158,64,-1
5555,"[28978, 2]",115394,158,64,-1
5556,"[29009, 0]",39,158,64,-1
5557,"[29009, 1]",38,158,64,-1
5558,"[29009, 2]",37,158,64,-1
5559,"[29009, 3]",35,0,0,-1
5560,"[29123, 0]",20,0,0,0
5561,"[29123, 1]",19,0,0,0
5562,"[29123, 2]",15,0,0,0
5563,"[29123, 3]",52,0,0,0
5564,"[29123, 4]",51,0,0,0
5565,"[29123, 5]",50,0,0,0
5566,"[29123, 6]",37,158,64,2
5567,"[29123, 7]",34,158,64,12
5568,"[29123, 8]",208,0,0,0
5569,"[29123, 9]",205,158,64,0
5570,"[29123, 10]",202,158,64,7
5571,"[29123, 11]",347,156,64,1
5572,"[29213, 0]",1309,158,64,-1
5573,"[29250, 0]",25082,2,1,-1
5574,"[29250, 1]",25080,0,0,-1
5575,"[29250, 2]",24638,158,64,-1
5576,"[29292, 0]",14,158,64,-1
5577,"[29292, 1]",13,2,1,-1
5578,"[29292, 2]",12,0,0,-1
5579,"[29390, 0]",844,158,64,-1
5580,"[29545, 0]",1610,158,64,-1
5581,"[29647, 0]",1489,158,64,-1
5582,"[29783, 0]",409,158,64,-1
5583,"[29783, 1]",321,0,0,-1
5584,"[29819, 0]",6741,0,0,0
5585,"[29819, 1]",6739,0,0,0
5586,"[29819, 2]",7685,158,64,0
5587,"[29819, 3]",7671,54,24,-1
5588,"[29827, 0]",2557,41,18,0
5589,"[29833, 0]",7147,158,64,-1
5590,"[29833, 1]",18781,156,64,-1
5591,"[29837, 0]",284,158,64,-1
5592,"[29886, 0]",28,0,0,0
5593,"[29886, 1]",27,0,0,0
5594,"[29886, 2]",24,0,0,0
5595,"[29886, 3]",23,0,0,0
5596,"[29886, 4]",183,158,64,0
5597,"[29886, 5]",182,158,64,0
5598,"[29886, 6]",180,158,64,0
5599,"[29886, 7]",179,2,1,0
5600,"[29886, 8]",155,0,0,0
5601,"[29886, 9]",152,158,64,0
5602,"[29886, 10]",733,158,64,0
5603,"[29886, 11]",3938,41,18,0
5604,"[29923, 0]",4011,158,64,-1
5605,"[29945, 0]",2900,158,64,-1
5606,"[30040, 0]",26,0,0,-1
5607,"[30040, 1]",120,0,0,-1
5608,"[30040, 2]",119,0,0,-1
5609,"[30040, 3]",118,0,0,-1
5610,"[30040, 4]",1393,158,64,-1
5611,"[30040, 5]",1389,0,0,-1
5612,"[30122, 0]",2392,156,64,-1
5613,"[30179, 0]",5046,158,64,-1
5614,"[30212, 0]",25,158,64,-1
5615,"[30212, 1]",110,158,64,-1
5616,"[30212, 2]",101,158,64,-1
5617,"[30212, 3]",100,158,64,-1
5618,"[30212, 4]",99,158,64,-1
5619,"[30235, 0]",25081,158,64,-1
5620,"[30302, 0]",3523,0,0,0
5621,"[30302, 1]",3522,0,0,0
5622,"[30302, 2]",7759,41,18,0
5623,"[30302, 3]",7756,158,64,0
5624,"[30302, 5]",16566,156,64,-1
5625,"[30306, 0]",28,54,24,0
5626,"[30306, 1]",26,2,1,0
5627,"[30306, 2]",24,0,0,0
5628,"[30306, 3]",21,0,0,0
5629,"[30306, 4]",20,0,0,0
5630,"[30306, 5]",174,0,0,0
5631,"[30306, 6]",173,0,0,0
5632,"[30306, 7]",168,158,64,0
5633,"[30306, 8]",165,2,1,0
5634,"[30306, 9]",617,0,0,0
5635,"[30306, 10]",613,0,0,0
5636,"[30306, 11]",1562,41,18,0
5637,"[30306, 12]",1547,0,0,0
5638,"[30306, 13]",1911,2,1,0
5639,"[30455, 0]",11,158,64,-1
5640,"[30455, 1]",244,0,0,-1
5641,"[30455, 2]",242,158,64,-1
5642,"[30455, 3]",374,158,64,-1
5643,"[30481, 1]",3808,41,18,0
5644,"[30481, 2]",3805,0,0,0
5645,"[30481, 3]",5655,0,0,0
5646,"[30481, 4]",5654,158,64,0
5647,"[30481, 5]",6869,158,64,0
5648,"[30511, 0]",9610,158,64,-1
5649,"[30511, 1]",7431,57,26,-1
5650,"[30511, 2]",27870,158,64,-1
5651,"[30511, 3]",27868,0,0,-1
5652,"[30511, 4]",29068,156,64,-1
5653,"[30511, 5]",29065,0,0,-1
5654,"[30511, 6]",29991,0,0,3
5655,"[30511, 7]",30294,158,64,0
5656,"[30529, 0]",1010,158,64,0
5657,"[30529, 1]",1008,0,0,0
5658,"[30529, 2]",1007,0,0,0
5659,"[30529, 3]",2811,158,64,7
5660,"[30529, 4]",2810,57,26,3
5661,"[30529, 5]",2802,55,26,0
5662,"[30529, 6]",4001,158,64,3
5663,"[30749, 0]",31,158,64,-1
5664,"[30888, 0]",222,2,1,-1
5665,"[30888, 1]",221,0,0,-1
5666,"[30888, 2]",985,0,0,-1
5667,"[30888, 3]",948,0,0,-1
5668,"[30888, 4]",2868,0,0,-1
5669,"[30888, 5]",2867,0,0,-1
5670,"[30888, 6]",2842,158,64,-1
5671,"[30888, 7]",2839,0,0,-1
5672,"[30888, 8]",3975,158,64,-1
5673,"[30914, 0]",400,0,0,0
5674,"[30914, 1]",1348,41,18,0
5675,"[30918, 0]",881,0,0,0
5676,"[30918, 1]",880,158,64,0
5677,"[30918, 2]",2099,53,24,13
5678,"[30918, 3]",3927,158,64,0
5679,"[30918, 4]",3924,57,26,0
5680,"[30933, 0]",159,158,64,-1
5681,"[30933, 1]",158,0,0,-1
5682,"[30933, 2]",157,0,0,-1
5683,"[30933, 3]",646,158,64,-1
5684,"[30933, 4]",643,0,0,-1
5685,"[30933, 5]",639,158,64,-1
5686,"[30933, 6]",637,2,1,-1
5687,"[30933, 7]",634,2,1,-1
5688,"[31013, 0]",1119,158,64,0
5689,"[31013, 1]",1117,0,0,0
5690,"[31013, 2]",2290,41,18,0
5691,"[31049, 0]",10572,156,64,-1
5692,"[31049, 1]",10571,2,1,-1
5693,"[31049, 2]",10570,158,64,-1
5694,"[31049, 3]",44279,158,64,-1
5695,"[31060, 0]",1226,2,1,-1
5696,"[31069, 0]",1136,158,64,-1
5697,"[31085, 38]",2665,156,64,-1
5698,"[31089, 0]",8544,0,0,-1
5699,"[31089, 1]",14354,0,0,-1
5700,"[31089, 2]",21095,0,0,-1
5701,"[31089, 3]",21094,0,0,-1
5702,"[31089, 4]",43648,0,0,-1
5703,"[31089, 5]",43646,158,64,-1
5704,"[31089, 6]",43644,158,64,-1
5705,"[31089, 7]",43642,158,64,-1
5706,"[31089, 9]",46675,0,0,-1
5707,"[31131, 1]",8928,158,64,-1
5708,"[31131, 2]",8925,156,64,-1
5709,"[31133, 0]",16,158,64,9
5710,"[31200, 0]",14,158,64,-1
5711,"[31219, 0]",4890,158,64,-1
5712,"[31221, 0]",25403,158,64,-1
5713,"[31221, 1]",23926,158,64,-1
5714,"[31221, 2]",23644,158,64,-1
5715,"[31221, 3]",45343,156,64,2
5716,"[31221, 4]",45341,0,0,-1
5717,"[31221, 5]",39963,0,0,-1
5718,"[31221, 6]",66830,158,64,-1
5719,"[31221, 7]",65923,0,0,-1
5720,"[31221, 8]",72865,156,64,2
5721,"[31231, 0]",3957,158,64,-1
5722,"[31233, 5]",216,0,0,-1
5723,"[31233, 6]",203,158,64,-1
5724,"[31233, 7]",202,2,1,-1
5725,"[31233, 8]",201,158,64,-1
5726,"[31233, 9]",199,0,0,-1
5727,"[31233, 10]",197,158,64,-1
5728,"[31233, 17]",161,158,64,-1
5729,"[31233, 18]",160,2,1,-1
5730,"[31233, 19]",159,158,64,-1
5731,"[31233, 20]",157,0,0,-1
5732,"[31233, 22]",139,0,0,-1
5733,"[31233, 25]",1953,2,1,-1
5734,"[31233, 26]",1946,158,64,-1
5735,"[31233, 34]",1833,158,64,-1
5736,"[31233, 35]",1830,158,64,-1
5737,"[31233, 36]",1819,0,0,-1
5738,"[31233, 44]",1675,158,64,-1
5739,"[31233, 45]",1673,158,64,-1
5740,"[31233, 46]",1668,0,0,-1
5741,"[31233, 47]",1662,0,0,-1
5742,"[31233, 48]",1647,2,1,-1
5743,"[31233, 50]",1576,0,0,-1
5744,"[31233, 51]",1575,0,0,-1
5745,"[31233, 52]",1572,0,0,-1
5746,"[31233, 55]",3838,158,64,-1
5747,"[31233, 56]",3832,0,0,-1
5748,"[31233, 57]",3831,158,64,-1
5749,"[31233, 58]",3827,158,64,-1
5750,"[31233, 59]",3824,0,0,-1
5751,"[31233, 62]",3542,0,0,-1
5752,"[31233, 63]",3536,2,1,-1
5753,"[31233, 64]",3535,0,0,-1
5754,"[31233, 75]",2815,158,64,-1
5755,"[31233, 76]",2814,158,64,-1
5756,"[31233, 77]",2714,156,64,-1
5757,"[31233, 78]",2712,158,64,-1
5758,"[31233, 79]",2710,0,0,-1
5759,"[31233, 80]",2691,0,0,-1
5760,"[31233, 81]",7906,0,0,-1
5761,"[31233, 82]",7865,2,1,-1
5762,"[31233, 87]",6264,0,0,-1
5763,"[31233, 88]",6234,158,64,-1
5764,"[31233, 90]",5793,158,64,-1
5765,"[31233, 94]",8251,0,0,-1
5766,"[31283, 12]",401,2,1,-1
5767,"[31283, 13]",400,0,0,-1
5768,"[31283, 14]",396,0,0,-1
5769,"[31283, 15]",1499,2,1,-1
5770,"[31283, 16]",1481,158,64,-1
5771,"[31329, 0]",38691,2,1,-1
5772,"[31329, 1]",36173,158,64,-1
5773,"[31352, 0]",3742,41,18,0
5774,"[31352, 1]",3187,2,1,0
5775,"[31352, 2]",3186,0,0,0
5776,"[31352, 3]",2998,158,64,0
5777,"[31352, 4]",2996,0,0,0
5778,"[31352, 5]",7381,64,29,0
5779,"[31352, 6]",7218,2,1,0
5780,"[31381, 25]",2864,2,1,-1
5781,"[31381, 63]",5348,0,0,-1
5782,"[31381, 76]",5197,156,64,-1
5783,"[31381, 107]",12143,2,1,-1
5784,"[31381, 108]",12142,0,0,-1
5785,"[31381, 135]",10055,2,1,-1
5786,"[31381, 151]",19552,0,0,-1
5787,"[31381, 169]",18971,158,64,-1
5788,"[31381, 188]",15811,156,64,-1
5789,"[31381, 215]",25327,158,64,-1
5790,"[31381, 221]",37969,158,64,-1
5791,"[31381, 222]",37967,158,64,-1
5792,"[31405, 0]",4536,2,1,0
5793,"[31405, 1]",4535,0,0,0
5794,"[31405, 2]",9607,2,1,0
5795,"[31450, 0]",3257,57,26,20
5796,"[31467, 0]",5905,0,0,-1
5797,"[31467, 1]",5263,158,64,-1
5798,"[31467, 2]",10512,2,1,-1
5799,"[31467, 3]",10509,158,64,-1
5800,"[31549, 0]",2226,158,64,18
5801,"[31549, 1]",2224,158,64,-1
5802,"[31570, 0]",12,158,64,0
5803,"[31570, 1]",9,0,0,0
5804,"[31570, 2]",7,0,0,0
5805,"[31570, 3]",209,158,64,3
5806,"[31570, 4]",208,0,0,1
5807,"[31570, 5]",204,0,0,-1
5808,"[31570, 6]",203,0,0,-1
5809,"[31570, 7]",202,0,0,1
5810,"[31570, 8]",199,0,0,0
5811,"[31570, 9]",197,0,0,0
5812,"[31570, 10]",196,0,0,0
5813,"[31570, 11]",370,0,0,1
5814,"[31570, 12]",369,0,0,1
5815,"[31570, 13]",368,0,0,-1
5816,"[31570, 14]",361,0,0,0
5817,"[31570, 15]",355,0,0,0
5818,"[31570, 16]",335,158,64,-1
5819,"[31570, 17]",329,156,64,2
5820,"[31570, 18]",324,0,0,-1
5821,"[31570, 19]",319,0,0,3
5822,"[31570, 20]",2201,158,64,1
5823,"[31570, 21]",2180,156,64,1
5824,"[31570, 22]",2048,158,64,16
5825,"[31570, 23]",2024,0,0,0
5826,"[31570, 24]",2001,158,64,-1
5827,"[31570, 25]",1998,41,18,1
5828,"[31570, 26]",1995,158,64,7
5829,"[31570, 27]",2452,156,64,1
5830,"[31616, 0]",7076,158,64,-1
5831,"[31616, 1]",7073,0,0,-1
5832,"[31616, 2]",14682,158,64,-1
5833,"[31704, 0]",400,0,0,-1
5834,"[31704, 1]",1683,0,0,-1
5835,"[31704, 2]",1800,158,64,-1
5836,"[31704, 3]",1798,0,0,-1
5837,"[31913, 0]",37473,158,64,-1
5838,"[31913, 1]",26691,156,64,-1
5839,"[31913, 6]",208374,41,20,-1
5840,"[31913, 8]",216571,0,0,-1
5841,"[31919, 0]",2045,2,1,-1
5842,"[31998, 0]",952,158,64,-1
5843,"[32158, 0]",1143,57,26,0
5844,"[32158, 1]",1141,2,1,0
5845,"[32158, 2]",1139,0,0,0
5846,"[32158, 3]",2367,0,0,0
5847,"[32158, 4]",4676,0,0,0
5848,"[32158, 5]",3926,2,1,0
5849,"[32158, 6]",7079,0,0,0
5850,"[32158, 7]",8110,156,64,0
5851,"[32164, 0]",6959,158,64,-1
5852,"[32171, 0]",9875,0,0,0
5853,"[32171, 1]",9872,0,0,0
5854,"[32171, 2]",9871,0,0,0
5855,"[32171, 3]",8465,0,0,0
5856,"[32171, 4]",5340,0,0,0
5857,"[32171, 5]",20516,158,64,0
5858,"[32171, 6]",19500,158,64,-1
5859,"[32171, 7]",18618,158,64,-1
5860,"[32171, 8]",18614,0,0,0
5861,"[32171, 9]",18610,41,18,0
5862,"[32171, 10]",32288,0,0,0
5863,"[32171, 11]",28609,158,64,-1
5864,"[32171, 12]",60341,57,26,0
5865,"[32171, 13]",108828,55,26,-1
5866,"[32171, 14]",94762,158,64,-1
5867,"[32171, 15]",90172,51,24,-1
5868,"[32171, 16]",90168,0,0,-1
5869,"[32171, 17]",77777,158,64,12
5870,"[32171, 18]",117979,61,28,-1
5871,"[32171, 19]",148385,158,64,-1
5872,"[32171, 20]",140693,158,64,-1
5873,"[32203, 0]",3576,0,0,3
5874,"[32203, 1]",4502,57,26,0
5875,"[32233, 0]",2199,0,0,0
5876,"[32233, 1]",2197,0,0,0
5877,"[32233, 2]",2195,0,0,0
5878,"[32233, 3]",2194,0,0,0
5879,"[32233, 4]",6200,0,0,0
5880,"[32233, 5]",6198,0,0,0
5881,"[32233, 6]",6197,0,0,0
5882,"[32233, 7]",6192,0,0,0
5883,"[32233, 8]",6189,0,0,0
5884,"[32233, 9]",6186,0,0,0
5885,"[32233, 10]",6185,0,0,0
5886,"[32233, 11]",6170,156,64,0
5887,"[32233, 12]",11067,0,0,0
5888,"[32233, 13]",11063,41,18,0
5889,"[32233, 14]",11058,41,18,0
5890,"[32233, 15]",11038,0,0,0
5891,"[32233, 16]",11037,0,0,0
5892,"[32233, 17]",11036,0,0,0
5893,"[32233, 18]",11035,0,0,0
5894,"[32233, 19]",11001,0,0,0
5895,"[32233, 20]",11000,0,0,0
5896,"[32233, 21]",10998,0,0,0
5897,"[32233, 22]",10994,0,0,0
5898,"[32233, 23]",10992,0,0,0
5899,"[32233, 24]",10989,0,0,0
5900,"[32233, 25]",18157,2,1,0
5901,"[32233, 26]",18145,41,18,0
5902,"[32233, 27]",18131,2,1,0
5903,"[32233, 28]",18104,0,0,0
5904,"[32233, 29]",18098,158,64,0
5905,"[32233, 30]",18093,2,1,0
5906,"[32233, 31]",18077,0,0,0
5907,"[32233, 32]",18075,0,0,0
5908,"[32233, 33]",18071,158,64,0
5909,"[32233, 34]",18070,0,0,0
5910,"[32233, 35]",18061,41,18,0
5911,"[32233, 36]",18057,158,64,0
5912,"[32233, 37]",22745,158,64,0
5913,"[32233, 38]",22717,41,18,0
5914,"[32233, 39]",22713,41,18,0
5915,"[32233, 40]",22637,2,1,0
5916,"[32255, 6]",2445,158,64,-1
5917,"[32255, 7]",2443,158,64,-1
5918,"[32255, 8]",2441,2,1,-1
5919,"[32255, 14]",87368,156,64,-1
5920,"[32255, 15]",77008,158,64,-1
5921,"[32255, 16]",223007,158,64,-1
5922,"[32255, 17]",170012,2,1,-1
5923,"[32255, 18]",150593,158,64,-1
5924,"[32255, 19]",236086,158,64,-1
5925,"[32255, 20]",236085,158,64,-1
5926,"[32255, 21]",313559,158,64,-1
5927,"[32255, 22]",313557,158,64,-1
5928,"[32261, 0]",1368,2,1,-1
5929,"[32264, 0]",3326,158,64,0
5930,"[32264, 1]",3198,66,29,0
5931,"[32264, 2]",3197,0,0,0
5932,"[32264, 3]",7948,158,64,7
5933,"[32302, 0]",1006,158,64,3
5934,"[32322, 1]",10591,158,64,0
5935,"[32322, 2]",10588,0,0,0
5936,"[32322, 3]",18311,0,0,0
5937,"[32322, 4]",23276,61,28,0
5938,"[32337, 0]",4848,158,64,-1
5939,"[32337, 2]",11500,0,0,-1
5940,"[32337, 3]",37224,2,1,-1
5941,"[32350, 0]",3274,0,0,-1
5942,"[32350, 1]",5637,2,1,8
5943,"[32350, 2]",6589,41,18,4
5944,"[32350, 3]",6587,158,64,-1
5945,"[32372, 0]",902,158,64,-1
5946,"[32441, 0]",162,158,64,-1
5947,"[32441, 1]",160,0,0,-1
5948,"[32441, 2]",508,0,0,-1
5949,"[32441, 3]",1507,0,0,-1
5950,"[32448, 0]",4112,158,64,0
5951,"[32448, 1]",4111,0,0,0
5952,"[32448, 2]",5131,0,0,0
5953,"[32448, 3]",6471,156,64,5
5954,"[32550, 0]",726,158,64,-1
5955,"[32558, 0]",2030,55,26,-1
5956,"[32642, 20]",124024,0,0,-1
5957,"[32642, 23]",132969,0,0,-1
5958,"[32642, 25]",164441,158,64,-1
5959,"[32696, 0]",63622,156,64,-1
5960,"[32697, 0]",2970,158,64,-1
5961,"[32697, 1]",21277,158,64,-1
5962,"[32757, 0]",15877,156,64,-1
5963,"[32757, 1]",50393,158,64,-1
5964,"[32757, 2]",50152,158,64,-1
5965,"[32757, 3]",28267,158,64,-1
5966,"[32757, 4]",137449,158,64,-1
5967,"[32757, 5]",137448,158,64,-1
5968,"[32757, 6]",136624,158,64,-1
5969,"[32757, 7]",122941,158,64,-1
5970,"[32757, 8]",119981,0,0,-1
5971,"[32757, 9]",119980,0,0,-1
5972,"[32757, 10]",117491,158,64,-1
5973,"[32757, 11]",113789,158,64,-1
5974,"[32757, 17]",155123,0,0,-1
5975,"[32757, 18]",203323,0,0,-1
5976,"[32757, 25]",188796,158,64,-1
5977,"[32757, 26]",167557,158,64,-1
5978,"[32757, 28]",234418,0,0,-1
5979,"[32757, 29]",265600,156,64,-1
5980,"[32775, 0]",2230,0,0,-1
5981,"[32775, 1]",1355,158,64,-1
5982,"[32775, 2]",3100,156,64,-1
5983,"[32796, 0]",2927,41,18,0
5984,"[32832, 0]",1093,0,0,0
5985,"[32832, 1]",1948,0,0,0
5986,"[32832, 2]",1855,59,28,-1
5987,"[32832, 3]",1852,0,0,-1
5988,"[32832, 4]",1847,2,1,-1
5989,"[32832, 5]",3384,2,1,-1
5990,"[32832, 6]",3383,158,64,-1
5991,"[32832, 7]",3380,0,0,-1
5992,"[32832, 8]",3337,0,0,-1
5993,"[32832, 9]",3336,0,0,-1
5994,"[32832, 10]",2909,158,64,0
5995,"[32832, 13]",3868,0,0,-1
5996,"[32832, 14]",3867,0,0,-1
5997,"[32832, 15]",3820,156,64,-1
5998,"[32832, 16]",3819,0,0,-1
5999,"[32865, 0]",10428,158,64,-1
6000,"[32865, 1]",10427,0,0,-1
6001,"[32865, 2]",12933,158,64,-1
6002,"[32900, 0]",2191,0,0,4
6003,"[32900, 1]",3440,2,1,0
6004,"[32936, 1]",1051,158,64,0
6005,"[32936, 2]",1049,0,0,0
6006,"[32936, 3]",2544,0,0,0
6007,"[32936, 4]",3509,158,64,1
6008,"[32936, 5]",3067,59,28,0
6009,"[32936, 6]",3065,2,1,0
6010,"[33008, 0]",754,158,64,-1
6011,"[33044, 0]",29,0,0,0
6012,"[33044, 1]",26,0,0,0
6013,"[33044, 2]",23,0,0,0
6014,"[33044, 3]",21,0,0,0
6015,"[33044, 4]",18,0,0,0
6016,"[33044, 5]",16,0,0,0
6017,"[33044, 6]",227,158,64,0
6018,"[33044, 7]",226,0,0,0
6019,"[33044, 8]",224,0,0,0
6020,"[33044, 9]",222,0,0,0
6021,"[33044, 10]",221,0,0,0
6022,"[33044, 11]",220,0,0,0
6023,"[33044, 12]",219,0,0,0
6024,"[33044, 13]",218,0,0,0
6025,"[33044, 14]",217,0,0,0
6026,"[33044, 15]",213,0,0,0
6027,"[33044, 16]",211,2,1,0
6028,"[33044, 17]",208,158,64,0
6029,"[33044, 18]",207,0,0,0
6030,"[33044, 19]",204,0,0,0
6031,"[33044, 20]",198,0,0,0
6032,"[33044, 21]",197,0,0,0
6033,"[33044, 22]",193,41,18,0
6034,"[33044, 23]",192,57,26,0
6035,"[33044, 24]",184,0,0,0
6036,"[33044, 25]",183,0,0,0
6037,"[33044, 26]",178,2,1,0
6038,"[33044, 27]",177,0,0,0
6039,"[33044, 28]",170,0,0,0
6040,"[33044, 29]",165,0,0,0
6041,"[33044, 30]",145,54,24,0
6042,"[33044, 31]",1756,57,26,0
6043,"[33044, 32]",1728,0,0,0
6044,"[33044, 33]",1683,0,0,0
6045,"[33044, 34]",1664,158,64,0
6046,"[33044, 35]",1660,156,64,0
6047,"[33044, 36]",1622,158,64,0
6048,"[33044, 37]",1620,0,0,0
6049,"[33044, 38]",1619,0,0,0
6050,"[33044, 39]",1618,158,64,0
6051,"[33044, 40]",1603,41,18,0
6052,"[33044, 41]",1599,156,64,0
6053,"[33044, 42]",1571,158,64,0
6054,"[33044, 43]",1567,0,0,0
6055,"[33044, 44]",1566,0,0,0
6056,"[33044, 45]",1565,0,0,0
6057,"[33044, 46]",1547,57,26,0
6058,"[33044, 47]",1533,158,64,0
6059,"[33044, 48]",1506,0,0,-1
6060,"[33044, 49]",1502,158,64,0
6061,"[33044, 50]",1497,0,0,0
6062,"[33044, 51]",1496,0,0,0
6063,"[33044, 52]",1491,57,26,0
6064,"[33044, 53]",1489,41,18,0
6065,"[33044, 54]",1486,41,18,0
6066,"[33044, 55]",1483,0,0,0
6067,"[33044, 56]",1481,0,0,0
6068,"[33044, 57]",1480,158,64,0
6069,"[33044, 58]",1469,158,64,0
6070,"[33044, 59]",1462,2,1,0
6071,"[33044, 60]",1457,158,64,0
6072,"[33044, 61]",3422,158,64,0
6073,"[33044, 62]",3414,0,0,0
6074,"[33044, 63]",3349,0,0,0
6075,"[33044, 64]",3342,2,1,0
6076,"[33044, 65]",3288,158,64,-1
6077,"[33044, 66]",3286,158,64,-1
6078,"[33044, 67]",3284,158,64,-1
6079,"[33044, 68]",3283,158,64,-1
6080,"[33044, 69]",3032,0,0,0
6081,"[33044, 70]",3025,41,18,0
6082,"[33044, 71]",2920,2,1,0
6083,"[33044, 72]",2917,57,26,0
6084,"[33044, 73]",2779,0,0,-1
6085,"[33044, 74]",2777,0,0,6
6086,"[33044, 75]",2752,158,64,0
6087,"[33044, 76]",7005,0,0,-1
6088,"[33044, 77]",6985,0,0,-1
6089,"[33044, 78]",6448,0,0,0
6090,"[33044, 79]",6151,57,26,0
6091,"[33044, 80]",6064,2,1,0
6092,"[33044, 81]",8302,2,1,0
6093,"[33044, 82]",8098,2,1,15
6094,"[33044, 83]",8081,158,64,-1
6095,"[33116, 0]",1252,156,64,-1
6096,"[33116, 1]",1250,0,0,-1
6097,"[33161, 0]",646,0,0,0
6098,"[33161, 1]",1652,158,64,0
6099,"[33172, 0]",4822,0,0,2
6100,"[33172, 1]",4821,2,1,9
6101,"[33172, 2]",9924,53,24,0
6102,"[33184, 0]",5666,2,1,-1
6103,"[33254, 33]",4320,158,64,1
6104,"[33271, 0]",15887,158,64,-1
6105,"[33315, 0]",13906,2,1,13
6106,"[33331, 4]",85126,0,0,-1
6107,"[33331, 5]",85125,158,64,-1
6108,"[33344, 0]",1935,2,1,-1
6109,"[33385, 0]",3688,156,64,-1
6110,"[33407, 0]",23369,0,0,-1
6111,"[33407, 1]",25194,57,26,2
6112,"[33482, 0]",3218,158,64,1
6113,"[33511, 0]",11570,0,0,-1
6114,"[33511, 1]",11568,0,0,-1
6115,"[33511, 2]",15313,158,64,6
6116,"[33511, 3]",15309,0,0,-1
6117,"[33511, 4]",15308,0,0,3
6118,"[33511, 5]",15303,0,0,-1
6119,"[33511, 6]",17004,158,64,-1
6120,"[33511, 7]",16966,158,64,-1
6121,"[33511, 8]",16964,158,64,-1
6122,"[33511, 9]",16962,156,64,-1
6123,"[33511, 10]",16960,158,64,-1
6124,"[33511, 11]",16959,0,0,3
6125,"[33511, 12]",21368,158,64,-1
6126,"[33524, 0]",9270,158,64,-1
6127,"[33568, 0]",1762,0,0,0
6128,"[33568, 1]",2890,2,1,0
6129,"[33699, 0]",14619,156,64,0
6130,"[33699, 1]",14618,0,0,0
6131,"[33699, 2]",22581,158,64,5
6132,"[33699, 3]",39671,2,1,0
6133,"[33699, 4]",39669,0,0,0
6134,"[33699, 5]",39513,2,1,0
6135,"[33699, 6]",39511,0,0,0
6136,"[33699, 7]",47731,158,64,6
6137,"[33699, 8]",47690,158,64,0
6138,"[33699, 9]",79195,41,18,0
6139,"[33699, 10]",79192,0,0,0
6140,"[33699, 11]",63272,158,64,0
6141,"[33699, 12]",63270,156,64,0
6142,"[33699, 13]",56618,158,64,3
6143,"[33699, 14]",56616,2,1,-1
6144,"[33699, 15]",81218,53,24,0
6145,"[33762, 0]",12,158,64,0
6146,"[33762, 1]",209,0,0,0
6147,"[33762, 2]",205,41,18,0
6148,"[33762, 3]",203,0,0,0
6149,"[33762, 4]",201,0,0,0
6150,"[33762, 5]",664,0,0,0
6151,"[33762, 6]",663,0,0,0
6152,"[33762, 7]",658,61,28,0
6153,"[33762, 8]",629,2,1,0
6154,"[33762, 9]",628,2,1,0
6155,"[33762, 10]",624,0,0,0
6156,"[33762, 11]",623,0,0,0
6157,"[33762, 12]",621,0,0,0
6158,"[33762, 13]",620,0,0,0
6159,"[33762, 14]",617,158,64,0
6160,"[33762, 15]",614,0,0,0
6161,"[33762, 16]",612,0,0,0
6162,"[33762, 17]",2354,0,0,0
6163,"[33762, 18]",2338,158,64,1
6164,"[33762, 19]",2315,54,24,0
6165,"[33762, 20]",2312,0,0,0
6166,"[33762, 21]",2311,0,0,0
6167,"[33762, 22]",2310,0,0,0
6168,"[33762, 23]",2306,63,28,0
6169,"[33762, 24]",2304,158,64,0
6170,"[33762, 25]",2302,0,0,0
6171,"[33762, 26]",2299,41,18,0
6172,"[33762, 27]",2298,2,1,0
6173,"[33762, 28]",2289,0,0,0
6174,"[33762, 29]",2217,53,24,2
6175,"[33762, 30]",2211,0,0,0
6176,"[33762, 31]",2900,0,0,-1
6177,"[33762, 32]",2833,0,0,-1
6178,"[33762, 33]",2786,0,0,0
6179,"[33762, 34]",2717,0,0,0
6180,"[33762, 35]",2689,0,0,0
6181,"[33762, 36]",2688,0,0,0
6182,"[33762, 37]",2686,0,0,0
6183,"[33762, 38]",2682,158,64,0
6184,"[33762, 39]",2681,2,1,0
6185,"[33762, 40]",2673,41,18,0
6186,"[33762, 41]",2584,158,64,0
6187,"[33762, 42]",5747,0,0,0
6188,"[33762, 43]",5742,41,18,0
6189,"[33762, 44]",5738,0,0,0
6190,"[33762, 45]",5688,158,64,0
6191,"[33762, 46]",5583,156,64,7
6192,"[33762, 47]",5523,156,64,-1
6193,"[33762, 48]",5467,156,64,-1
6194,"[33762, 49]",6271,59,28,-1
6195,"[33762, 50]",6233,41,18,0
6196,"[33781, 0]",8813,0,0,-1
6197,"[33781, 12]",66486,0,0,-1
6198,"[33781, 13]",68165,158,64,-1
6199,"[33803, 0]",5182,2,1,0
6200,"[33803, 1]",4225,13,6,0
6201,"[33894, 0]",5175,2,1,-1
6202,"[33894, 1]",5171,2,1,-1
6203,"[33968, 0]",1595,158,64,-1
6204,"[34006, 0]",2155,158,64,-1
6205,"[34038, 5]",16407,2,1,-1
6206,"[34038, 6]",15899,158,64,-1
6207,"[34038, 7]",13854,158,64,12
6208,"[34038, 8]",18841,158,64,2
6209,"[34038, 9]",18838,0,0,-1
6210,"[34038, 10]",18837,158,64,-1
6211,"[34038, 11]",18836,0,0,-1
6212,"[34038, 12]",18835,0,0,1
6213,"[34038, 13]",26682,158,64,0
6214,"[34038, 14]",26677,158,64,-1
6215,"[34038, 15]",26670,0,0,-1
6216,"[34038, 16]",32292,158,64,2
6217,"[34042, 0]",269,0,0,-1
6218,"[34042, 1]",1513,0,0,-1
6219,"[34042, 2]",1458,158,64,-1
6220,"[34042, 3]",1455,0,0,-1
6221,"[34042, 4]",1454,158,64,-1
6222,"[34042, 5]",3429,158,64,-1
6223,"[34042, 6]",3428,0,0,2
6224,"[34042, 7]",3419,2,1,-1
6225,"[34042, 8]",4278,156,64,0
6226,"[34098, 18]",5002,158,64,-1
6227,"[34098, 19]",5000,0,0,-1
6228,"[34098, 22]",9706,158,64,-1
6229,"[34112, 0]",30,0,0,0
6230,"[34112, 1]",27,0,0,0
6231,"[34112, 2]",26,0,0,0
6232,"[34112, 3]",25,0,0,0
6233,"[34112, 4]",24,0,0,0
6234,"[34112, 5]",321,158,64,-1
6235,"[34112, 6]",320,0,0,-1
6236,"[34112, 7]",317,0,0,-1
6237,"[34112, 8]",316,0,0,-1
6238,"[34112, 9]",313,2,1,0
6239,"[34112, 10]",310,0,0,0
6240,"[34112, 11]",307,57,26,0
6241,"[34112, 12]",305,0,0,0
6242,"[34112, 13]",303,0,0,0
6243,"[34112, 14]",299,57,26,0
6244,"[34112, 15]",298,0,0,0
6245,"[34112, 16]",284,0,0,0
6246,"[34112, 17]",2520,158,64,0
6247,"[34112, 18]",2498,0,0,0
6248,"[34112, 19]",2468,2,1,0
6249,"[34112, 20]",2467,0,0,0
6250,"[34112, 21]",2466,0,0,0
6251,"[34112, 22]",2463,158,64,1
6252,"[34112, 23]",2444,0,0,0
6253,"[34112, 24]",2443,0,0,0
6254,"[34112, 25]",2411,0,0,-1
6255,"[34112, 26]",2401,158,64,-1
6256,"[34112, 27]",1906,41,18,0
6257,"[34112, 28]",1905,41,18,0
6258,"[34112, 29]",4930,158,64,-1
6259,"[34112, 30]",4929,0,0,-1
6260,"[34112, 31]",4888,0,0,0
6261,"[34112, 32]",4885,0,0,0
6262,"[34112, 33]",4808,156,64,0
6263,"[34112, 34]",4805,158,64,0
6264,"[34112, 35]",4779,158,64,2
6265,"[34112, 36]",13900,158,64,0
6266,"[34112, 37]",13877,0,0,0
6267,"[34112, 38]",13849,0,0,-1
6268,"[34112, 47]",18619,0,0,-1
6269,"[34112, 48]",18585,41,18,0
6270,"[34112, 49]",33672,158,64,-1
6271,"[34123, 6]",19947,0,0,5
6272,"[34123, 7]",26787,156,64,0
6273,"[34123, 8]",26786,0,0,0
6274,"[34123, 9]",26784,0,0,0
6275,"[34123, 15]",35283,2,1,0
6276,"[34123, 16]",35281,0,0,0
6277,"[34123, 17]",35280,0,0,0
6278,"[34123, 18]",35268,158,64,12
6279,"[34123, 19]",37878,156,64,0
6280,"[34123, 20]",37876,41,18,0
6281,"[34123, 21]",37875,0,0,0
6282,"[34123, 22]",37871,0,0,0
6283,"[34123, 24]",45605,41,18,1
6284,"[34123, 25]",45594,158,64,0
6285,"[34123, 26]",45593,158,64,0
6286,"[34175, 0]",9217,158,64,-1
6287,"[34177, 0]",982,158,64,-1
6288,"[34187, 0]",22052,158,64,0
6289,"[34187, 1]",15450,158,64,3
6290,"[34187, 2]",15448,0,0,1
6291,"[34187, 3]",15444,0,0,4
6292,"[34187, 4]",15443,0,0,4
6293,"[34187, 5]",15442,0,0,3
6294,"[34187, 6]",35244,0,0,0
6295,"[34187, 7]",35243,0,0,0
6296,"[34187, 8]",35242,0,0,0
6297,"[34187, 9]",35241,0,0,0
6298,"[34187, 10]",35239,0,0,0
6299,"[34187, 11]",35235,41,18,3
6300,"[34187, 12]",35234,158,64,-1
6301,"[34187, 13]",35223,0,0,0
6302,"[34187, 14]",35218,158,64,4
6303,"[34187, 15]",87517,0,0,0
6304,"[34187, 16]",87516,0,0,0
6305,"[34187, 17]",67158,156,64,0
6306,"[34187, 18]",66522,0,0,0
6307,"[34187, 19]",66520,57,26,0
6308,"[34187, 20]",52874,158,64,6
6309,"[34187, 21]",52763,54,24,0
6310,"[34187, 22]",52762,0,0,0
6311,"[34187, 23]",52759,0,0,0
6312,"[34187, 24]",52745,0,0,0
6313,"[34187, 25]",52739,58,26,0
6314,"[34187, 26]",52736,0,0,0
6315,"[34187, 27]",52733,156,64,0
6316,"[34187, 28]",39800,158,64,0
6317,"[34187, 29]",111849,59,28,4
6318,"[34187, 30]",111815,158,64,0
6319,"[34187, 31]",111802,158,64,0
6320,"[34187, 32]",111781,2,1,0
6321,"[34187, 33]",107595,158,64,0
6322,"[34187, 34]",100765,156,64,5
6323,"[34187, 35]",100762,158,64,0
6324,"[34187, 36]",198066,158,64,0
6325,"[34187, 37]",194322,0,0,0
6326,"[34187, 38]",181099,156,64,-1
6327,"[34187, 39]",148074,2,1,-1
6328,"[34187, 40]",135897,0,0,2
6329,"[34187, 41]",135896,0,0,-1
6330,"[34187, 42]",135894,54,24,1
6331,"[34187, 43]",135892,0,0,-1
6332,"[34187, 44]",135888,0,0,-1
6333,"[34187, 45]",121792,0,0,-1
6334,"[34187, 46]",119227,0,0,3
6335,"[34187, 47]",236696,2,1,2
6336,"[34187, 48]",235900,2,1,2
6337,"[34187, 49]",234671,0,0,-1
6338,"[34187, 50]",232886,0,0,-1
6339,"[34187, 51]",232884,0,0,-1
6340,"[34187, 52]",232882,0,0,-1
6341,"[34187, 53]",232881,0,0,4
6342,"[34187, 54]",232876,0,0,0
6343,"[34187, 55]",232872,0,0,0
6344,"[34187, 56]",232871,0,0,0
6345,"[34187, 57]",232859,0,0,-1
6346,"[34187, 58]",232853,41,18,3
6347,"[34187, 59]",232850,0,0,0
6348,"[34187, 60]",262718,0,0,-1
6349,"[34187, 61]",252225,158,64,0
6350,"[34187, 62]",252193,158,64,8
6351,"[34187, 63]",252133,0,0,1
6352,"[34187, 64]",252126,57,26,1
6353,"[34187, 65]",252104,0,0,2
6354,"[34187, 66]",252075,156,64,0
6355,"[34187, 67]",252072,0,0,0
6356,"[34187, 68]",252070,0,0,0
6357,"[34187, 69]",252069,0,0,0
6358,"[34187, 70]",252068,0,0,0
6359,"[34187, 71]",252066,158,64,1
6360,"[34187, 72]",252064,2,1,6
6361,"[34187, 73]",252062,0,0,-1
6362,"[34187, 74]",252056,0,0,3
6363,"[34187, 75]",252053,158,64,9
6364,"[34187, 76]",244770,0,0,1
6365,"[34187, 77]",329237,2,1,3
6366,"[34187, 78]",328098,57,26,0
6367,"[34187, 79]",328061,0,0,14
6368,"[34187, 80]",328019,158,64,0
6369,"[34187, 81]",328014,0,0,0
6370,"[34187, 82]",328009,0,0,0
6371,"[34187, 83]",327994,0,0,-1
6372,"[34187, 84]",327970,158,64,0
6373,"[34187, 85]",327916,158,64,0
6374,"[34187, 86]",325758,57,26,5
6375,"[34187, 87]",363834,158,64,-1
6376,"[34187, 88]",335294,158,64,4
6377,"[34187, 89]",335277,158,64,0
6378,"[34187, 90]",335249,41,18,5
6379,"[34187, 91]",335078,158,64,8
6380,"[34187, 92]",330630,0,0,2
6381,"[34187, 93]",371850,41,18,2
6382,"[34232, 26]",3244,2,1,-1
6383,"[34232, 27]",3243,158,64,-1
6384,"[34262, 0]",704,2,1,0
6385,"[34262, 1]",702,41,18,0
6386,"[34309, 0]",736,158,64,-1
6387,"[34332, 0]",4483,2,1,2
6388,"[34332, 1]",4481,156,64,-1
6389,"[34338, 1]",739,158,64,-1
6390,"[34338, 2]",738,158,64,-1
6391,"[34338, 3]",737,158,64,-1
6392,"[34353, 0]",12222,2,1,0
6393,"[34353, 1]",9754,64,29,0
6394,"[34353, 2]",9753,0,0,0
6395,"[34353, 3]",19921,2,1,0
6396,"[34353, 4]",47105,41,18,0
6397,"[34353, 5]",47103,41,18,0
6398,"[34353, 6]",41994,41,18,0
6399,"[34353, 7]",41237,41,18,0
6400,"[34353, 8]",40740,2,1,0
6401,"[34353, 9]",40739,0,0,0
6402,"[34353, 10]",58570,2,1,0
6403,"[34353, 11]",96956,41,18,0
6404,"[34353, 12]",96955,37,18,0
6405,"[34353, 13]",92693,64,29,0
6406,"[34353, 14]",92691,158,64,0
6407,"[34353, 15]",90356,2,1,0
6408,"[34353, 16]",90354,0,0,0
6409,"[34353, 17]",83466,41,18,0
6410,"[34353, 18]",83464,2,1,0
6411,"[34353, 19]",83463,0,0,0
6412,"[34353, 20]",83462,0,0,0
6413,"[34353, 21]",80102,41,18,0
6414,"[34353, 22]",80099,0,0,0
6415,"[34353, 23]",115123,41,18,0
6416,"[34353, 24]",114697,41,18,0
6417,"[34353, 25]",114694,0,0,0
6418,"[34353, 26]",113355,2,1,0
6419,"[34353, 27]",146064,41,18,0
6420,"[34353, 28]",131680,2,1,0
6421,"[34353, 29]",163071,41,18,0
6422,"[34353, 30]",163069,0,0,0
6423,"[34353, 31]",163567,41,18,0
6424,"[34358, 3]",7030,158,64,-1
6425,"[34358, 4]",7029,158,64,-1
6426,"[34375, 0]",1213,2,1,-1
6427,"[34610, 0]",1063,158,64,-1
6428,"[34617, 0]",4809,158,64,-1
6429,"[34666, 0]",5095,158,64,9
6430,"[34666, 1]",5093,0,0,0
6431,"[34666, 2]",9023,158,64,0
6432,"[34681, 0]",976,158,64,-1
6433,"[34696, 0]",1259,2,1,-1
6434,"[34738, 0]",1643,158,64,-1
6435,"[34851, 0]",1165,156,64,11
6436,"[34861, 1]",293,0,0,-1
6437,"[34861, 2]",291,0,0,-1
6438,"[34861, 30]",606,0,0,-1
6439,"[34861, 31]",603,0,0,-1
6440,"[34861, 32]",601,0,0,-1
6441,"[34861, 33]",599,0,0,-1
6442,"[34861, 34]",589,0,0,-1
6443,"[34861, 35]",581,158,64,-1
6444,"[34861, 42]",3995,0,0,-1
6445,"[34861, 45]",3844,158,64,-1
6446,"[34861, 46]",3841,0,0,-1
6447,"[34861, 47]",3824,2,1,-1
6448,"[34861, 48]",3822,158,64,-1
6449,"[34861, 59]",3763,158,64,-1
6450,"[34861, 60]",3758,0,0,-1
6451,"[34861, 61]",3752,158,64,-1
6452,"[34861, 113]",5388,0,0,-1
6453,"[34861, 114]",5387,0,0,-1
6454,"[34861, 115]",5384,0,0,-1
6455,"[34861, 116]",5383,2,1,-1
6456,"[34861, 117]",5381,0,0,-1
6457,"[34861, 124]",5257,2,1,-1
6458,"[34861, 125]",5253,0,0,-1
6459,"[34861, 127]",5141,158,64,-1
6460,"[34861, 132]",4971,0,0,-1
6461,"[34861, 138]",16184,158,64,-1
6462,"[34861, 142]",15811,158,64,-1
6463,"[34861, 144]",15666,158,64,-1
6464,"[34861, 148]",15449,158,64,-1
6465,"[34861, 149]",15430,0,0,-1
6466,"[34861, 165]",20402,0,0,-1
6467,"[34861, 172]",32373,2,1,-1
6468,"[34861, 173]",32372,0,0,-1
6469,"[34861, 174]",32371,0,0,-1
6470,"[34861, 177]",37737,0,0,-1
6471,"[34861, 178]",37731,0,0,-1
6472,"[34861, 179]",42920,0,0,-1
6473,"[34861, 180]",45561,158,64,-1
6474,"[35010, 0]",1131,0,0,-1
6475,"[35010, 1]",6375,156,64,-1
6476,"[35010, 2]",6374,156,64,-1
6477,"[35019, 0]",2040,0,0,-1
6478,"[35023, 0]",10665,158,64,-1
6479,"[35023, 1]",10662,158,64,-1
6480,"[35037, 0]",19,0,0,-1
6481,"[35037, 1]",199,158,64,-1
6482,"[35037, 2]",197,0,0,-1
6483,"[35037, 3]",191,0,0,-1
6484,"[35037, 4]",190,0,0,-1
6485,"[35037, 5]",185,158,64,-1
6486,"[35037, 6]",1450,0,0,-1
6487,"[35037, 7]",1446,158,64,-1
6488,"[35037, 8]",2438,0,0,5
6489,"[35037, 9]",5704,158,64,-1
6490,"[35037, 10]",5703,158,64,-1
6491,"[35089, 2]",4608,158,64,-1
6492,"[35089, 3]",4607,158,64,-1
6493,"[35154, 0]",25,158,64,0
6494,"[35154, 1]",23,0,0,0
6495,"[35154, 2]",22,0,0,0
6496,"[35154, 3]",40,0,0,0
6497,"[35154, 4]",37,0,0,0
6498,"[35154, 5]",331,158,64,0
6499,"[35154, 6]",322,0,0,0
6500,"[35154, 7]",399,158,64,0
6501,"[35397, 0]",8086,2,1,-1
6502,"[35535, 89]",5390,158,64,-1
6503,"[35535, 90]",5388,0,0,-1
6504,"[35535, 91]",5387,0,0,-1
6505,"[35535, 109]",10969,0,0,1
6506,"[35535, 166]",14695,0,0,-1
6507,"[35535, 183]",21955,0,0,-1
6508,"[35535, 184]",21587,0,0,-1
6509,"[35535, 198]",28198,0,0,-1
6510,"[35535, 199]",28039,158,64,-1
6511,"[35535, 200]",34259,57,26,-1
6512,"[35535, 201]",34258,0,0,-1
6513,"[35535, 202]",34257,0,0,1
6514,"[35535, 206]",38421,156,64,-1
6515,"[35535, 207]",38415,158,64,9
6516,"[35578, 0]",18058,158,64,-1
6517,"[35578, 1]",14806,0,0,0
6518,"[35578, 2]",8305,41,18,0
6519,"[35578, 3]",20642,2,1,0
6520,"[35578, 4]",20641,0,0,0
6521,"[35578, 5]",20639,2,1,0
6522,"[35578, 6]",20638,0,0,0
6523,"[35578, 7]",20632,0,0,0
6524,"[35578, 8]",20629,0,0,0
6525,"[35578, 9]",20628,0,0,0
6526,"[35578, 10]",39826,0,0,0
6527,"[35578, 11]",39824,0,0,0
6528,"[35578, 12]",39823,0,0,0
6529,"[35578, 13]",39814,2,1,0
6530,"[35578, 14]",39778,0,0,0
6531,"[35578, 15]",39776,0,0,0
6532,"[35578, 16]",39765,158,64,0
6533,"[35578, 17]",38542,158,64,0
6534,"[35578, 18]",34697,41,18,0
6535,"[35578, 19]",32547,158,64,0
6536,"[35578, 20]",32545,0,0,0
6537,"[35578, 21]",32544,0,0,0
6538,"[35578, 22]",54978,158,64,0
6539,"[35578, 23]",54975,41,18,0
6540,"[35578, 24]",53465,158,64,0
6541,"[35578, 25]",53463,0,0,0
6542,"[35578, 26]",53446,2,1,0
6543,"[35578, 27]",53398,0,0,0
6544,"[35578, 28]",53395,0,0,0
6545,"[35578, 29]",53376,2,1,0
6546,"[35578, 30]",68776,0,0,0
6547,"[35578, 31]",68161,158,64,-1
6548,"[35578, 32]",68138,41,18,0
6549,"[35578, 33]",68056,57,26,0
6550,"[35578, 34]",68054,0,0,0
6551,"[35578, 35]",79701,158,64,1
6552,"[35578, 36]",79518,0,0,0
6553,"[35578, 37]",86750,2,1,0
6554,"[35606, 0]",661,0,0,0
6555,"[35606, 1]",936,41,18,0
6556,"[35631, 2]",11764,0,0,5
6557,"[35631, 3]",16145,158,64,0
6558,"[35677, 0]",9558,156,64,-1
6559,"[35677, 1]",9556,158,64,-1
6560,"[35730, 5]",17508,158,64,-1
6561,"[35730, 14]",27905,158,64,-1
6562,"[35755, 0]",10091,158,64,-1
6563,"[35793, 0]",29,41,18,0
6564,"[35793, 1]",27,0,0,0
6565,"[35793, 2]",23,0,0,0
6566,"[35793, 3]",22,0,0,0
6567,"[35793, 4]",19,0,0,0
6568,"[35793, 5]",17,0,0,0
6569,"[35793, 6]",16,0,0,0
6570,"[35793, 7]",315,0,0,0
6571,"[35793, 8]",313,0,0,0
6572,"[35793, 9]",311,0,0,0
6573,"[35793, 10]",310,0,0,0
6574,"[35793, 11]",309,0,0,0
6575,"[35793, 12]",308,0,0,0
6576,"[35793, 13]",307,0,0,0
6577,"[35793, 14]",306,0,0,0
6578,"[35793, 15]",305,0,0,0
6579,"[35793, 16]",296,0,0,-1
6580,"[35793, 17]",292,0,0,0
6581,"[35793, 18]",290,0,0,0
6582,"[35793, 19]",289,0,0,0
6583,"[35793, 20]",288,0,0,0
6584,"[35793, 21]",287,0,0,0
6585,"[35793, 22]",286,0,0,0
6586,"[35793, 23]",285,0,0,0
6587,"[35793, 24]",283,0,0,0
6588,"[35793, 25]",282,0,0,0
6589,"[35793, 26]",279,0,0,0
6590,"[35793, 27]",277,0,0,0
6591,"[35793, 28]",274,0,0,0
6592,"[35793, 29]",270,158,64,0
6593,"[35793, 30]",269,0,0,0
6594,"[35793, 31]",266,0,0,0
6595,"[35793, 32]",265,0,0,0
6596,"[35793, 33]",264,0,0,0
6597,"[35793, 34]",260,158,64,0
6598,"[35793, 35]",257,0,0,0
6599,"[35793, 36]",248,41,18,0
6600,"[35793, 37]",234,59,28,0
6601,"[35793, 38]",982,54,24,0
6602,"[35793, 39]",940,57,26,0
6603,"[35793, 40]",939,0,0,0
6604,"[35793, 41]",930,0,0,0
6605,"[35793, 42]",922,0,0,0
6606,"[35793, 43]",908,156,64,0
6607,"[35793, 44]",895,158,64,0
6608,"[35793, 45]",893,0,0,0
6609,"[35793, 46]",887,156,64,0
6610,"[35793, 47]",885,158,64,0
6611,"[35793, 48]",884,0,0,0
6612,"[35793, 49]",883,0,0,0
6613,"[35793, 50]",879,0,0,0
6614,"[35793, 51]",858,41,18,0
6615,"[35793, 52]",856,2,1,0
6616,"[35793, 53]",854,158,64,0
6617,"[35793, 54]",853,156,64,0
6618,"[35793, 55]",851,0,0,0
6619,"[35793, 56]",848,158,64,0
6620,"[35793, 57]",847,0,0,0
6621,"[35793, 58]",843,0,0,0
6622,"[35793, 59]",841,158,64,0
6623,"[35793, 60]",840,158,64,0
6624,"[35793, 61]",838,0,0,0
6625,"[35793, 62]",835,0,0,0
6626,"[35793, 63]",834,0,0,0
6627,"[35793, 64]",833,0,0,0
6628,"[35793, 65]",831,57,26,0
6629,"[35793, 66]",830,158,64,0
6630,"[35793, 67]",823,0,0,0
6631,"[35793, 68]",815,0,0,0
6632,"[35793, 69]",808,0,0,0
6633,"[35793, 70]",802,41,18,0
6634,"[35793, 71]",798,0,0,0
6635,"[35793, 72]",794,0,0,0
6636,"[35793, 73]",780,158,64,-1
6637,"[35793, 74]",778,0,0,-1
6638,"[35793, 75]",756,158,64,-1
6639,"[35793, 76]",744,0,0,-1
6640,"[35793, 77]",740,158,64,0
6641,"[35793, 78]",736,0,0,0
6642,"[35793, 79]",730,158,64,-1
6643,"[35793, 80]",727,156,64,-1
6644,"[35793, 81]",726,0,0,-1
6645,"[35793, 82]",724,53,24,0
6646,"[35793, 83]",721,0,0,0
6647,"[35793, 84]",720,0,0,0
6648,"[35793, 85]",716,51,24,0
6649,"[35793, 86]",714,57,26,0
6650,"[35793, 87]",713,0,0,0
6651,"[35793, 88]",709,0,0,0
6652,"[35793, 89]",708,54,24,0
6653,"[35793, 90]",703,57,26,0
6654,"[35793, 91]",694,0,0,0
6655,"[35793, 92]",689,158,64,0
6656,"[35793, 93]",685,41,18,0
6657,"[35793, 94]",680,158,64,0
6658,"[35793, 95]",4367,2,1,0
6659,"[35793, 96]",4261,158,64,0
6660,"[35793, 97]",4234,158,64,0
6661,"[35793, 98]",4233,59,28,0
6662,"[35793, 99]",4209,158,64,0
6663,"[35793, 100]",4208,0,0,0
6664,"[35793, 101]",4204,158,64,0
6665,"[35793, 102]",4180,158,64,-1
6666,"[35793, 103]",4179,158,64,-1
6667,"[35793, 104]",4150,158,64,0
6668,"[35793, 105]",4148,0,0,0
6669,"[35793, 106]",4147,0,0,0
6670,"[35793, 107]",4118,158,64,-1
6671,"[35793, 108]",4117,2,1,-1
6672,"[35793, 109]",4116,156,64,-1
6673,"[35793, 110]",4114,158,64,-1
6674,"[35793, 111]",3970,0,0,-1
6675,"[35793, 112]",3935,158,64,0
6676,"[35793, 113]",3921,41,18,0
6677,"[35793, 114]",3860,158,64,0
6678,"[35793, 115]",3824,158,64,6
6679,"[35793, 116]",3756,64,29,0
6680,"[35793, 117]",3698,41,18,0
6681,"[35793, 118]",3697,41,18,0
6682,"[35793, 119]",3693,0,0,0
6683,"[35793, 120]",3690,41,18,0
6684,"[35793, 121]",3673,57,26,0
6685,"[35793, 122]",3664,0,0,0
6686,"[35793, 123]",3644,0,0,0
6687,"[35793, 124]",3623,0,0,0
6688,"[35793, 125]",3622,0,0,0
6689,"[35793, 126]",3620,0,0,0
6690,"[35793, 127]",3619,0,0,0
6691,"[35793, 128]",3580,2,1,0
6692,"[35793, 129]",3567,0,0,0
6693,"[35793, 130]",3564,0,0,0
6694,"[35793, 131]",3532,158,64,0
6695,"[35793, 132]",3363,41,18,4
6696,"[35793, 133]",3310,2,1,0
6697,"[35793, 134]",3233,0,0,0
6698,"[35793, 135]",6348,2,1,9
6699,"[35793, 136]",6036,158,64,0
6700,"[35793, 137]",6026,156,64,0
6701,"[35793, 138]",5889,41,18,0
6702,"[35793, 139]",5887,0,0,0
6703,"[35793, 140]",5885,156,64,0
6704,"[35793, 141]",5884,158,64,0
6705,"[35793, 142]",5871,54,24,0
6706,"[35793, 143]",5868,158,64,0
6707,"[35793, 144]",5828,158,64,3
6708,"[35793, 145]",5815,158,64,0
6709,"[35793, 146]",5813,158,64,0
6710,"[35793, 147]",5812,0,0,0
6711,"[35793, 148]",5811,0,0,0
6712,"[35793, 149]",5810,0,0,0
6713,"[35793, 150]",5675,57,26,0
6714,"[35793, 151]",5459,0,0,-1
6715,"[35793, 152]",5278,158,64,-1
6716,"[35793, 153]",5277,0,0,-1
6717,"[35793, 154]",5276,0,0,-1
6718,"[35793, 155]",5077,158,64,0
6719,"[35793, 156]",5074,158,64,0
6720,"[35793, 157]",4884,2,1,0
6721,"[35793, 158]",4883,57,26,0
6722,"[35793, 159]",11451,0,0,-1
6723,"[35793, 160]",11450,0,0,-1
6724,"[35793, 161]",11445,0,0,-1
6725,"[35793, 162]",11444,0,0,-1
6726,"[35793, 163]",10923,158,64,-1
6727,"[35793, 164]",10922,41,20,-1
6728,"[35793, 165]",10920,0,0,-1
6729,"[35793, 166]",10524,53,24,4
6730,"[35793, 167]",10522,0,0,-1
6731,"[35793, 168]",10518,158,64,0
6732,"[35793, 169]",10515,158,64,0
6733,"[35793, 170]",10414,158,64,0
6734,"[35793, 171]",13559,0,0,-1
6735,"[35793, 173]",12972,158,64,-1
6736,"[35793, 174]",12969,158,64,-1
6737,"[35793, 175]",12966,0,0,-1
6738,"[35793, 176]",12921,0,0,-1
6739,"[35793, 177]",12916,158,64,-1
6740,"[35793, 181]",18189,158,64,-1
6741,"[35808, 0]",542,158,64,-1
6742,"[35808, 1]",540,41,20,-1
6743,"[35856, 0]",30,158,64,-1
6744,"[35868, 82]",3307,158,64,-1
6745,"[35868, 83]",3306,57,26,-1
6746,"[35868, 84]",3302,156,64,-1
6747,"[35872, 1]",31750,158,64,-1
6748,"[35931, 0]",3640,2,1,0
6749,"[35945, 0]",1922,158,64,0
6750,"[35945, 1]",1920,0,0,0
6751,"[35945, 2]",4284,57,26,0
6752,"[35991, 0]",965,57,26,0
6753,"[35991, 1]",964,57,26,0
6754,"[36109, 0]",4764,158,64,0
6755,"[36116, 0]",10163,0,0,-1
6756,"[36116, 1]",13257,158,64,-1
6757,"[36172, 0]",937,158,64,0
6758,"[36172, 1]",19213,0,0,0
6759,"[36172, 2]",19212,0,0,0
6760,"[36172, 3]",19182,51,24,0
6761,"[36172, 4]",19180,0,0,0
6762,"[36172, 5]",28668,158,64,0
6763,"[36172, 6]",28635,158,64,0
6764,"[36172, 7]",28634,156,64,0
6765,"[36172, 8]",28632,0,0,0
6766,"[36172, 9]",28631,0,0,0
6767,"[36172, 10]",28630,0,0,0
6768,"[36172, 11]",28627,158,64,0
6769,"[36172, 12]",32348,0,0,0
6770,"[36172, 13]",32347,0,0,0
6771,"[36172, 14]",32339,0,0,0
6772,"[36172, 15]",32335,2,1,2
6773,"[36172, 16]",40203,59,26,0
6774,"[36172, 17]",40135,41,18,0
6775,"[36172, 18]",40131,0,0,0
6776,"[36172, 19]",41376,158,64,0
6777,"[36298, 0]",26,0,0,0
6778,"[36298, 1]",25,0,0,0
6779,"[36298, 2]",21,0,0,0
6780,"[36298, 3]",19,0,0,0
6781,"[36298, 4]",18,0,0,0
6782,"[36298, 5]",17,158,64,0
6783,"[36298, 6]",206,158,64,0
6784,"[36298, 7]",204,0,0,0
6785,"[36298, 8]",203,0,0,0
6786,"[36298, 9]",197,0,0,0
6787,"[36298, 10]",193,0,0,0
6788,"[36298, 11]",181,54,24,0
6789,"[36298, 12]",179,0,0,0
6790,"[36298, 13]",178,0,0,0
6791,"[36298, 14]",175,158,64,3
6792,"[36298, 15]",168,0,0,-1
6793,"[36298, 16]",162,59,28,0
6794,"[36298, 17]",158,41,18,0
6795,"[36298, 19]",1658,158,64,-1
6796,"[36298, 20]",1586,158,64,0
6797,"[36298, 21]",1583,57,26,3
6798,"[36298, 22]",1471,0,0,0
6799,"[36298, 23]",1469,0,0,0
6800,"[36298, 24]",1466,158,64,-1
6801,"[36298, 25]",1465,0,0,-1
6802,"[36298, 26]",1425,158,64,2
6803,"[36298, 27]",1409,158,64,0
6804,"[36298, 28]",1407,41,18,0
6805,"[36298, 29]",1406,0,0,0
6806,"[36298, 30]",1404,0,0,0
6807,"[36298, 31]",1398,57,26,0
6808,"[36298, 32]",1397,0,0,0
6809,"[36298, 33]",1394,0,0,-1
6810,"[36298, 34]",3041,0,0,-1
6811,"[36298, 35]",3024,158,64,0
6812,"[36298, 36]",3004,156,64,0
6813,"[36298, 37]",3002,0,0,0
6814,"[36298, 38]",3001,0,0,0
6815,"[36298, 39]",2997,158,64,0
6816,"[36298, 40]",2952,2,1,-1
6817,"[36298, 41]",2949,0,0,-1
6818,"[36298, 42]",2948,0,0,-1
6819,"[36298, 43]",2923,0,0,0
6820,"[36298, 44]",2922,0,0,0
6821,"[36298, 45]",2919,158,64,0
6822,"[36298, 46]",6084,0,0,0
6823,"[36298, 47]",6083,0,0,0
6824,"[36298, 48]",6082,0,0,0
6825,"[36298, 49]",6081,0,0,0
6826,"[36298, 50]",6080,0,0,0
6827,"[36298, 51]",6076,156,64,0
6828,"[36298, 52]",6019,158,64,-1
6829,"[36298, 53]",6014,0,0,-1
6830,"[36298, 54]",5794,41,18,0
6831,"[36298, 55]",5791,2,1,0
6832,"[36298, 56]",5726,41,18,8
6833,"[36298, 57]",7350,2,1,-1
6834,"[36298, 58]",7254,158,64,0
6835,"[36298, 59]",7253,2,1,0
6836,"[36298, 60]",7250,0,0,0
6837,"[36298, 61]",7245,156,64,0
6838,"[36298, 62]",7239,156,64,0
6839,"[36298, 63]",7235,41,18,0
6840,"[36298, 64]",7231,2,1,3
6841,"[36298, 65]",9303,0,0,0
6842,"[36298, 66]",9302,158,64,0
6843,"[36298, 67]",9798,0,0,-1
6844,"[36298, 68]",10443,158,64,5
6845,"[36320, 0]",5587,158,64,-1
6846,"[36320, 1]",4341,0,0,-1
6847,"[36320, 2]",7010,2,1,7
6848,"[36320, 3]",14957,158,64,-1
6849,"[36340, 2]",29939,158,64,-1
6850,"[36340, 3]",29938,158,64,-1
6851,"[36362, 0]",4,0,0,-1
6852,"[36362, 1]",3,0,0,-1
6853,"[36362, 2]",164,158,64,-1
6854,"[36362, 3]",163,0,0,-1
6855,"[36362, 7]",493,158,64,-1
6856,"[36362, 8]",492,0,0,-1
6857,"[36362, 9]",1878,0,0,-1
6858,"[36362, 10]",1877,0,0,-1
6859,"[36362, 12]",3652,0,0,-1
6860,"[36362, 13]",3647,0,0,-1
6861,"[36362, 25]",9994,158,64,-1
6862,"[36433, 0]",12161,0,0,-1
6863,"[36433, 1]",12160,0,0,-1
6864,"[36476, 0]",1050,0,0,0
6865,"[36476, 1]",2222,2,1,0
6866,"[36529, 0]",10548,158,64,0
6867,"[36529, 1]",14244,158,64,0
6868,"[36620, 0]",1148,158,64,-1
6869,"[36620, 1]",517,0,0,0
6870,"[36620, 2]",514,0,0,0
6871,"[36620, 3]",2294,158,64,-1
6872,"[36620, 4]",2268,57,26,-1
6873,"[36646, 0]",1533,158,64,-1
6874,"[36690, 1]",4994,0,0,-1
6875,"[36690, 2]",8155,0,0,-1
6876,"[36690, 3]",10506,156,64,-1
6877,"[36690, 4]",10505,0,0,-1
6878,"[36690, 5]",12852,2,1,-1
6879,"[36791, 0]",9711,0,0,0
6880,"[36791, 1]",13319,158,64,0
6881,"[36873, 0]",1209,158,64,-1
6882,"[36942, 12]",20582,0,0,-1
6883,"[36942, 23]",60834,158,64,-1
6884,"[36942, 24]",60833,0,0,-1
6885,"[36942, 169]",1016603,0,0,-1
6886,"[36942, 170]",1016602,0,0,-1
6887,"[36942, 171]",1016571,158,64,-1
6888,"[36942, 183]",1744475,158,64,-1
6889,"[36942, 184]",1744474,0,0,-1
6890,"[36942, 193]",1667712,2,1,-1
6891,"[36942, 194]",1667711,158,64,-1
6892,"[36942, 195]",1667708,0,0,-1
6893,"[36942, 196]",1667707,0,0,-1
6894,"[36942, 202]",2190722,0,0,-1
6895,"[36942, 203]",2190718,0,0,-1
6896,"[36942, 213]",1776392,158,64,-1
6897,"[36942, 223]",2254225,158,64,-1
6898,"[36942, 224]",2254188,0,0,-1
6899,"[37071, 0]",7920,158,64,-1
6900,"[37074, 0]",1844,0,0,-1
6901,"[37074, 1]",3342,0,0,-1
6902,"[37074, 2]",3341,158,64,-1
6903,"[37074, 3]",3338,0,0,-1
6904,"[37074, 4]",3332,0,0,-1
6905,"[37074, 5]",3325,0,0,-1
6906,"[37074, 6]",3324,0,0,-1
6907,"[37074, 7]",5740,0,0,-1
6908,"[37074, 8]",5739,158,64,-1
6909,"[37074, 9]",5733,0,0,-1
6910,"[37074, 10]",5681,156,64,-1
6911,"[37074, 11]",5679,2,1,-1
6912,"[37074, 12]",5678,158,64,-1
6913,"[37074, 13]",5654,0,0,-1
6914,"[37074, 14]",5649,0,0,-1
6915,"[37074, 15]",5632,158,64,-1
6916,"[37074, 16]",7808,158,64,-1
6917,"[37074, 17]",7807,0,0,-1
6918,"[37074, 18]",7797,0,0,-1
6919,"[37074, 19]",7796,0,0,-1
6920,"[37074, 20]",7708,0,0,-1
6921,"[37074, 21]",9112,158,64,-1
6922,"[37074, 22]",8914,2,1,-1
6923,"[37074, 23]",8908,158,64,-1
6924,"[37074, 24]",8882,158,64,-1
6925,"[37074, 25]",8880,2,1,-1
6926,"[37074, 26]",8878,0,0,-1
6927,"[37074, 27]",10528,158,64,-1
6928,"[37108, 1]",137833,0,0,1
6929,"[37108, 2]",139774,57,26,0
6930,"[37173, 0]",25,158,64,-1
6931,"[37173, 1]",22,158,64,-1
6932,"[37173, 2]",20,0,0,-1
6933,"[37173, 3]",44,158,64,-1
6934,"[37173, 4]",43,158,64,-1
6935,"[37196, 13]",4094,158,64,-1
6936,"[37196, 14]",4052,158,64,-1
6937,"[37196, 15]",4051,0,0,-1
6938,"[37196, 16]",5908,158,64,-1
6939,"[37196, 17]",5904,158,64,-1
6940,"[37196, 18]",5903,158,64,-1
6941,"[37196, 19]",5758,158,64,-1
6942,"[37196, 20]",5757,158,64,-1
6943,"[37251, 0]",883,158,64,-1
6944,"[37322, 0]",26,158,64,-1
6945,"[37322, 1]",25,158,64,-1
6946,"[37337, 0]",430,158,64,-1
6947,"[37338, 0]",3277,158,64,-1
6948,"[37360, 0]",4969,0,0,-1
6949,"[37360, 1]",6194,156,64,-1
6950,"[37366, 0]",15793,158,64,0
6951,"[37366, 1]",15791,158,64,0
6952,"[37366, 2]",53882,158,64,0
6953,"[37366, 3]",53880,0,0,0
6954,"[37366, 4]",47178,158,64,0
6955,"[37366, 5]",31608,0,0,0
6956,"[37366, 6]",60419,158,64,0
6957,"[37366, 7]",55243,158,64,0
6958,"[37366, 8]",87356,158,64,0
6959,"[37366, 9]",87355,0,0,0
6960,"[37366, 10]",85139,158,64,0
6961,"[37366, 11]",85137,0,0,0
6962,"[37366, 12]",79210,156,64,0
6963,"[37366, 13]",79208,0,0,0
6964,"[37366, 14]",74151,0,0,0
6965,"[37366, 15]",63222,59,28,0
6966,"[37366, 16]",63221,158,64,0
6967,"[37366, 17]",100278,54,24,0
6968,"[37366, 18]",99700,64,29,0
6969,"[37366, 19]",98980,158,64,0
6970,"[37366, 20]",98581,2,1,0
6971,"[37366, 21]",114570,2,1,0
6972,"[37367, 0]",9635,2,1,0
6973,"[37367, 1]",9633,57,26,0
6974,"[37367, 2]",17917,158,64,0
6975,"[37367, 3]",17914,158,64,0
6976,"[37367, 4]",27447,41,18,0
6977,"[37367, 5]",27446,0,0,0
6978,"[37367, 6]",27445,0,0,0
6979,"[37367, 7]",24584,0,0,0
6980,"[37367, 8]",37504,158,64,0
6981,"[37367, 9]",37091,0,0,0
6982,"[37367, 10]",37087,2,1,0
6983,"[37367, 11]",44289,53,24,0
6984,"[37367, 12]",44288,0,0,0
6985,"[37367, 13]",40275,41,18,0
6986,"[37367, 14]",40273,2,1,0
6987,"[37367, 15]",39943,41,18,0
6988,"[37367, 16]",47729,41,18,0
6989,"[37409, 1]",5377,0,0,-1
6990,"[37409, 2]",13185,158,64,-1
6991,"[37409, 4]",66579,158,64,-1
6992,"[37425, 0]",1026,158,64,0
6993,"[37451, 0]",5987,158,64,0
6994,"[37451, 1]",5986,0,0,0
6995,"[37451, 2]",7354,158,64,0
6996,"[37498, 0]",14260,2,1,0
6997,"[37498, 1]",14259,0,0,0
6998,"[37498, 2]",9893,57,26,-1
6999,"[37498, 3]",8140,158,64,0
7000,"[37498, 4]",8137,0,0,0
7001,"[37498, 5]",18564,0,0,-1
7002,"[37498, 6]",16003,156,64,9
7003,"[37498, 7]",27849,0,0,-1
7004,"[37498, 8]",25823,158,64,-1
7005,"[37498, 9]",21442,0,0,-1
7006,"[37498, 10]",21396,0,0,-1
7007,"[37498, 11]",21395,41,18,12
7008,"[37498, 12]",45771,57,26,-1
7009,"[37498, 13]",45699,0,0,-1
7010,"[37498, 14]",44445,0,0,3
7011,"[37498, 15]",59651,2,1,-1
7012,"[37498, 16]",59650,158,64,-1
7013,"[37498, 17]",56824,158,64,-1
7014,"[37498, 18]",54156,158,64,2
7015,"[37498, 19]",49667,57,26,2
7016,"[37510, 0]",625,158,64,-1
7017,"[37510, 1]",5583,158,64,0
7018,"[37510, 2]",5582,158,64,0
7019,"[37590, 0]",299,156,64,-1
7020,"[37621, 0]",2945,156,64,0
7021,"[37706, 0]",814,0,0,0
7022,"[37706, 1]",813,0,0,0
7023,"[37706, 2]",1302,158,64,0
7024,"[37706, 3]",1299,0,0,0
7025,"[37706, 4]",2061,158,64,1
7026,"[37780, 0]",1621,0,0,0
7027,"[37780, 1]",1620,0,0,0
7028,"[37780, 2]",2007,64,29,0
7029,"[37780, 3]",2004,57,26,13
7030,"[37799, 152]",10687,158,64,-1
7031,"[37799, 153]",10685,158,64,-1
7032,"[37918, 1]",7450,57,26,0
7033,"[37918, 2]",7447,2,1,0
7034,"[37956, 0]",32640,158,64,-1
7035,"[37956, 1]",115457,158,64,8
7036,"[37956, 2]",114107,158,64,-1
7037,"[37956, 3]",110488,158,64,-1
7038,"[37956, 4]",109136,2,1,-1
7039,"[37956, 5]",99466,0,0,-1
7040,"[37956, 6]",99464,0,0,-1
7041,"[37956, 7]",85580,158,64,-1
7042,"[37956, 8]",120135,0,0,-1
7043,"[37956, 9]",120130,158,64,-1
7044,"[37956, 10]",120128,158,64,-1
7045,"[37956, 11]",145560,0,0,-1
7046,"[37956, 12]",145559,0,0,-1
7047,"[37956, 13]",177897,0,0,-1
7048,"[37956, 14]",177892,158,64,-1
7049,"[37956, 15]",205185,158,64,-1
7050,"[37962, 0]",15969,2,1,-1
7051,"[38007, 0]",6348,2,1,-1
7052,"[38087, 0]",3972,158,64,-1
7053,"[38148, 0]",14,158,64,-1
7054,"[38148, 1]",13,2,1,-1
7055,"[38165, 17]",4206,158,64,-1
7056,"[38167, 229]",42212,158,64,-1
7057,"[38214, 0]",2266,158,64,5
7058,"[38214, 6]",9486,158,64,-1
7059,"[38429, 0]",3244,2,1,-1
7060,"[38461, 0]",18,158,64,-1
7061,"[38461, 1]",15,0,0,-1
7062,"[38461, 2]",162,0,0,-1
7063,"[38461, 3]",157,156,64,-1
7064,"[38461, 4]",155,158,64,-1
7065,"[38461, 5]",149,0,0,-1
7066,"[38461, 6]",808,0,0,-1
7067,"[38461, 7]",807,0,0,-1
7068,"[38461, 8]",771,158,64,-1
7069,"[38461, 9]",770,0,0,-1
7070,"[38461, 10]",1758,158,64,-1
7071,"[38461, 11]",1756,156,64,-1
7072,"[38461, 12]",1721,57,26,-1
7073,"[38461, 13]",1718,158,64,-1
7074,"[38461, 14]",1717,0,0,-1
7075,"[38461, 15]",1613,156,64,-1
7076,"[38461, 16]",1610,0,0,-1
7077,"[38461, 17]",1609,0,0,-1
7078,"[38461, 18]",1604,0,0,-1
7079,"[38461, 19]",3109,0,0,-1
7080,"[38461, 20]",3044,0,0,-1
7081,"[38471, 0]",7149,158,64,0
7082,"[38471, 1]",7147,0,0,0
7083,"[38471, 2]",9769,158,64,17
7084,"[38472, 0]",10520,0,0,-1
7085,"[38472, 1]",15081,158,64,-1
7086,"[38602, 0]",633,156,64,0
7087,"[38602, 1]",632,158,64,0
7088,"[38615, 0]",1291,158,64,0
7089,"[38615, 1]",1290,0,0,0
7090,"[38615, 2]",2324,156,64,0
7091,"[38718, 0]",1603,158,64,-1
7092,"[38718, 1]",1602,156,64,-1
7093,"[38722, 0]",4279,2,1,-1
7094,"[38722, 1]",4278,158,64,-1
7095,"[38800, 3]",290,158,64,-1
7096,"[38800, 4]",288,156,64,-1
7097,"[38800, 5]",287,158,64,-1
7098,"[38800, 6]",1271,158,64,-1
7099,"[38811, 0]",11291,0,0,0
7100,"[38811, 1]",11290,0,0,0
7101,"[38811, 2]",11136,41,18,0
7102,"[38811, 3]",11134,0,0,0
7103,"[38811, 4]",11133,0,0,0
7104,"[38811, 5]",12901,41,18,0
7105,"[38811, 6]",12897,0,0,0
7106,"[38811, 7]",12827,41,18,0
7107,"[38811, 8]",12824,156,64,0
7108,"[38811, 9]",18945,41,18,0
7109,"[38811, 10]",17976,41,18,0
7110,"[38811, 11]",17975,158,64,0
7111,"[38840, 0]",961,0,0,-1
7112,"[38840, 1]",2903,158,64,1
7113,"[38850, 0]",2252,59,28,0
7114,"[38850, 1]",2250,0,0,0
7115,"[38850, 2]",4468,0,0,0
7116,"[38850, 4]",6279,41,18,0
7117,"[38850, 5]",6278,158,64,0
7118,"[38913, 4]",107,0,0,-1
7119,"[38913, 5]",1462,0,0,-1
7120,"[38936, 0]",1066,41,20,-1
7121,"[38979, 0]",1512,156,64,0
7122,"[38979, 1]",1510,0,0,0
7123,"[38979, 2]",3980,55,26,0
7124,"[38979, 3]",10460,41,18,0
7125,"[38979, 4]",10459,158,64,0
7126,"[39063, 0]",1542,158,64,-1
7127,"[39159, 0]",13,0,0,-1
7128,"[39159, 1]",12,0,0,-1
7129,"[39159, 2]",140,0,0,-1
7130,"[39159, 3]",135,0,0,-1
7131,"[39159, 4]",459,158,64,-1
7132,"[39159, 5]",432,158,64,-1
7133,"[39159, 6]",429,0,0,-1
7134,"[39159, 7]",1259,2,1,-1
7135,"[39159, 8]",1258,158,64,-1
7136,"[39184, 0]",2697,158,64,-1
7137,"[39236, 0]",28,57,26,0
7138,"[39236, 1]",168,0,0,0
7139,"[39236, 2]",166,0,0,0
7140,"[39236, 3]",163,0,0,0
7141,"[39236, 4]",1595,0,0,0
7142,"[39236, 5]",1594,0,0,0
7143,"[39236, 6]",1593,0,0,0
7144,"[39236, 7]",1554,0,0,0
7145,"[39236, 8]",1553,0,0,0
7146,"[39236, 9]",1552,0,0,0
7147,"[39236, 10]",1551,0,0,0
7148,"[39236, 11]",1550,0,0,0
7149,"[39236, 12]",1546,0,0,0
7150,"[39236, 13]",1545,158,64,0
7151,"[39236, 14]",1534,0,0,0
7152,"[39236, 15]",1533,0,0,0
7153,"[39236, 16]",1528,158,64,0
7154,"[39236, 17]",2614,37,18,0
7155,"[39236, 18]",2611,0,0,0
7156,"[39236, 19]",2541,0,0,0
7157,"[39236, 20]",2529,158,64,0
7158,"[39236, 21]",2528,0,0,0
7159,"[39236, 22]",2527,0,0,0
7160,"[39236, 23]",2526,0,0,0
7161,"[39236, 24]",2525,0,0,0
7162,"[39236, 25]",2518,158,64,-1
7163,"[39236, 26]",2515,158,64,-1
7164,"[39236, 27]",2513,0,0,-1
7165,"[39236, 28]",2510,158,64,0
7166,"[39236, 29]",2508,156,64,0
7167,"[39236, 30]",2505,0,0,0
7168,"[39236, 31]",2501,158,64,0
7169,"[39236, 32]",2500,41,18,0
7170,"[39236, 33]",2491,0,0,0
7171,"[39236, 34]",2482,0,0,0
7172,"[39236, 35]",2457,0,0,0
7173,"[39236, 36]",2455,0,0,0
7174,"[39236, 37]",2454,0,0,0
7175,"[39236, 38]",2453,0,0,0
7176,"[39236, 39]",2452,0,0,0
7177,"[39236, 40]",2447,0,0,0
7178,"[39236, 41]",5722,64,29,0
7179,"[39236, 42]",5721,0,0,0
7180,"[39236, 43]",5719,0,0,0
7181,"[39236, 44]",5696,156,64,-1
7182,"[39236, 45]",5692,158,64,-1
7183,"[39236, 46]",5691,158,64,-1
7184,"[39236, 47]",5687,0,0,0
7185,"[39236, 48]",5678,57,26,0
7186,"[39236, 49]",5672,2,1,0
7187,"[39236, 50]",5669,158,64,0
7188,"[39236, 51]",5660,156,64,0
7189,"[39236, 52]",5597,158,64,3
7190,"[39236, 53]",5500,0,0,0
7191,"[39236, 56]",5395,0,0,0
7192,"[39236, 57]",5388,2,1,0
7193,"[39236, 58]",5384,158,64,0
7194,"[39236, 59]",5381,0,0,-1
7195,"[39236, 60]",5354,2,1,-1
7196,"[39236, 61]",5321,41,18,0
7197,"[39236, 62]",7308,158,64,5
7198,"[39236, 63]",7217,0,0,0
7199,"[39236, 66]",7012,158,64,0
7200,"[39236, 67]",6743,158,64,0
7201,"[39236, 68]",6685,0,0,0
7202,"[39236, 69]",6682,0,0,0
7203,"[39236, 70]",6662,158,64,0
7204,"[39236, 71]",15546,54,24,-1
7205,"[39236, 72]",15188,158,64,5
7206,"[39271, 0]",16,0,0,-1
7207,"[39271, 10]",141,158,64,-1
7208,"[39271, 11]",138,0,0,-1
7209,"[39271, 12]",543,158,64,-1
7210,"[39271, 13]",541,0,0,-1
7211,"[39271, 21]",1517,0,0,1
7212,"[39271, 22]",2246,158,64,3
7213,"[39271, 23]",2245,57,26,3
7214,"[39271, 24]",2241,0,0,3
7215,"[39271, 25]",2622,0,0,0
7216,"[39271, 26]",2619,0,0,0
7217,"[39271, 27]",2618,0,0,0
7218,"[39271, 28]",2891,57,26,0
7219,"[39271, 29]",2889,0,0,0
7220,"[39271, 30]",2888,0,0,0
7221,"[39271, 31]",2887,0,0,0
7222,"[39271, 32]",2878,55,26,0
7223,"[39271, 33]",2860,158,64,0
7224,"[39271, 34]",2995,0,0,0
7225,"[39271, 35]",2990,156,64,0
7226,"[39271, 36]",2988,41,18,0
7227,"[39271, 37]",2987,0,0,0
7228,"[39271, 38]",2983,158,64,0
7229,"[39271, 39]",3363,2,1,0
7230,"[39271, 40]",3319,158,64,0
7231,"[39271, 41]",3317,0,0,0
7232,"[39271, 42]",3316,0,0,0
7233,"[39271, 43]",3705,2,1,0
7234,"[39271, 44]",3700,57,26,0
7235,"[39344, 0]",8519,0,0,-1
7236,"[39344, 1]",6809,158,64,6
7237,"[39344, 2]",6808,0,0,-1
7238,"[39344, 3]",13606,0,0,3
7239,"[39344, 4]",13116,156,64,-1
7240,"[39344, 5]",16485,158,64,-1
7241,"[39344, 6]",38317,156,64,-1
7242,"[39344, 7]",34335,55,26,2
7243,"[39371, 0]",17,158,64,-1
7244,"[39371, 1]",251,2,1,-1
7245,"[39371, 2]",250,0,0,-1
7246,"[39371, 3]",931,156,64,-1
7247,"[39371, 4]",3202,158,64,-1
7248,"[39371, 5]",4041,0,0,-1
7249,"[39371, 6]",9828,0,0,-1
7250,"[39371, 7]",9825,0,0,-1
7251,"[39371, 8]",9824,0,0,-1
7252,"[39371, 9]",10133,158,64,-1
7253,"[39371, 10]",10129,158,64,-1
7254,"[39371, 11]",10123,0,0,-1
7255,"[39371, 12]",15551,158,64,-1
7256,"[39422, 0]",3853,0,0,0
7257,"[39422, 1]",5104,156,64,0
7258,"[39428, 0]",10790,2,1,0
7259,"[39428, 1]",10789,0,0,0
7260,"[39428, 2]",10642,158,64,0
7261,"[39428, 3]",12368,0,0,0
7262,"[39428, 4]",12961,0,0,0
7263,"[39428, 5]",13600,158,64,0
7264,"[39440, 0]",7407,158,64,-1
7265,"[39453, 59]",3261,158,64,-1
7266,"[39453, 153]",8412,0,0,-1
7267,"[39453, 154]",8411,0,0,-1
7268,"[39453, 161]",8380,158,64,-1
7269,"[39453, 168]",18344,158,64,-1
7270,"[39453, 169]",18338,0,0,-1
7271,"[39459, 0]",1329,41,18,0
7272,"[39459, 1]",1326,0,0,0
7273,"[39459, 2]",1714,158,64,0
7274,"[39511, 0]",46,156,64,-1
7275,"[39511, 1]",45,158,64,-1
7276,"[39511, 2]",41,0,0,-1
7277,"[39511, 3]",28,0,0,-1
7278,"[39511, 4]",685,0,0,-1
7279,"[39511, 5]",653,0,0,-1
7280,"[39511, 6]",647,158,64,-1
7281,"[39511, 7]",644,0,0,-1
7282,"[39511, 8]",630,2,1,-1
7283,"[39511, 9]",615,0,0,-1
7284,"[39511, 10]",607,156,64,-1
7285,"[39511, 11]",596,0,0,-1
7286,"[39511, 12]",575,0,0,-1
7287,"[39511, 13]",560,0,0,-1
7288,"[39511, 14]",549,158,64,-1
7289,"[39511, 15]",547,158,64,-1
7290,"[39511, 16]",545,2,1,-1
7291,"[39511, 17]",544,0,0,-1
7292,"[39511, 18]",542,158,64,-1
7293,"[39511, 19]",541,0,0,-1
7294,"[39511, 20]",537,2,1,-1
7295,"[39511, 21]",517,0,0,-1
7296,"[39511, 22]",512,2,1,-1
7297,"[39511, 23]",501,0,0,-1
7298,"[39511, 24]",491,0,0,-1
7299,"[39511, 25]",487,0,0,-1
7300,"[39511, 26]",477,0,0,-1
7301,"[39511, 27]",473,0,0,-1
7302,"[39511, 28]",462,158,64,-1
7303,"[39511, 29]",457,0,0,-1
7304,"[39511, 30]",456,0,0,-1
7305,"[39511, 31]",3134,0,0,-1
7306,"[39511, 32]",3132,2,1,-1
7307,"[39511, 33]",3131,0,0,-1
7308,"[39511, 34]",3124,158,64,-1
7309,"[39511, 35]",3120,156,64,-1
7310,"[39511, 36]",3119,0,0,-1
7311,"[39511, 37]",3110,0,0,-1
7312,"[39511, 38]",3109,0,0,-1
7313,"[39511, 39]",3107,0,0,-1
7314,"[39511, 40]",3053,0,0,-1
7315,"[39511, 41]",3044,158,64,-1
7316,"[39511, 42]",3037,0,0,-1
7317,"[39511, 43]",3022,0,0,-1
7318,"[39511, 44]",3021,0,0,-1
7319,"[39511, 45]",3019,158,64,-1
7320,"[39511, 46]",3011,158,64,-1
7321,"[39511, 47]",3010,0,0,-1
7322,"[39511, 48]",2989,0,0,-1
7323,"[39511, 49]",2943,158,64,-1
7324,"[39511, 50]",2810,0,0,-1
7325,"[39511, 51]",2774,158,64,-1
7326,"[39511, 52]",2773,158,64,-1
7327,"[39511, 53]",2770,0,0,-1
7328,"[39511, 54]",2714,0,0,-1
7329,"[39511, 55]",2705,0,0,-1
7330,"[39511, 56]",2693,0,0,-1
7331,"[39511, 57]",2683,158,64,-1
7332,"[39511, 58]",2682,158,64,-1
7333,"[39511, 59]",2670,0,0,-1
7334,"[39511, 60]",2660,156,64,-1
7335,"[39511, 61]",2649,2,1,-1
7336,"[39511, 62]",2637,0,0,-1
7337,"[39511, 63]",2632,0,0,-1
7338,"[39511, 64]",2631,0,0,-1
7339,"[39511, 65]",2605,156,64,-1
7340,"[39511, 66]",2604,0,0,-1
7341,"[39511, 67]",2603,0,0,-1
7342,"[39511, 68]",2602,0,0,-1
7343,"[39511, 69]",2595,0,0,-1
7344,"[39511, 70]",2583,158,64,-1
7345,"[39511, 71]",2571,0,0,-1
7346,"[39511, 72]",2562,0,0,-1
7347,"[39511, 73]",2553,158,64,-1
7348,"[39511, 74]",2552,158,64,-1
7349,"[39511, 75]",2540,156,64,-1
7350,"[39511, 76]",2539,2,1,-1
7351,"[39511, 77]",2528,158,64,-1
7352,"[39511, 78]",2526,0,0,-1
7353,"[39511, 79]",2525,0,0,-1
7354,"[39511, 80]",2516,158,64,-1
7355,"[39511, 81]",2515,158,64,-1
7356,"[39511, 82]",2511,158,64,-1
7357,"[39511, 83]",2509,0,0,-1
7358,"[39511, 84]",2502,158,64,-1
7359,"[39511, 85]",2501,158,64,-1
7360,"[39511, 86]",2500,158,64,-1
7361,"[39511, 87]",2497,0,0,-1
7362,"[39511, 88]",2491,0,0,-1
7363,"[39511, 89]",2487,2,1,-1
7364,"[39511, 90]",2484,0,0,-1
7365,"[39511, 91]",2482,0,0,-1
7366,"[39511, 92]",2480,0,0,-1
7367,"[39511, 93]",2470,158,64,-1
7368,"[39511, 94]",2456,158,64,-1
7369,"[39511, 95]",2453,0,0,-1
7370,"[39511, 96]",2452,158,64,-1
7371,"[39511, 97]",2451,2,1,-1
7372,"[39511, 98]",2450,0,0,-1
7373,"[39511, 99]",2448,0,0,-1
7374,"[39511, 100]",2445,2,1,-1
7375,"[39511, 101]",2444,0,0,-1
7376,"[39511, 102]",2435,0,0,-1
7377,"[39511, 103]",2405,158,64,-1
7378,"[39511, 104]",2397,156,64,-1
7379,"[39511, 105]",2396,0,0,-1
7380,"[39511, 106]",2394,0,0,-1
7381,"[39511, 107]",2377,0,0,-1
7382,"[39511, 108]",2370,0,0,-1
7383,"[39511, 109]",2354,156,64,-1
7384,"[39511, 110]",2336,158,64,-1
7385,"[39511, 111]",2334,2,1,-1
7386,"[39511, 112]",2327,158,64,-1
7387,"[39511, 113]",2291,2,1,-1
7388,"[39511, 114]",2290,158,64,-1
7389,"[39511, 115]",2289,158,64,-1
7390,"[39511, 116]",2286,0,0,-1
7391,"[39511, 117]",2285,158,64,-1
7392,"[39511, 118]",2283,0,0,-1
7393,"[39511, 119]",2278,0,0,-1
7394,"[39511, 120]",2277,0,0,-1
7395,"[39511, 121]",2269,0,0,-1
7396,"[39511, 122]",2264,0,0,-1
7397,"[39511, 123]",2262,158,64,-1
7398,"[39511, 124]",2257,0,0,-1
7399,"[39511, 125]",2243,0,0,-1
7400,"[39511, 126]",2242,2,1,-1
7401,"[39511, 127]",2238,158,64,-1
7402,"[39511, 128]",2168,158,64,-1
7403,"[39511, 129]",2166,0,0,-1
7404,"[39511, 130]",2155,0,0,-1
7405,"[39511, 131]",2154,156,64,-1
7406,"[39511, 132]",2153,0,0,-1
7407,"[39511, 133]",2144,158,64,-1
7408,"[39511, 134]",2132,0,0,-1
7409,"[39511, 135]",2131,0,0,-1
7410,"[39511, 136]",2127,156,64,-1
7411,"[39511, 137]",2124,158,64,-1
7412,"[39511, 138]",2123,156,64,-1
7413,"[39511, 139]",1994,158,64,-1
7414,"[39511, 140]",1992,158,64,-1
7415,"[39511, 141]",1991,158,64,-1
7416,"[39511, 142]",1988,0,0,-1
7417,"[39511, 143]",1987,0,0,-1
7418,"[39511, 144]",1979,2,1,-1
7419,"[39511, 145]",1978,158,64,-1
7420,"[39511, 146]",1966,156,64,-1
7421,"[39511, 147]",1962,0,0,-1
7422,"[39511, 148]",1957,156,64,-1
7423,"[39511, 149]",1949,0,0,-1
7424,"[39511, 150]",1937,0,0,-1
7425,"[39511, 151]",1932,158,64,-1
7426,"[39511, 152]",11543,0,0,-1
7427,"[39511, 153]",11494,158,64,-1
7428,"[39511, 154]",11429,158,64,-1
7429,"[39511, 155]",11427,158,64,-1
7430,"[39511, 156]",11368,156,64,-1
7431,"[39511, 157]",11367,158,64,-1
7432,"[39511, 158]",11366,2,1,-1
7433,"[39511, 159]",11327,0,0,-1
7434,"[39511, 160]",11322,0,0,-1
7435,"[39511, 161]",11278,0,0,-1
7436,"[39511, 162]",11198,156,64,-1
7437,"[39511, 163]",11197,158,64,-1
7438,"[39511, 164]",11196,158,64,-1
7439,"[39511, 165]",10967,0,0,-1
7440,"[39511, 166]",10961,156,64,-1
7441,"[39511, 167]",10960,0,0,-1
7442,"[39511, 168]",10959,0,0,-1
7443,"[39511, 169]",10829,156,64,-1
7444,"[39511, 170]",10827,0,0,-1
7445,"[39511, 171]",10771,158,64,-1
7446,"[39511, 172]",10595,0,0,-1
7447,"[39511, 173]",10587,0,0,-1
7448,"[39511, 175]",10539,158,64,-1
7449,"[39511, 176]",10538,0,0,-1
7450,"[39511, 177]",10537,0,0,-1
7451,"[39511, 178]",10531,156,64,-1
7452,"[39511, 179]",10530,158,64,-1
7453,"[39511, 180]",10527,0,0,-1
7454,"[39511, 181]",10525,0,0,-1
7455,"[39511, 182]",10507,0,0,-1
7456,"[39511, 183]",10496,0,0,-1
7457,"[39511, 184]",10495,0,0,-1
7458,"[39511, 187]",10478,0,0,-1
7459,"[39511, 188]",10467,156,64,-1
7460,"[39511, 189]",9971,158,64,-1
7461,"[39511, 190]",9922,0,0,-1
7462,"[39511, 191]",9916,0,0,-1
7463,"[39511, 192]",9856,158,64,-1
7464,"[39511, 193]",9851,158,64,-1
7465,"[39511, 194]",9850,0,0,-1
7466,"[39511, 195]",9767,0,0,-1
7467,"[39511, 196]",9760,0,0,-1
7468,"[39511, 197]",9750,0,0,-1
7469,"[39511, 198]",9749,0,0,-1
7470,"[39511, 199]",9726,158,64,-1
7471,"[39511, 200]",9724,0,0,-1
7472,"[39511, 201]",9674,158,64,-1
7473,"[39511, 202]",9671,0,0,-1
7474,"[39511, 203]",9669,0,0,-1
7475,"[39511, 204]",9663,0,0,-1
7476,"[39511, 205]",9616,158,64,-1
7477,"[39511, 206]",9614,0,0,-1
7478,"[39511, 207]",9598,0,0,-1
7479,"[39511, 208]",9588,158,64,-1
7480,"[39511, 211]",9567,0,0,-1
7481,"[39511, 212]",9566,0,0,-1
7482,"[39511, 213]",9559,0,0,-1
7483,"[39511, 214]",9553,156,64,-1
7484,"[39511, 215]",9551,158,64,-1
7485,"[39511, 216]",9544,158,64,-1
7486,"[39511, 217]",9543,156,64,-1
7487,"[39511, 218]",9524,0,0,-1
7488,"[39511, 219]",9523,0,0,-1
7489,"[39511, 220]",9514,0,0,-1
7490,"[39511, 221]",9511,158,64,-1
7491,"[39511, 222]",9509,0,0,-1
7492,"[39511, 223]",9491,158,64,-1
7493,"[39511, 224]",9489,156,64,-1
7494,"[39511, 225]",9481,158,64,-1
7495,"[39511, 226]",9479,0,0,-1
7496,"[39511, 227]",9476,158,64,-1
7497,"[39511, 228]",9462,158,64,-1
7498,"[39511, 229]",9401,156,64,-1
7499,"[39511, 230]",9399,158,64,-1
7500,"[39511, 231]",9398,0,0,-1
7501,"[39511, 232]",9340,0,0,-1
7502,"[39511, 233]",9325,0,0,-1
7503,"[39511, 234]",9324,158,64,-1
7504,"[39511, 235]",9323,158,64,-1
7505,"[39511, 236]",9307,0,0,-1
7506,"[39511, 237]",9290,158,64,-1
7507,"[39511, 238]",9284,0,0,-1
7508,"[39511, 239]",9283,0,0,-1
7509,"[39511, 240]",9275,156,64,-1
7510,"[39511, 241]",9274,0,0,-1
7511,"[39511, 242]",9233,158,64,-1
7512,"[39511, 243]",9219,158,64,-1
7513,"[39511, 244]",9215,158,64,-1
7514,"[39511, 245]",9213,0,0,-1
7515,"[39511, 246]",9200,158,64,-1
7516,"[39511, 247]",9141,0,0,-1
7517,"[39511, 248]",9131,158,64,-1
7518,"[39511, 249]",9124,0,0,-1
7519,"[39511, 250]",9076,0,0,-1
7520,"[39511, 251]",9035,158,64,-1
7521,"[39511, 252]",9033,0,0,-1
7522,"[39511, 253]",9020,0,0,-1
7523,"[39511, 254]",8983,158,64,-1
7524,"[39511, 255]",8981,0,0,-1
7525,"[39511, 256]",8974,158,64,-1
7526,"[39511, 257]",8970,0,0,-1
7527,"[39511, 258]",8915,158,64,-1
7528,"[39511, 259]",8795,2,1,-1
7529,"[39511, 260]",8794,158,64,-1
7530,"[39511, 261]",8782,156,64,-1
7531,"[39511, 262]",8775,0,0,-1
7532,"[39511, 263]",8768,0,0,-1
7533,"[39511, 264]",8767,158,64,-1
7534,"[39511, 265]",8746,0,0,-1
7535,"[39511, 266]",8737,0,0,-1
7536,"[39511, 267]",8694,2,1,-1
7537,"[39511, 268]",8692,2,1,-1
7538,"[39511, 269]",8688,158,64,-1
7539,"[39511, 270]",8676,158,64,-1
7540,"[39511, 271]",8675,158,64,-1
7541,"[39511, 272]",8673,0,0,-1
7542,"[39511, 273]",8668,2,1,-1
7543,"[39511, 274]",8662,158,64,-1
7544,"[39511, 275]",8564,158,64,-1
7545,"[39511, 276]",8557,158,64,-1
7546,"[39511, 277]",8555,158,64,-1
7547,"[39511, 278]",8549,0,0,-1
7548,"[39511, 279]",8540,156,64,-1
7549,"[39511, 280]",8535,158,64,-1
7550,"[39511, 281]",8533,0,0,-1
7551,"[39511, 282]",8280,0,0,-1
7552,"[39511, 283]",8277,158,64,-1
7553,"[39511, 284]",8276,2,1,-1
7554,"[39511, 285]",8270,158,64,-1
7555,"[39511, 286]",8269,158,64,-1
7556,"[39511, 287]",8266,158,64,-1
7557,"[39511, 288]",8210,0,0,-1
7558,"[39511, 289]",8208,0,0,-1
7559,"[39511, 290]",8201,0,0,-1
7560,"[39511, 291]",8114,158,64,-1
7561,"[39511, 292]",8111,2,1,-1
7562,"[39511, 293]",8110,0,0,-1
7563,"[39511, 294]",8103,2,1,-1
7564,"[39511, 295]",8101,0,0,-1
7565,"[39511, 296]",8100,0,0,-1
7566,"[39511, 297]",8099,0,0,-1
7567,"[39511, 298]",8095,0,0,-1
7568,"[39511, 299]",8094,0,0,-1
7569,"[39511, 300]",8045,158,64,-1
7570,"[39511, 301]",8044,158,64,-1
7571,"[39511, 302]",8041,0,0,-1
7572,"[39511, 303]",8040,156,64,-1
7573,"[39511, 304]",8022,0,0,-1
7574,"[39511, 305]",7947,0,0,-1
7575,"[39511, 306]",7946,0,0,-1
7576,"[39511, 307]",7924,158,64,-1
7577,"[39511, 308]",7921,2,1,-1
7578,"[39511, 309]",7919,0,0,-1
7579,"[39511, 310]",7835,158,64,-1
7580,"[39511, 311]",7819,158,64,-1
7581,"[39511, 312]",7818,0,0,-1
7582,"[39511, 313]",7783,0,0,-1
7583,"[39511, 314]",7782,0,0,-1
7584,"[39511, 315]",7743,158,64,-1
7585,"[39511, 316]",7741,2,1,-1
7586,"[39511, 317]",7635,158,64,-1
7587,"[39511, 318]",7633,0,0,-1
7588,"[39511, 319]",7584,158,64,-1
7589,"[39511, 320]",7581,158,64,-1
7590,"[39511, 321]",7579,0,0,-1
7591,"[39511, 322]",7574,156,64,-1
7592,"[39511, 323]",7571,0,0,-1
7593,"[39511, 324]",7516,0,0,-1
7594,"[39511, 325]",7455,158,64,-1
7595,"[39511, 326]",7453,0,0,-1
7596,"[39511, 327]",7452,0,0,-1
7597,"[39511, 328]",7356,2,1,-1
7598,"[39511, 329]",7277,0,0,-1
7599,"[39511, 330]",7229,158,64,-1
7600,"[39511, 331]",7227,156,64,-1
7601,"[39511, 332]",7156,0,0,-1
7602,"[39511, 333]",7150,158,64,-1
7603,"[39511, 334]",7135,158,64,-1
7604,"[39511, 335]",7134,2,1,-1
7605,"[39511, 336]",7132,0,0,-1
7606,"[39511, 337]",7126,0,0,-1
7607,"[39511, 338]",27199,0,0,-1
7608,"[39511, 339]",27194,2,1,-1
7609,"[39511, 340]",27193,0,0,-1
7610,"[39511, 341]",27086,0,0,-1
7611,"[39511, 342]",27085,0,0,-1
7612,"[39511, 343]",26898,158,64,-1
7613,"[39511, 344]",26896,0,0,-1
7614,"[39511, 345]",26601,158,64,-1
7615,"[39511, 346]",26600,158,64,-1
7616,"[39511, 347]",26595,158,64,6
7617,"[39511, 348]",26515,158,64,-1
7618,"[39511, 349]",26512,0,0,-1
7619,"[39511, 350]",26468,158,64,-1
7620,"[39511, 351]",26422,156,64,-1
7621,"[39511, 352]",26419,158,64,-1
7622,"[39511, 353]",26228,156,64,-1
7623,"[39511, 354]",25722,156,64,-1
7624,"[39511, 355]",25721,0,0,-1
7625,"[39511, 356]",25717,0,0,-1
7626,"[39511, 357]",25494,158,64,-1
7627,"[39511, 358]",25360,158,64,-1
7628,"[39511, 359]",25359,158,64,-1
7629,"[39511, 360]",25353,158,64,-1
7630,"[39511, 361]",25234,0,0,-1
7631,"[39511, 362]",25233,0,0,-1
7632,"[39511, 363]",25194,158,64,-1
7633,"[39511, 364]",25142,156,64,-1
7634,"[39511, 365]",25140,0,0,-1
7635,"[39511, 366]",25130,158,64,-1
7636,"[39511, 367]",25129,0,0,-1
7637,"[39511, 368]",25126,158,64,-1
7638,"[39511, 369]",25123,156,64,-1
7639,"[39511, 370]",25084,158,64,-1
7640,"[39511, 371]",25030,158,64,-1
7641,"[39511, 372]",25029,158,64,-1
7642,"[39511, 373]",25026,158,64,-1
7643,"[39511, 374]",24884,0,0,-1
7644,"[39511, 375]",24874,158,64,-1
7645,"[39511, 376]",24871,0,0,-1
7646,"[39511, 377]",24870,0,0,-1
7647,"[39511, 378]",24869,0,0,-1
7648,"[39511, 379]",24864,158,64,0
7649,"[39511, 380]",24862,0,0,0
7650,"[39511, 381]",24860,0,0,0
7651,"[39511, 382]",24858,158,64,0
7652,"[39511, 383]",24854,0,0,0
7653,"[39511, 384]",24846,158,64,-1
7654,"[39511, 385]",24773,0,0,-1
7655,"[39511, 386]",24766,158,64,-1
7656,"[39511, 387]",24585,158,64,-1
7657,"[39511, 388]",24582,0,0,-1
7658,"[39511, 389]",24573,158,64,-1
7659,"[39511, 390]",24572,0,0,-1
7660,"[39511, 391]",24571,156,64,-1
7661,"[39511, 392]",24569,0,0,-1
7662,"[39511, 393]",24531,2,1,-1
7663,"[39511, 394]",24529,0,0,-1
7664,"[39511, 395]",24528,0,0,-1
7665,"[39511, 396]",23999,158,64,-1
7666,"[39511, 397]",23940,0,0,-1
7667,"[39511, 398]",23937,0,0,3
7668,"[39511, 399]",23921,2,1,-1
7669,"[39511, 400]",23914,0,0,-1
7670,"[39511, 401]",23907,158,64,-1
7671,"[39511, 402]",23906,158,64,-1
7672,"[39511, 403]",23829,158,64,-1
7673,"[39511, 404]",23795,158,64,-1
7674,"[39511, 405]",23792,0,0,-1
7675,"[39511, 406]",23791,158,64,-1
7676,"[39511, 407]",23779,158,64,-1
7677,"[39511, 408]",23735,0,0,-1
7678,"[39511, 409]",23387,158,64,-1
7679,"[39511, 410]",23386,158,64,-1
7680,"[39511, 411]",23377,2,1,-1
7681,"[39511, 412]",23375,156,64,-1
7682,"[39511, 413]",23368,0,0,-1
7683,"[39511, 414]",23367,0,0,-1
7684,"[39511, 415]",23248,0,0,-1
7685,"[39511, 416]",23247,0,0,-1
7686,"[39511, 417]",23227,158,64,-1
7687,"[39511, 418]",23225,158,64,-1
7688,"[39511, 419]",23219,0,0,-1
7689,"[39511, 420]",23209,158,64,-1
7690,"[39511, 421]",22852,158,64,-1
7691,"[39511, 422]",22844,0,0,-1
7692,"[39511, 423]",22826,0,0,-1
7693,"[39511, 424]",22690,0,0,-1
7694,"[39511, 425]",22102,156,64,-1
7695,"[39511, 426]",22101,156,64,-1
7696,"[39511, 427]",22068,0,0,-1
7697,"[39511, 428]",21801,158,64,-1
7698,"[39511, 429]",21798,158,64,-1
7699,"[39511, 430]",21740,0,0,-1
7700,"[39511, 431]",21736,0,0,-1
7701,"[39511, 432]",21687,0,0,-1
7702,"[39511, 433]",21686,158,64,-1
7703,"[39511, 434]",21582,158,64,-1
7704,"[39511, 435]",21544,0,0,-1
7705,"[39511, 436]",21439,0,0,-1
7706,"[39511, 437]",21377,158,64,-1
7707,"[39511, 438]",21331,0,0,-1
7708,"[39511, 439]",21325,0,0,-1
7709,"[39511, 440]",21241,158,64,-1
7710,"[39511, 441]",20920,2,1,-1
7711,"[39511, 442]",20812,158,64,-1
7712,"[39511, 443]",20802,158,64,-1
7713,"[39511, 444]",20760,158,64,-1
7714,"[39511, 449]",20590,158,64,-1
7715,"[39511, 450]",20588,158,64,-1
7716,"[39511, 451]",20557,0,0,-1
7717,"[39511, 452]",20555,0,0,-1
7718,"[39511, 454]",20507,158,64,-1
7719,"[39511, 455]",20392,0,0,-1
7720,"[39511, 456]",20391,0,0,-1
7721,"[39511, 457]",20390,158,64,-1
7722,"[39511, 458]",20385,158,64,-1
7723,"[39511, 459]",20265,158,64,-1
7724,"[39511, 460]",20263,0,0,-1
7725,"[39511, 466]",20171,158,64,-1
7726,"[39511, 467]",20169,0,0,-1
7727,"[39511, 468]",20140,158,64,-1
7728,"[39511, 469]",20138,2,1,-1
7729,"[39511, 470]",20137,0,0,-1
7730,"[39511, 471]",20128,158,64,-1
7731,"[39511, 472]",19998,156,64,-1
7732,"[39511, 473]",19943,0,0,-1
7733,"[39511, 474]",19892,0,0,-1
7734,"[39511, 475]",19888,158,64,-1
7735,"[39511, 476]",19826,0,0,-1
7736,"[39511, 477]",19789,0,0,-1
7737,"[39511, 478]",19788,0,0,-1
7738,"[39511, 479]",19527,156,64,-1
7739,"[39511, 480]",19526,158,64,-1
7740,"[39511, 481]",19422,0,0,-1
7741,"[39511, 482]",19376,158,64,-1
7742,"[39511, 483]",19373,158,64,-1
7743,"[39511, 484]",19371,0,0,-1
7744,"[39511, 485]",19364,0,0,-1
7745,"[39511, 486]",19359,158,64,-1
7746,"[39511, 487]",19357,158,64,-1
7747,"[39511, 488]",19296,158,64,-1
7748,"[39511, 489]",19293,0,0,-1
7749,"[39511, 490]",19292,0,0,-1
7750,"[39511, 491]",19291,158,64,-1
7751,"[39511, 492]",16596,158,64,-1
7752,"[39511, 494]",16507,158,64,-1
7753,"[39511, 495]",16506,158,64,-1
7754,"[39511, 496]",16502,2,1,-1
7755,"[39511, 497]",16500,158,64,-1
7756,"[39511, 498]",16449,0,0,-1
7757,"[39511, 499]",16386,0,0,-1
7758,"[39511, 500]",16380,158,64,-1
7759,"[39511, 501]",16378,158,64,-1
7760,"[39511, 502]",16341,0,0,-1
7761,"[39511, 503]",16340,0,0,-1
7762,"[39511, 504]",16272,0,0,-1
7763,"[39511, 505]",16265,156,64,-1
7764,"[39511, 506]",16238,158,64,-1
7765,"[39511, 507]",16235,158,64,-1
7766,"[39511, 508]",16234,0,0,-1
7767,"[39511, 509]",16231,156,64,-1
7768,"[39511, 511]",16175,156,64,-1
7769,"[39511, 512]",16173,0,0,-1
7770,"[39511, 513]",16158,0,0,-1
7771,"[39511, 514]",16055,0,0,-1
7772,"[39511, 515]",15760,158,64,-1
7773,"[39511, 516]",15615,158,64,-1
7774,"[39511, 517]",15606,0,0,-1
7775,"[39511, 518]",15600,0,0,-1
7776,"[39511, 519]",15599,0,0,-1
7777,"[39511, 520]",15555,0,0,-1
7778,"[39511, 521]",15554,0,0,-1
7779,"[39511, 522]",15552,0,0,-1
7780,"[39511, 523]",14952,0,0,-1
7781,"[39511, 524]",14670,158,64,-1
7782,"[39511, 525]",14669,158,64,-1
7783,"[39511, 526]",14666,0,0,-1
7784,"[39511, 528]",14197,158,64,-1
7785,"[39511, 529]",14195,0,0,-1
7786,"[39511, 530]",61512,158,64,-1
7787,"[39511, 531]",59860,0,0,-1
7788,"[39511, 532]",59857,158,64,-1
7789,"[39511, 533]",59856,158,64,-1
7790,"[39511, 537]",58441,2,1,-1
7791,"[39511, 538]",58438,0,0,-1
7792,"[39511, 539]",58408,0,0,-1
7793,"[39511, 540]",57448,2,1,-1
7794,"[39511, 541]",57444,0,0,-1
7795,"[39511, 542]",57442,0,0,-1
7796,"[39511, 543]",57323,0,0,-1
7797,"[39511, 544]",57316,2,1,-1
7798,"[39511, 545]",57260,156,64,-1
7799,"[39511, 546]",57258,158,64,-1
7800,"[39511, 547]",57210,156,64,-1
7801,"[39511, 548]",57207,158,64,-1
7802,"[39511, 549]",57204,158,64,-1
7803,"[39511, 550]",55967,158,64,-1
7804,"[39511, 551]",55942,0,0,-1
7805,"[39511, 552]",55883,158,64,-1
7806,"[39511, 553]",55748,158,64,-1
7807,"[39511, 554]",55630,0,0,-1
7808,"[39511, 555]",55606,0,0,-1
7809,"[39511, 556]",55603,156,64,-1
7810,"[39511, 557]",55441,0,0,-1
7811,"[39511, 558]",55440,0,0,-1
7812,"[39511, 559]",55417,0,0,-1
7813,"[39511, 560]",53438,0,0,-1
7814,"[39511, 561]",53367,158,64,-1
7815,"[39511, 562]",53350,0,0,-1
7816,"[39511, 563]",53280,0,0,-1
7817,"[39511, 564]",50841,158,64,-1
7818,"[39511, 565]",50839,158,64,-1
7819,"[39511, 566]",50833,2,1,-1
7820,"[39511, 567]",50792,158,64,-1
7821,"[39511, 568]",50709,0,0,-1
7822,"[39511, 569]",50670,156,64,-1
7823,"[39511, 570]",50666,156,64,-1
7824,"[39511, 571]",50665,158,64,-1
7825,"[39511, 572]",50394,158,64,-1
7826,"[39511, 573]",50349,0,0,-1
7827,"[39511, 574]",50348,158,64,-1
7828,"[39511, 575]",50337,158,64,-1
7829,"[39511, 577]",50125,158,64,-1
7830,"[39511, 578]",50124,158,64,-1
7831,"[39511, 584]",48895,0,0,-1
7832,"[39511, 585]",48891,158,64,-1
7833,"[39511, 586]",48654,156,64,-1
7834,"[39511, 587]",48653,156,64,-1
7835,"[39511, 593]",47345,156,64,-1
7836,"[39511, 594]",47343,0,0,-1
7837,"[39511, 595]",47342,0,0,-1
7838,"[39511, 596]",47337,158,64,-1
7839,"[39511, 597]",47335,0,0,-1
7840,"[39511, 598]",47332,158,64,-1
7841,"[39511, 599]",47321,0,0,-1
7842,"[39511, 600]",47313,158,64,-1
7843,"[39511, 601]",47302,158,64,-1
7844,"[39511, 602]",47300,156,64,-1
7845,"[39511, 603]",47297,0,0,-1
7846,"[39511, 605]",47037,158,64,-1
7847,"[39511, 606]",46852,158,64,-1
7848,"[39511, 607]",46849,158,64,-1
7849,"[39511, 608]",46844,2,1,-1
7850,"[39511, 609]",46843,0,0,-1
7851,"[39511, 610]",46822,0,0,-1
7852,"[39511, 613]",45330,0,0,-1
7853,"[39511, 614]",45158,158,64,-1
7854,"[39511, 615]",45157,0,0,-1
7855,"[39511, 618]",45059,0,0,-1
7856,"[39511, 619]",44754,0,0,-1
7857,"[39511, 620]",44753,0,0,-1
7858,"[39511, 621]",44665,158,64,-1
7859,"[39511, 622]",44664,0,0,-1
7860,"[39511, 623]",44661,158,64,-1
7861,"[39511, 624]",44374,158,64,-1
7862,"[39511, 625]",44269,156,64,-1
7863,"[39511, 626]",44265,156,64,-1
7864,"[39511, 627]",42358,0,0,-1
7865,"[39511, 628]",42357,0,0,-1
7866,"[39511, 629]",42137,158,64,-1
7867,"[39511, 630]",42103,158,64,-1
7868,"[39511, 631]",42089,158,64,-1
7869,"[39511, 632]",41866,0,0,-1
7870,"[39511, 633]",41865,0,0,-1
7871,"[39511, 634]",41864,0,0,-1
7872,"[39511, 635]",41780,158,64,0
7873,"[39511, 636]",41777,158,64,0
7874,"[39511, 637]",41776,0,0,0
7875,"[39511, 638]",41754,0,0,-1
7876,"[39511, 639]",41753,0,0,4
7877,"[39511, 640]",38965,156,64,-1
7878,"[39511, 641]",38963,2,1,-1
7879,"[39511, 642]",38961,0,0,-1
7880,"[39511, 643]",38789,158,64,-1
7881,"[39511, 644]",38772,158,64,-1
7882,"[39511, 645]",38700,0,0,-1
7883,"[39511, 646]",38695,0,0,-1
7884,"[39511, 647]",38694,0,0,-1
7885,"[39511, 648]",38596,158,64,-1
7886,"[39511, 649]",38594,0,0,-1
7887,"[39511, 650]",38258,0,0,-1
7888,"[39511, 651]",38249,0,0,11
7889,"[39511, 652]",38236,0,0,0
7890,"[39511, 653]",38208,0,0,-1
7891,"[39511, 654]",38202,158,64,-1
7892,"[39511, 655]",38201,158,64,-1
7893,"[39511, 656]",38196,158,64,-1
7894,"[39511, 657]",38172,158,64,-1
7895,"[39511, 658]",37903,158,64,-1
7896,"[39511, 659]",37899,0,0,-1
7897,"[39511, 660]",37490,0,0,-1
7898,"[39511, 661]",37486,156,64,-1
7899,"[39511, 662]",37271,156,64,-1
7900,"[39511, 663]",37268,158,64,-1
7901,"[39511, 664]",35558,0,0,-1
7902,"[39511, 665]",35534,158,64,-1
7903,"[39511, 666]",35532,158,64,-1
7904,"[39511, 667]",34882,158,64,-1
7905,"[39511, 668]",32650,0,0,-1
7906,"[39511, 669]",32462,0,0,-1
7907,"[39511, 670]",32461,0,0,-1
7908,"[39511, 671]",32460,0,0,-1
7909,"[39511, 672]",32456,158,64,-1
7910,"[39511, 673]",32455,156,64,-1
7911,"[39511, 674]",32454,0,0,-1
7912,"[39511, 675]",32453,0,0,-1
7913,"[39511, 676]",32450,158,64,1
7914,"[39511, 677]",32448,158,64,-1
7915,"[39511, 678]",32447,0,0,-1
7916,"[39511, 679]",32136,0,0,-1
7917,"[39511, 680]",32075,0,0,-1
7918,"[39511, 681]",32074,0,0,-1
7919,"[39511, 682]",32068,0,0,-1
7920,"[39511, 683]",111228,0,0,-1
7921,"[39511, 686]",111169,0,0,-1
7922,"[39511, 687]",111168,0,0,-1
7923,"[39511, 688]",111104,158,64,-1
7924,"[39511, 689]",110998,0,0,2
7925,"[39511, 690]",110956,158,64,37
7926,"[39511, 691]",110951,0,0,-1
7927,"[39511, 692]",110950,0,0,-1
7928,"[39511, 693]",110945,0,0,-1
7929,"[39511, 694]",110910,158,64,6
7930,"[39511, 695]",110907,158,64,-1
7931,"[39511, 696]",110903,2,1,4
7932,"[39511, 697]",110816,158,64,-1
7933,"[39511, 698]",108184,158,64,-1
7934,"[39511, 699]",108182,158,64,-1
7935,"[39511, 700]",107463,156,64,-1
7936,"[39511, 701]",107462,158,64,-1
7937,"[39511, 702]",107016,0,0,-1
7938,"[39511, 703]",106328,2,1,-1
7939,"[39511, 704]",106276,158,64,-1
7940,"[39511, 705]",106267,158,64,-1
7941,"[39511, 706]",106149,2,1,0
7942,"[39511, 707]",106135,0,0,7
7943,"[39511, 708]",106060,0,0,-1
7944,"[39511, 709]",105785,158,64,-1
7945,"[39511, 710]",105782,158,64,-1
7946,"[39511, 711]",105609,158,64,-1
7947,"[39511, 712]",105607,0,0,-1
7948,"[39511, 713]",105606,158,64,-1
7949,"[39511, 714]",105605,0,0,-1
7950,"[39511, 715]",105598,158,64,-1
7951,"[39511, 716]",105597,0,0,-1
7952,"[39511, 717]",105555,158,64,-1
7953,"[39511, 718]",105554,0,0,4
7954,"[39511, 719]",105333,0,0,-1
7955,"[39511, 720]",104407,0,0,0
7956,"[39511, 721]",104402,0,0,-1
7957,"[39511, 722]",104401,0,0,-1
7958,"[39511, 723]",104337,0,0,0
7959,"[39511, 724]",104335,0,0,0
7960,"[39511, 725]",104334,0,0,0
7961,"[39511, 726]",104333,0,0,0
7962,"[39511, 727]",103933,158,64,-1
7963,"[39511, 728]",103932,158,64,-1
7964,"[39511, 729]",103926,0,0,7
7965,"[39511, 730]",103922,0,0,-1
7966,"[39511, 731]",102241,0,0,-1
7967,"[39511, 732]",102237,158,64,-1
7968,"[39511, 733]",99399,158,64,-1
7969,"[39511, 734]",99389,158,64,-1
7970,"[39511, 735]",99141,156,64,-1
7971,"[39511, 736]",98988,158,64,-1
7972,"[39511, 737]",98928,158,64,-1
7973,"[39511, 738]",98926,0,0,-1
7974,"[39511, 739]",98921,158,64,-1
7975,"[39511, 740]",98874,156,64,-1
7976,"[39511, 741]",98870,158,64,-1
7977,"[39511, 742]",97326,156,64,-1
7978,"[39511, 743]",97325,158,64,-1
7979,"[39511, 745]",96759,158,64,-1
7980,"[39511, 746]",96564,158,64,-1
7981,"[39511, 747]",96562,0,0,-1
7982,"[39511, 748]",96554,158,64,-1
7983,"[39511, 749]",96106,0,0,-1
7984,"[39511, 750]",96105,0,0,-1
7985,"[39511, 751]",96096,0,0,-1
7986,"[39511, 752]",96094,0,0,-1
7987,"[39511, 757]",95831,156,64,-1
7988,"[39511, 758]",95781,156,64,-1
7989,"[39511, 760]",95328,158,64,-1
7990,"[39511, 761]",95327,0,0,-1
7991,"[39511, 762]",95326,0,0,-1
7992,"[39511, 763]",95322,158,64,-1
7993,"[39511, 764]",95318,0,0,-1
7994,"[39511, 765]",95317,0,0,-1
7995,"[39511, 766]",95316,0,0,-1
7996,"[39511, 767]",95214,158,64,-1
7997,"[39511, 768]",95213,0,0,-1
7998,"[39511, 771]",95113,158,64,-1
7999,"[39511, 772]",95112,2,1,-1
8000,"[39511, 773]",95108,0,0,-1
8001,"[39511, 774]",95100,0,0,-1
8002,"[39511, 775]",95099,158,64,-1
8003,"[39511, 776]",94948,0,0,-1
8004,"[39511, 777]",94946,158,64,-1
8005,"[39511, 778]",94944,2,1,-1
8006,"[39511, 779]",94929,0,0,-1
8007,"[39511, 780]",94928,0,0,-1
8008,"[39511, 781]",94883,0,0,-1
8009,"[39511, 782]",92914,158,64,-1
8010,"[39511, 785]",91982,158,64,-1
8011,"[39511, 802]",90670,158,64,-1
8012,"[39511, 803]",89957,158,64,-1
8013,"[39511, 804]",89956,158,64,-1
8014,"[39511, 805]",86587,158,64,-1
8015,"[39511, 806]",86586,158,64,-1
8016,"[39511, 807]",85768,0,0,-1
8017,"[39511, 808]",85767,0,0,-1
8018,"[39511, 809]",85592,156,64,-1
8019,"[39511, 810]",85337,158,64,-1
8020,"[39511, 811]",85336,158,64,-1
8021,"[39511, 812]",71505,0,0,-1
8022,"[39511, 813]",71448,158,64,-1
8023,"[39511, 814]",71446,158,64,-1
8024,"[39511, 815]",71443,0,0,-1
8025,"[39511, 816]",71438,156,64,-1
8026,"[39511, 817]",71437,0,0,-1
8027,"[39511, 818]",70506,0,0,-1
8028,"[39511, 819]",70505,0,0,-1
8029,"[39511, 820]",70504,0,0,-1
8030,"[39511, 821]",70503,0,0,-1
8031,"[39511, 822]",70461,2,1,-1
8032,"[39511, 823]",70184,158,64,-1
8033,"[39511, 824]",67220,158,64,-1
8034,"[39511, 825]",67168,0,0,-1
8035,"[39511, 826]",67164,156,64,-1
8036,"[39511, 827]",66969,0,0,-1
8037,"[39511, 828]",66945,0,0,-1
8038,"[39511, 830]",65072,158,64,-1
8039,"[39511, 831]",64654,158,64,-1
8040,"[39511, 837]",161137,0,0,-1
8041,"[39511, 838]",161106,158,64,-1
8042,"[39511, 839]",160458,156,64,-1
8043,"[39511, 841]",158936,2,1,-1
8044,"[39511, 842]",158926,158,64,-1
8045,"[39511, 843]",158514,158,64,-1
8046,"[39511, 844]",158513,0,0,-1
8047,"[39511, 845]",158474,0,0,-1
8048,"[39511, 846]",158473,0,0,-1
8049,"[39511, 847]",158428,0,0,-1
8050,"[39511, 848]",154614,158,64,-1
8051,"[39511, 849]",154609,158,64,-1
8052,"[39511, 855]",148087,158,64,-1
8053,"[39511, 856]",148083,0,0,-1
8054,"[39511, 870]",141272,158,64,-1
8055,"[39511, 871]",141271,158,64,-1
8056,"[39511, 872]",141270,158,64,-1
8057,"[39511, 873]",141266,158,64,-1
8058,"[39511, 874]",141264,0,0,-1
8059,"[39511, 875]",141197,158,64,-1
8060,"[39511, 876]",141191,158,64,-1
8061,"[39511, 877]",141190,156,64,-1
8062,"[39511, 878]",141189,0,0,-1
8063,"[39511, 879]",141170,2,1,-1
8064,"[39511, 880]",141169,158,64,-1
8065,"[39511, 881]",141166,158,64,-1
8066,"[39511, 882]",141165,158,64,-1
8067,"[39511, 883]",141029,158,64,-1
8068,"[39511, 884]",140846,158,64,-1
8069,"[39511, 885]",140845,158,64,-1
8070,"[39511, 895]",140508,158,64,-1
8071,"[39511, 896]",140506,2,1,-1
8072,"[39511, 897]",140503,2,1,-1
8073,"[39511, 898]",140377,0,0,-1
8074,"[39511, 899]",140372,158,64,-1
8075,"[39511, 900]",140319,0,0,-1
8076,"[39511, 901]",140264,0,0,-1
8077,"[39511, 907]",139338,158,64,-1
8078,"[39511, 908]",139336,158,64,-1
8079,"[39511, 909]",139332,0,0,-1
8080,"[39511, 910]",138998,156,64,-1
8081,"[39511, 911]",138996,0,0,-1
8082,"[39511, 912]",138992,158,64,-1
8083,"[39511, 917]",138939,158,64,-1
8084,"[39511, 918]",138938,0,0,-1
8085,"[39511, 919]",136305,156,64,-1
8086,"[39511, 920]",133708,156,64,-1
8087,"[39511, 921]",133705,0,0,-1
8088,"[39511, 922]",132523,156,64,-1
8089,"[39511, 923]",132519,0,0,-1
8090,"[39511, 924]",129102,0,0,-1
8091,"[39511, 925]",128149,158,64,-1
8092,"[39511, 926]",128127,158,64,4
8093,"[39511, 927]",128124,0,0,-1
8094,"[39511, 928]",128123,0,0,-1
8095,"[39511, 929]",127504,0,0,-1
8096,"[39511, 930]",127503,0,0,3
8097,"[39511, 931]",127501,158,64,1
8098,"[39511, 932]",127499,0,0,1
8099,"[39511, 933]",127493,156,64,-1
8100,"[39511, 934]",127487,0,0,-1
8101,"[39511, 935]",127452,158,64,-1
8102,"[39511, 936]",127451,158,64,-1
8103,"[39511, 937]",127449,2,1,-1
8104,"[39511, 938]",127426,158,64,0
8105,"[39511, 939]",127425,2,1,0
8106,"[39511, 940]",127424,0,0,0
8107,"[39511, 941]",127423,0,0,0
8108,"[39511, 942]",127422,0,0,0
8109,"[39511, 943]",121290,158,64,8
8110,"[39511, 944]",121288,0,0,-1
8111,"[39511, 945]",121166,0,0,4
8112,"[39511, 946]",121164,0,0,-1
8113,"[39511, 947]",121068,0,0,-1
8114,"[39511, 948]",121031,158,64,-1
8115,"[39511, 949]",121019,158,64,-1
8116,"[39511, 950]",120296,53,24,-1
8117,"[39511, 951]",119497,0,0,-1
8118,"[39511, 952]",114147,0,0,-1
8119,"[39511, 953]",114132,0,0,-1
8120,"[39511, 954]",114129,158,64,-1
8121,"[39511, 955]",113991,41,18,0
8122,"[39511, 956]",113877,0,0,-1
8123,"[39511, 957]",113876,0,0,-1
8124,"[39511, 958]",113872,2,1,-1
8125,"[39511, 959]",113869,158,64,-1
8126,"[39511, 960]",113868,0,0,-1
8127,"[39511, 965]",113780,158,64,-1
8128,"[39511, 969]",228177,158,64,-1
8129,"[39511, 970]",227938,0,0,-1
8130,"[39511, 971]",227902,156,64,7
8131,"[39511, 972]",225960,2,1,-1
8132,"[39511, 973]",225172,0,0,7
8133,"[39511, 974]",224399,0,0,-1
8134,"[39511, 975]",224260,158,64,2
8135,"[39511, 976]",223277,0,0,0
8136,"[39511, 977]",223275,0,0,0
8137,"[39511, 978]",223273,0,0,0
8138,"[39511, 979]",223265,0,0,0
8139,"[39511, 980]",223261,0,0,0
8140,"[39511, 981]",223166,158,64,6
8141,"[39511, 982]",223132,158,64,0
8142,"[39511, 983]",223106,0,0,0
8143,"[39511, 984]",223101,0,0,3
8144,"[39511, 985]",222347,0,0,5
8145,"[39511, 986]",222344,51,24,63
8146,"[39511, 987]",220442,158,64,-1
8147,"[39511, 988]",214506,158,64,-1
8148,"[39511, 991]",210451,158,64,-1
8149,"[39511, 994]",209768,156,64,-1
8150,"[39511, 995]",209766,158,64,-1
8151,"[39511, 996]",209614,158,64,-1
8152,"[39511, 997]",208602,158,64,-1
8153,"[39511, 998]",208600,158,64,-1
8154,"[39511, 1009]",207024,156,64,-1
8155,"[39511, 1010]",207023,158,64,-1
8156,"[39511, 1011]",207022,156,64,-1
8157,"[39511, 1012]",206955,156,64,-1
8158,"[39511, 1013]",206952,0,0,-1
8159,"[39511, 1014]",206931,0,0,-1
8160,"[39511, 1016]",200450,158,64,-1
8161,"[39511, 1017]",200449,0,0,-1
8162,"[39511, 1030]",199111,0,0,-1
8163,"[39511, 1032]",172654,156,64,-1
8164,"[39511, 1033]",172492,158,64,-1
8165,"[39511, 1034]",172491,156,64,-1
8166,"[39511, 1035]",172485,158,64,-1
8167,"[39511, 1036]",172404,0,0,-1
8168,"[39511, 1037]",172403,158,64,-1
8169,"[39511, 1052]",260635,158,64,-1
8170,"[39511, 1055]",254424,0,0,-1
8171,"[39511, 1061]",250724,158,64,-1
8172,"[39511, 1078]",237073,158,64,0
8173,"[39511, 1079]",236612,57,26,0
8174,"[39511, 1080]",236611,53,24,0
8175,"[39511, 1081]",236586,158,64,-1
8176,"[39511, 1082]",236220,2,1,0
8177,"[39511, 1083]",236209,2,1,0
8178,"[39511, 1084]",236151,0,0,0
8179,"[39511, 1085]",236145,158,64,0
8180,"[39511, 1086]",236135,57,26,3
8181,"[39511, 1087]",232248,0,0,-1
8182,"[39511, 1088]",232247,0,0,-1
8183,"[39511, 1089]",232087,0,0,0
8184,"[39511, 1090]",232086,0,0,0
8185,"[39511, 1092]",299990,158,64,0
8186,"[39511, 1093]",299987,0,0,0
8187,"[39511, 1094]",299985,0,0,0
8188,"[39511, 1095]",299981,57,26,0
8189,"[39511, 1096]",299980,0,0,0
8190,"[39511, 1097]",299526,0,0,-1
8191,"[39511, 1098]",299085,158,64,0
8192,"[39511, 1099]",299082,0,0,0
8193,"[39511, 1100]",299081,0,0,0
8194,"[39511, 1102]",293607,158,64,-1
8195,"[39511, 1112]",285864,156,64,-1
8196,"[39511, 1115]",279784,156,64,-1
8197,"[39511, 1128]",302605,158,64,0
8198,"[39511, 1129]",302599,41,18,0
8199,"[39511, 1130]",301650,158,64,-1
8200,"[39511, 1131]",301544,0,0,0
8201,"[39511, 1132]",301514,0,0,0
8202,"[39511, 1133]",301511,158,64,0
8203,"[39511, 1134]",324331,158,64,0
8204,"[39511, 1135]",324293,41,18,0
8205,"[39545, 0]",2172,158,64,-1
8206,"[39545, 1]",2169,0,0,-1
8207,"[39545, 2]",4498,0,0,-1
8208,"[39545, 3]",4494,0,0,-1
8209,"[39545, 4]",4486,158,64,-1
8210,"[39545, 5]",4485,2,1,-1
8211,"[39545, 6]",4484,0,0,-1
8212,"[39545, 7]",4479,158,64,-1
8213,"[39545, 8]",8423,158,64,-1
8214,"[39545, 9]",8366,0,0,-1
8215,"[39545, 10]",8335,156,64,-1
8216,"[39545, 11]",8334,0,0,-1
8217,"[39545, 12]",8333,0,0,-1
8218,"[39545, 13]",6585,158,64,-1
8219,"[39545, 14]",19343,0,0,-1
8220,"[39545, 15]",19340,156,64,-1
8221,"[39545, 16]",19339,158,64,-1
8222,"[39545, 17]",19256,158,64,-1
8223,"[39545, 18]",26402,0,0,-1
8224,"[39545, 19]",26401,0,0,-1
8225,"[39545, 20]",46611,0,0,-1
8226,"[39545, 21]",46610,0,0,-1
8227,"[39545, 22]",46605,0,0,-1
8228,"[39545, 23]",50617,156,64,-1
8229,"[39545, 24]",50615,0,0,-1
8230,"[39545, 25]",50572,0,0,-1
8231,"[39545, 26]",50569,2,1,-1
8232,"[39545, 27]",65495,158,64,-1
8233,"[39545, 28]",65494,158,64,-1
8234,"[39545, 29]",65492,2,1,-1
8235,"[39553, 0]",20096,158,64,-1
8236,"[39553, 2]",49727,158,64,-1
8237,"[39553, 3]",176286,158,64,-1
8238,"[39553, 7]",136397,158,64,-1
8239,"[39553, 8]",124692,158,64,-1
8240,"[39553, 9]",224610,156,64,-1
8241,"[39553, 10]",224608,0,0,-1
8242,"[39553, 15]",281282,0,0,-1
8243,"[39553, 16]",323675,158,64,-1
8244,"[39553, 20]",358080,158,64,-1
8245,"[39565, 0]",587,2,1,-1
8246,"[39643, 0]",157,158,64,-1
8247,"[39643, 1]",155,158,64,-1
8248,"[39643, 2]",146,0,0,-1
8249,"[39643, 3]",144,156,64,-1
8250,"[39643, 4]",137,0,0,-1
8251,"[39643, 5]",136,0,0,-1
8252,"[39643, 6]",450,0,0,-1
8253,"[39643, 7]",445,0,0,-1
8254,"[39643, 8]",1655,158,64,-1
8255,"[39659, 0]",7052,158,64,-1
8256,"[39659, 1]",7051,0,0,-1
8257,"[39659, 2]",10356,158,64,-1
8258,"[39659, 3]",10354,0,0,-1
8259,"[39659, 4]",16803,2,1,-1
8260,"[39659, 5]",16802,158,64,-1
8261,"[39810, 0]",1579,158,64,0
8262,"[39810, 1]",1578,158,64,0
8263,"[39857, 0]",7961,158,64,-1
8264,"[39984, 0]",686,158,64,-1
8265,"[40067, 0]",45,158,64,-1
8266,"[40067, 1]",44,158,64,-1
8267,"[40067, 2]",42,0,0,-1
8268,"[40067, 3]",31,0,0,-1
8269,"[40067, 4]",209,0,0,-1
8270,"[40067, 5]",207,0,0,-1
8271,"[40067, 6]",204,156,64,-1
8272,"[40067, 7]",192,0,0,-1
8273,"[40067, 11]",165,0,0,-1
8274,"[40067, 12]",149,0,0,-1
8275,"[40067, 13]",144,0,0,-1
8276,"[40067, 14]",143,0,0,-1
8277,"[40067, 17]",91,158,64,-1
8278,"[40067, 18]",1400,158,64,-1
8279,"[40067, 39]",1196,158,64,-1
8280,"[40067, 40]",1194,156,64,-1
8281,"[40067, 46]",1072,156,64,-1
8282,"[40067, 61]",851,158,64,-1
8283,"[40067, 69]",3057,0,0,-1
8284,"[40067, 190]",7826,0,0,-1
8285,"[40067, 193]",7805,158,64,-1
8286,"[40067, 234]",23620,158,64,-1
8287,"[40067, 268]",17583,158,64,-1
8288,"[40067, 269]",17497,158,64,-1
8289,"[40067, 273]",17399,156,64,-1
8290,"[40067, 359]",32250,0,0,-1
8291,"[40067, 403]",64379,0,0,-1
8292,"[40123, 0]",1311,156,64,-1
8293,"[40166, 0]",18,41,18,0
8294,"[40166, 1]",17,0,0,0
8295,"[40166, 2]",11,0,0,0
8296,"[40166, 3]",150,0,0,0
8297,"[40166, 4]",149,0,0,0
8298,"[40166, 5]",148,0,0,0
8299,"[40166, 6]",147,0,0,0
8300,"[40166, 7]",146,0,0,0
8301,"[40166, 8]",142,41,18,0
8302,"[40166, 9]",140,41,18,0
8303,"[40166, 10]",119,2,1,0
8304,"[40166, 14]",616,0,0,0
8305,"[40166, 15]",612,0,0,0
8306,"[40166, 16]",610,0,0,0
8307,"[40166, 17]",609,0,0,0
8308,"[40166, 18]",600,2,1,0
8309,"[40166, 19]",596,0,0,0
8310,"[40166, 20]",593,0,0,0
8311,"[40166, 21]",1748,2,1,0
8312,"[40166, 22]",1735,2,1,0
8313,"[40166, 23]",1630,2,1,0
8314,"[40166, 24]",1625,2,1,0
8315,"[40166, 25]",1607,0,0,0
8316,"[40166, 26]",1597,2,1,0
8317,"[40166, 27]",1594,41,18,0
8318,"[40166, 28]",1593,0,0,0
8319,"[40166, 29]",1592,0,0,0
8320,"[40166, 30]",1459,41,18,0
8321,"[40166, 31]",1458,158,64,0
8322,"[40166, 32]",1456,0,0,0
8323,"[40166, 33]",1451,41,18,0
8324,"[40166, 34]",2287,2,1,0
8325,"[40166, 35]",2202,0,0,0
8326,"[40166, 36]",2201,0,0,0
8327,"[40166, 37]",2197,0,0,0
8328,"[40166, 38]",2160,57,26,0
8329,"[40166, 39]",3033,2,1,0
8330,"[40166, 40]",3013,64,29,0
8331,"[40166, 41]",3010,41,18,0
8332,"[40188, 0]",9550,158,64,0
8333,"[40188, 1]",9549,64,29,0
8334,"[40188, 2]",9548,0,0,0
8335,"[40188, 3]",10449,2,1,0
8336,"[40200, 5]",15608,158,64,0
8337,"[40200, 7]",48660,158,64,-1
8338,"[40200, 8]",71366,158,64,0
8339,"[40261, 95]",5126,158,64,-1
8340,"[40261, 96]",5125,0,0,-1
8341,"[40261, 99]",8172,156,64,-1
8342,"[40262, 0]",1902,158,64,1
8343,"[40297, 0]",2839,158,64,-1
8344,"[40297, 1]",5772,158,64,-1
8345,"[40301, 49]",6073,158,64,-1
8346,"[40328, 0]",18599,158,64,4
8347,"[40443, 0]",4223,158,64,-1
8348,"[40453, 0]",1627,158,64,-1
8349,"[40453, 1]",1626,0,0,-1
8350,"[40453, 2]",1624,158,64,-1
8351,"[40453, 3]",1568,158,64,-1
8352,"[40453, 4]",1567,2,1,-1
8353,"[40453, 5]",1565,158,64,-1
8354,"[40453, 6]",3548,158,64,-1
8355,"[40453, 7]",3547,158,64,-1
8356,"[40453, 8]",3546,0,0,-1
8357,"[40453, 9]",3487,0,0,-1
8358,"[40453, 10]",3282,158,64,-1
8359,"[40453, 11]",7210,0,0,-1
8360,"[40453, 12]",7163,0,0,-1
8361,"[40453, 13]",11620,158,64,-1
8362,"[40626, 0]",4301,2,1,-1
8363,"[40626, 1]",4300,158,64,-1
8364,"[40631, 0]",37239,0,0,0
8365,"[40631, 1]",37236,0,0,0
8366,"[40631, 2]",32920,0,0,0
8367,"[40631, 3]",46708,2,1,0
8368,"[40631, 4]",45880,0,0,-1
8369,"[40631, 5]",45859,0,0,12
8370,"[40631, 6]",55591,57,26,4
8371,"[40631, 7]",55567,158,64,1
8372,"[40631, 8]",73622,0,0,0
8373,"[40631, 9]",83072,158,64,6
8374,"[40681, 0]",1850,158,64,8
8375,"[40681, 1]",1849,0,0,-1
8376,"[40681, 2]",4823,158,64,-1
8377,"[40681, 3]",6566,158,64,5
8378,"[40681, 4]",6565,0,0,5
8379,"[40681, 5]",16633,41,18,6
8380,"[40790, 0]",7775,158,64,-1
8381,"[40832, 0]",8494,156,64,-1
8382,"[40841, 0]",1747,158,64,-1
8383,"[40848, 0]",1227,158,64,-1
8384,"[40848, 1]",1222,0,0,-1
8385,"[40848, 2]",2751,0,0,-1
8386,"[40848, 4]",5503,158,64,-1
8387,"[40849, 0]",553,158,64,0
8388,"[40849, 1]",552,0,0,0
8389,"[40849, 2]",1710,54,24,0
8390,"[40894, 0]",675,158,64,-1
8391,"[40899, 0]",839,57,26,0
8392,"[40905, 12]",1688,158,64,-1
8393,"[40905, 13]",1685,0,0,-1
8394,"[40905, 14]",1678,156,64,-1
8395,"[40905, 20]",2649,158,64,-1
8396,"[40920, 0]",1986,158,64,-1
8397,"[40920, 1]",14115,0,0,-1
8398,"[40920, 2]",14114,0,0,-1
8399,"[40920, 3]",22512,158,64,-1
8400,"[40920, 4]",22511,158,64,-1
8401,"[40920, 5]",22507,158,64,-1
8402,"[40920, 6]",22503,0,0,-1
8403,"[40920, 7]",22501,0,0,-1
8404,"[40920, 8]",54078,2,1,-1
8405,"[40920, 9]",54072,158,64,-1
8406,"[40920, 10]",40675,0,0,-1
8407,"[40920, 11]",66914,0,0,-1
8408,"[40920, 12]",126851,2,1,-1
8409,"[40920, 13]",120863,158,64,-1
8410,"[40920, 14]",108322,158,64,-1
8411,"[40920, 15]",78880,158,64,-1
8412,"[40920, 16]",202294,0,0,-1
8413,"[40920, 17]",202293,0,0,-1
8414,"[40920, 18]",208728,158,64,-1
8415,"[40920, 19]",226735,158,64,-1
8416,"[40920, 20]",271664,156,64,-1
8417,"[40920, 21]",281258,0,0,-1
8418,"[40920, 22]",291387,158,64,-1
8419,"[41039, 0]",60,158,64,-1
8420,"[41039, 1]",59,0,0,-1
8421,"[41039, 2]",56,0,0,-1
8422,"[41039, 3]",54,158,64,-1
8423,"[41039, 4]",487,158,64,-1
8424,"[41039, 11]",457,0,0,-1
8425,"[41039, 12]",456,158,64,-1
8426,"[41039, 13]",448,158,64,-1
8427,"[41039, 14]",431,0,0,-1
8428,"[41039, 15]",421,0,0,-1
8429,"[41039, 16]",418,0,0,-1
8430,"[41039, 17]",407,2,1,-1
8431,"[41039, 18]",393,0,0,-1
8432,"[41039, 19]",368,158,64,-1
8433,"[41039, 20]",367,158,64,-1
8434,"[41039, 21]",365,0,0,-1
8435,"[41039, 22]",362,0,0,-1
8436,"[41039, 30]",312,0,0,-1
8437,"[41039, 31]",311,156,64,-1
8438,"[41039, 32]",307,0,0,-1
8439,"[41039, 33]",306,0,0,-1
8440,"[41039, 34]",304,0,0,-1
8441,"[41039, 35]",298,0,0,-1
8442,"[41039, 36]",295,0,0,-1
8443,"[41039, 37]",294,0,0,-1
8444,"[41039, 38]",286,0,0,-1
8445,"[41039, 39]",285,158,64,-1
8446,"[41039, 40]",284,0,0,-1
8447,"[41039, 41]",276,0,0,-1
8448,"[41039, 42]",273,0,0,-1
8449,"[41039, 43]",268,0,0,-1
8450,"[41039, 44]",264,0,0,-1
8451,"[41039, 45]",254,158,64,-1
8452,"[41039, 46]",247,0,0,-1
8453,"[41039, 47]",226,158,64,-1
8454,"[41039, 48]",4584,158,64,-1
8455,"[41039, 49]",4583,158,64,-1
8456,"[41039, 50]",4580,0,0,-1
8457,"[41039, 51]",4521,158,64,-1
8458,"[41039, 52]",4518,0,0,-1
8459,"[41039, 53]",4463,158,64,-1
8460,"[41039, 54]",4461,0,0,-1
8461,"[41039, 55]",4459,0,0,-1
8462,"[41039, 56]",4457,0,0,-1
8463,"[41039, 57]",4456,0,0,-1
8464,"[41039, 58]",4449,2,1,-1
8465,"[41039, 59]",4446,0,0,-1
8466,"[41039, 60]",4442,2,1,-1
8467,"[41039, 61]",4439,0,0,-1
8468,"[41039, 62]",4437,156,64,-1
8469,"[41039, 63]",4434,0,0,-1
8470,"[41039, 64]",4429,158,64,-1
8471,"[41039, 65]",4428,158,64,-1
8472,"[41039, 66]",4427,158,64,-1
8473,"[41039, 67]",4425,158,64,-1
8474,"[41039, 68]",4414,158,64,-1
8475,"[41039, 69]",4403,0,0,-1
8476,"[41039, 70]",4393,158,64,-1
8477,"[41039, 71]",4387,158,64,-1
8478,"[41039, 72]",4375,0,0,-1
8479,"[41039, 73]",4363,0,0,-1
8480,"[41039, 74]",4362,2,1,-1
8481,"[41039, 75]",4323,158,64,-1
8482,"[41039, 76]",4320,2,1,-1
8483,"[41039, 77]",4305,156,64,-1
8484,"[41039, 78]",4294,158,64,-1
8485,"[41039, 79]",4292,2,1,-1
8486,"[41039, 80]",4289,158,64,-1
8487,"[41039, 81]",4286,0,0,-1
8488,"[41039, 82]",4283,0,0,-1
8489,"[41039, 83]",4282,158,64,-1
8490,"[41039, 84]",4278,0,0,-1
8491,"[41039, 85]",4267,0,0,-1
8492,"[41039, 86]",4261,0,0,-1
8493,"[41039, 87]",4260,156,64,-1
8494,"[41039, 88]",4259,0,0,-1
8495,"[41039, 89]",4250,156,64,-1
8496,"[41039, 90]",4249,0,0,-1
8497,"[41039, 91]",4231,0,0,-1
8498,"[41039, 92]",4186,0,0,-1
8499,"[41039, 93]",4185,0,0,-1
8500,"[41039, 94]",4181,0,0,-1
8501,"[41039, 95]",4179,0,0,-1
8502,"[41039, 96]",4170,158,64,-1
8503,"[41039, 97]",4161,0,0,-1
8504,"[41039, 98]",4154,0,0,-1
8505,"[41039, 99]",4153,158,64,-1
8506,"[41039, 100]",4151,0,0,-1
8507,"[41039, 101]",4135,158,64,-1
8508,"[41039, 102]",4123,158,64,-1
8509,"[41039, 103]",4113,158,64,-1
8510,"[41039, 104]",4112,158,64,-1
8511,"[41039, 105]",4109,158,64,-1
8512,"[41039, 106]",4104,158,64,-1
8513,"[41039, 107]",4100,0,0,-1
8514,"[41039, 108]",4096,0,0,-1
8515,"[41039, 117]",4001,0,0,-1
8516,"[41039, 118]",3981,158,64,-1
8517,"[41039, 119]",3958,158,64,-1
8518,"[41039, 120]",3956,158,64,-1
8519,"[41039, 121]",3951,156,64,-1
8520,"[41039, 122]",3949,0,0,-1
8521,"[41039, 123]",3946,0,0,-1
8522,"[41039, 124]",3939,158,64,-1
8523,"[41039, 125]",3938,158,64,-1
8524,"[41039, 126]",3843,158,64,-1
8525,"[41039, 127]",3836,0,0,-1
8526,"[41039, 128]",3815,2,1,-1
8527,"[41039, 129]",3813,0,0,-1
8528,"[41039, 130]",3809,0,0,-1
8529,"[41039, 131]",3806,158,64,-1
8530,"[41039, 132]",3789,158,64,-1
8531,"[41039, 133]",3787,158,64,-1
8532,"[41039, 134]",3786,0,0,-1
8533,"[41039, 135]",3783,2,1,-1
8534,"[41039, 136]",3782,0,0,-1
8535,"[41039, 137]",3770,158,64,-1
8536,"[41039, 138]",3769,0,0,-1
8537,"[41039, 139]",3766,158,64,-1
8538,"[41039, 140]",3765,158,64,-1
8539,"[41039, 141]",3764,158,64,-1
8540,"[41039, 142]",3755,0,0,-1
8541,"[41039, 143]",3727,158,64,-1
8542,"[41039, 144]",3726,0,0,-1
8543,"[41039, 145]",3660,156,64,-1
8544,"[41039, 146]",3659,0,0,-1
8545,"[41039, 147]",3658,0,0,-1
8546,"[41039, 148]",3646,158,64,-1
8547,"[41039, 149]",3638,156,64,-1
8548,"[41039, 150]",3631,0,0,-1
8549,"[41039, 151]",3629,158,64,-1
8550,"[41039, 152]",3626,0,0,-1
8551,"[41039, 153]",3622,0,0,-1
8552,"[41039, 154]",3620,0,0,-1
8553,"[41039, 155]",3617,158,64,-1
8554,"[41039, 156]",3615,0,0,-1
8555,"[41039, 157]",3606,0,0,-1
8556,"[41039, 158]",3605,0,0,-1
8557,"[41039, 159]",3596,2,1,-1
8558,"[41039, 160]",3583,0,0,-1
8559,"[41039, 161]",3575,158,64,-1
8560,"[41039, 162]",3571,0,0,-1
8561,"[41039, 163]",3569,156,64,-1
8562,"[41039, 164]",3568,0,0,-1
8563,"[41039, 165]",3545,0,0,-1
8564,"[41039, 166]",3521,0,0,-1
8565,"[41039, 167]",3515,0,0,-1
8566,"[41039, 168]",3505,0,0,-1
8567,"[41039, 169]",3503,0,0,-1
8568,"[41039, 182]",2636,158,64,0
8569,"[41039, 183]",2634,0,0,0
8570,"[41039, 184]",2633,0,0,0
8571,"[41039, 185]",13060,158,64,0
8572,"[41039, 186]",13059,0,0,0
8573,"[41039, 187]",13054,2,1,0
8574,"[41039, 188]",13053,158,64,0
8575,"[41039, 189]",12128,0,0,-1
8576,"[41039, 190]",12123,0,0,-1
8577,"[41039, 191]",12117,0,0,-1
8578,"[41039, 192]",12105,0,0,-1
8579,"[41039, 193]",12087,158,64,-1
8580,"[41039, 194]",12086,158,64,-1
8581,"[41039, 195]",12084,156,64,-1
8582,"[41039, 230]",11146,156,64,-1
8583,"[41039, 231]",11145,0,0,-1
8584,"[41039, 232]",11124,0,0,-1
8585,"[41039, 235]",11065,0,0,-1
8586,"[41039, 236]",10880,156,64,-1
8587,"[41039, 237]",10845,156,64,-1
8588,"[41039, 238]",10842,0,0,-1
8589,"[41039, 239]",10727,158,64,-1
8590,"[41039, 240]",10725,2,1,-1
8591,"[41039, 241]",10724,158,64,-1
8592,"[41039, 242]",10723,2,1,-1
8593,"[41039, 243]",10717,0,0,-1
8594,"[41039, 244]",10656,158,64,-1
8595,"[41039, 245]",10651,0,0,-1
8596,"[41039, 246]",10645,0,0,-1
8597,"[41039, 249]",10517,158,64,-1
8598,"[41039, 250]",10511,0,0,-1
8599,"[41039, 251]",10505,158,64,-1
8600,"[41039, 252]",10497,158,64,-1
8601,"[41039, 253]",10474,158,64,-1
8602,"[41039, 254]",10472,2,1,-1
8603,"[41039, 255]",10470,0,0,-1
8604,"[41039, 256]",10466,158,64,-1
8605,"[41039, 257]",10427,0,0,-1
8606,"[41039, 258]",10424,0,0,-1
8607,"[41039, 259]",10421,158,64,-1
8608,"[41039, 260]",10417,158,64,-1
8609,"[41039, 261]",10389,158,64,-1
8610,"[41039, 262]",10344,156,64,-1
8611,"[41039, 263]",10343,158,64,-1
8612,"[41039, 264]",10341,0,0,-1
8613,"[41039, 265]",10339,0,0,-1
8614,"[41039, 266]",10338,0,0,-1
8615,"[41039, 267]",10329,158,64,-1
8616,"[41039, 268]",10328,0,0,-1
8617,"[41039, 269]",10327,0,0,-1
8618,"[41039, 270]",10316,158,64,-1
8619,"[41039, 271]",10314,2,1,-1
8620,"[41039, 272]",10291,158,64,-1
8621,"[41039, 273]",10290,0,0,-1
8622,"[41039, 274]",10283,158,64,-1
8623,"[41039, 275]",10282,158,64,-1
8624,"[41039, 276]",10275,158,64,-1
8625,"[41039, 277]",10256,158,64,-1
8626,"[41039, 278]",10255,0,0,-1
8627,"[41039, 279]",10085,2,1,-1
8628,"[41039, 280]",9835,0,0,-1
8629,"[41039, 281]",9697,156,64,-1
8630,"[41039, 282]",9696,158,64,-1
8631,"[41039, 283]",9694,0,0,-1
8632,"[41039, 284]",9688,158,64,-1
8633,"[41039, 285]",9685,158,64,-1
8634,"[41039, 286]",9678,158,64,-1
8635,"[41039, 287]",9666,158,64,-1
8636,"[41039, 288]",9655,2,1,-1
8637,"[41039, 291]",9561,158,64,-1
8638,"[41039, 292]",9560,0,0,-1
8639,"[41039, 293]",9558,0,0,-1
8640,"[41039, 294]",9545,156,64,-1
8641,"[41039, 295]",9544,0,0,-1
8642,"[41039, 296]",9541,158,64,-1
8643,"[41039, 297]",9540,158,64,-1
8644,"[41039, 298]",9521,0,0,-1
8645,"[41039, 299]",9485,0,0,-1
8646,"[41039, 300]",9484,0,0,-1
8647,"[41039, 301]",9483,0,0,-1
8648,"[41039, 302]",9417,158,64,-1
8649,"[41039, 303]",9402,0,0,-1
8650,"[41039, 304]",9401,0,0,-1
8651,"[41039, 305]",9390,2,1,-1
8652,"[41039, 306]",9359,158,64,-1
8653,"[41039, 307]",9357,158,64,-1
8654,"[41039, 308]",9304,0,0,-1
8655,"[41039, 309]",9300,158,64,-1
8656,"[41039, 310]",9291,0,0,-1
8657,"[41039, 311]",9290,0,0,-1
8658,"[41039, 312]",9285,158,64,-1
8659,"[41039, 313]",9277,0,0,-1
8660,"[41039, 314]",9276,158,64,-1
8661,"[41039, 315]",9259,158,64,-1
8662,"[41039, 316]",9258,158,64,-1
8663,"[41039, 317]",9202,158,64,-1
8664,"[41039, 318]",9194,0,0,-1
8665,"[41039, 347]",8281,158,64,-1
8666,"[41039, 348]",8279,156,64,-1
8667,"[41039, 349]",8261,158,64,-1
8668,"[41039, 350]",8260,0,0,-1
8669,"[41039, 351]",8256,158,64,-1
8670,"[41039, 352]",8255,158,64,-1
8671,"[41039, 353]",8253,156,64,-1
8672,"[41039, 354]",8252,0,0,-1
8673,"[41039, 355]",8251,158,64,-1
8674,"[41039, 356]",8236,0,0,-1
8675,"[41039, 357]",8229,158,64,-1
8676,"[41039, 358]",8228,0,0,-1
8677,"[41039, 359]",8227,0,0,-1
8678,"[41039, 360]",8226,0,0,-1
8679,"[41039, 361]",8214,156,64,-1
8680,"[41039, 362]",8212,158,64,-1
8681,"[41039, 363]",8210,0,0,-1
8682,"[41039, 364]",8179,0,0,-1
8683,"[41039, 365]",8169,0,0,-1
8684,"[41039, 366]",8168,158,64,-1
8685,"[41039, 367]",8166,0,0,-1
8686,"[41039, 368]",8152,0,0,-1
8687,"[41039, 369]",8146,158,64,-1
8688,"[41039, 370]",8145,158,64,-1
8689,"[41039, 371]",8121,0,0,-1
8690,"[41039, 372]",8120,0,0,-1
8691,"[41039, 373]",8119,0,0,-1
8692,"[41039, 374]",8115,156,64,-1
8693,"[41039, 375]",8113,0,0,-1
8694,"[41039, 376]",8112,0,0,-1
8695,"[41039, 377]",8068,158,64,-1
8696,"[41039, 378]",8066,0,0,-1
8697,"[41039, 379]",8013,0,0,-1
8698,"[41039, 380]",8012,0,0,-1
8699,"[41039, 381]",8009,158,64,-1
8700,"[41039, 382]",7993,0,0,-1
8701,"[41039, 383]",7966,158,64,-1
8702,"[41039, 384]",7954,2,1,-1
8703,"[41039, 385]",7953,158,64,-1
8704,"[41039, 386]",7933,158,64,-1
8705,"[41039, 387]",7879,158,64,-1
8706,"[41039, 388]",7878,158,64,-1
8707,"[41039, 389]",7877,158,64,-1
8708,"[41039, 390]",7874,0,0,-1
8709,"[41039, 391]",7872,158,64,-1
8710,"[41039, 392]",7871,0,0,-1
8711,"[41039, 393]",7858,158,64,-1
8712,"[41039, 394]",7855,2,1,-1
8713,"[41039, 395]",7849,158,64,-1
8714,"[41039, 396]",7835,0,0,-1
8715,"[41039, 397]",7832,0,0,-1
8716,"[41039, 398]",7831,0,0,-1
8717,"[41039, 399]",7829,0,0,-1
8718,"[41039, 400]",7822,0,0,-1
8719,"[41039, 401]",7818,156,64,-1
8720,"[41039, 402]",7709,0,0,-1
8721,"[41039, 403]",7603,0,0,-1
8722,"[41039, 404]",7586,0,0,-1
8723,"[41039, 405]",7551,0,0,-1
8724,"[41039, 406]",7483,0,0,-1
8725,"[41039, 407]",7475,0,0,-1
8726,"[41039, 408]",7474,0,0,-1
8727,"[41039, 409]",7351,0,0,-1
8728,"[41039, 410]",7275,158,64,-1
8729,"[41039, 411]",7274,158,64,-1
8730,"[41039, 412]",7271,0,0,-1
8731,"[41039, 413]",7080,158,64,-1
8732,"[41039, 414]",7078,0,0,-1
8733,"[41039, 415]",7037,158,64,-1
8734,"[41039, 416]",7033,158,64,-1
8735,"[41039, 417]",7031,0,0,-1
8736,"[41039, 418]",7021,0,0,-1
8737,"[41039, 419]",6923,0,0,-1
8738,"[41039, 420]",6912,0,0,-1
8739,"[41039, 421]",6849,2,1,-1
8740,"[41039, 422]",6848,158,64,-1
8741,"[41039, 423]",6784,0,0,-1
8742,"[41039, 424]",6783,0,0,-1
8743,"[41039, 425]",6777,156,64,-1
8744,"[41039, 426]",6758,158,64,-1
8745,"[41039, 427]",6748,158,64,-1
8746,"[41039, 428]",6747,158,64,-1
8747,"[41039, 429]",6746,2,1,-1
8748,"[41039, 430]",6669,0,0,-1
8749,"[41039, 431]",6668,0,0,-1
8750,"[41039, 432]",6657,158,64,-1
8751,"[41039, 433]",6656,158,64,-1
8752,"[41039, 434]",6609,0,0,-1
8753,"[41039, 435]",6520,158,64,-1
8754,"[41039, 436]",6518,0,0,-1
8755,"[41039, 437]",6515,158,64,-1
8756,"[41039, 438]",6512,0,0,-1
8757,"[41039, 439]",6495,0,0,-1
8758,"[41039, 440]",45477,0,0,-1
8759,"[41039, 441]",45466,0,0,-1
8760,"[41039, 445]",44689,158,64,-1
8761,"[41039, 446]",44688,0,0,-1
8762,"[41039, 447]",44687,0,0,-1
8763,"[41039, 448]",44647,0,0,-1
8764,"[41039, 449]",44642,0,0,-1
8765,"[41039, 450]",44638,158,64,-1
8766,"[41039, 451]",44549,0,0,-1
8767,"[41039, 452]",44165,158,64,-1
8768,"[41039, 453]",44164,0,0,-1
8769,"[41039, 454]",44162,0,0,-1
8770,"[41039, 457]",44154,158,64,-1
8771,"[41039, 458]",44153,156,64,-1
8772,"[41039, 459]",43599,0,0,-1
8773,"[41039, 460]",43598,0,0,-1
8774,"[41039, 461]",43572,0,0,-1
8775,"[41039, 466]",43359,0,0,-1
8776,"[41039, 467]",43209,158,64,-1
8777,"[41039, 468]",43204,158,64,-1
8778,"[41039, 469]",43203,158,64,-1
8779,"[41039, 470]",43188,2,1,-1
8780,"[41039, 471]",43187,2,1,-1
8781,"[41039, 472]",43165,158,64,-1
8782,"[41039, 474]",42894,158,64,-1
8783,"[41039, 475]",42893,0,0,-1
8784,"[41039, 476]",42889,158,64,-1
8785,"[41039, 477]",42886,0,0,-1
8786,"[41039, 478]",42518,158,64,-1
8787,"[41039, 479]",42487,158,64,-1
8788,"[41039, 480]",42485,0,0,-1
8789,"[41039, 481]",42436,158,64,-1
8790,"[41039, 482]",42397,158,64,-1
8791,"[41039, 485]",42051,0,0,-1
8792,"[41039, 486]",42044,156,64,-1
8793,"[41039, 487]",42042,0,0,-1
8794,"[41039, 488]",41929,158,64,-1
8795,"[41039, 489]",41899,158,64,-1
8796,"[41039, 490]",41893,0,0,-1
8797,"[41039, 491]",41892,0,0,-1
8798,"[41039, 492]",41887,158,64,-1
8799,"[41039, 493]",41879,0,0,-1
8800,"[41039, 494]",41872,158,64,-1
8801,"[41039, 495]",41868,158,64,-1
8802,"[41039, 496]",41812,158,64,-1
8803,"[41039, 497]",41731,158,64,-1
8804,"[41039, 498]",41723,0,0,-1
8805,"[41039, 499]",41613,0,0,-1
8806,"[41039, 500]",41519,0,0,-1
8807,"[41039, 501]",41476,0,0,-1
8808,"[41039, 505]",41458,0,0,-1
8809,"[41039, 506]",41457,0,0,-1
8810,"[41039, 507]",41421,158,64,-1
8811,"[41039, 508]",41416,156,64,-1
8812,"[41039, 509]",41209,0,0,-1
8813,"[41039, 510]",41163,158,64,-1
8814,"[41039, 511]",41162,0,0,-1
8815,"[41039, 512]",41127,0,0,-1
8816,"[41039, 513]",40959,158,64,-1
8817,"[41039, 514]",40921,0,0,-1
8818,"[41039, 515]",40920,158,64,-1
8819,"[41039, 516]",40826,2,1,-1
8820,"[41039, 517]",40825,0,0,-1
8821,"[41039, 518]",40808,0,0,-1
8822,"[41039, 519]",40807,0,0,-1
8823,"[41039, 520]",40793,2,1,-1
8824,"[41039, 521]",40771,0,0,-1
8825,"[41039, 522]",40389,158,64,-1
8826,"[41039, 523]",40388,158,64,-1
8827,"[41039, 524]",40381,158,64,-1
8828,"[41039, 530]",40327,0,0,-1
8829,"[41039, 531]",40319,2,1,-1
8830,"[41039, 532]",40312,0,0,-1
8831,"[41039, 533]",40301,158,64,-1
8832,"[41039, 534]",40292,0,0,-1
8833,"[41039, 535]",40290,158,64,-1
8834,"[41039, 536]",40283,0,0,-1
8835,"[41039, 537]",40265,0,0,-1
8836,"[41039, 538]",40221,158,64,-1
8837,"[41039, 539]",40162,0,0,-1
8838,"[41039, 540]",40104,0,0,-1
8839,"[41039, 541]",40099,2,1,-1
8840,"[41039, 542]",40093,158,64,-1
8841,"[41039, 543]",40089,0,0,-1
8842,"[41039, 544]",40080,158,64,-1
8843,"[41039, 545]",40079,0,0,-1
8844,"[41039, 584]",38155,158,64,-1
8845,"[41039, 585]",38151,0,0,-1
8846,"[41039, 616]",37653,0,0,-1
8847,"[41039, 617]",37648,0,0,-1
8848,"[41039, 618]",37643,158,64,-1
8849,"[41039, 619]",37642,158,64,-1
8850,"[41039, 620]",37558,0,0,-1
8851,"[41039, 621]",37344,158,64,-1
8852,"[41039, 622]",37317,158,64,-1
8853,"[41039, 623]",37297,0,0,-1
8854,"[41039, 624]",37296,0,0,-1
8855,"[41039, 625]",37289,2,1,-1
8856,"[41039, 626]",37288,158,64,-1
8857,"[41039, 627]",37265,0,0,-1
8858,"[41039, 628]",37238,156,64,-1
8859,"[41039, 629]",36853,158,64,-1
8860,"[41039, 630]",36852,156,64,-1
8861,"[41039, 631]",36850,158,64,-1
8862,"[41039, 632]",36822,0,0,-1
8863,"[41039, 633]",36821,158,64,-1
8864,"[41039, 637]",36691,158,64,-1
8865,"[41039, 638]",36689,0,0,-1
8866,"[41039, 639]",36566,0,0,-1
8867,"[41039, 640]",36565,158,64,-1
8868,"[41039, 641]",36561,0,0,-1
8869,"[41039, 642]",36560,0,0,-1
8870,"[41039, 643]",36557,158,64,-1
8871,"[41039, 644]",36471,158,64,-1
8872,"[41039, 645]",36347,0,0,-1
8873,"[41039, 646]",36290,0,0,-1
8874,"[41039, 647]",36287,158,64,-1
8875,"[41039, 648]",36237,158,64,-1
8876,"[41039, 649]",36236,2,1,-1
8877,"[41039, 650]",35947,158,64,-1
8878,"[41039, 651]",35944,156,64,-1
8879,"[41039, 652]",35943,0,0,-1
8880,"[41039, 653]",35454,158,64,-1
8881,"[41039, 654]",35452,0,0,-1
8882,"[41039, 655]",35359,158,64,-1
8883,"[41039, 656]",34746,158,64,-1
8884,"[41039, 657]",34186,158,64,-1
8885,"[41039, 658]",34183,0,0,-1
8886,"[41039, 659]",34017,0,0,-1
8887,"[41039, 660]",34016,158,64,-1
8888,"[41039, 661]",33865,158,64,-1
8889,"[41039, 662]",33863,158,64,-1
8890,"[41039, 663]",33854,158,64,-1
8891,"[41039, 664]",33849,158,64,-1
8892,"[41039, 665]",33819,2,1,-1
8893,"[41039, 666]",33812,0,0,-1
8894,"[41039, 667]",33811,0,0,-1
8895,"[41039, 668]",33803,0,0,-1
8896,"[41039, 669]",33799,0,0,-1
8897,"[41039, 670]",33624,158,64,-1
8898,"[41039, 671]",33623,158,64,-1
8899,"[41039, 677]",33530,0,0,-1
8900,"[41039, 678]",33529,0,0,-1
8901,"[41039, 679]",33525,158,64,-1
8902,"[41039, 685]",33143,158,64,-1
8903,"[41039, 686]",33142,158,64,-1
8904,"[41039, 687]",33107,158,64,-1
8905,"[41039, 688]",33102,158,64,-1
8906,"[41039, 689]",33101,158,64,-1
8907,"[41039, 691]",32619,158,64,-1
8908,"[41039, 692]",32616,0,0,-1
8909,"[41039, 693]",32432,2,1,-1
8910,"[41039, 700]",32310,158,64,-1
8911,"[41039, 701]",32308,0,0,-1
8912,"[41039, 702]",32307,0,0,-1
8913,"[41039, 703]",32306,0,0,-1
8914,"[41039, 756]",30685,158,64,-1
8915,"[41039, 757]",30641,0,0,-1
8916,"[41039, 758]",30634,0,0,-1
8917,"[41039, 759]",30627,158,64,-1
8918,"[41039, 760]",30626,158,64,-1
8919,"[41039, 761]",30621,0,0,-1
8920,"[41039, 762]",30611,158,64,-1
8921,"[41039, 763]",30610,0,0,-1
8922,"[41039, 764]",30609,158,64,-1
8923,"[41039, 765]",30586,158,64,-1
8924,"[41039, 766]",30585,2,1,-1
8925,"[41039, 767]",30583,158,64,-1
8926,"[41039, 768]",30580,0,0,-1
8927,"[41039, 773]",30555,0,0,-1
8928,"[41039, 776]",30517,0,0,-1
8929,"[41039, 777]",30514,0,0,-1
8930,"[41039, 778]",30506,0,0,-1
8931,"[41039, 779]",30505,0,0,-1
8932,"[41039, 780]",30503,0,0,-1
8933,"[41039, 781]",30501,158,64,-1
8934,"[41039, 782]",30496,158,64,-1
8935,"[41039, 783]",30495,158,64,-1
8936,"[41039, 784]",30483,0,0,-1
8937,"[41039, 785]",26350,158,64,0
8938,"[41039, 786]",26349,158,64,0
8939,"[41039, 787]",26347,0,0,0
8940,"[41039, 788]",24753,41,18,0
8941,"[41039, 789]",88552,158,64,0
8942,"[41039, 790]",88549,0,0,0
8943,"[41039, 791]",88547,0,0,0
8944,"[41039, 794]",87135,156,64,-1
8945,"[41039, 795]",87103,158,64,-1
8946,"[41039, 796]",87096,0,0,-1
8947,"[41039, 797]",87091,158,64,-1
8948,"[41039, 798]",87061,0,0,-1
8949,"[41039, 799]",87052,0,0,-1
8950,"[41039, 809]",86935,2,1,-1
8951,"[41039, 811]",86842,0,0,-1
8952,"[41039, 812]",86839,156,64,-1
8953,"[41039, 813]",86838,0,0,-1
8954,"[41039, 821]",86769,0,0,-1
8955,"[41039, 824]",86749,41,20,-1
8956,"[41039, 825]",86747,158,64,-1
8957,"[41039, 827]",86723,0,0,-1
8958,"[41039, 830]",86687,158,64,-1
8959,"[41039, 831]",86598,158,64,-1
8960,"[41039, 832]",86596,0,0,-1
8961,"[41039, 833]",86589,158,64,-1
8962,"[41039, 834]",86588,0,0,-1
8963,"[41039, 835]",86586,0,0,-1
8964,"[41039, 836]",86576,158,64,-1
8965,"[41039, 839]",86471,0,0,-1
8966,"[41039, 840]",86470,0,0,-1
8967,"[41039, 841]",86467,158,64,-1
8968,"[41039, 898]",82639,158,64,-1
8969,"[41039, 911]",80956,158,64,-1
8970,"[41039, 921]",78297,158,64,-1
8971,"[41039, 922]",78295,158,64,-1
8972,"[41039, 923]",78292,156,64,-1
8973,"[41039, 924]",78289,2,1,-1
8974,"[41039, 925]",78287,156,64,-1
8975,"[41039, 932]",78073,0,0,-1
8976,"[41039, 933]",77830,158,64,-1
8977,"[41039, 935]",77744,156,64,-1
8978,"[41039, 936]",77740,0,0,-1
8979,"[41039, 937]",77739,0,0,-1
8980,"[41039, 938]",77734,158,64,-1
8981,"[41039, 942]",76685,0,0,-1
8982,"[41039, 943]",75176,2,1,-1
8983,"[41039, 944]",75173,0,0,-1
8984,"[41039, 945]",74719,0,0,-1
8985,"[41039, 946]",74321,0,0,-1
8986,"[41039, 947]",74282,156,64,-1
8987,"[41039, 948]",73624,158,64,-1
8988,"[41039, 949]",73586,0,0,-1
8989,"[41039, 950]",73565,0,0,-1
8990,"[41039, 951]",73379,156,64,-1
8991,"[41039, 955]",73121,158,64,-1
8992,"[41039, 958]",70636,0,0,-1
8993,"[41039, 959]",70313,0,0,-1
8994,"[41039, 960]",70309,158,64,-1
8995,"[41039, 961]",70308,156,64,-1
8996,"[41039, 962]",70307,2,1,-1
8997,"[41039, 963]",70170,158,64,-1
8998,"[41039, 964]",70169,158,64,-1
8999,"[41039, 965]",70168,2,1,-1
9000,"[41039, 966]",70166,0,0,-1
9001,"[41039, 967]",70164,0,0,-1
9002,"[41039, 969]",70143,0,0,-1
9003,"[41039, 970]",70142,0,0,-1
9004,"[41039, 1018]",68096,0,0,-1
9005,"[41039, 1019]",68095,0,0,-1
9006,"[41039, 1020]",68089,158,64,-1
9007,"[41039, 1021]",68081,158,64,-1
9008,"[41039, 1022]",68070,156,64,-1
9009,"[41039, 1024]",68005,0,0,-1
9010,"[41039, 1025]",68004,0,0,-1
9011,"[41039, 1026]",67996,0,0,-1
9012,"[41039, 1027]",67995,2,1,-1
9013,"[41039, 1028]",67993,158,64,-1
9014,"[41039, 1029]",67991,0,0,-1
9015,"[41039, 1030]",67989,0,0,-1
9016,"[41039, 1031]",67988,2,1,-1
9017,"[41039, 1032]",67985,0,0,-1
9018,"[41039, 1033]",67983,0,0,-1
9019,"[41039, 1034]",67977,158,64,-1
9020,"[41039, 1035]",67973,158,64,-1
9021,"[41039, 1036]",67968,0,0,-1
9022,"[41039, 1122]",63491,156,64,-1
9023,"[41039, 1123]",63484,156,64,-1
9024,"[41039, 1124]",63448,156,64,-1
9025,"[41039, 1125]",63447,158,64,-1
9026,"[41039, 1126]",63446,2,1,-1
9027,"[41039, 1127]",63116,158,64,-1
9028,"[41039, 1128]",63113,0,0,-1
9029,"[41039, 1129]",63112,0,0,-1
9030,"[41039, 1130]",63110,158,64,-1
9031,"[41039, 1131]",63106,0,0,-1
9032,"[41039, 1132]",63105,0,0,-1
9033,"[41039, 1133]",62847,2,1,-1
9034,"[41039, 1134]",62845,0,0,-1
9035,"[41039, 1135]",62833,156,64,-1
9036,"[41039, 1136]",62789,2,1,-1
9037,"[41039, 1138]",62751,158,64,-1
9038,"[41039, 1139]",62750,0,0,-1
9039,"[41039, 1140]",62649,158,64,-1
9040,"[41039, 1143]",62563,158,64,-1
9041,"[41039, 1144]",62558,158,64,-1
9042,"[41039, 1150]",62013,156,64,-1
9043,"[41039, 1153]",60504,158,64,-1
9044,"[41039, 1154]",60497,2,1,-1
9045,"[41039, 1155]",60496,156,64,-1
9046,"[41039, 1156]",60474,158,64,-1
9047,"[41039, 1161]",59701,0,0,-1
9048,"[41039, 1162]",59700,0,0,-1
9049,"[41039, 1163]",59519,158,64,-1
9050,"[41039, 1164]",58160,158,64,-1
9051,"[41039, 1165]",57820,158,64,-1
9052,"[41039, 1166]",57818,158,64,-1
9053,"[41039, 1167]",57810,158,64,-1
9054,"[41039, 1172]",57694,158,64,-1
9055,"[41039, 1173]",57495,0,0,-1
9056,"[41039, 1174]",57494,0,0,-1
9057,"[41039, 1175]",57488,0,0,-1
9058,"[41039, 1176]",57486,156,64,-1
9059,"[41039, 1177]",56964,0,0,-1
9060,"[41039, 1178]",56483,0,0,-1
9061,"[41039, 1179]",56388,158,64,-1
9062,"[41039, 1180]",56386,0,0,-1
9063,"[41039, 1181]",56379,158,64,-1
9064,"[41039, 1184]",56125,0,0,-1
9065,"[41039, 1185]",56123,158,64,-1
9066,"[41039, 1186]",56121,158,64,-1
9067,"[41039, 1190]",55446,158,64,-1
9068,"[41039, 1191]",54475,0,0,-1
9069,"[41039, 1193]",53311,0,0,-1
9070,"[41039, 1197]",53245,158,64,-1
9071,"[41039, 1203]",52459,0,0,-1
9072,"[41039, 1204]",51180,0,0,-1
9073,"[41039, 1205]",51174,0,0,-1
9074,"[41039, 1206]",51173,0,0,-1
9075,"[41039, 1207]",51172,0,0,-1
9076,"[41039, 1208]",51073,0,0,-1
9077,"[41039, 1209]",51072,0,0,-1
9078,"[41039, 1210]",51060,156,64,-1
9079,"[41039, 1211]",51050,0,0,-1
9080,"[41039, 1212]",51044,158,64,-1
9081,"[41039, 1213]",51038,158,64,-1
9082,"[41039, 1215]",49951,158,64,-1
9083,"[41039, 1216]",49871,158,64,-1
9084,"[41039, 1218]",204924,0,0,-1
9085,"[41039, 1219]",204863,158,64,-1
9086,"[41039, 1220]",204791,158,64,-1
9087,"[41039, 1221]",204790,0,0,-1
9088,"[41039, 1222]",204784,158,64,-1
9089,"[41039, 1223]",204681,0,0,-1
9090,"[41039, 1224]",204680,2,1,-1
9091,"[41039, 1225]",204674,0,0,-1
9092,"[41039, 1226]",204669,158,64,-1
9093,"[41039, 1227]",204657,2,1,-1
9094,"[41039, 1228]",204656,158,64,-1
9095,"[41039, 1229]",204652,158,64,-1
9096,"[41039, 1230]",204622,158,64,-1
9097,"[41039, 1231]",203716,158,64,-1
9098,"[41039, 1237]",202344,2,1,-1
9099,"[41039, 1246]",200760,158,64,-1
9100,"[41039, 1247]",200758,0,0,-1
9101,"[41039, 1248]",200757,0,0,-1
9102,"[41039, 1249]",200722,158,64,-1
9103,"[41039, 1252]",200470,158,64,-1
9104,"[41039, 1253]",200338,0,0,-1
9105,"[41039, 1254]",199957,158,64,-1
9106,"[41039, 1255]",199134,158,64,-1
9107,"[41039, 1256]",197548,0,0,-1
9108,"[41039, 1257]",197547,0,0,-1
9109,"[41039, 1258]",197532,0,0,-1
9110,"[41039, 1267]",196541,158,64,-1
9111,"[41039, 1268]",193779,158,64,-1
9112,"[41039, 1269]",193774,0,0,-1
9113,"[41039, 1270]",193009,0,0,-1
9114,"[41039, 1288]",190433,158,64,-1
9115,"[41039, 1289]",190159,158,64,-1
9116,"[41039, 1290]",190158,158,64,-1
9117,"[41039, 1291]",190064,0,0,-1
9118,"[41039, 1292]",190063,0,0,-1
9119,"[41039, 1294]",190012,0,0,-1
9120,"[41039, 1295]",190011,0,0,-1
9121,"[41039, 1345]",164934,158,64,-1
9122,"[41039, 1346]",164933,0,0,-1
9123,"[41039, 1423]",163423,158,64,-1
9124,"[41039, 1424]",163417,0,0,-1
9125,"[41039, 1425]",163416,0,0,-1
9126,"[41039, 1426]",163410,158,64,-1
9127,"[41039, 1427]",163358,0,0,-1
9128,"[41039, 1428]",163357,0,0,-1
9129,"[41039, 1429]",163353,2,1,-1
9130,"[41039, 1430]",163345,2,1,-1
9131,"[41039, 1431]",163344,158,64,-1
9132,"[41039, 1432]",163328,0,0,-1
9133,"[41039, 1433]",163323,158,64,-1
9134,"[41039, 1434]",163302,158,64,-1
9135,"[41039, 1435]",163294,0,0,-1
9136,"[41039, 1444]",162907,158,64,-1
9137,"[41039, 1445]",162905,0,0,-1
9138,"[41039, 1446]",162904,0,0,-1
9139,"[41039, 1484]",158530,156,64,-1
9140,"[41039, 1485]",158483,158,64,-1
9141,"[41039, 1486]",158481,0,0,-1
9142,"[41039, 1487]",158479,0,0,-1
9143,"[41039, 1488]",158474,2,1,-1
9144,"[41039, 1489]",158471,0,0,-1
9145,"[41039, 1490]",158470,0,0,-1
9146,"[41039, 1493]",158362,158,64,-1
9147,"[41039, 1494]",157779,158,64,-1
9148,"[41039, 1495]",157777,0,0,-1
9149,"[41039, 1501]",156521,0,0,-1
9150,"[41039, 1503]",154751,158,64,-1
9151,"[41039, 1504]",154749,158,64,-1
9152,"[41039, 1505]",154709,158,64,-1
9153,"[41039, 1506]",154700,0,0,-1
9154,"[41039, 1507]",154334,0,0,-1
9155,"[41039, 1508]",152894,0,0,-1
9156,"[41039, 1509]",152505,158,64,-1
9157,"[41039, 1515]",146193,0,0,-1
9158,"[41039, 1518]",144931,158,64,-1
9159,"[41039, 1614]",129757,0,0,-1
9160,"[41039, 1616]",129710,156,64,-1
9161,"[41039, 1617]",129709,2,1,-1
9162,"[41039, 1621]",129305,158,64,-1
9163,"[41039, 1636]",128581,0,0,-1
9164,"[41039, 1637]",128578,158,64,-1
9165,"[41039, 1649]",128301,158,64,-1
9166,"[41039, 1650]",128255,0,0,-1
9167,"[41039, 1651]",128254,158,64,-1
9168,"[41039, 1652]",128253,158,64,-1
9169,"[41039, 1653]",128245,0,0,-1
9170,"[41039, 1654]",128196,158,64,-1
9171,"[41039, 1656]",127979,158,64,-1
9172,"[41039, 1657]",127976,0,0,-1
9173,"[41039, 1662]",118836,0,0,0
9174,"[41039, 1663]",118818,158,64,0
9175,"[41039, 1664]",318354,158,64,0
9176,"[41039, 1665]",318353,0,0,0
9177,"[41039, 1666]",312297,158,64,0
9178,"[41039, 1667]",312296,0,0,0
9179,"[41039, 1668]",306281,41,18,0
9180,"[41039, 1674]",304334,0,0,-1
9181,"[41039, 1675]",304333,0,0,-1
9182,"[41039, 1676]",304332,0,0,-1
9183,"[41039, 1677]",304228,158,64,-1
9184,"[41039, 1678]",304226,158,64,-1
9185,"[41039, 1679]",303997,158,64,-1
9186,"[41039, 1680]",303902,158,64,-1
9187,"[41039, 1781]",278115,2,1,-1
9188,"[41039, 1782]",277995,156,64,-1
9189,"[41039, 1783]",277994,158,64,-1
9190,"[41039, 1784]",277992,0,0,-1
9191,"[41039, 1785]",274725,158,64,-1
9192,"[41039, 1787]",273716,158,64,-1
9193,"[41039, 1788]",271508,158,64,-1
9194,"[41039, 1793]",264325,158,64,-1
9195,"[41039, 1794]",264319,158,64,-1
9196,"[41039, 1795]",264282,2,1,-1
9197,"[41039, 1796]",264280,0,0,-1
9198,"[41039, 1797]",264276,158,64,-1
9199,"[41039, 1822]",257680,158,64,-1
9200,"[41039, 1824]",257485,0,0,-1
9201,"[41039, 1826]",257109,2,1,-1
9202,"[41039, 1827]",256879,156,64,-1
9203,"[41039, 1828]",256746,156,64,-1
9204,"[41039, 1829]",256745,0,0,-1
9205,"[41039, 1830]",256743,0,0,-1
9206,"[41039, 1831]",256726,158,64,-1
9207,"[41039, 1832]",256725,0,0,-1
9208,"[41039, 1833]",256724,0,0,-1
9209,"[41039, 1834]",256720,158,64,-1
9210,"[41039, 1835]",256495,158,64,-1
9211,"[41039, 1836]",256494,0,0,-1
9212,"[41039, 1837]",256489,0,0,-1
9213,"[41039, 1944]",234339,156,64,-1
9214,"[41039, 1945]",234338,0,0,-1
9215,"[41039, 1946]",234250,0,0,-1
9216,"[41039, 1947]",234249,0,0,-1
9217,"[41039, 1963]",220698,158,64,-1
9218,"[41039, 1971]",218499,156,64,-1
9219,"[41039, 1972]",218420,156,64,-1
9220,"[41039, 1973]",218411,158,64,-1
9221,"[41039, 1974]",216502,158,64,-1
9222,"[41039, 1978]",216056,0,0,-1
9223,"[41039, 1979]",216054,158,64,-1
9224,"[41039, 1980]",216052,158,64,-1
9225,"[41039, 1988]",209913,0,0,-1
9226,"[41039, 1989]",209879,156,64,-1
9227,"[41039, 1990]",209746,156,64,-1
9228,"[41039, 1999]",505248,0,0,-1
9229,"[41039, 2000]",502208,158,64,-1
9230,"[41039, 2024]",481539,158,64,-1
9231,"[41039, 2025]",481538,0,0,-1
9232,"[41039, 2026]",481471,156,64,-1
9233,"[41039, 2028]",464061,158,64,-1
9234,"[41039, 2091]",411358,2,1,-1
9235,"[41039, 2092]",411357,158,64,-1
9236,"[41039, 2099]",410436,2,1,-1
9237,"[41039, 2100]",410432,158,64,-1
9238,"[41039, 2102]",408361,158,64,-1
9239,"[41039, 2103]",408359,158,64,-1
9240,"[41039, 2123]",398838,158,64,-1
9241,"[41039, 2127]",386880,158,64,-1
9242,"[41039, 2199]",347689,0,0,-1
9243,"[41039, 2200]",347688,158,64,-1
9244,"[41039, 2201]",347683,158,64,-1
9245,"[41039, 2206]",334362,158,64,0
9246,"[41039, 2207]",333299,41,18,0
9247,"[41039, 2262]",560791,158,64,-1
9248,"[41039, 2263]",558032,158,64,-1
9249,"[41039, 2264]",558031,0,0,-1
9250,"[41039, 2308]",527914,158,64,-1
9251,"[41039, 2313]",518538,158,64,-1
9252,"[41039, 2314]",518536,156,64,-1
9253,"[41039, 2320]",507408,158,64,-1
9254,"[41039, 2326]",754023,158,64,-1
9255,"[41039, 2327]",752092,158,64,-1
9256,"[41042, 0]",38,41,18,0
9257,"[41042, 1]",37,55,26,0
9258,"[41042, 2]",36,41,18,0
9259,"[41042, 3]",35,41,18,0
9260,"[41042, 4]",31,2,1,0
9261,"[41042, 5]",30,41,18,0
9262,"[41042, 6]",29,0,0,0
9263,"[41042, 7]",25,0,0,0
9264,"[41042, 8]",24,0,0,0
9265,"[41042, 9]",216,0,0,0
9266,"[41042, 10]",215,0,0,0
9267,"[41042, 11]",214,0,0,0
9268,"[41042, 14]",204,0,0,0
9269,"[41042, 15]",1478,0,0,0
9270,"[41042, 16]",1460,0,0,0
9271,"[41042, 17]",1459,0,0,0
9272,"[41042, 18]",1456,41,18,0
9273,"[41042, 19]",1455,0,0,0
9274,"[41042, 20]",1434,57,26,0
9275,"[41042, 21]",1431,0,0,0
9276,"[41042, 22]",1430,0,0,0
9277,"[41042, 23]",1429,0,0,0
9278,"[41042, 24]",1428,0,0,0
9279,"[41042, 25]",1422,0,0,0
9280,"[41042, 26]",1417,0,0,0
9281,"[41042, 27]",2925,53,24,0
9282,"[41042, 28]",2897,41,18,0
9283,"[41042, 29]",2860,158,64,0
9284,"[41042, 30]",2854,0,0,0
9285,"[41042, 31]",2851,0,0,0
9286,"[41042, 32]",2845,2,1,0
9287,"[41042, 33]",2801,41,18,0
9288,"[41042, 34]",2800,2,1,0
9289,"[41042, 35]",2774,0,0,0
9290,"[41042, 36]",2750,41,18,0
9291,"[41042, 37]",4731,41,18,0
9292,"[41042, 38]",4518,41,18,0
9293,"[41042, 39]",4506,2,1,0
9294,"[41078, 0]",7353,0,0,-1
9295,"[41078, 1]",10850,158,64,1
9296,"[41089, 2]",4853,0,0,-1
9297,"[41102, 17]",2333,156,64,-1
9298,"[41102, 18]",2331,158,64,-1
9299,"[41102, 19]",2330,0,0,-1
9300,"[41102, 36]",4688,0,0,-1
9301,"[41102, 71]",10781,158,64,-1
9302,"[41102, 72]",10604,158,64,-1
9303,"[41102, 95]",15162,158,64,-1
9304,"[41367, 0]",14220,0,0,0
9305,"[41367, 1]",11907,0,0,0
9306,"[41367, 3]",27632,2,1,0
9307,"[41367, 4]",27087,41,18,0
9308,"[41367, 5]",27086,0,0,0
9309,"[41367, 6]",27085,0,0,0
9310,"[41367, 7]",33994,0,0,0
9311,"[41367, 8]",33989,2,1,0
9312,"[41367, 9]",58991,0,0,0
9313,"[41367, 10]",71736,158,64,0
9314,"[41367, 11]",62731,57,26,6
9315,"[41398, 0]",1637,57,26,0
9316,"[41398, 1]",1636,0,0,0
9317,"[41398, 2]",4000,156,64,0
9318,"[41542, 0]",1346,158,64,-1
9319,"[41570, 111]",5121,158,64,-1
9320,"[41570, 560]",67024,0,0,-1
9321,"[41570, 561]",67023,0,0,-1
9322,"[41570, 588]",76067,0,0,-1
9323,"[41570, 589]",76066,0,0,-1
9324,"[41570, 590]",76060,0,0,-1
9325,"[41570, 608]",83133,2,1,-1
9326,"[41570, 609]",83082,0,0,-1
9327,"[41570, 610]",83081,0,0,-1
9328,"[41570, 611]",83077,2,1,-1
9329,"[41570, 615]",88507,0,0,-1
9330,"[41570, 616]",88506,0,0,-1
9331,"[41570, 617]",88501,0,0,-1
9332,"[41570, 619]",90772,2,1,-1
9333,"[41570, 620]",90732,0,0,-1
9334,"[41570, 621]",92760,0,0,-1
9335,"[41570, 622]",93082,57,26,6
9336,"[41570, 623]",93080,0,0,1
9337,"[41570, 624]",93079,0,0,-1
9338,"[41570, 625]",93312,0,0,4
9339,"[41570, 626]",93308,158,64,0
9340,"[41570, 627]",93327,158,64,0
9341,"[41643, 0]",1452,158,64,-1
9342,"[41646, 0]",1286,158,64,0
9343,"[41710, 0]",1403,158,64,-1
9344,"[41764, 0]",12,0,0,-1
9345,"[41764, 1]",10,0,0,-1
9346,"[41764, 2]",9,0,0,-1
9347,"[41764, 3]",208,158,64,-1
9348,"[41764, 4]",206,158,64,-1
9349,"[41764, 5]",205,0,0,-1
9350,"[41764, 6]",195,158,64,-1
9351,"[41764, 7]",648,158,64,-1
9352,"[41764, 8]",647,0,0,-1
9353,"[41764, 9]",2209,0,0,-1
9354,"[41765, 0]",560,158,64,-1
9355,"[41850, 0]",8806,2,1,0
9356,"[41850, 1]",8805,0,0,0
9357,"[41850, 2]",10632,158,64,0
9358,"[41850, 3]",20588,158,64,-1
9359,"[41850, 4]",34335,158,64,3
9360,"[41970, 0]",10057,0,0,-1
9361,"[41970, 1]",13338,158,64,-1
9362,"[41970, 2]",13337,0,0,-1
9363,"[41970, 3]",18664,0,0,-1
9364,"[42171, 30]",718,156,64,-1
9365,"[42171, 31]",717,0,0,-1
9366,"[42171, 34]",2644,158,64,-1
9367,"[42171, 61]",4313,158,64,-1
9368,"[42171, 62]",4311,0,0,-1
9369,"[42171, 70]",5974,158,64,-1
9370,"[42183, 0]",811,158,64,-1
9371,"[42189, 0]",23,41,18,0
9372,"[42189, 1]",22,0,0,0
9373,"[42189, 2]",20,0,0,0
9374,"[42189, 3]",65,158,64,0
9375,"[42189, 4]",64,41,18,0
9376,"[42189, 5]",54,158,64,0
9377,"[42209, 0]",809,0,0,-1
9378,"[42209, 1]",2787,0,0,-1
9379,"[42209, 2]",4276,158,64,-1
9380,"[42256, 0]",3139,0,0,0
9381,"[42256, 1]",3138,59,28,0
9382,"[42256, 2]",6405,158,64,-1
9383,"[42256, 3]",17864,2,1,0
9384,"[42256, 4]",15747,158,64,0
9385,"[42256, 5]",9667,0,0,0
9386,"[42256, 6]",9664,0,0,0
9387,"[42256, 7]",9663,0,0,0
9388,"[42256, 8]",9661,0,0,0
9389,"[42256, 9]",30717,0,0,0
9390,"[42256, 10]",30713,0,0,0
9391,"[42256, 11]",30705,0,0,0
9392,"[42256, 12]",30691,158,64,19
9393,"[42256, 13]",36156,41,18,0
9394,"[42256, 14]",36155,156,64,0
9395,"[42256, 15]",32733,158,64,0
9396,"[42256, 16]",32659,57,26,0
9397,"[42256, 17]",32658,156,64,0
9398,"[42256, 18]",32656,55,26,0
9399,"[42256, 19]",32635,0,0,0
9400,"[42256, 20]",32634,0,0,0
9401,"[42256, 21]",65687,0,0,0
9402,"[42256, 22]",65685,0,0,0
9403,"[42256, 23]",65684,0,0,0
9404,"[42256, 24]",65681,158,64,0
9405,"[42256, 25]",83257,158,64,0
9406,"[42256, 26]",67263,158,64,-1
9407,"[42256, 27]",67255,156,64,-1
9408,"[42256, 28]",67254,158,64,-1
9409,"[42256, 29]",67249,156,64,11
9410,"[42271, 0]",11,0,0,-1
9411,"[42271, 1]",10,0,0,-1
9412,"[42271, 2]",213,0,0,-1
9413,"[42271, 7]",556,0,0,-1
9414,"[42271, 8]",551,0,0,-1
9415,"[42271, 9]",550,0,0,-1
9416,"[42271, 10]",549,0,0,-1
9417,"[42271, 11]",544,158,64,-1
9418,"[42271, 12]",1850,158,64,-1
9419,"[42271, 13]",1847,158,64,-1
9420,"[42271, 14]",1846,0,0,-1
9421,"[42271, 15]",1843,158,64,-1
9422,"[42271, 16]",1841,0,0,-1
9423,"[42271, 17]",1835,0,0,-1
9424,"[42271, 18]",1821,0,0,-1
9425,"[42271, 19]",1820,0,0,-1
9426,"[42271, 23]",2306,0,0,-1
9427,"[42271, 24]",2305,0,0,-1
9428,"[42271, 25]",2300,158,64,-1
9429,"[42271, 26]",2299,0,0,-1
9430,"[42271, 27]",2256,158,64,-1
9431,"[42271, 28]",2207,158,64,-1
9432,"[42271, 29]",2206,2,1,-1
9433,"[42271, 30]",2176,0,0,-1
9434,"[42271, 31]",3462,158,64,-1
9435,"[42271, 32]",3412,0,0,-1
9436,"[42271, 33]",3411,0,0,-1
9437,"[42271, 34]",3406,158,64,-1
9438,"[42271, 37]",4054,156,64,-1
9439,"[42271, 38]",4048,158,64,-1
9440,"[42363, 0]",3325,158,64,-1
9441,"[42381, 33]",129515,158,64,-1
9442,"[42381, 47]",220722,158,64,-1
9443,"[42381, 59]",187559,0,0,-1
9444,"[42381, 60]",187558,0,0,-1
9445,"[42381, 61]",384779,156,64,-1
9446,"[42381, 62]",384778,158,64,-1
9447,"[42381, 63]",384771,158,64,-1
9448,"[42381, 71]",379206,0,0,-1
9449,"[42381, 72]",379205,0,0,-1
9450,"[42381, 79]",351734,156,64,-1
9451,"[42381, 80]",351732,0,0,-1
9452,"[42381, 81]",351731,0,0,-1
9453,"[42381, 85]",632052,158,64,-1
9454,"[42381, 86]",623349,158,64,-1
9455,"[42381, 89]",615811,158,64,-1
9456,"[42381, 91]",574636,158,64,-1
9457,"[42381, 92]",574634,0,0,-1
9458,"[42381, 97]",464287,158,64,-1
9459,"[42381, 106]",650214,158,64,-1
9460,"[42381, 111]",786421,158,64,-1
9461,"[42381, 119]",956947,0,0,-1
9462,"[42381, 123]",999251,2,1,-1
9463,"[42381, 124]",1035297,158,64,-1
9464,"[42524, 0]",19,0,0,-1
9465,"[42524, 1]",18,0,0,-1
9466,"[42524, 2]",144,158,64,-1
9467,"[42524, 3]",133,0,0,-1
9468,"[42524, 4]",118,158,64,-1
9469,"[42524, 5]",117,0,0,-1
9470,"[42524, 6]",115,0,0,-1
9471,"[42524, 7]",113,0,0,-1
9472,"[42524, 8]",108,158,64,-1
9473,"[42524, 9]",105,156,64,-1
9474,"[42524, 10]",100,0,0,-1
9475,"[42524, 11]",99,0,0,-1
9476,"[42524, 12]",512,158,64,-1
9477,"[42524, 13]",511,0,0,-1
9478,"[42524, 14]",506,0,0,-1
9479,"[42524, 15]",401,0,0,-1
9480,"[42524, 16]",400,0,0,-1
9481,"[42524, 17]",393,158,64,-1
9482,"[42524, 18]",389,158,64,-1
9483,"[42524, 19]",323,0,0,-1
9484,"[42524, 20]",322,0,0,-1
9485,"[42524, 21]",315,158,64,-1
9486,"[42524, 22]",311,158,64,-1
9487,"[42524, 23]",297,156,64,-1
9488,"[42524, 24]",295,0,0,-1
9489,"[42524, 25]",294,0,0,-1
9490,"[42524, 26]",292,0,0,-1
9491,"[42524, 27]",1644,158,64,-1
9492,"[42524, 28]",1641,158,64,-1
9493,"[42524, 29]",1639,158,64,-1
9494,"[42524, 30]",1638,0,0,-1
9495,"[42524, 31]",1636,158,64,-1
9496,"[42524, 32]",1635,0,0,-1
9497,"[42524, 33]",1630,158,64,-1
9498,"[42524, 34]",1626,158,64,-1
9499,"[42524, 39]",1611,158,64,-1
9500,"[42524, 40]",1608,158,64,-1
9501,"[42524, 41]",1607,0,0,-1
9502,"[42524, 42]",1604,158,64,-1
9503,"[42524, 47]",1445,0,0,-1
9504,"[42524, 48]",1442,158,64,-1
9505,"[42524, 49]",1439,158,64,-1
9506,"[42524, 50]",1344,0,0,-1
9507,"[42524, 51]",1219,0,0,-1
9508,"[42524, 52]",1215,0,0,-1
9509,"[42524, 53]",1061,2,1,-1
9510,"[42524, 54]",1058,158,64,-1
9511,"[42524, 55]",1057,156,64,-1
9512,"[42524, 56]",1024,158,64,-1
9513,"[42524, 57]",1023,2,1,-1
9514,"[42524, 58]",1020,0,0,-1
9515,"[42524, 59]",3255,2,1,-1
9516,"[42524, 60]",3148,156,64,-1
9517,"[42524, 61]",3123,0,0,-1
9518,"[42524, 62]",3122,0,0,-1
9519,"[42524, 63]",2964,0,0,-1
9520,"[42524, 64]",2336,2,1,-1
9521,"[42524, 65]",2043,2,1,-1
9522,"[42524, 66]",2042,158,64,-1
9523,"[42524, 72]",1834,0,0,-1
9524,"[42524, 74]",1796,158,64,-1
9525,"[42524, 82]",6658,0,0,-1
9526,"[42524, 83]",5845,2,1,-1
9527,"[42524, 84]",5843,158,64,-1
9528,"[42524, 85]",5840,158,64,-1
9529,"[42524, 87]",4466,0,0,-1
9530,"[42524, 88]",4331,158,64,-1
9531,"[42524, 89]",4328,0,0,-1
9532,"[42524, 90]",4326,158,64,-1
9533,"[42524, 91]",4324,158,64,-1
9534,"[42524, 92]",8812,0,0,-1
9535,"[42524, 96]",7678,158,64,-1
9536,"[42524, 100]",9392,158,64,-1
9537,"[42578, 44]",10230,0,0,-1
9538,"[42578, 45]",15430,41,18,2
9539,"[42608, 0]",5811,158,64,0
9540,"[42608, 1]",5808,0,0,0
9541,"[42608, 2]",6364,57,26,0
9542,"[42616, 5]",90413,156,64,-1
9543,"[42654, 0]",627,158,64,0
9544,"[42654, 1]",626,0,0,0
9545,"[42654, 2]",3098,158,64,0
9546,"[42654, 3]",9400,158,64,-1
9547,"[42665, 0]",110,158,64,-1
9548,"[42690, 0]",2674,158,64,-1
9549,"[42690, 1]",2673,158,64,-1
9550,"[42714, 0]",41746,2,1,-1
9551,"[42731, 1]",5780,53,24,15
9552,"[42757, 0]",6373,158,64,0
9553,"[42913, 0]",403,158,64,0
9554,"[42981, 8]",2702,158,64,-1
9555,"[42981, 9]",2698,0,0,-1
9556,"[42981, 10]",2697,0,0,-1
9557,"[42981, 11]",2696,0,0,-1
9558,"[42981, 19]",4635,156,64,-1
9559,"[42981, 20]",4628,158,64,-1
9560,"[42981, 21]",4625,158,64,-1
9561,"[42981, 22]",4622,158,64,-1
9562,"[43000, 0]",16641,158,64,1
9563,"[43024, 0]",914,156,64,-1
9564,"[43127, 0]",1594,57,26,0
9565,"[43146, 0]",988,0,0,0
9566,"[43146, 1]",1827,0,0,0
9567,"[43146, 2]",2710,57,26,0
9568,"[43187, 0]",2767,158,64,-1
9569,"[43237, 2]",7339,158,64,-1
9570,"[43237, 3]",7337,0,0,-1
9571,"[43237, 4]",7335,0,0,-1
9572,"[43237, 15]",20060,0,0,-1
9573,"[43237, 16]",20054,0,0,-1
9574,"[43237, 17]",30095,0,0,-1
9575,"[43237, 18]",30042,0,0,-1
9576,"[43237, 19]",30041,0,0,-1
9577,"[43237, 31]",71043,158,64,-1
9578,"[43237, 32]",71041,158,64,-1
9579,"[43237, 33]",71039,0,0,-1
9580,"[43237, 38]",50092,158,64,-1
9581,"[43237, 39]",50091,0,0,-1
9582,"[43237, 40]",50084,2,1,-1
9583,"[43237, 41]",50058,156,64,-1
9584,"[43237, 43]",75577,158,64,-1
9585,"[43237, 44]",75576,0,0,-1
9586,"[43237, 48]",139844,158,64,-1
9587,"[43237, 49]",139842,158,64,-1
9588,"[43237, 50]",120538,0,0,-1
9589,"[43237, 51]",147959,158,64,-1
9590,"[43237, 52]",147957,0,0,-1
9591,"[43237, 53]",177485,156,64,-1
9592,"[43237, 54]",165390,158,64,-1
9593,"[43317, 0]",1521,158,64,-1
9594,"[43317, 1]",1518,156,64,-1
9595,"[43404, 0]",880,2,1,-1
9596,"[43425, 19]",2211,0,0,-1
9597,"[43425, 20]",3417,0,0,-1
9598,"[43425, 25]",3680,158,64,-1
9599,"[43444, 0]",17443,158,64,0
9600,"[43444, 1]",17441,0,0,0
9601,"[43444, 2]",24642,0,0,0
9602,"[43444, 3]",55173,158,64,-1
9603,"[43481, 0]",1463,0,0,0
9604,"[43481, 1]",2825,2,1,0
9605,"[43523, 0]",8259,0,0,0
9606,"[43523, 1]",13949,0,0,0
9607,"[43523, 2]",15418,156,64,0
9608,"[43566, 0]",7870,2,1,0
9609,"[43566, 1]",7868,0,0,0
9610,"[43566, 2]",15851,41,18,0
9611,"[43573, 0]",11949,0,0,0
9612,"[43573, 1]",11947,0,0,0
9613,"[43573, 2]",13903,2,1,0
9614,"[43573, 3]",13889,0,0,0
9615,"[43573, 4]",15042,158,64,-1
9616,"[43675, 0]",5106,158,64,-1
9617,"[43741, 48]",4263,54,24,-1
9618,"[43741, 49]",4262,0,0,-1
9619,"[43741, 50]",4259,0,0,-1
9620,"[43741, 52]",6791,0,0,-1
9621,"[43741, 53]",6787,0,0,-1
9622,"[43741, 58]",6915,0,0,-1
9623,"[43741, 59]",8107,2,1,-1
9624,"[43742, 2]",780,158,64,-1
9625,"[43742, 3]",1896,158,64,-1
9626,"[43872, 0]",671,158,64,9
9627,"[43952, 0]",5390,0,0,-1
9628,"[43990, 0]",12599,156,64,-1
9629,"[44017, 0]",22,0,0,-1
9630,"[44017, 3]",135,0,0,-1
9631,"[44017, 31]",1790,0,0,-1
9632,"[44017, 32]",1789,0,0,-1
9633,"[44017, 33]",1788,0,0,-1
9634,"[44017, 54]",2459,158,64,-1
9635,"[44017, 55]",2456,0,0,-1
9636,"[44017, 56]",2455,0,0,-1
9637,"[44017, 76]",4281,0,0,-1
9638,"[44017, 89]",6592,158,64,-1
9639,"[44088, 34]",3547,158,64,-1
9640,"[44088, 35]",3545,0,0,-1
9641,"[44088, 36]",3543,0,0,-1
9642,"[44088, 37]",3542,158,64,-1
9643,"[44088, 54]",14175,158,64,-1
9644,"[44088, 56]",14138,156,64,-1
9645,"[44088, 57]",14137,158,64,-1
9646,"[44088, 58]",14136,158,64,-1
9647,"[44088, 59]",14135,158,64,-1
9648,"[44088, 60]",14134,158,64,-1
9649,"[44088, 61]",14133,158,64,-1
9650,"[44088, 62]",14131,158,64,-1
9651,"[44088, 63]",14130,158,64,-1
9652,"[44088, 64]",14129,158,64,-1
9653,"[44088, 65]",14125,158,64,-1
9654,"[44088, 90]",19898,0,0,-1
9655,"[44088, 102]",35759,0,0,-1
9656,"[44088, 103]",35758,0,0,-1
9657,"[44088, 110]",50615,156,64,-1
9658,"[44088, 111]",50611,158,64,-1
9659,"[44093, 0]",1153,158,64,-1
9660,"[44093, 1]",1151,0,0,-1
9661,"[44093, 2]",4263,0,0,-1
9662,"[44093, 3]",4255,158,64,-1
9663,"[44093, 4]",4253,0,0,-1
9664,"[44093, 6]",6326,158,64,-1
9665,"[44093, 7]",6276,158,64,-1
9666,"[44093, 8]",6273,158,64,-1
9667,"[44093, 9]",6270,2,1,-1
9668,"[44093, 10]",6268,158,64,-1
9669,"[44093, 11]",13810,2,1,-1
9670,"[44093, 12]",13768,158,64,-1
9671,"[44093, 13]",13767,2,1,-1
9672,"[44093, 14]",16621,0,0,-1
9673,"[44107, 0]",1935,158,64,-1
9674,"[44107, 1]",19695,158,64,-1
9675,"[44107, 2]",19694,0,0,-1
9676,"[44107, 3]",19693,156,64,-1
9677,"[44107, 4]",11597,158,64,-1
9678,"[44107, 5]",97473,158,64,-1
9679,"[44179, 0]",1293,158,64,-1
9680,"[44207, 0]",729,158,64,-1
9681,"[44234, 0]",2099,158,64,-1
9682,"[44269, 0]",10179,158,64,2
9683,"[44269, 1]",10177,158,64,-1
9684,"[44269, 2]",12649,156,64,0
9685,"[44269, 3]",12648,2,1,0
9686,"[44306, 0]",24419,2,1,-1
9687,"[44306, 1]",34939,158,64,-1
9688,"[44306, 2]",34938,158,64,-1
9689,"[44363, 0]",7733,158,64,-1
9690,"[44367, 0]",5689,158,64,0
9691,"[44367, 1]",5688,0,0,0
9692,"[44367, 3]",6362,158,64,0
9693,"[44397, 0]",3944,158,64,-1
9694,"[44397, 1]",41509,158,64,-1
9695,"[44411, 0]",4418,158,64,-1
9696,"[44433, 182]",14545,0,0,-1
9697,"[44433, 183]",14544,0,0,-1
9698,"[44433, 184]",14543,0,0,-1
9699,"[44433, 185]",14542,0,0,-1
9700,"[44433, 186]",14541,0,0,-1
9701,"[44433, 201]",17896,158,64,-1
9702,"[44433, 202]",17895,158,64,-1
9703,"[44433, 203]",17893,158,64,-1
9704,"[44433, 204]",17891,2,1,-1
9705,"[44433, 205]",17883,158,64,-1
9706,"[44433, 206]",17882,158,64,-1
9707,"[44433, 207]",17877,0,0,-1
9708,"[44433, 208]",17872,158,64,-1
9709,"[44433, 211]",22832,0,0,-1
9710,"[44433, 213]",24416,2,1,-1
9711,"[44495, 0]",299,156,64,-1
9712,"[44495, 1]",296,158,64,-1
9713,"[44495, 2]",277,0,0,-1
9714,"[44495, 3]",267,158,64,-1
9715,"[44495, 4]",253,158,64,-1
9716,"[44495, 5]",219,0,0,-1
9717,"[44495, 6]",205,158,64,-1
9718,"[44495, 7]",2669,156,64,-1
9719,"[44495, 8]",2666,158,64,-1
9720,"[44495, 9]",2653,158,64,-1
9721,"[44495, 10]",2651,0,0,-1
9722,"[44495, 11]",2642,158,64,-1
9723,"[44495, 12]",2635,158,64,-1
9724,"[44495, 13]",2621,158,64,-1
9725,"[44495, 14]",2619,0,0,-1
9726,"[44495, 15]",2618,158,64,-1
9727,"[44495, 16]",2614,2,1,-1
9728,"[44495, 17]",2603,158,64,-1
9729,"[44495, 18]",2602,0,0,-1
9730,"[44495, 19]",2594,0,0,-1
9731,"[44495, 20]",2593,0,0,-1
9732,"[44495, 21]",2562,2,1,-1
9733,"[44495, 22]",2554,156,64,-1
9734,"[44495, 23]",2550,2,1,-1
9735,"[44495, 24]",2548,158,64,-1
9736,"[44495, 25]",2547,0,0,-1
9737,"[44495, 26]",2539,0,0,-1
9738,"[44495, 27]",2537,0,0,-1
9739,"[44495, 28]",2536,158,64,-1
9740,"[44495, 29]",2530,0,0,-1
9741,"[44495, 30]",2529,0,0,-1
9742,"[44495, 31]",2528,0,0,-1
9743,"[44495, 32]",2526,0,0,-1
9744,"[44495, 33]",2509,158,64,-1
9745,"[44495, 34]",2505,0,0,-1
9746,"[44495, 35]",2495,0,0,-1
9747,"[44495, 36]",2480,158,64,6
9748,"[44495, 37]",2468,0,0,-1
9749,"[44495, 38]",2467,158,64,-1
9750,"[44495, 39]",2466,0,0,-1
9751,"[44495, 40]",2447,158,64,-1
9752,"[44495, 41]",2443,158,64,-1
9753,"[44495, 44]",2407,158,64,-1
9754,"[44495, 45]",2404,158,64,-1
9755,"[44495, 46]",2403,158,64,-1
9756,"[44495, 47]",2402,158,64,-1
9757,"[44495, 48]",2401,0,0,-1
9758,"[44495, 49]",2400,158,64,-1
9759,"[44495, 50]",2399,0,0,-1
9760,"[44495, 51]",2397,0,0,-1
9761,"[44495, 52]",2393,0,0,-1
9762,"[44495, 53]",2383,158,64,-1
9763,"[44495, 54]",2364,158,64,-1
9764,"[44495, 55]",2362,0,0,-1
9765,"[44495, 56]",2361,158,64,-1
9766,"[44495, 57]",2358,0,0,-1
9767,"[44495, 58]",2347,156,64,-1
9768,"[44495, 59]",2344,158,64,-1
9769,"[44495, 60]",2343,0,0,-1
9770,"[44495, 61]",2319,0,0,-1
9771,"[44495, 62]",2318,0,0,-1
9772,"[44495, 63]",2303,0,0,-1
9773,"[44495, 64]",2298,158,64,-1
9774,"[44495, 65]",2296,0,0,-1
9775,"[44495, 66]",2279,2,1,-1
9776,"[44495, 67]",2272,0,0,-1
9777,"[44495, 68]",2263,158,64,-1
9778,"[44495, 69]",2213,0,0,-1
9779,"[44495, 70]",2212,158,64,-1
9780,"[44495, 71]",6561,2,1,-1
9781,"[44495, 72]",6518,156,64,-1
9782,"[44495, 73]",6514,0,0,-1
9783,"[44495, 74]",6513,0,0,-1
9784,"[44495, 75]",6326,0,0,-1
9785,"[44495, 81]",6308,156,64,-1
9786,"[44495, 82]",6307,158,64,-1
9787,"[44495, 83]",6304,0,0,-1
9788,"[44495, 84]",6297,0,0,-1
9789,"[44495, 85]",6261,0,0,-1
9790,"[44495, 86]",6250,158,64,-1
9791,"[44495, 87]",6234,158,64,-1
9792,"[44495, 88]",6222,158,64,-1
9793,"[44495, 89]",6210,158,64,-1
9794,"[44495, 90]",6209,158,64,-1
9795,"[44495, 91]",6201,158,64,-1
9796,"[44495, 92]",6192,0,0,-1
9797,"[44495, 93]",6172,2,1,-1
9798,"[44495, 94]",6154,158,64,-1
9799,"[44495, 95]",6153,156,64,-1
9800,"[44495, 96]",6103,0,0,-1
9801,"[44495, 97]",6096,156,64,-1
9802,"[44495, 98]",6095,0,0,-1
9803,"[44495, 99]",6025,0,0,-1
9804,"[44495, 100]",5999,158,64,-1
9805,"[44495, 101]",5998,0,0,-1
9806,"[44495, 102]",5988,2,1,-1
9807,"[44495, 103]",5985,158,64,-1
9808,"[44495, 104]",5984,158,64,-1
9809,"[44495, 105]",5964,158,64,-1
9810,"[44495, 106]",5959,0,0,-1
9811,"[44495, 107]",5905,158,64,-1
9812,"[44495, 108]",5898,158,64,-1
9813,"[44495, 109]",5881,0,0,-1
9814,"[44495, 110]",5862,158,64,-1
9815,"[44495, 111]",5813,158,64,-1
9816,"[44495, 112]",5812,0,0,-1
9817,"[44495, 113]",5803,0,0,-1
9818,"[44495, 114]",5796,158,64,-1
9819,"[44495, 115]",5790,2,1,-1
9820,"[44495, 116]",5775,158,64,-1
9821,"[44495, 126]",5608,156,64,-1
9822,"[44495, 127]",5607,0,0,-1
9823,"[44495, 128]",5606,0,0,-1
9824,"[44495, 129]",5446,0,0,-1
9825,"[44495, 130]",5421,158,64,0
9826,"[44495, 131]",5420,158,64,0
9827,"[44495, 132]",5419,0,0,0
9828,"[44495, 133]",5417,0,0,0
9829,"[44495, 134]",5416,158,64,0
9830,"[44495, 135]",5415,0,0,0
9831,"[44495, 136]",5414,0,0,0
9832,"[44495, 137]",5410,0,0,0
9833,"[44495, 138]",5409,0,0,0
9834,"[44495, 139]",5332,0,0,5
9835,"[44495, 140]",5331,156,64,-1
9836,"[44495, 141]",5329,0,0,1
9837,"[44495, 142]",5274,0,0,-1
9838,"[44495, 143]",5273,156,64,-1
9839,"[44495, 144]",5269,158,64,-1
9840,"[44495, 145]",5267,158,64,-1
9841,"[44495, 146]",5256,158,64,-1
9842,"[44495, 147]",5255,0,0,-1
9843,"[44495, 148]",5247,158,64,-1
9844,"[44495, 149]",5245,158,64,-1
9845,"[44495, 150]",5142,158,64,-1
9846,"[44495, 151]",5140,158,64,-1
9847,"[44495, 152]",5139,0,0,-1
9848,"[44495, 153]",5132,0,0,-1
9849,"[44495, 154]",5131,0,0,-1
9850,"[44495, 155]",5121,0,0,-1
9851,"[44495, 156]",5118,158,64,-1
9852,"[44495, 157]",5117,158,64,-1
9853,"[44495, 158]",5111,0,0,-1
9854,"[44495, 159]",5104,158,64,-1
9855,"[44495, 160]",5095,0,0,-1
9856,"[44495, 161]",5088,158,64,-1
9857,"[44495, 162]",5072,0,0,-1
9858,"[44495, 163]",5068,158,64,-1
9859,"[44495, 164]",5058,158,64,-1
9860,"[44495, 165]",5057,0,0,-1
9861,"[44495, 166]",5056,0,0,-1
9862,"[44495, 167]",5051,0,0,-1
9863,"[44495, 168]",5047,0,0,-1
9864,"[44495, 169]",5037,158,64,-1
9865,"[44495, 170]",4941,158,64,-1
9866,"[44495, 171]",4913,158,64,-1
9867,"[44495, 172]",4907,0,0,-1
9868,"[44495, 173]",4896,158,64,-1
9869,"[44495, 174]",4895,0,0,-1
9870,"[44495, 175]",4886,0,0,-1
9871,"[44495, 176]",4882,2,1,-1
9872,"[44495, 177]",4877,0,0,-1
9873,"[44495, 178]",4869,156,64,-1
9874,"[44495, 179]",4867,0,0,-1
9875,"[44495, 180]",4865,0,0,-1
9876,"[44495, 181]",4819,0,0,-1
9877,"[44495, 182]",4818,158,64,-1
9878,"[44495, 183]",4812,0,0,-1
9879,"[44495, 184]",4776,156,64,-1
9880,"[44495, 185]",4760,0,0,-1
9881,"[44495, 186]",4759,0,0,-1
9882,"[44495, 187]",4717,158,64,-1
9883,"[44495, 188]",4700,156,64,-1
9884,"[44495, 189]",4695,158,64,-1
9885,"[44495, 190]",4693,0,0,-1
9886,"[44495, 191]",4691,0,0,-1
9887,"[44495, 192]",4686,0,0,-1
9888,"[44495, 193]",4646,158,64,-1
9889,"[44495, 194]",4555,0,0,-1
9890,"[44495, 195]",4549,0,0,-1
9891,"[44495, 196]",4497,156,64,-1
9892,"[44495, 197]",4495,158,64,-1
9893,"[44495, 198]",4493,0,0,-1
9894,"[44495, 199]",4484,158,64,-1
9895,"[44495, 200]",3948,158,64,-1
9896,"[44495, 201]",23677,158,64,-1
9897,"[44495, 202]",21565,158,64,-1
9898,"[44495, 203]",21545,0,0,-1
9899,"[44495, 204]",21544,0,0,-1
9900,"[44495, 205]",21543,0,0,-1
9901,"[44495, 206]",21530,156,64,-1
9902,"[44495, 207]",21526,0,0,-1
9903,"[44495, 208]",21516,158,64,-1
9904,"[44495, 209]",21329,0,0,-1
9905,"[44495, 210]",21321,0,0,-1
9906,"[44495, 211]",21319,158,64,-1
9907,"[44495, 212]",21315,0,0,-1
9908,"[44495, 213]",21308,158,64,-1
9909,"[44495, 214]",21307,156,64,-1
9910,"[44495, 215]",21187,158,64,-1
9911,"[44495, 216]",21185,158,64,-1
9912,"[44495, 217]",21163,0,0,-1
9913,"[44495, 218]",21155,2,1,-1
9914,"[44495, 219]",21125,158,64,-1
9915,"[44495, 220]",21124,158,64,-1
9916,"[44495, 221]",20950,158,64,-1
9917,"[44495, 222]",20946,0,0,-1
9918,"[44495, 223]",20945,0,0,-1
9919,"[44495, 224]",20765,0,0,-1
9920,"[44495, 225]",20761,158,64,16
9921,"[44495, 226]",20760,156,64,7
9922,"[44495, 227]",20758,0,0,-1
9923,"[44495, 228]",20521,0,0,-1
9924,"[44495, 229]",20468,0,0,-1
9925,"[44495, 230]",20356,0,0,-1
9926,"[44495, 231]",20355,158,64,-1
9927,"[44495, 232]",20354,0,0,-1
9928,"[44495, 233]",20348,0,0,-1
9929,"[44495, 234]",20343,0,0,-1
9930,"[44495, 235]",20297,156,64,-1
9931,"[44495, 236]",20284,0,0,-1
9932,"[44495, 237]",20248,158,64,-1
9933,"[44495, 238]",20245,0,0,-1
9934,"[44495, 239]",20242,0,0,-1
9935,"[44495, 240]",20233,0,0,-1
9936,"[44495, 241]",20229,158,64,-1
9937,"[44495, 242]",20228,158,64,-1
9938,"[44495, 243]",20224,0,0,-1
9939,"[44495, 244]",20202,156,64,-1
9940,"[44495, 245]",20199,0,0,-1
9941,"[44495, 246]",20172,0,0,-1
9942,"[44495, 247]",20165,158,64,-1
9943,"[44495, 248]",20162,0,0,-1
9944,"[44495, 249]",20148,0,0,-1
9945,"[44495, 250]",19452,158,64,-1
9946,"[44495, 251]",19450,158,64,-1
9947,"[44495, 252]",19435,158,64,-1
9948,"[44495, 253]",19426,0,0,-1
9949,"[44495, 254]",19425,0,0,-1
9950,"[44495, 255]",19414,158,64,-1
9951,"[44495, 256]",19407,0,0,-1
9952,"[44495, 257]",19311,158,64,-1
9953,"[44495, 258]",19310,0,0,-1
9954,"[44495, 259]",19148,156,64,-1
9955,"[44495, 260]",19146,0,0,-1
9956,"[44495, 261]",19139,158,64,-1
9957,"[44495, 262]",19138,158,64,-1
9958,"[44495, 263]",19128,158,64,-1
9959,"[44495, 264]",19123,0,0,-1
9960,"[44495, 265]",19122,0,0,-1
9961,"[44495, 266]",19075,0,0,-1
9962,"[44495, 267]",19038,156,64,-1
9963,"[44495, 268]",19011,158,64,-1
9964,"[44495, 269]",18999,158,64,-1
9965,"[44495, 270]",18950,0,0,-1
9966,"[44495, 271]",18912,158,64,-1
9967,"[44495, 272]",18767,0,0,-1
9968,"[44495, 273]",18765,0,0,-1
9969,"[44495, 274]",18740,0,0,-1
9970,"[44495, 275]",18693,59,26,0
9971,"[44495, 276]",18685,158,64,0
9972,"[44495, 277]",18398,0,0,-1
9973,"[44495, 278]",18393,0,0,-1
9974,"[44495, 279]",18392,0,0,-1
9975,"[44495, 280]",18388,158,64,-1
9976,"[44495, 281]",18379,0,0,1
9977,"[44495, 282]",18374,0,0,0
9978,"[44495, 283]",18348,59,28,0
9979,"[44495, 287]",17447,156,64,-1
9980,"[44495, 288]",17445,2,1,-1
9981,"[44495, 289]",17443,0,0,-1
9982,"[44495, 294]",17298,158,64,-1
9983,"[44495, 305]",17068,0,0,-1
9984,"[44495, 306]",16461,0,0,-1
9985,"[44495, 307]",16460,0,0,-1
9986,"[44495, 308]",16410,158,64,-1
9987,"[44495, 309]",16037,156,64,-1
9988,"[44495, 310]",16035,0,0,-1
9989,"[44495, 311]",16028,0,0,-1
9990,"[44495, 312]",16026,0,0,-1
9991,"[44495, 313]",15974,0,0,-1
9992,"[44495, 314]",15969,0,0,-1
9993,"[44495, 315]",15968,0,0,-1
9994,"[44495, 316]",15913,158,64,-1
9995,"[44495, 317]",15910,0,0,-1
9996,"[44495, 318]",15908,0,0,-1
9997,"[44495, 319]",15826,0,0,-1
9998,"[44495, 320]",15803,156,64,-1
9999,"[44495, 321]",15802,0,0,-1
10000,"[44495, 322]",15603,2,1,-1
10001,"[44495, 323]",15546,0,0,-1
10002,"[44495, 324]",15483,0,0,-1
10003,"[44495, 325]",15478,156,64,-1
10004,"[44495, 326]",15476,0,0,-1
10005,"[44495, 327]",15370,158,64,-1
10006,"[44495, 328]",15369,0,0,-1
10007,"[44495, 329]",15362,158,64,-1
10008,"[44495, 330]",15341,158,64,-1
10009,"[44495, 331]",15340,158,64,-1
10010,"[44495, 332]",15331,158,64,-1
10011,"[44495, 333]",15328,156,64,-1
10012,"[44495, 334]",15316,158,64,-1
10013,"[44495, 335]",15314,158,64,-1
10014,"[44495, 336]",15312,0,0,-1
10015,"[44495, 337]",15311,0,0,-1
10016,"[44495, 338]",15304,158,64,-1
10017,"[44495, 339]",15303,0,0,-1
10018,"[44495, 340]",15301,0,0,-1
10019,"[44495, 341]",15294,0,0,-1
10020,"[44495, 342]",15291,0,0,-1
10021,"[44495, 343]",15286,2,1,-1
10022,"[44495, 344]",15099,158,64,-1
10023,"[44495, 345]",15098,158,64,-1
10024,"[44495, 346]",15096,0,0,-1
10025,"[44495, 347]",15041,158,64,-1
10026,"[44495, 348]",15039,158,64,-1
10027,"[44495, 351]",14696,0,0,-1
10028,"[44495, 352]",14473,0,0,-1
10029,"[44495, 353]",14286,0,0,-1
10030,"[44495, 359]",14197,158,64,-1
10031,"[44495, 360]",12950,0,0,-1
10032,"[44495, 361]",12949,0,0,-1
10033,"[44495, 362]",12945,158,64,-1
10034,"[44495, 363]",50698,0,0,-1
10035,"[44495, 364]",50525,2,1,-1
10036,"[44495, 365]",50522,0,0,-1
10037,"[44495, 366]",50516,158,64,-1
10038,"[44495, 367]",50515,158,64,-1
10039,"[44495, 368]",50514,2,1,-1
10040,"[44495, 374]",49876,0,0,-1
10041,"[44495, 375]",49875,0,0,-1
10042,"[44495, 376]",48711,158,64,-1
10043,"[44495, 379]",48366,158,64,-1
10044,"[44495, 380]",48362,158,64,-1
10045,"[44495, 381]",46552,0,0,-1
10046,"[44495, 382]",46546,0,0,-1
10047,"[44495, 383]",46545,0,0,-1
10048,"[44495, 384]",46541,156,64,-1
10049,"[44495, 385]",46533,0,0,-1
10050,"[44495, 386]",46523,0,0,-1
10051,"[44495, 387]",46502,158,64,-1
10052,"[44495, 388]",46478,158,64,-1
10053,"[44495, 389]",46469,156,64,-1
10054,"[44495, 390]",46466,0,0,-1
10055,"[44495, 391]",46324,2,1,-1
10056,"[44495, 392]",46322,0,0,-1
10057,"[44495, 393]",46265,0,0,-1
10058,"[44495, 394]",46263,0,0,-1
10059,"[44495, 395]",46262,158,64,-1
10060,"[44495, 396]",46261,158,64,-1
10061,"[44495, 397]",46219,0,0,-1
10062,"[44495, 398]",46215,0,0,-1
10063,"[44495, 399]",46184,0,0,-1
10064,"[44495, 400]",46183,0,0,-1
10065,"[44495, 401]",46179,158,64,-1
10066,"[44495, 402]",46177,0,0,-1
10067,"[44495, 403]",46141,158,64,-1
10068,"[44495, 404]",45792,0,0,-1
10069,"[44495, 405]",45783,156,64,-1
10070,"[44495, 406]",45781,158,64,-1
10071,"[44495, 407]",45779,0,0,-1
10072,"[44495, 408]",45751,0,0,-1
10073,"[44495, 413]",45252,0,0,-1
10074,"[44495, 414]",45251,0,0,-1
10075,"[44495, 415]",45103,156,64,-1
10076,"[44495, 416]",45100,156,64,-1
10077,"[44495, 417]",45010,0,0,-1
10078,"[44495, 418]",45009,0,0,-1
10079,"[44495, 419]",45007,158,64,-1
10080,"[44495, 420]",45006,0,0,-1
10081,"[44495, 421]",44848,156,64,-1
10082,"[44495, 422]",44843,158,64,-1
10083,"[44495, 423]",44820,0,0,-1
10084,"[44495, 424]",44739,158,64,-1
10085,"[44495, 425]",44735,0,0,-1
10086,"[44495, 426]",44700,158,64,-1
10087,"[44495, 427]",44465,158,64,-1
10088,"[44495, 428]",44464,0,0,-1
10089,"[44495, 429]",44458,158,64,-1
10090,"[44495, 430]",43706,156,64,-1
10091,"[44495, 431]",43703,158,64,-1
10092,"[44495, 432]",43695,0,0,-1
10093,"[44495, 433]",43693,158,64,-1
10094,"[44495, 434]",43686,0,0,-1
10095,"[44495, 458]",42255,156,64,-1
10096,"[44495, 459]",40942,156,64,0
10097,"[44495, 460]",40912,158,64,2
10098,"[44495, 461]",40823,158,64,5
10099,"[44495, 462]",40820,0,0,-1
10100,"[44495, 463]",40793,57,26,-1
10101,"[44495, 464]",39611,0,0,-1
10102,"[44495, 465]",39610,0,0,-1
10103,"[44495, 466]",38466,158,64,-1
10104,"[44495, 467]",38274,156,64,-1
10105,"[44495, 472]",38023,158,64,-1
10106,"[44495, 473]",37810,0,0,-1
10107,"[44495, 474]",37459,158,64,-1
10108,"[44495, 475]",37312,2,1,-1
10109,"[44495, 476]",37301,158,64,-1
10110,"[44495, 477]",37299,0,0,-1
10111,"[44495, 478]",37241,158,64,-1
10112,"[44495, 479]",37164,158,64,-1
10113,"[44495, 480]",37101,156,64,-1
10114,"[44495, 481]",37034,158,64,-1
10115,"[44495, 482]",36233,158,64,-1
10116,"[44495, 483]",36128,0,0,-1
10117,"[44495, 484]",36091,2,1,-1
10118,"[44495, 485]",36089,156,64,-1
10119,"[44495, 486]",36087,0,0,-1
10120,"[44495, 487]",36083,0,0,-1
10121,"[44495, 488]",36081,0,0,-1
10122,"[44495, 489]",36080,0,0,-1
10123,"[44495, 490]",33414,2,1,-1
10124,"[44495, 491]",33412,158,64,-1
10125,"[44495, 492]",33404,0,0,-1
10126,"[44495, 493]",33401,158,64,-1
10127,"[44495, 494]",33399,158,64,-1
10128,"[44495, 495]",33398,156,64,-1
10129,"[44495, 496]",33347,0,0,-1
10130,"[44495, 497]",33304,156,64,-1
10131,"[44495, 498]",33301,0,0,-1
10132,"[44495, 499]",33300,0,0,-1
10133,"[44495, 500]",33283,158,64,-1
10134,"[44495, 501]",33155,158,64,-1
10135,"[44495, 502]",33124,0,0,-1
10136,"[44495, 503]",33113,158,64,-1
10137,"[44495, 504]",33110,0,0,-1
10138,"[44495, 506]",33000,158,64,-1
10139,"[44495, 507]",32997,158,64,-1
10140,"[44495, 508]",32990,0,0,-1
10141,"[44495, 509]",32927,158,64,-1
10142,"[44495, 510]",32925,158,64,-1
10143,"[44495, 511]",32923,0,0,-1
10144,"[44495, 512]",32786,158,64,-1
10145,"[44495, 513]",32783,0,0,-1
10146,"[44495, 514]",32738,158,64,-1
10147,"[44495, 515]",32661,156,64,-1
10148,"[44495, 516]",32660,158,64,-1
10149,"[44495, 517]",32659,0,0,-1
10150,"[44495, 518]",32645,158,64,-1
10151,"[44495, 522]",31734,158,64,-1
10152,"[44495, 523]",31731,0,0,-1
10153,"[44495, 524]",30968,156,64,2
10154,"[44495, 525]",29147,158,64,-1
10155,"[44495, 526]",29142,0,0,-1
10156,"[44495, 527]",28797,158,64,-1
10157,"[44495, 528]",28795,156,64,-1
10158,"[44495, 529]",28468,0,0,-1
10159,"[44495, 530]",28435,0,0,-1
10160,"[44495, 531]",28402,158,64,-1
10161,"[44495, 532]",28400,158,64,-1
10162,"[44495, 533]",28258,156,64,-1
10163,"[44495, 534]",28088,156,64,-1
10164,"[44495, 535]",28087,0,0,-1
10165,"[44495, 536]",112422,156,64,-1
10166,"[44495, 537]",108427,158,64,-1
10167,"[44495, 540]",104715,158,64,-1
10168,"[44495, 541]",104625,0,0,-1
10169,"[44495, 542]",103417,158,64,-1
10170,"[44495, 544]",101511,156,64,-1
10171,"[44495, 545]",101510,158,64,-1
10172,"[44495, 546]",101415,0,0,-1
10173,"[44495, 547]",101248,0,0,-1
10174,"[44495, 548]",101127,57,26,-1
10175,"[44495, 551]",100910,156,64,-1
10176,"[44495, 552]",100909,158,64,-1
10177,"[44495, 553]",100889,158,64,-1
10178,"[44495, 554]",100888,156,64,-1
10179,"[44495, 555]",100884,156,64,-1
10180,"[44495, 556]",100864,158,64,-1
10181,"[44495, 557]",100863,158,64,-1
10182,"[44495, 558]",100687,156,64,-1
10183,"[44495, 559]",100683,158,64,-1
10184,"[44495, 560]",100476,2,1,-1
10185,"[44495, 561]",100350,156,64,-1
10186,"[44495, 565]",98154,158,64,-1
10187,"[44495, 566]",98152,0,0,-1
10188,"[44495, 567]",98146,158,64,-1
10189,"[44495, 568]",98137,158,64,-1
10190,"[44495, 569]",98136,0,0,-1
10191,"[44495, 570]",98098,2,1,-1
10192,"[44495, 571]",97718,158,64,-1
10193,"[44495, 572]",97717,0,0,-1
10194,"[44495, 573]",97716,0,0,-1
10195,"[44495, 574]",97343,0,0,-1
10196,"[44495, 575]",97337,0,0,-1
10197,"[44495, 576]",97336,158,64,-1
10198,"[44495, 577]",95753,158,64,-1
10199,"[44495, 582]",94433,158,64,-1
10200,"[44495, 583]",94431,158,64,-1
10201,"[44495, 584]",94429,158,64,-1
10202,"[44495, 585]",94424,0,0,-1
10203,"[44495, 586]",94423,0,0,-1
10204,"[44495, 601]",90661,2,1,-1
10205,"[44495, 602]",89826,158,64,-1
10206,"[44495, 605]",88608,158,64,-1
10207,"[44495, 606]",88399,2,1,-1
10208,"[44495, 607]",88390,158,64,-1
10209,"[44495, 608]",87736,2,1,-1
10210,"[44495, 609]",87730,158,64,-1
10211,"[44495, 613]",85519,158,64,-1
10212,"[44495, 614]",85446,0,0,-1
10213,"[44495, 615]",85445,158,64,-1
10214,"[44495, 616]",85444,0,0,-1
10215,"[44495, 617]",85294,0,0,-1
10216,"[44495, 619]",82428,158,64,-1
10217,"[44495, 620]",82379,158,64,-1
10218,"[44495, 621]",82373,158,64,-1
10219,"[44495, 622]",82294,158,64,-1
10220,"[44495, 623]",82290,156,64,-1
10221,"[44495, 624]",82272,156,64,-1
10222,"[44495, 625]",82270,158,64,-1
10223,"[44495, 626]",82231,158,64,-1
10224,"[44495, 627]",82230,0,0,-1
10225,"[44495, 628]",82229,156,64,-1
10226,"[44495, 629]",82093,2,1,-1
10227,"[44495, 630]",82091,158,64,-1
10228,"[44495, 631]",82089,0,0,-1
10229,"[44495, 632]",82045,158,64,-1
10230,"[44495, 633]",82042,158,64,-1
10231,"[44495, 634]",81332,156,64,-1
10232,"[44495, 635]",81329,0,0,-1
10233,"[44495, 636]",81107,158,64,-1
10234,"[44495, 637]",81102,158,64,-1
10235,"[44495, 638]",81099,158,64,-1
10236,"[44495, 639]",81098,156,64,-1
10237,"[44495, 640]",81072,158,64,-1
10238,"[44495, 641]",81071,0,0,-1
10239,"[44495, 642]",80990,156,64,-1
10240,"[44495, 643]",80989,0,0,-1
10241,"[44495, 647]",80952,156,64,-1
10242,"[44495, 648]",80951,158,64,-1
10243,"[44495, 649]",80949,0,0,-1
10244,"[44495, 650]",80942,158,64,-1
10245,"[44495, 651]",80869,156,64,-1
10246,"[44495, 652]",80867,0,0,-1
10247,"[44495, 653]",80864,158,64,-1
10248,"[44495, 655]",79090,158,64,-1
10249,"[44495, 656]",77562,156,64,-1
10250,"[44495, 657]",77559,0,0,-1
10251,"[44495, 658]",76827,2,1,-1
10252,"[44495, 659]",76825,158,64,-1
10253,"[44495, 660]",76821,2,1,-1
10254,"[44495, 663]",74338,158,64,-1
10255,"[44495, 664]",71822,158,64,-1
10256,"[44495, 665]",56076,158,64,-1
10257,"[44495, 666]",190582,158,64,-1
10258,"[44495, 668]",177903,0,0,-1
10259,"[44495, 669]",166959,158,64,-1
10260,"[44495, 670]",166955,2,1,-1
10261,"[44495, 671]",166953,158,64,-1
10262,"[44495, 672]",166952,158,64,-1
10263,"[44495, 673]",166950,0,0,-1
10264,"[44495, 677]",166712,158,64,-1
10265,"[44495, 678]",166711,158,64,-1
10266,"[44495, 679]",166708,0,0,-1
10267,"[44495, 680]",166707,158,64,-1
10268,"[44495, 681]",166630,158,64,-1
10269,"[44495, 682]",166629,0,0,-1
10270,"[44495, 683]",166139,2,1,-1
10271,"[44495, 684]",164199,0,0,-1
10272,"[44495, 685]",164198,0,0,-1
10273,"[44495, 687]",161501,158,64,-1
10274,"[44495, 688]",161428,0,0,-1
10275,"[44495, 689]",161427,0,0,-1
10276,"[44495, 690]",161420,158,64,-1
10277,"[44495, 707]",146287,158,64,-1
10278,"[44495, 708]",144949,0,0,2
10279,"[44495, 709]",144945,158,64,-1
10280,"[44495, 714]",138099,158,64,-1
10281,"[44495, 715]",138064,158,64,-1
10282,"[44495, 716]",138062,158,64,-1
10283,"[44495, 717]",138060,0,0,-1
10284,"[44495, 718]",138059,0,0,-1
10285,"[44495, 719]",138057,156,64,-1
10286,"[44495, 720]",138055,0,0,-1
10287,"[44495, 721]",137885,0,0,-1
10288,"[44495, 722]",137883,158,64,-1
10289,"[44495, 723]",135568,0,0,-1
10290,"[44495, 726]",135414,44,20,-1
10291,"[44495, 731]",127187,158,64,-1
10292,"[44495, 732]",127185,156,64,-1
10293,"[44495, 733]",126718,158,64,-1
10294,"[44495, 734]",126565,0,0,-1
10295,"[44495, 735]",126564,0,0,-1
10296,"[44495, 736]",116492,0,0,-1
10297,"[44495, 740]",250713,41,20,-1
10298,"[44495, 741]",250708,0,0,-1
10299,"[44495, 745]",245902,0,0,-1
10300,"[44495, 746]",245250,156,64,-1
10301,"[44495, 747]",245117,158,64,-1
10302,"[44495, 748]",245109,158,64,-1
10303,"[44495, 749]",245108,2,1,-1
10304,"[44495, 761]",241787,158,64,-1
10305,"[44495, 772]",230871,0,0,-1
10306,"[44495, 773]",230865,158,64,-1
10307,"[44495, 776]",227769,158,64,-1
10308,"[44495, 777]",222737,0,0,-1
10309,"[44495, 778]",222732,0,0,-1
10310,"[44495, 779]",221608,158,64,-1
10311,"[44495, 780]",221357,0,0,-1
10312,"[44495, 784]",219538,0,0,-1
10313,"[44495, 785]",219532,158,64,-1
10314,"[44495, 786]",219531,0,0,-1
10315,"[44495, 787]",219530,0,0,-1
10316,"[44495, 788]",216825,0,0,-1
10317,"[44495, 789]",211862,158,64,-1
10318,"[44495, 790]",324353,158,64,-1
10319,"[44495, 791]",321567,0,0,-1
10320,"[44495, 792]",321563,0,0,-1
10321,"[44495, 793]",321562,0,0,-1
10322,"[44495, 794]",321537,0,0,-1
10323,"[44495, 795]",321536,0,0,-1
10324,"[44495, 799]",313749,158,64,-1
10325,"[44495, 800]",313747,2,1,-1
10326,"[44495, 801]",313735,158,64,-1
10327,"[44495, 802]",313732,0,0,-1
10328,"[44495, 803]",310134,158,64,-1
10329,"[44495, 804]",310075,2,1,-1
10330,"[44495, 806]",307110,158,64,-1
10331,"[44495, 823]",277933,156,64,-1
10332,"[44495, 824]",277930,0,0,-1
10333,"[44495, 825]",269428,158,64,-1
10334,"[44495, 849]",346868,0,0,-1
10335,"[44495, 850]",346861,2,1,-1
10336,"[44495, 851]",341250,158,64,-1
10337,"[44495, 852]",415943,158,64,-1
10338,"[44495, 863]",383599,0,0,-1
10339,"[44495, 865]",430986,156,64,-1
10340,"[44543, 0]",41,156,64,-1
10341,"[44543, 1]",39,0,0,-1
10342,"[44543, 12]",231,0,0,-1
10343,"[44636, 0]",280,158,64,-1
10344,"[44636, 1]",275,0,0,-1
10345,"[44636, 2]",1789,0,0,-1
10346,"[44636, 7]",3720,0,0,-1
10347,"[44636, 8]",16645,156,64,-1
10348,"[44638, 0]",1091,158,64,-1
10349,"[44685, 13]",3239,0,0,-1
10350,"[44765, 2]",6891,158,64,-1
10351,"[44832, 0]",19,158,64,-1
10352,"[44866, 31]",4480,156,64,-1
10353,"[45135, 0]",1514,0,0,0
10354,"[45135, 1]",5621,2,1,0
10355,"[45172, 0]",4208,2,1,0
10356,"[45172, 1]",4205,41,18,0
10357,"[45253, 6]",133,2,1,-1
10358,"[45253, 9]",108,158,64,-1
10359,"[45253, 10]",105,0,0,-1
10360,"[45253, 11]",104,0,0,-1
10361,"[45253, 12]",92,158,64,-1
10362,"[45253, 13]",2265,158,64,-1
10363,"[45253, 14]",2261,156,64,-1
10364,"[45253, 15]",2259,158,64,-1
10365,"[45253, 16]",2257,0,0,-1
10366,"[45253, 17]",2255,0,0,-1
10367,"[45253, 76]",3213,158,64,-1
10368,"[45253, 91]",2905,158,64,-1
10369,"[45253, 93]",2715,0,0,-1
10370,"[45253, 106]",7611,158,64,-1
10371,"[45253, 108]",7597,156,64,-1
10372,"[45253, 119]",6215,0,0,-1
10373,"[45253, 141]",11617,158,64,-1
10374,"[45253, 142]",11616,0,0,-1
10375,"[45253, 179]",15214,156,64,-1
10376,"[45261, 0]",496,0,0,0
10377,"[45261, 1]",1395,0,0,0
10378,"[45261, 2]",1809,158,64,0
10379,"[45268, 0]",859,158,64,5
10380,"[45289, 4]",39783,59,28,27
10381,"[45289, 5]",39781,0,0,-1
10382,"[45289, 6]",113380,0,0,6
10383,"[45289, 7]",249825,156,64,-1
10384,"[45289, 8]",246557,0,0,-1
10385,"[45289, 9]",214132,0,0,-1
10386,"[45289, 10]",207129,158,64,-1
10387,"[45289, 11]",195058,158,64,-1
10388,"[45289, 12]",189353,0,0,-1
10389,"[45289, 13]",148481,158,64,-1
10390,"[45289, 14]",122251,156,64,5
10391,"[45289, 15]",266000,2,1,0
10392,"[45289, 19]",431997,0,0,0
10393,"[45289, 20]",420713,158,64,-1
10394,"[45289, 21]",359224,41,18,0
10395,"[45289, 22]",359223,158,64,0
10396,"[45289, 23]",333340,158,64,-1
10397,"[45289, 24]",310864,0,0,-1
10398,"[45289, 25]",310862,158,64,-1
10399,"[45289, 26]",286306,0,0,4
10400,"[45289, 27]",472284,158,64,0
10401,"[45289, 28]",469000,158,64,-1
10402,"[45289, 29]",447494,158,64,9
10403,"[45289, 30]",553648,158,64,-1
10404,"[45289, 31]",540310,158,64,4
10405,"[45289, 32]",519165,41,18,0
10406,"[45289, 33]",490755,156,64,-1
10407,"[45289, 34]",626794,57,26,0
10408,"[45289, 35]",626792,0,0,0
10409,"[45289, 36]",624910,54,24,-1
10410,"[45289, 37]",624909,158,64,4
10411,"[45289, 38]",652531,0,0,0
10412,"[45289, 39]",652530,57,26,0
10413,"[45289, 40]",652529,2,1,0
10414,"[45289, 41]",652528,0,0,0
10415,"[45289, 42]",652525,0,0,0
10416,"[45289, 43]",651985,158,64,0
10417,"[45289, 44]",669478,0,0,0
10418,"[45289, 45]",665395,0,0,0
10419,"[45289, 46]",665394,57,26,0
10420,"[45289, 47]",665393,0,0,0
10421,"[45289, 48]",665391,0,0,0
10422,"[45289, 49]",665377,158,64,0
10423,"[45289, 50]",665367,2,1,5
10424,"[45289, 51]",673690,0,0,0
10425,"[45289, 52]",673687,57,26,0
10426,"[45289, 53]",673682,158,64,-1
10427,"[45289, 54]",673043,41,18,0
10428,"[45289, 55]",676230,158,64,0
10429,"[45307, 0]",392,158,64,0
10430,"[45396, 6]",15201,0,0,-1
10431,"[45396, 10]",32222,158,64,-1
10432,"[45396, 11]",32219,41,20,-1
10433,"[45414, 2]",7141,0,0,-1
10434,"[45414, 5]",8842,156,64,-1
10435,"[45491, 0]",405,156,64,5
10436,"[45493, 915]",152150,158,64,-1
10437,"[45493, 916]",152149,158,64,-1
10438,"[45493, 917]",152146,158,64,-1
10439,"[45497, 0]",1143,156,64,-1
10440,"[45511, 0]",1208,158,64,-1
10441,"[45511, 1]",1206,158,64,-1
10442,"[45524, 0]",2577,0,0,8
10443,"[45524, 1]",2575,0,0,1
10444,"[45524, 2]",3220,41,18,0
10445,"[45524, 3]",3202,158,64,0
10446,"[45707, 0]",1395,0,0,0
10447,"[45707, 1]",1117,156,64,0
10448,"[45707, 2]",1116,57,26,0
10449,"[45707, 3]",1115,2,1,0
10450,"[45707, 4]",4188,2,1,0
10451,"[45707, 5]",12173,41,18,0
10452,"[45707, 6]",12171,2,1,0
10453,"[45734, 0]",14,0,0,-1
10454,"[45734, 1]",13,0,0,-1
10455,"[45734, 2]",229,0,0,-1
10456,"[45734, 3]",228,0,0,-1
10457,"[45734, 6]",893,158,64,-1
10458,"[45755, 0]",11582,0,0,-1
10459,"[45755, 1]",12659,158,64,-1
10460,"[45803, 0]",9222,61,28,0
10461,"[45803, 1]",9221,77,32,0
10462,"[45806, 0]",6426,158,64,-1
10463,"[45812, 0]",2197,158,64,-1
10464,"[45878, 0]",4627,158,64,0
10465,"[45908, 104]",3333,41,20,-1
10466,"[45908, 105]",3329,0,0,-1
10467,"[45908, 106]",3327,0,0,-1
10468,"[45908, 107]",3326,158,64,-1
10469,"[45908, 108]",3325,0,0,-1
10470,"[45908, 119]",3227,158,64,-1
10471,"[45908, 120]",3226,158,64,-1
10472,"[45908, 121]",3223,0,0,-1
10473,"[45908, 134]",3161,158,64,-1
10474,"[45908, 135]",3160,0,0,-1
10475,"[45908, 136]",3159,156,64,-1
10476,"[45908, 137]",3157,0,0,-1
10477,"[45908, 138]",3155,0,0,-1
10478,"[45908, 243]",5761,0,0,-1
10479,"[45908, 250]",5497,158,64,-1
10480,"[45908, 253]",5425,156,64,-1
10481,"[45908, 254]",5421,0,0,-1
10482,"[45908, 255]",5409,158,64,-1
10483,"[45908, 277]",4739,0,0,-1
10484,"[45908, 317]",16962,2,1,-1
10485,"[45908, 320]",16223,0,0,-1
10486,"[45908, 330]",14862,156,64,-1
10487,"[45908, 335]",14548,158,64,-1
10488,"[45908, 339]",13925,158,64,-1
10489,"[45908, 438]",45534,158,64,-1
10490,"[45910, 0]",8035,158,64,-1
10491,"[45955, 0]",473,0,0,-1
10492,"[45955, 1]",2528,57,26,1
10493,"[45991, 1]",4961,0,0,-1
10494,"[45991, 2]",11108,158,64,-1
10495,"[45991, 3]",11107,158,64,-1
10496,"[46000, 0]",5089,158,64,-1
10497,"[46016, 0]",383,0,0,-1
10498,"[46016, 1]",380,156,64,-1
10499,"[46016, 2]",379,158,64,-1
10500,"[46016, 3]",370,0,0,-1
10501,"[46016, 4]",357,156,64,-1
10502,"[46016, 5]",348,0,0,-1
10503,"[46016, 6]",336,0,0,-1
10504,"[46016, 7]",329,156,64,-1
10505,"[46016, 8]",327,156,64,-1
10506,"[46016, 9]",326,156,64,-1
10507,"[46016, 10]",322,158,64,-1
10508,"[46016, 11]",320,2,1,-1
10509,"[46016, 12]",308,158,64,-1
10510,"[46016, 13]",307,0,0,-1
10511,"[46016, 14]",290,156,64,-1
10512,"[46016, 15]",288,158,64,-1
10513,"[46016, 16]",283,0,0,-1
10514,"[46016, 17]",279,158,64,-1
10515,"[46016, 18]",276,0,0,-1
10516,"[46016, 19]",267,0,0,-1
10517,"[46016, 20]",263,158,64,-1
10518,"[46016, 21]",260,158,64,-1
10519,"[46016, 22]",250,0,0,-1
10520,"[46016, 23]",249,156,64,-1
10521,"[46016, 24]",248,158,64,-1
10522,"[46016, 25]",247,0,0,-1
10523,"[46016, 26]",245,0,0,-1
10524,"[46016, 27]",244,0,0,-1
10525,"[46016, 28]",242,0,0,-1
10526,"[46016, 29]",240,0,0,-1
10527,"[46016, 30]",229,158,64,-1
10528,"[46016, 31]",2420,158,64,-1
10529,"[46016, 32]",2413,0,0,-1
10530,"[46016, 33]",2412,0,0,-1
10531,"[46016, 37]",2392,158,64,-1
10532,"[46016, 38]",2384,0,0,-1
10533,"[46016, 39]",2376,158,64,-1
10534,"[46016, 40]",2374,0,0,-1
10535,"[46016, 41]",2373,0,0,-1
10536,"[46016, 42]",2362,158,64,-1
10537,"[46016, 43]",2358,158,64,-1
10538,"[46016, 44]",2356,0,0,-1
10539,"[46016, 45]",2352,158,64,-1
10540,"[46016, 46]",2329,2,1,-1
10541,"[46016, 47]",2328,0,0,-1
10542,"[46016, 48]",2321,156,64,-1
10543,"[46016, 49]",2320,158,64,-1
10544,"[46016, 50]",2318,158,64,-1
10545,"[46016, 51]",2317,0,0,-1
10546,"[46016, 52]",2314,0,0,-1
10547,"[46016, 55]",2259,2,1,-1
10548,"[46016, 56]",2250,0,0,-1
10549,"[46016, 57]",2241,158,64,-1
10550,"[46016, 58]",2238,0,0,-1
10551,"[46016, 59]",2194,158,64,-1
10552,"[46016, 60]",2145,0,0,-1
10553,"[46016, 61]",2098,0,0,-1
10554,"[46016, 62]",2096,0,0,-1
10555,"[46016, 63]",2094,0,0,-1
10556,"[46016, 64]",2029,0,0,-1
10557,"[46016, 65]",1981,158,64,-1
10558,"[46016, 66]",1924,0,0,-1
10559,"[46016, 67]",1918,158,64,-1
10560,"[46016, 68]",1917,158,64,-1
10561,"[46016, 69]",1916,0,0,-1
10562,"[46016, 70]",1912,158,64,-1
10563,"[46016, 71]",1907,158,64,-1
10564,"[46016, 72]",1906,0,0,-1
10565,"[46016, 73]",1905,0,0,-1
10566,"[46016, 74]",1902,158,64,-1
10567,"[46016, 75]",1901,158,64,-1
10568,"[46016, 76]",1900,158,64,-1
10569,"[46016, 77]",1892,158,64,-1
10570,"[46016, 78]",1891,0,0,-1
10571,"[46016, 80]",1796,0,0,-1
10572,"[46016, 82]",1757,0,0,-1
10573,"[46016, 83]",6544,156,64,-1
10574,"[46016, 84]",6339,0,0,-1
10575,"[46016, 88]",6231,0,0,-1
10576,"[46016, 89]",6151,0,0,-1
10577,"[46016, 90]",6143,2,1,-1
10578,"[46016, 91]",6100,158,64,-1
10579,"[46016, 92]",6094,158,64,-1
10580,"[46016, 93]",6043,156,64,-1
10581,"[46016, 94]",5594,158,64,-1
10582,"[46016, 95]",5593,0,0,-1
10583,"[46016, 96]",5496,0,0,-1
10584,"[46016, 97]",5276,0,0,-1
10585,"[46016, 98]",5270,0,0,-1
10586,"[46016, 99]",5265,156,64,-1
10587,"[46016, 100]",5201,0,0,-1
10588,"[46016, 101]",5200,0,0,-1
10589,"[46016, 102]",5199,0,0,2
10590,"[46016, 103]",4953,0,0,-1
10591,"[46016, 104]",4889,2,1,-1
10592,"[46016, 105]",4860,2,1,-1
10593,"[46016, 106]",4858,0,0,-1
10594,"[46016, 107]",4855,0,0,-1
10595,"[46016, 108]",4709,51,24,-1
10596,"[46016, 111]",4535,156,64,-1
10597,"[46016, 112]",4532,0,0,-1
10598,"[46016, 113]",4215,158,64,-1
10599,"[46016, 114]",4113,0,0,-1
10600,"[46016, 115]",4112,0,0,-1
10601,"[46016, 116]",4107,158,64,-1
10602,"[46016, 117]",4056,158,64,-1
10603,"[46016, 118]",4055,0,0,-1
10604,"[46016, 119]",4054,0,0,-1
10605,"[46016, 120]",3989,158,64,-1
10606,"[46016, 121]",3987,0,0,-1
10607,"[46016, 122]",3924,158,64,-1
10608,"[46016, 123]",3915,158,64,-1
10609,"[46016, 124]",3914,2,1,-1
10610,"[46016, 125]",3913,0,0,-1
10611,"[46016, 126]",3906,158,64,-1
10612,"[46016, 128]",13880,158,64,-1
10613,"[46016, 129]",13746,158,64,-1
10614,"[46016, 130]",13741,158,64,-1
10615,"[46016, 131]",13739,158,64,-1
10616,"[46016, 132]",13329,158,64,-1
10617,"[46016, 136]",12443,156,64,-1
10618,"[46016, 137]",12404,158,64,-1
10619,"[46016, 138]",12403,2,1,-1
10620,"[46016, 139]",12399,0,0,-1
10621,"[46016, 140]",12397,158,64,-1
10622,"[46016, 141]",12395,0,0,-1
10623,"[46016, 142]",12275,158,64,-1
10624,"[46016, 143]",12274,158,64,-1
10625,"[46016, 144]",12087,158,64,-1
10626,"[46016, 145]",12084,0,0,-1
10627,"[46016, 146]",12083,0,0,-1
10628,"[46016, 147]",12077,156,64,-1
10629,"[46016, 148]",12076,158,64,-1
10630,"[46016, 149]",12072,158,64,-1
10631,"[46016, 150]",12041,158,64,-1
10632,"[46016, 151]",12038,158,64,-1
10633,"[46016, 152]",12035,0,0,-1
10634,"[46016, 153]",11961,158,64,-1
10635,"[46016, 155]",11158,0,0,-1
10636,"[46016, 156]",11123,0,0,-1
10637,"[46016, 157]",10116,0,0,-1
10638,"[46016, 161]",9636,0,0,-1
10639,"[46016, 162]",9635,158,64,-1
10640,"[46016, 163]",20175,158,64,-1
10641,"[46016, 167]",19809,158,64,-1
10642,"[46016, 168]",18837,158,64,-1
10643,"[46016, 169]",18836,158,64,-1
10644,"[46016, 170]",18794,158,64,-1
10645,"[46016, 171]",18792,0,0,-1
10646,"[46016, 172]",18790,158,64,-1
10647,"[46016, 173]",18765,158,64,-1
10648,"[46016, 174]",18763,158,64,-1
10649,"[46016, 175]",17975,0,0,-1
10650,"[46016, 176]",17874,0,0,-1
10651,"[46016, 177]",17318,158,64,-1
10652,"[46016, 178]",17317,158,64,-1
10653,"[46016, 179]",17309,158,64,-1
10654,"[46016, 180]",17304,0,0,-1
10655,"[46016, 181]",17303,158,64,-1
10656,"[46016, 192]",30872,0,0,-1
10657,"[46016, 193]",30362,2,1,-1
10658,"[46016, 194]",28059,158,64,-1
10659,"[46016, 198]",37621,0,0,-1
10660,"[46016, 200]",45695,0,0,-1
10661,"[46016, 202]",50148,158,64,-1
10662,"[46039, 0]",5072,0,0,0
10663,"[46039, 1]",10494,2,1,0
10664,"[46056, 0]",1715,158,64,-1
10665,"[46056, 1]",1714,156,64,-1
10666,"[46056, 2]",1712,158,64,-1
10667,"[46056, 3]",2216,158,64,-1
10668,"[46096, 0]",828,156,64,-1
10669,"[46096, 1]",1951,158,64,-1
10670,"[46133, 0]",30,158,64,-1
10671,"[46133, 1]",24,0,0,-1
10672,"[46133, 6]",188,158,64,-1
10673,"[46133, 7]",182,0,0,-1
10674,"[46133, 8]",171,0,0,-1
10675,"[46133, 9]",168,156,64,-1
10676,"[46133, 10]",166,158,64,-1
10677,"[46133, 11]",164,0,0,-1
10678,"[46133, 12]",162,0,0,-1
10679,"[46133, 13]",156,0,0,-1
10680,"[46133, 14]",136,0,0,-1
10681,"[46133, 15]",133,2,1,-1
10682,"[46133, 16]",130,158,64,-1
10683,"[46133, 17]",129,0,0,-1
10684,"[46133, 18]",943,0,0,-1
10685,"[46133, 19]",911,0,0,-1
10686,"[46133, 20]",869,158,64,-1
10687,"[46133, 21]",836,158,64,-1
10688,"[46133, 22]",833,158,64,-1
10689,"[46133, 23]",802,0,0,-1
10690,"[46133, 24]",801,0,0,-1
10691,"[46133, 25]",799,158,64,-1
10692,"[46133, 26]",797,158,64,-1
10693,"[46133, 27]",772,0,0,-1
10694,"[46133, 28]",771,0,0,-1
10695,"[46133, 29]",754,158,64,-1
10696,"[46133, 30]",718,158,64,-1
10697,"[46133, 31]",715,158,64,-1
10698,"[46133, 32]",712,0,0,-1
10699,"[46133, 33]",710,0,0,-1
10700,"[46133, 34]",703,0,0,-1
10701,"[46133, 35]",702,0,0,-1
10702,"[46133, 36]",701,0,0,-1
10703,"[46133, 37]",695,158,64,-1
10704,"[46133, 38]",692,0,0,-1
10705,"[46133, 39]",691,158,64,-1
10706,"[46133, 48]",2202,158,64,-1
10707,"[46133, 49]",2152,158,64,-1
10708,"[46133, 50]",2148,158,64,-1
10709,"[46133, 51]",2140,158,64,-1
10710,"[46133, 52]",2126,0,0,-1
10711,"[46133, 53]",2119,0,0,-1
10712,"[46133, 54]",1896,158,64,-1
10713,"[46133, 55]",1895,158,64,-1
10714,"[46133, 56]",1891,158,64,-1
10715,"[46133, 57]",1836,158,64,-1
10716,"[46133, 58]",1835,0,0,-1
10717,"[46133, 59]",1833,0,0,-1
10718,"[46133, 60]",1831,0,0,-1
10719,"[46133, 61]",1825,0,0,-1
10720,"[46133, 62]",1820,0,0,-1
10721,"[46133, 63]",1680,158,64,-1
10722,"[46133, 64]",1679,158,64,-1
10723,"[46133, 65]",1555,0,0,-1
10724,"[46133, 66]",3907,158,64,-1
10725,"[46133, 68]",3635,0,0,-1
10726,"[46133, 69]",3634,0,0,-1
10727,"[46133, 70]",3606,0,0,-1
10728,"[46133, 71]",3601,158,64,-1
10729,"[46133, 72]",3600,0,0,-1
10730,"[46133, 73]",3594,156,64,-1
10731,"[46133, 74]",3140,0,0,-1
10732,"[46133, 80]",5057,158,64,-1
10733,"[46133, 81]",4735,156,64,-1
10734,"[46133, 82]",4732,158,64,-1
10735,"[46133, 83]",4664,0,0,-1
10736,"[46133, 84]",4659,2,1,-1
10737,"[46133, 85]",4658,0,0,-1
10738,"[46133, 86]",4631,0,0,-1
10739,"[46133, 87]",4627,158,64,-1
10740,"[46133, 90]",6614,158,64,-1
10741,"[46133, 91]",6549,158,64,-1
10742,"[46137, 0]",3077,158,64,-1
10743,"[46156, 0]",39748,54,24,6
10744,"[46182, 0]",10480,158,64,-1
10745,"[46294, 1]",10809,0,0,-1
10746,"[46294, 2]",27705,2,1,-1
10747,"[46294, 3]",27703,158,64,-1
10748,"[46294, 4]",23311,0,0,-1
10749,"[46452, 80]",8883,0,0,-1
10750,"[46452, 87]",14970,156,64,-1
10751,"[46465, 1]",14214,158,64,-1
10752,"[46488, 0]",12842,57,26,-1
10753,"[46488, 1]",23754,0,0,-1
10754,"[46488, 2]",65304,0,0,5
10755,"[46488, 3]",62983,0,0,1
10756,"[46488, 4]",62982,0,0,-1
10757,"[46488, 5]",62978,158,64,-1
10758,"[46488, 6]",62977,0,0,-1
10759,"[46488, 7]",62976,0,0,-1
10760,"[46488, 8]",56361,158,64,-1
10761,"[46488, 9]",45161,0,0,-1
10762,"[46488, 10]",45100,156,64,1
10763,"[46488, 11]",45098,158,64,13
10764,"[46488, 12]",42572,2,1,2
10765,"[46488, 13]",38228,0,0,-1
10766,"[46488, 14]",77899,55,26,4
10767,"[46488, 15]",70028,51,24,1
10768,"[46488, 16]",70026,0,0,-1
10769,"[46488, 17]",70018,0,0,-1
10770,"[46488, 18]",69985,41,18,0
10771,"[46488, 19]",68708,158,64,1
10772,"[46488, 20]",138233,158,64,-1
10773,"[46488, 21]",137865,57,26,9
10774,"[46488, 22]",132199,41,18,3
10775,"[46488, 23]",93611,158,64,7
10776,"[46488, 24]",194030,156,64,-1
10777,"[46488, 25]",227775,158,64,-1
10778,"[46510, 0]",8261,158,64,-1
10779,"[46567, 6]",944,0,0,-1
10780,"[46567, 7]",1202,0,0,-1
10781,"[46567, 8]",2182,0,0,-1
10782,"[46567, 9]",2268,2,1,-1
10783,"[46672, 47]",990,158,64,-1
10784,"[46672, 48]",988,156,64,-1
10785,"[46672, 50]",971,0,0,-1
10786,"[46672, 116]",7695,158,64,-1
10787,"[46672, 157]",9594,158,64,-1
10788,"[46672, 158]",9593,0,0,-1
10789,"[46672, 172]",31753,158,64,-1
10790,"[46672, 207]",71882,158,64,-1
10791,"[46703, 0]",8008,158,64,-1
10792,"[46703, 1]",12762,158,64,-1
10793,"[46833, 0]",1692,156,64,-1
10794,"[46833, 1]",1691,158,64,-1
10795,"[46837, 0]",9102,158,64,-1
10796,"[46848, 0]",1953,158,64,-1
10797,"[46863, 0]",3981,158,64,-1
10798,"[46863, 1]",3980,158,64,-1
10799,"[46863, 2]",3978,0,0,-1
10800,"[46863, 3]",3976,0,0,-1
10801,"[46863, 4]",5543,158,64,-1
10802,"[46863, 5]",5539,158,64,-1
10803,"[47000, 0]",16,158,64,-1
10804,"[47040, 0]",7577,158,64,-1
10805,"[47054, 0]",1008,0,0,-1
10806,"[47054, 1]",4429,57,26,12
10807,"[47089, 0]",1842,158,64,-1
10808,"[47089, 1]",1840,158,64,-1
10809,"[47167, 5]",504,156,64,-1
10810,"[47167, 6]",502,0,0,-1
10811,"[47167, 9]",1269,158,64,-1
10812,"[47167, 10]",1268,158,64,-1
10813,"[47178, 0]",1698,158,64,-1
10814,"[47245, 0]",1023,2,1,0
10815,"[47245, 1]",1022,158,64,0
10816,"[47317, 0]",18,0,0,-1
10817,"[47317, 1]",17,0,0,-1
10818,"[47317, 2]",313,0,0,-1
10819,"[47317, 3]",309,0,0,-1
10820,"[47317, 4]",2004,0,0,-1
10821,"[47317, 5]",2003,0,0,1
10822,"[47317, 6]",1985,0,0,-1
10823,"[47317, 7]",4488,158,64,-1
10824,"[47317, 8]",4486,156,64,-1
10825,"[47317, 9]",4477,0,0,-1
10826,"[47317, 10]",4476,158,64,-1
10827,"[47317, 11]",4441,2,1,0
10828,"[47317, 12]",4433,2,1,-1
10829,"[47317, 13]",4219,0,0,-1
10830,"[47317, 14]",4217,0,0,-1
10831,"[47317, 16]",9478,0,0,0
10832,"[47317, 17]",9421,0,0,-1
10833,"[47317, 18]",11773,0,0,-1
10834,"[47317, 19]",11690,0,0,2
10835,"[47317, 20]",11689,0,0,-1
10836,"[47317, 22]",14723,0,0,-1
10837,"[47317, 23]",14722,0,0,-1
10838,"[47317, 24]",14720,0,0,-1
10839,"[47317, 25]",14717,0,0,0
10840,"[47317, 26]",14665,0,0,-1
10841,"[47317, 27]",15742,158,64,-1
10842,"[47317, 28]",15554,158,64,0
10843,"[47317, 29]",15539,156,64,-1
10844,"[47317, 30]",15536,0,0,-1
10845,"[47317, 31]",15518,158,64,7
10846,"[47317, 32]",15514,158,64,-1
10847,"[47317, 33]",16826,0,0,5
10848,"[47317, 34]",17141,156,64,0
10849,"[47351, 0]",20,0,0,0
10850,"[47351, 1]",19,0,0,0
10851,"[47351, 2]",18,156,64,0
10852,"[47351, 3]",17,0,0,0
10853,"[47351, 4]",16,0,0,0
10854,"[47351, 5]",47,158,64,0
10855,"[47351, 6]",44,158,64,0
10856,"[47351, 7]",33,158,64,0
10857,"[47351, 8]",30,2,1,0
10858,"[47382, 0]",30,0,0,-1
10859,"[47446, 0]",5061,158,64,-1
10860,"[47455, 0]",428,158,64,-1
10861,"[47520, 2]",230,0,0,-1
10862,"[47520, 3]",776,0,0,-1
10863,"[47609, 0]",27,41,18,0
10864,"[47609, 1]",26,41,18,0
10865,"[47609, 2]",24,0,0,0
10866,"[47609, 3]",23,0,0,0
10867,"[47609, 4]",22,0,0,0
10868,"[47609, 5]",21,0,0,0
10869,"[47609, 6]",274,0,0,0
10870,"[47609, 7]",273,0,0,0
10871,"[47609, 8]",268,2,1,0
10872,"[47609, 9]",265,41,18,0
10873,"[47609, 10]",261,13,6,0
10874,"[47609, 11]",1254,41,18,0
10875,"[47609, 12]",1251,2,1,0
10876,"[47759, 0]",1906,158,64,-1
10877,"[47759, 1]",1903,0,0,-1
10878,"[47759, 2]",1901,0,0,-1
10879,"[47759, 3]",1900,0,0,-1
10880,"[47759, 4]",3907,0,0,-1
10881,"[47759, 5]",3906,0,0,-1
10882,"[47759, 6]",3900,0,0,-1
10883,"[47759, 7]",3898,0,0,-1
10884,"[47759, 8]",3887,0,0,-1
10885,"[47759, 13]",7149,156,64,-1
10886,"[47759, 14]",7130,158,64,-1
10887,"[47759, 15]",7129,0,0,-1
10888,"[47759, 16]",7127,158,64,-1
10889,"[47759, 18]",9609,2,1,-1
10890,"[47774, 0]",1268,158,64,-1
10891,"[47774, 1]",1267,158,64,-1
10892,"[47803, 0]",4555,156,64,-1
10893,"[47822, 4]",1850,158,64,-1
10894,"[47883, 1]",1349,156,64,0
10895,"[47883, 2]",10134,2,1,0
10896,"[47883, 3]",10133,0,0,0
10897,"[47883, 4]",11680,158,64,0
10898,"[47894, 0]",7957,158,64,-1
10899,"[47916, 0]",8,2,1,-1
10900,"[47916, 1]",7,0,0,-1
10901,"[47916, 2]",174,0,0,-1
10902,"[47916, 3]",724,158,64,-1
10903,"[47996, 0]",623,158,64,-1
10904,"[48066, 8]",16370,158,64,-1
10905,"[48066, 9]",15074,158,64,-1
10906,"[48092, 0]",19,0,0,-1
10907,"[48092, 1]",17,0,0,-1
10908,"[48092, 2]",204,0,0,-1
10909,"[48092, 3]",203,158,64,-1
10910,"[48092, 4]",202,0,0,-1
10911,"[48092, 5]",199,158,64,-1
10912,"[48092, 6]",197,0,0,1
10913,"[48092, 7]",192,158,64,-1
10914,"[48092, 8]",697,0,0,1
10915,"[48092, 9]",696,0,0,1
10916,"[48092, 10]",674,158,64,-1
10917,"[48092, 11]",672,158,64,-1
10918,"[48092, 12]",662,158,64,-1
10919,"[48092, 13]",1820,0,0,-1
10920,"[48092, 14]",2400,2,1,-1
10921,"[48104, 2]",3468,158,64,-1
10922,"[48124, 0]",10336,0,0,-1
10923,"[48124, 1]",13931,156,64,7
10924,"[48124, 2]",35876,158,64,1
10925,"[48124, 3]",46606,158,64,-1
10926,"[48156, 0]",38116,158,64,0
10927,"[48156, 1]",38114,158,64,0
10928,"[48156, 2]",36403,0,0,0
10929,"[48156, 3]",33309,57,26,0
10930,"[48156, 4]",33308,158,64,0
10931,"[48156, 5]",30309,0,0,0
10932,"[48156, 6]",44740,158,64,2
10933,"[48156, 7]",43740,158,64,0
10934,"[48163, 0]",12178,0,0,-1
10935,"[48163, 1]",16072,0,0,1
10936,"[48163, 2]",16274,158,64,-1
10937,"[48166, 0]",5415,158,64,-1
10938,"[48175, 0]",30944,0,0,0
10939,"[48175, 1]",30943,0,0,0
10940,"[48175, 2]",42312,41,18,0
10941,"[48175, 3]",42308,57,26,0
10942,"[48196, 7]",51646,156,64,-1
10943,"[48196, 11]",41572,158,64,-1
10944,"[48196, 12]",41570,0,0,-1
10945,"[48196, 13]",73384,0,0,-1
10946,"[48196, 15]",77415,158,64,-1
10947,"[48212, 0]",5692,2,1,0
10948,"[48322, 0]",968,158,64,-1
10949,"[48392, 0]",24,2,1,-1
10950,"[48402, 1]",253,156,64,-1
10951,"[48402, 2]",250,158,64,-1
10952,"[48464, 0]",649,158,64,24
10953,"[48486, 1]",14683,57,26,-1
10954,"[48486, 2]",14682,0,0,-1
10955,"[48486, 3]",17969,158,64,-1
10956,"[48486, 4]",48666,0,0,-1
10957,"[48486, 5]",66609,158,64,-1
10958,"[48486, 6]",70263,156,64,5
10959,"[48548, 0]",30578,156,64,-1
10960,"[48548, 1]",27831,158,64,-1
10961,"[48611, 0]",4928,2,1,-1
10962,"[48611, 1]",4926,0,0,-1
10963,"[48611, 2]",5982,156,64,-1
10964,"[48629, 0]",1231,158,64,4
10965,"[48638, 0]",916,158,64,3
10966,"[48638, 1]",2724,2,1,0
10967,"[48638, 2]",2722,41,18,0
10968,"[48638, 3]",7858,54,24,0
10969,"[48638, 4]",7857,156,64,0
10970,"[48719, 0]",5049,57,26,0
10971,"[48719, 1]",5048,0,0,0
10972,"[48719, 2]",8874,41,18,0
10973,"[48771, 1]",17637,158,64,-1
10974,"[48789, 0]",15,0,0,-1
10975,"[48789, 1]",236,158,64,-1
10976,"[48789, 2]",235,0,0,-1
10977,"[48789, 3]",233,158,64,-1
10978,"[48789, 4]",232,0,0,-1
10979,"[48789, 11]",643,158,64,-1
10980,"[48830, 0]",674,0,0,-1
10981,"[48830, 1]",1216,156,64,-1
10982,"[48833, 0]",4659,2,1,-1
10983,"[48876, 0]",1761,156,64,-1
10984,"[48876, 1]",1757,0,0,-1
10985,"[48876, 2]",3269,0,0,-1
10986,"[48876, 15]",12441,158,64,-1
10987,"[48890, 0]",23,158,64,-1
10988,"[48890, 1]",250,0,0,-1
10989,"[48890, 2]",1237,0,0,-1
10990,"[48890, 3]",1233,0,0,-1
10991,"[48890, 4]",3648,0,0,-1
10992,"[48890, 5]",3618,0,0,-1
10993,"[48890, 6]",3615,0,0,-1
10994,"[48890, 7]",3614,0,0,-1
10995,"[48890, 8]",3613,158,64,-1
10996,"[48890, 9]",4357,156,64,-1
10997,"[48890, 10]",4352,0,0,-1
10998,"[48890, 11]",4335,158,64,-1
10999,"[48948, 0]",4181,158,64,2
11000,"[48991, 0]",200,0,0,-1
11001,"[48991, 1]",1853,158,64,-1
11002,"[49000, 0]",1245,158,64,-1
11003,"[49034, 0]",1518,2,1,-1
11004,"[49034, 1]",1517,156,64,-1
11005,"[49119, 26]",242098,2,1,-1
11006,"[49142, 0]",17,0,0,0
11007,"[49142, 1]",221,41,18,0
11008,"[49142, 2]",220,55,26,0
11009,"[49142, 3]",218,2,1,0
11010,"[49142, 4]",217,41,18,0
11011,"[49142, 5]",213,0,0,0
11012,"[49142, 6]",212,0,0,0
11013,"[49142, 7]",211,0,0,0
11014,"[49142, 8]",201,0,0,0
11015,"[49142, 9]",200,0,0,0
11016,"[49142, 10]",198,0,0,0
11017,"[49142, 11]",197,0,0,0
11018,"[49142, 12]",195,0,0,0
11019,"[49142, 13]",193,0,0,0
11020,"[49142, 14]",189,0,0,0
11021,"[49142, 15]",188,0,0,0
11022,"[49142, 16]",182,0,0,0
11023,"[49142, 17]",181,0,0,0
11024,"[49142, 18]",180,0,0,0
11025,"[49142, 19]",177,0,0,0
11026,"[49142, 20]",175,0,0,0
11027,"[49142, 21]",174,0,0,0
11028,"[49142, 22]",173,0,0,0
11029,"[49142, 23]",172,0,0,0
11030,"[49142, 24]",170,0,0,0
11031,"[49142, 25]",160,0,0,0
11032,"[49142, 26]",823,41,18,0
11033,"[49142, 27]",804,57,26,0
11034,"[49142, 28]",803,0,0,0
11035,"[49142, 29]",802,0,0,0
11036,"[49142, 30]",796,158,64,0
11037,"[49142, 31]",794,0,0,0
11038,"[49142, 32]",785,0,0,0
11039,"[49142, 33]",784,0,0,0
11040,"[49142, 34]",776,158,64,0
11041,"[49142, 35]",771,158,64,0
11042,"[49142, 36]",755,0,0,0
11043,"[49142, 37]",752,41,18,0
11044,"[49142, 38]",749,158,64,0
11045,"[49142, 39]",734,41,18,0
11046,"[49142, 40]",732,0,0,0
11047,"[49142, 41]",731,0,0,0
11048,"[49142, 42]",719,57,26,0
11049,"[49142, 43]",718,0,0,0
11050,"[49142, 44]",710,41,18,0
11051,"[49142, 45]",703,158,64,0
11052,"[49142, 46]",699,158,64,0
11053,"[49142, 47]",692,158,64,0
11054,"[49142, 48]",689,2,1,0
11055,"[49142, 49]",665,2,1,0
11056,"[49142, 50]",663,0,0,0
11057,"[49142, 51]",662,0,0,0
11058,"[49142, 52]",660,0,0,0
11059,"[49142, 53]",659,0,0,0
11060,"[49142, 54]",648,0,0,0
11061,"[49142, 55]",645,0,0,0
11062,"[49142, 56]",636,0,0,0
11063,"[49142, 57]",635,0,0,0
11064,"[49142, 58]",631,0,0,0
11065,"[49142, 59]",627,0,0,0
11066,"[49142, 60]",626,77,32,0
11067,"[49142, 61]",2874,0,0,0
11068,"[49142, 62]",2834,0,0,0
11069,"[49142, 63]",2819,0,0,0
11070,"[49142, 64]",2816,41,18,0
11071,"[49142, 65]",2794,0,0,0
11072,"[49142, 66]",2768,41,18,0
11073,"[49142, 67]",2753,0,0,0
11074,"[49142, 68]",2752,0,0,0
11075,"[49142, 69]",2747,0,0,0
11076,"[49142, 70]",2736,41,18,0
11077,"[49142, 71]",2731,0,0,0
11078,"[49142, 72]",2727,2,1,0
11079,"[49142, 73]",2723,0,0,0
11080,"[49142, 74]",2515,2,1,0
11081,"[49142, 75]",2444,0,0,0
11082,"[49142, 76]",2439,158,64,0
11083,"[49142, 77]",2391,158,64,-1
11084,"[49142, 78]",2277,41,18,0
11085,"[49142, 79]",2274,0,0,0
11086,"[49142, 80]",2218,2,1,0
11087,"[49142, 81]",2210,0,0,0
11088,"[49142, 82]",2165,0,0,0
11089,"[49142, 83]",2162,156,64,0
11090,"[49142, 84]",4334,2,1,0
11091,"[49142, 85]",4195,2,1,0
11092,"[49142, 86]",4134,54,24,1
11093,"[49142, 87]",3904,2,1,0
11094,"[49142, 88]",3604,41,18,0
11095,"[49142, 89]",3569,77,32,0
11096,"[49142, 90]",3451,0,0,0
11097,"[49142, 91]",3435,2,1,0
11098,"[49142, 92]",3434,57,26,0
11099,"[49142, 93]",3428,0,0,0
11100,"[49142, 94]",3354,158,64,0
11101,"[49142, 95]",3294,0,0,0
11102,"[49142, 96]",3293,0,0,0
11103,"[49142, 97]",3270,41,18,0
11104,"[49142, 98]",3207,2,1,0
11105,"[49142, 99]",10412,0,0,0
11106,"[49142, 100]",10408,158,64,0
11107,"[49142, 101]",9603,63,28,0
11108,"[49142, 102]",9601,0,0,0
11109,"[49142, 103]",9517,2,1,0
11110,"[49142, 104]",10945,0,0,0
11111,"[49142, 105]",10727,0,0,0
11112,"[49142, 106]",17988,41,18,11
11113,"[49142, 107]",17278,0,0,0
11114,"[49142, 108]",18139,158,64,0
11115,"[49189, 0]",1248,158,64,0
11116,"[49246, 0]",2273,2,1,-1
11117,"[49260, 0]",22,158,64,-1
11118,"[49308, 0]",15,158,64,-1
11119,"[49308, 1]",12,0,0,-1
11120,"[49308, 2]",108,0,0,-1
11121,"[49308, 3]",954,0,0,-1
11122,"[49308, 4]",953,0,0,-1
11123,"[49308, 8]",1534,0,0,-1
11124,"[49308, 9]",2116,158,64,-1
11125,"[49318, 6]",1245,0,0,-1
11126,"[49318, 11]",4068,158,64,-1
11127,"[49318, 12]",4067,158,64,-1
11128,"[49368, 0]",17048,53,24,0
11129,"[49505, 0]",1341,158,64,-1
11130,"[49541, 0]",898,2,1,-1
11131,"[49594, 0]",5322,41,18,0
11132,"[49594, 1]",5321,0,0,0
11133,"[49594, 2]",7417,0,0,0
11134,"[49594, 3]",9755,156,64,0
11135,"[49595, 0]",1381,156,64,-1
11136,"[49624, 0]",92,158,64,-1
11137,"[49627, 6]",8964,156,64,-1
11138,"[49707, 3]",15723,0,0,0
11139,"[49707, 4]",23579,59,28,0
11140,"[49707, 5]",36485,2,1,0
11141,"[49707, 6]",36484,0,0,0
11142,"[49707, 7]",36481,0,0,0
11143,"[49707, 8]",36480,0,0,0
11144,"[49707, 9]",43526,158,64,0
11145,"[49707, 10]",43525,158,64,0
11146,"[49707, 11]",43523,0,0,0
11147,"[49707, 12]",43520,64,29,0
11148,"[49707, 13]",43519,2,1,0
11149,"[49707, 14]",43518,0,0,0
11150,"[49707, 15]",43516,0,0,0
11151,"[49707, 16]",43499,0,0,0
11152,"[49707, 17]",50496,41,18,0
11153,"[49707, 18]",50478,0,0,0
11154,"[49707, 19]",50471,158,64,0
11155,"[49707, 20]",50450,158,64,0
11156,"[49707, 21]",50449,158,64,0
11157,"[49707, 22]",50448,158,64,0
11158,"[49707, 23]",50447,0,0,0
11159,"[49707, 24]",50446,0,0,0
11160,"[49707, 25]",57700,0,0,0
11161,"[49707, 26]",57695,0,0,0
11162,"[49707, 27]",57578,158,64,0
11163,"[49707, 28]",59175,57,26,0
11164,"[49707, 29]",59149,156,64,0
11165,"[49778, 0]",11977,158,64,-1
11166,"[49778, 1]",7046,158,64,-1
11167,"[49778, 2]",31246,156,64,-1
11168,"[49830, 0]",13310,2,1,0
11169,"[49830, 1]",13309,2,1,0
11170,"[49830, 2]",13308,0,0,0
11171,"[49830, 3]",6109,158,64,0
11172,"[49830, 4]",6107,0,0,0
11173,"[49830, 5]",24947,0,0,2
11174,"[49830, 6]",18243,158,64,0
11175,"[49830, 7]",18241,0,0,0
11176,"[49830, 8]",95378,158,64,0
11177,"[49830, 9]",93300,41,18,0
11178,"[49830, 10]",93299,41,18,0
11179,"[49830, 11]",93297,158,64,0
11180,"[49830, 12]",93295,0,0,0
11181,"[49830, 13]",78276,156,64,0
11182,"[49830, 14]",78274,0,0,0
11183,"[49830, 15]",78272,0,0,0
11184,"[49830, 16]",74966,158,64,0
11185,"[49830, 17]",74964,158,64,0
11186,"[49830, 18]",74963,0,0,0
11187,"[49830, 19]",74959,0,0,0
11188,"[49830, 20]",74958,0,0,0
11189,"[49830, 21]",68421,41,18,0
11190,"[49830, 22]",58209,0,0,3
11191,"[49830, 23]",57107,0,0,0
11192,"[49830, 24]",57105,0,0,0
11193,"[49830, 25]",52918,55,26,0
11194,"[49830, 26]",52916,0,0,0
11195,"[49830, 27]",33016,158,64,4
11196,"[49830, 28]",29638,158,64,0
11197,"[49830, 29]",29637,0,0,0
11198,"[49830, 30]",133793,158,64,0
11199,"[49830, 31]",127113,158,64,0
11200,"[49830, 32]",125498,158,64,0
11201,"[49830, 33]",125497,0,0,0
11202,"[49830, 34]",125491,0,0,0
11203,"[49830, 35]",124144,158,64,0
11204,"[49830, 36]",117993,2,1,0
11205,"[49830, 37]",117989,0,0,0
11206,"[49830, 38]",117981,0,0,0
11207,"[49830, 39]",117976,158,64,0
11208,"[49830, 40]",116854,0,0,0
11209,"[49830, 41]",116853,0,0,0
11210,"[49830, 42]",116852,0,0,0
11211,"[49830, 43]",116833,156,64,0
11212,"[49830, 44]",107824,2,1,0
11213,"[49830, 45]",333500,0,0,0
11214,"[49830, 46]",333499,0,0,0
11215,"[49830, 47]",322249,41,18,0
11216,"[49830, 48]",316374,41,18,0
11217,"[49830, 49]",316373,158,64,0
11218,"[49830, 50]",305200,57,26,0
11219,"[49830, 51]",305197,0,0,0
11220,"[49830, 52]",301255,41,18,0
11221,"[49830, 53]",301254,0,0,0
11222,"[49830, 54]",300271,158,64,0
11223,"[49830, 55]",297572,2,1,0
11224,"[49830, 56]",297569,0,0,0
11225,"[49830, 57]",296409,37,18,0
11226,"[49830, 58]",296408,0,0,0
11227,"[49830, 59]",294640,0,0,0
11228,"[49830, 60]",288563,156,64,0
11229,"[49830, 61]",285955,158,64,0
11230,"[49830, 62]",281509,156,64,0
11231,"[49830, 63]",277209,41,18,0
11232,"[49830, 64]",277206,0,0,0
11233,"[49830, 65]",275802,158,64,0
11234,"[49830, 66]",275800,41,18,0
11235,"[49830, 67]",274822,158,64,0
11236,"[49830, 68]",274821,37,18,0
11237,"[49830, 69]",262038,158,64,0
11238,"[49830, 70]",262037,0,0,0
11239,"[49830, 71]",260134,0,0,2
11240,"[49830, 72]",260133,0,0,-1
11241,"[49830, 73]",237576,0,0,0
11242,"[49830, 74]",237572,2,1,0
11243,"[49830, 75]",237568,0,0,0
11244,"[49830, 76]",235109,0,0,1
11245,"[49830, 77]",231861,158,64,0
11246,"[49830, 78]",231783,0,0,0
11247,"[49830, 79]",231782,0,0,0
11248,"[49830, 80]",231781,0,0,0
11249,"[49830, 81]",214769,0,0,0
11250,"[49830, 82]",214768,0,0,0
11251,"[49830, 83]",210392,158,64,0
11252,"[49830, 84]",210390,0,0,0
11253,"[49830, 85]",186157,158,64,-1
11254,"[49830, 86]",186134,0,0,0
11255,"[49830, 87]",186133,0,0,0
11256,"[49830, 88]",186131,0,0,0
11257,"[49830, 89]",182090,158,64,0
11258,"[49830, 90]",171326,0,0,0
11259,"[49830, 91]",171324,0,0,0
11260,"[49830, 92]",158465,158,64,0
11261,"[49830, 93]",158463,0,0,0
11262,"[49830, 94]",157382,0,0,0
11263,"[49830, 95]",157381,0,0,0
11264,"[49830, 96]",391049,156,64,13
11265,"[49830, 97]",391045,57,26,0
11266,"[49830, 98]",390783,158,64,0
11267,"[49830, 99]",388309,0,0,0
11268,"[49830, 100]",388291,158,64,-1
11269,"[49830, 101]",385614,158,64,0
11270,"[49830, 102]",385611,0,0,0
11271,"[49830, 103]",385607,158,64,0
11272,"[49830, 104]",380017,0,0,0
11273,"[49830, 105]",379281,158,64,0
11274,"[49830, 106]",379277,158,64,0
11275,"[49830, 107]",376029,158,64,0
11276,"[49830, 108]",376027,0,0,0
11277,"[49830, 109]",376019,64,29,0
11278,"[49830, 110]",376016,0,0,0
11279,"[49830, 111]",375443,41,18,0
11280,"[49830, 112]",374984,41,18,4
11281,"[49830, 113]",374950,158,64,-1
11282,"[49830, 114]",369058,0,0,-1
11283,"[49830, 115]",369054,158,64,0
11284,"[49830, 116]",367904,158,64,0
11285,"[49830, 117]",367701,57,26,0
11286,"[49830, 118]",363401,41,18,0
11287,"[49830, 119]",362663,158,64,0
11288,"[49830, 120]",357946,158,64,0
11289,"[49830, 121]",357698,158,64,0
11290,"[49830, 122]",357534,2,1,0
11291,"[49830, 123]",356678,57,26,24
11292,"[49830, 124]",355297,0,0,0
11293,"[49830, 125]",342924,158,64,0
11294,"[49830, 126]",342921,156,64,0
11295,"[49830, 127]",641579,41,18,0
11296,"[49830, 128]",612930,158,64,0
11297,"[49830, 129]",612929,0,0,0
11298,"[49830, 130]",612928,0,0,0
11299,"[49830, 131]",612711,0,0,0
11300,"[49830, 132]",612710,0,0,0
11301,"[49830, 133]",612709,0,0,0
11302,"[49830, 134]",612708,0,0,0
11303,"[49830, 135]",612689,55,26,0
11304,"[49830, 136]",612687,0,0,0
11305,"[49830, 137]",612686,0,0,0
11306,"[49830, 138]",612685,0,0,0
11307,"[49830, 139]",612684,0,0,0
11308,"[49830, 140]",612681,0,0,0
11309,"[49830, 141]",608382,158,64,0
11310,"[49830, 142]",608380,0,0,0
11311,"[49830, 143]",604409,158,64,0
11312,"[49830, 144]",604405,0,0,0
11313,"[49830, 145]",604403,0,0,0
11314,"[49830, 146]",604401,0,0,0
11315,"[49830, 147]",604400,0,0,0
11316,"[49830, 148]",600614,156,64,0
11317,"[49830, 149]",600613,0,0,0
11318,"[49830, 150]",600248,158,64,0
11319,"[49830, 151]",599174,158,64,0
11320,"[49830, 152]",599173,0,0,0
11321,"[49830, 153]",596732,158,64,0
11322,"[49830, 154]",596730,158,64,0
11323,"[49830, 155]",595672,2,1,0
11324,"[49830, 156]",592730,57,26,0
11325,"[49830, 157]",523826,156,64,0
11326,"[49830, 158]",521505,158,64,0
11327,"[49830, 159]",521503,0,0,0
11328,"[49830, 160]",519628,156,64,4
11329,"[49830, 161]",484212,158,64,0
11330,"[49830, 162]",484147,41,18,0
11331,"[49830, 163]",470057,0,0,0
11332,"[49830, 164]",470056,156,64,0
11333,"[49830, 165]",465633,158,64,3
11334,"[49830, 166]",459195,158,64,0
11335,"[49830, 167]",459193,0,0,0
11336,"[49830, 168]",458809,158,64,0
11337,"[49830, 169]",458808,0,0,0
11338,"[49830, 170]",458606,0,0,0
11339,"[49830, 171]",452118,0,0,0
11340,"[49830, 172]",436335,41,18,0
11341,"[49830, 173]",423796,0,0,0
11342,"[49830, 174]",423671,0,0,0
11343,"[49830, 175]",415341,0,0,0
11344,"[49830, 176]",407033,57,26,0
11345,"[49830, 177]",407030,156,64,0
11346,"[49830, 178]",731248,158,64,0
11347,"[49830, 179]",730281,158,64,4
11348,"[49830, 180]",730268,2,1,2
11349,"[49830, 181]",726419,158,64,0
11350,"[49830, 182]",725576,2,1,1
11351,"[49830, 183]",725457,158,64,-1
11352,"[49830, 184]",725032,2,1,0
11353,"[49830, 185]",723555,2,1,0
11354,"[49830, 186]",715372,158,64,0
11355,"[49830, 187]",700500,2,1,0
11356,"[49830, 188]",699688,158,64,0
11357,"[49830, 189]",698827,156,64,0
11358,"[49830, 190]",698826,2,1,0
11359,"[49830, 191]",698825,0,0,0
11360,"[49830, 192]",698820,156,64,0
11361,"[49830, 193]",698818,0,0,0
11362,"[49830, 194]",698817,0,0,0
11363,"[49830, 195]",698808,156,64,0
11364,"[49830, 196]",698803,0,0,0
11365,"[49830, 197]",697452,158,64,0
11366,"[49830, 198]",697450,0,0,0
11367,"[49830, 199]",695447,0,0,0
11368,"[49830, 200]",695446,57,26,0
11369,"[49830, 201]",695445,0,0,0
11370,"[49830, 202]",695440,158,64,0
11371,"[49830, 203]",695433,158,64,0
11372,"[49830, 204]",695430,57,26,0
11373,"[49830, 205]",695426,158,64,0
11374,"[49830, 206]",695371,158,64,0
11375,"[49830, 207]",695364,158,64,0
11376,"[49830, 208]",695356,158,64,0
11377,"[49830, 209]",695187,61,28,0
11378,"[49830, 210]",695184,158,64,3
11379,"[49830, 211]",691918,158,64,0
11380,"[49830, 212]",691916,0,0,0
11381,"[49830, 213]",942327,158,64,0
11382,"[49830, 214]",942325,0,0,0
11383,"[49830, 215]",929325,158,64,0
11384,"[49830, 216]",929323,158,64,0
11385,"[49830, 217]",928472,158,64,0
11386,"[49830, 218]",928211,158,64,0
11387,"[49830, 219]",928209,0,0,0
11388,"[49830, 220]",919277,57,26,0
11389,"[49830, 221]",908445,57,26,0
11390,"[49830, 222]",908440,158,64,9
11391,"[49830, 223]",907284,158,64,0
11392,"[49830, 224]",907281,0,0,0
11393,"[49830, 225]",900448,158,64,0
11394,"[49830, 226]",899007,156,64,0
11395,"[49830, 227]",896289,0,0,0
11396,"[49830, 228]",887374,158,64,0
11397,"[49830, 229]",887278,0,0,0
11398,"[49830, 230]",887277,0,0,0
11399,"[49830, 231]",887272,0,0,0
11400,"[49830, 232]",887231,0,0,0
11401,"[49830, 233]",849609,2,1,0
11402,"[49830, 234]",849607,158,64,0
11403,"[49830, 235]",848250,41,18,0
11404,"[49830, 236]",848249,57,26,0
11405,"[49830, 237]",822035,0,0,0
11406,"[49830, 238]",817920,158,64,0
11407,"[49830, 239]",817918,0,0,0
11408,"[49830, 240]",806719,158,64,0
11409,"[49830, 241]",806718,2,1,0
11410,"[49830, 242]",769924,57,26,0
11411,"[49830, 243]",769922,0,0,0
11412,"[49830, 244]",767521,0,0,0
11413,"[49830, 245]",996096,63,28,30
11414,"[49830, 246]",995754,158,64,0
11415,"[49830, 247]",994159,158,64,0
11416,"[49830, 248]",989941,158,64,0
11417,"[49830, 249]",989575,55,26,0
11418,"[49830, 250]",980401,57,26,-1
11419,"[49830, 251]",980285,41,18,0
11420,"[49830, 252]",980257,0,0,0
11421,"[49830, 253]",980250,66,29,0
11422,"[49830, 254]",979035,57,26,0
11423,"[49830, 255]",975988,51,24,2
11424,"[49830, 256]",972438,0,0,0
11425,"[49830, 257]",970924,0,0,0
11426,"[49830, 258]",1113958,2,1,-1
11427,"[49830, 259]",1108986,2,1,0
11428,"[49830, 260]",1095257,57,26,0
11429,"[49830, 261]",1095256,158,64,0
11430,"[49830, 262]",1095254,0,0,0
11431,"[49830, 263]",1075114,2,1,0
11432,"[49830, 264]",1075113,0,0,0
11433,"[49830, 265]",1074377,158,64,0
11434,"[49830, 266]",1051920,57,26,0
11435,"[49830, 267]",1129853,41,18,0
11436,"[49830, 268]",1127181,2,1,0
11437,"[49830, 269]",1173199,0,0,0
11438,"[49830, 270]",1173197,0,0,0
11439,"[49830, 271]",1162565,0,0,0
11440,"[49830, 272]",1182829,57,26,-1
11441,"[49830, 273]",1181780,158,64,0
11442,"[49830, 274]",1181760,158,64,0
11443,"[49835, 0]",5661,0,0,0
11444,"[49835, 1]",4778,64,29,0
11445,"[49835, 2]",6356,41,18,0
11446,"[49837, 14]",52633,158,64,-1
11447,"[49942, 0]",557,0,0,-1
11448,"[49942, 1]",556,0,0,-1
11449,"[49942, 2]",1927,158,64,-1
11450,"[49942, 3]",1921,158,64,-1
11451,"[49986, 0]",5699,2,1,-1
11452,"[49988, 0]",7295,158,64,-1
11453,"[49988, 1]",10768,2,1,-1
